#Time 	Sensor1         Sensor2         Target          Time            Vel             
#================================================================

17      	-0.48, -0.25, -7.18 	19.17, -22.77, -7.48 	-6.43, 7.66 	12,56,0,194		0.00,0.00	0,0 	0
26      	-0.48, -0.25, -7.18 	19.24, -22.73, -7.50 	-6.43, 7.66 	12,56,0,204		0.00,8.42	0,0 	0
35      	-0.48, -0.25, -7.18 	19.27, -22.72, -7.53 	-6.43, 7.66 	12,56,0,213		0.00,4.03	0,0 	0
44      	-0.48, -0.24, -7.19 	19.25, -22.70, -7.53 	-6.43, 7.66 	12,56,0,223		1.16,3.51	0,0 	0
53      	-0.47, -0.24, -7.19 	19.20, -22.70, -7.54 	-6.43, 7.66 	12,56,0,233		1.29,5.18	0,0 	0
62      	-0.48, -0.24, -7.19 	19.27, -22.68, -7.54 	-6.43, 7.66 	12,56,0,243		1.29,8.05	0,0 	0
71      	-0.47, -0.24, -7.19 	19.25, -22.72, -7.52 	-6.43, 7.66 	12,56,0,252		1.29,5.22	0,0 	0
80      	-0.44, -0.24, -7.19 	19.32, -22.68, -7.54 	-6.43, 7.66 	12,56,0,262		3.87,8.93	0,0 	0
89      	-0.49, -0.21, -7.19 	19.33, -22.70, -7.55 	-6.43, 7.66 	12,56,0,272		6.29,2.67	0,0 	0
98      	-0.46, -0.22, -7.18 	19.30, -22.73, -7.56 	-6.43, 7.66 	12,56,0,281		2.86,5.13	0,0 	0
107     	-0.45, -0.20, -7.19 	19.28, -22.68, -7.60 	-6.43, 7.66 	12,56,0,291		2.62,5.92	0,0 	0
116     	-0.45, -0.20, -7.19 	19.22, -22.67, -7.60 	-6.43, 7.66 	12,56,0,301		0.00,6.61	0,0 	0
125     	-0.43, -0.21, -7.19 	19.27, -22.69, -7.62 	-6.43, 7.66 	12,56,0,310		2.86,5.73	0,0 	0
134     	-0.42, -0.20, -7.19 	19.26, -22.66, -7.63 	-6.43, 7.66 	12,56,0,320		1.71,3.71	0,0 	0
143     	-0.42, -0.20, -7.19 	19.29, -22.68, -7.63 	-6.43, 7.66 	12,56,0,330		0.00,4.57	0,0 	0
152     	-0.41, -0.21, -7.18 	19.31, -22.65, -7.65 	-6.43, 7.66 	12,56,0,339		1.76,4.26	0,0 	0
161     	-0.40, -0.22, -7.18 	19.29, -22.66, -7.66 	-6.43, 7.66 	12,56,0,349		1.16,2.81	0,0 	0
170     	-0.40, -0.22, -7.18 	19.27, -22.68, -7.69 	-6.43, 7.66 	12,56,0,359		0.00,3.42	0,0 	0
179     	-0.38, -0.23, -7.18 	19.21, -22.67, -7.72 	-6.43, 7.66 	12,56,0,369		2.85,6.61	0,0 	0
188     	-0.41, -0.24, -7.18 	19.26, -22.69, -7.72 	-6.43, 7.66 	12,56,0,378		4.01,5.73	0,0 	0
197     	-0.41, -0.24, -7.18 	19.29, -22.66, -7.74 	-6.43, 7.66 	12,56,0,388		0.00,5.13	0,0 	0
206     	-0.41, -0.24, -7.18 	19.28, -22.67, -7.77 	-6.43, 7.66 	12,56,0,398		0.00,1.71	0,0 	0
215     	-0.42, -0.23, -7.19 	19.31, -22.66, -7.77 	-6.43, 7.66 	12,56,0,407		1.16,4.03	0,0 	0
224     	-0.40, -0.23, -7.19 	19.35, -22.64, -7.77 	-6.43, 7.66 	12,56,0,417		1.29,4.03	0,0 	0
233     	-0.38, -0.23, -7.19 	19.35, -22.62, -7.80 	-6.43, 7.66 	12,56,0,427		2.58,2.30	0,0 	0
242     	-0.36, -0.24, -7.18 	19.32, -22.64, -7.78 	-6.43, 7.66 	12,56,0,436		2.86,2.81	0,0 	0
251     	-0.42, -0.23, -7.18 	19.32, -22.68, -7.80 	-6.43, 7.66 	12,56,0,446		6.58,4.74	0,0 	0
260     	-0.40, -0.23, -7.18 	19.27, -22.68, -7.80 	-6.43, 7.66 	12,56,0,456		1.29,5.18	0,0 	0
269     	-0.46, -0.24, -7.18 	19.22, -22.66, -7.82 	-6.43, 7.66 	12,56,0,465		6.52,5.73	0,0 	0
278     	-0.43, -0.23, -7.19 	19.12, -22.69, -7.83 	-6.43, 7.66 	12,56,0,475		4.01,11.83	0,0 	0
287     	-0.46, -0.23, -7.19 	19.17, -22.71, -7.84 	-6.43, 7.66 	12,56,0,485		3.87,5.73	0,0 	0
296     	-0.54, -0.22, -7.18 	19.09, -22.67, -7.86 	-6.43, 7.66 	12,56,0,494		9.13,9.14	0,0 	0
305     	-0.52, -0.20, -7.18 	19.17, -22.64, -7.95 	-6.43, 7.66 	12,56,0,504		3.43,9.30	0,0 	0
314     	-0.58, -0.08, -7.19 	19.26, -22.57, -7.98 	-6.43, 7.66 	12,56,0,514		14.96,12.95	0,0 	0
323     	-0.75, 0.08, -7.20 	19.28, -22.54, -8.00 	-6.43, 7.66 	12,56,0,523		26.21,3.42	0,0 	0
332     	-1.03, 0.40, -7.22 	19.33, -22.52, -8.02 	-6.43, 7.66 	12,56,0,533		47.27,5.62	0,0 	0
341     	-1.53, 0.80, -7.24 	19.39, -22.54, -8.06 	-6.43, 7.66 	12,56,0,543		71.03,6.93	0,0 	0
350     	-2.08, 1.25, -7.24 	19.44, -22.51, -8.10 	-6.43, 7.66 	12,56,0,552		78.85,7.26	0,0 	0
359     	-2.49, 1.57, -7.23 	19.31, -22.54, -8.10 	-6.43, 7.66 	12,56,0,562		58.15,15.84	0,0 	0
368     	-2.84, 1.88, -7.28 	19.33, -22.55, -8.16 	-6.43, 7.66 	12,56,0,572		52.42,2.86	0,0 	0
377     	-3.06, 2.09, -7.27 	19.30, -22.58, -8.18 	-6.43, 7.66 	12,56,0,581		33.17,5.13	0,0 	0
386     	-3.12, 2.29, -7.23 	19.26, -22.58, -8.27 	-6.43, 7.66 	12,56,0,591		22.75,4.08	0,0 	0
395     	-3.25, 2.54, -7.26 	19.34, -22.57, -8.32 	-6.43, 7.66 	12,56,0,601		32.02,9.07	0,0 	0
404     	-3.38, 2.84, -7.30 	19.29, -22.60, -8.41 	-6.43, 7.66 	12,56,0,610		35.84,6.82	0,0 	0
413     	-3.68, 3.09, -7.29 	19.27, -22.60, -8.52 	-6.43, 7.66 	12,56,0,620		43.75,1.30	0,0 	0
422     	-3.99, 3.33, -7.25 	19.36, -22.53, -8.62 	-6.43, 7.66 	12,56,0,630		43.12,12.30	0,0 	0
431     	-4.35, 3.64, -7.23 	19.36, -22.44, -8.74 	-6.43, 7.66 	12,56,0,640		52.52,10.34	0,0 	0
440     	-4.84, 3.96, -7.22 	19.34, -22.24, -8.96 	-6.43, 7.66 	12,56,0,649		65.00,21.83	0,0 	0
449     	-5.29, 4.28, -7.18 	19.08, -22.21, -9.18 	-6.43, 7.66 	12,56,0,659		61.91,29.00	0,0 	0
458     	-5.56, 4.65, -7.15 	18.62, -22.11, -9.22 	-6.43, 7.66 	12,56,0,668		50.60,52.74	0,0 	0
467     	-5.69, 5.09, -7.19 	17.98, -21.84, -9.12 	-6.43, 7.66 	12,56,0,678		51.46,77.65	0,0 	0
476     	-5.61, 5.63, -7.32 	17.63, -21.35, -9.13 	-6.43, 7.66 	12,56,0,688		60.45,66.36	0,0 	0
485     	-5.60, 6.07, -7.37 	17.58, -20.63, -9.33 	-6.43, 7.66 	12,56,0,698		48.74,79.27	0,0 	0
494     	-5.61, 6.33, -7.35 	17.84, -19.95, -9.58 	-6.43, 7.66 	12,56,0,707		28.97,81.64	0,0 	0
503     	-5.77, 6.54, -7.29 	18.27, -19.26, -9.82 	-6.43, 7.66 	12,56,0,717		29.17,89.59	0,0 	0
512     	-5.92, 6.75, -7.27 	18.49, -18.77, -10.01 	-6.43, 7.66 	12,56,0,727		29.17,60.40	0,0 	0
521     	-6.09, 6.94, -7.24 	18.46, -18.39, -10.13 	-6.43, 7.66 	12,56,0,736		28.02,41.36	0,0 	0
530     	-6.23, 7.12, -7.23 	18.24, -18.13, -10.12 	-6.43, 7.66 	12,56,0,746		25.53,38.51	0,0 	0
539     	-6.38, 7.28, -7.22 	17.86, -18.03, -10.06 	-6.43, 7.66 	12,56,0,756		24.46,43.67	0,0 	0
548     	-6.59, 7.40, -7.22 	17.49, -17.96, -10.04 	-6.43, 7.66 	12,56,0,765		26.26,41.75	0,0 	0
557     	-6.70, 7.51, -7.20 	17.28, -17.79, -10.13 	-6.43, 7.66 	12,56,0,775		17.46,29.82	0,0 	0
566     	-6.83, 7.60, -7.18 	17.03, -17.65, -10.22 	-6.43, 7.66 	12,56,0,785		17.56,31.50	0,0 	0
575     	-6.92, 7.75, -7.21 	17.06, -17.45, -10.32 	-6.43, 7.66 	12,56,0,794		18.77,22.30	0,0 	0
584     	-6.95, 7.91, -7.23 	17.11, -17.27, -10.44 	-6.43, 7.66 	12,56,0,804		18.79,20.42	0,0 	0
593     	-7.02, 8.01, -7.23 	17.12, -17.16, -10.51 	-6.43, 7.66 	12,56,0,814		13.41,12.83	0,0 	0
602     	-7.03, 8.09, -7.23 	17.12, -17.09, -10.57 	-6.43, 7.66 	12,56,0,824		8.11,8.04	0,0 	0
611     	-7.12, 8.16, -7.21 	17.08, -17.03, -10.56 	-6.43, 7.66 	12,56,0,833		14.05,8.00	0,0 	0
620     	-7.19, 8.20, -7.19 	17.03, -17.01, -10.56 	-6.43, 7.66 	12,56,0,843		8.04,5.73	0,0 	0
629     	-7.24, 8.20, -7.18 	16.92, -16.97, -10.54 	-6.43, 7.66 	12,56,0,852		6.45,12.65	0,0 	0
638     	-7.30, 8.21, -7.17 	16.89, -16.94, -10.54 	-6.43, 7.66 	12,56,0,862		6.58,4.37	0,0 	0
647     	-7.36, 8.19, -7.17 	16.85, -16.95, -10.55 	-6.43, 7.66 	12,56,0,872		6.52,5.18	0,0 	0
656     	-7.35, 8.20, -7.18 	16.78, -16.93, -10.58 	-6.43, 7.66 	12,56,0,881		1.71,8.17	0,0 	0
665     	-7.36, 8.18, -7.16 	16.66, -16.92, -10.57 	-6.43, 7.66 	12,56,0,891		2.62,13.04	0,0 	0
674     	-7.36, 8.19, -7.16 	16.63, -16.95, -10.58 	-6.43, 7.66 	12,56,0,901		1.16,4.46	0,0 	0
683     	-7.37, 8.18, -7.16 	16.68, -16.94, -10.60 	-6.43, 7.66 	12,56,0,911		1.71,6.48	0,0 	0
692     	-7.37, 8.19, -7.16 	16.64, -16.98, -10.60 	-6.43, 7.66 	12,56,0,920		1.16,6.15	0,0 	0
701     	-7.37, 8.18, -7.15 	16.62, -17.00, -10.64 	-6.43, 7.66 	12,56,0,930		1.16,3.42	0,0 	0
710     	-7.37, 8.18, -7.15 	16.62, -17.01, -10.65 	-6.43, 7.66 	12,56,0,940		0.00,1.15	0,0 	0
719     	-7.38, 8.18, -7.15 	16.61, -17.04, -10.71 	-6.43, 7.66 	12,56,0,949		1.29,3.65	0,0 	0
728     	-7.42, 8.17, -7.16 	16.45, -17.14, -10.76 	-6.43, 7.66 	12,56,0,959		4.01,20.65	0,0 	0
737     	-7.40, 8.15, -7.15 	16.15, -17.33, -10.77 	-6.43, 7.66 	12,56,0,969		2.68,39.63	0,0 	0
746     	-7.39, 8.15, -7.15 	15.82, -17.62, -10.76 	-6.43, 7.66 	12,56,0,978		1.29,48.41	0,0 	0
755     	-7.38, 8.15, -7.15 	15.48, -17.87, -10.79 	-6.43, 7.66 	12,56,0,988		1.29,47.51	0,0 	0
764     	-7.39, 8.14, -7.15 	15.61, -17.97, -10.85 	-6.43, 7.66 	12,56,0,998		1.71,17.54	0,0 	0
773     	-7.41, 8.13, -7.16 	15.97, -18.17, -10.82 	-6.43, 7.66 	12,56,1,7		2.80,46.29	0,0 	0
782     	-7.40, 8.12, -7.16 	16.17, -18.37, -10.68 	-6.43, 7.66 	12,56,1,17		1.76,31.35	0,0 	0
791     	-7.38, 8.10, -7.16 	16.19, -18.46, -10.53 	-6.43, 7.66 	12,56,1,27		3.51,10.45	0,0 	0
800     	-7.41, 8.10, -7.15 	16.22, -18.50, -10.45 	-6.43, 7.66 	12,56,1,36		3.87,5.33	0,0 	0
809     	-7.42, 8.09, -7.16 	16.28, -18.49, -10.37 	-6.43, 7.66 	12,56,1,46		1.71,6.55	0,0 	0
818     	-7.42, 8.09, -7.16 	16.26, -18.53, -10.35 	-6.43, 7.66 	12,56,1,56		0.00,5.22	0,0 	0
827     	-7.44, 8.07, -7.17 	16.26, -18.53, -10.36 	-6.43, 7.66 	12,56,1,66		2.80,0.00	0,0 	0
836     	-7.43, 8.04, -7.16 	16.24, -18.51, -10.36 	-6.43, 7.66 	12,56,1,75		3.74,2.67	0,0 	0
845     	-7.43, 8.04, -7.16 	16.20, -18.52, -10.35 	-6.43, 7.66 	12,56,1,85		0.00,5.28	0,0 	0
854     	-7.43, 8.03, -7.17 	16.15, -18.53, -10.35 	-6.43, 7.66 	12,56,1,94		1.16,5.28	0,0 	0
863     	-7.42, 8.02, -7.17 	16.16, -18.53, -10.35 	-6.43, 7.66 	12,56,1,104		1.76,1.30	0,0 	0
872     	-7.42, 8.01, -7.16 	16.16, -18.59, -10.33 	-6.43, 7.66 	12,56,1,114		1.16,5.86	0,0 	0
881     	-7.38, 8.02, -7.16 	16.12, -18.58, -10.34 	-6.43, 7.66 	12,56,1,123		3.87,4.08	0,0 	0
890     	-7.40, 8.02, -7.16 	16.06, -18.64, -10.32 	-6.43, 7.66 	12,56,1,133		2.86,10.26	0,0 	0
899     	-7.38, 8.02, -7.17 	16.06, -18.64, -10.28 	-6.43, 7.66 	12,56,1,143		2.86,0.00	0,0 	0
908     	-7.39, 8.00, -7.16 	16.07, -18.65, -10.26 	-6.43, 7.66 	12,56,1,153		1.71,1.75	0,0 	0
917     	-7.41, 7.98, -7.16 	15.87, -18.69, -10.27 	-6.43, 7.66 	12,56,1,162		3.42,22.21	0,0 	0
926     	-7.44, 7.97, -7.16 	15.62, -18.72, -10.31 	-6.43, 7.66 	12,56,1,172		2.80,28.51	0,0 	0
935     	-7.43, 7.95, -7.15 	15.28, -18.73, -10.39 	-6.43, 7.66 	12,56,1,182		2.32,37.58	0,0 	0
944     	-7.44, 7.93, -7.15 	15.21, -18.62, -10.52 	-6.43, 7.66 	12,56,1,191		2.62,14.35	0,0 	0
953     	-7.46, 7.93, -7.16 	15.28, -18.56, -10.57 	-6.43, 7.66 	12,56,1,201		1.29,10.26	0,0 	0
962     	-7.44, 7.93, -7.16 	15.32, -18.51, -10.59 	-6.43, 7.66 	12,56,1,211		1.29,6.84	0,0 	0
971     	-7.44, 7.93, -7.17 	15.44, -18.49, -10.63 	-6.43, 7.66 	12,56,1,220		0.00,13.10	0,0 	0
980     	-7.41, 7.93, -7.16 	15.42, -18.49, -10.65 	-6.43, 7.66 	12,56,1,230		3.87,1.30	0,0 	0
989     	-7.39, 7.92, -7.16 	15.46, -18.46, -10.65 	-6.43, 7.66 	12,56,1,240		2.85,5.13	0,0 	0
998     	-7.44, 7.93, -7.16 	15.43, -18.47, -10.63 	-6.43, 7.66 	12,56,1,249		6.58,2.81	0,0 	0
1007    	-7.44, 7.91, -7.16 	15.38, -18.50, -10.58 	0.00, -0.00 	12,56,1,269		2.32,7.26	1000,1 	0
1016    	-7.47, 7.91, -7.16 	15.30, -18.52, -10.56 	0.00, -0.00 	12,56,1,278		2.58,9.11	1000,1 	0
1025    	-7.44, 7.91, -7.16 	15.29, -18.52, -10.57 	0.00, -0.00 	12,56,1,288		2.58,1.30	1000,1 	0
1034    	-7.42, 7.91, -7.17 	15.26, -18.54, -10.56 	0.00, -0.00 	12,56,1,298		2.58,3.42	1000,1 	0
1043    	-7.41, 7.92, -7.17 	15.30, -18.51, -10.56 	0.00, -0.00 	12,56,1,307		1.71,5.13	1000,1 	0
1052    	-7.44, 7.91, -7.16 	15.31, -18.51, -10.56 	0.00, -0.00 	12,56,1,317		4.01,1.75	1000,1 	0
1061    	-7.43, 7.91, -7.16 	15.29, -18.53, -10.56 	0.00, -0.00 	12,56,1,327		1.29,2.81	1000,1 	0
1070    	-7.43, 7.91, -7.16 	15.32, -18.52, -10.55 	0.00, -0.00 	12,56,1,337		0.00,3.89	1000,1 	0
1079    	-7.42, 7.91, -7.17 	15.37, -18.51, -10.56 	0.00, -0.00 	12,56,1,346		1.29,5.28	1000,1 	0
1088    	-7.42, 7.90, -7.17 	15.32, -18.50, -10.56 	0.00, -0.00 	12,56,1,356		1.16,5.34	1000,1 	0
1097    	-7.44, 7.90, -7.17 	15.28, -18.51, -10.56 	0.00, -0.00 	12,56,1,366		2.58,3.89	1000,1 	0
1106    	-7.44, 7.90, -7.17 	15.28, -18.50, -10.60 	0.00, -0.00 	12,56,1,375		0.00,1.15	1000,1 	0
1115    	-7.43, 7.89, -7.16 	15.28, -18.46, -10.60 	0.00, -0.00 	12,56,1,385		1.76,3.45	1000,1 	0
1124    	-7.45, 7.89, -7.16 	15.33, -18.47, -10.58 	0.00, -0.00 	12,56,1,395		2.58,5.34	1000,1 	0
1133    	-7.46, 7.88, -7.17 	15.30, -18.44, -10.60 	0.00, -0.00 	12,56,1,404		1.71,4.37	1000,1 	0
1142    	-7.44, 7.89, -7.16 	15.35, -18.45, -10.62 	0.00, -0.00 	12,56,1,414		2.80,5.34	1000,1 	0
1151    	-7.43, 7.88, -7.16 	15.37, -18.44, -10.62 	0.00, -0.00 	12,56,1,424		1.76,2.81	1000,1 	0
1160    	-7.42, 7.88, -7.16 	15.40, -18.44, -10.63 	0.00, -0.00 	12,56,1,433		1.29,2.59	1000,1 	0
1169    	-7.43, 7.89, -7.16 	15.37, -18.42, -10.62 	0.00, -0.00 	12,56,1,443		1.76,3.51	1000,1 	0
1178    	-7.43, 7.89, -7.16 	15.36, -18.43, -10.63 	0.00, -0.00 	12,56,1,453		0.00,1.71	1000,1 	0
1187    	-7.45, 7.89, -7.16 	15.41, -18.45, -10.62 	0.00, -0.00 	12,56,1,462		2.58,5.73	1000,1 	0
1196    	-7.45, 7.88, -7.16 	15.41, -18.46, -10.62 	0.00, -0.00 	12,56,1,472		1.16,1.15	1000,1 	0
1205    	-7.44, 7.88, -7.16 	15.33, -18.45, -10.61 	0.00, -0.00 	12,56,1,482		1.29,9.17	1000,1 	0
1214    	-7.44, 7.88, -7.15 	15.34, -18.42, -10.61 	0.00, -0.00 	12,56,1,491		0.00,3.65	1000,1 	0
1223    	-7.44, 7.88, -7.15 	15.29, -18.44, -10.61 	0.00, -0.00 	12,56,1,501		0.00,5.62	1000,1 	0
1232    	-7.44, 7.88, -7.15 	15.32, -18.45, -10.61 	0.00, -0.00 	12,56,1,511		0.00,2.86	1000,1 	0
1241    	-7.43, 7.88, -7.15 	15.35, -18.45, -10.62 	0.00, -0.00 	12,56,1,520		1.29,3.89	1000,1 	0
1250    	-7.45, 7.88, -7.15 	15.37, -18.44, -10.60 	0.00, -0.00 	12,56,1,530		2.58,2.81	1000,1 	0
1259    	-7.45, 7.88, -7.15 	15.42, -18.42, -10.59 	0.00, -0.00 	12,56,1,540		0.00,5.62	1000,1 	0
1268    	-7.45, 7.88, -7.15 	15.42, -18.42, -10.59 	0.00, -0.00 	12,56,1,549		0.00,0.00	1000,1 	0
1277    	-7.47, 7.86, -7.16 	15.39, -18.45, -10.61 	0.00, -0.00 	12,56,1,559		2.80,5.13	1000,1 	0
1286    	-7.49, 7.86, -7.16 	15.35, -18.44, -10.60 	0.00, -0.00 	12,56,1,569		1.29,4.08	1000,1 	0
1295    	-7.47, 7.85, -7.15 	15.34, -18.43, -10.59 	0.00, -0.00 	12,56,1,578		1.76,1.75	1000,1 	0
1304    	-7.46, 7.86, -7.16 	15.29, -18.44, -10.60 	0.00, -0.00 	12,56,1,588		1.71,5.28	1000,1 	0
1313    	-7.46, 7.86, -7.16 	15.31, -18.44, -10.58 	0.00, -0.00 	12,56,1,598		0.00,2.59	1000,1 	0
1322    	-7.49, 7.85, -7.16 	15.36, -18.46, -10.55 	0.00, -0.00 	12,56,1,608		2.80,5.73	1000,1 	0
1331    	-7.47, 7.85, -7.16 	15.41, -18.44, -10.55 	0.00, -0.00 	12,56,1,617		1.29,5.62	1000,1 	0
1340    	-7.47, 7.84, -7.16 	15.44, -18.44, -10.53 	0.00, -0.00 	12,56,1,627		1.16,3.89	1000,1 	0
1349    	-7.46, 7.84, -7.16 	15.51, -18.44, -10.52 	0.00, -0.00 	12,56,1,637		1.29,7.89	1000,1 	0
1358    	-7.45, 7.86, -7.16 	15.52, -18.43, -10.50 	0.00, -0.00 	12,56,1,646		1.71,1.71	1000,1 	0
1367    	-7.46, 7.85, -7.15 	15.55, -18.44, -10.50 	0.00, -0.00 	12,56,1,656		1.29,2.86	1000,1 	0
1376    	-7.46, 7.85, -7.15 	15.54, -18.44, -10.47 	0.00, -0.00 	12,56,1,666		0.00,1.30	1000,1 	0
1385    	-7.46, 7.84, -7.15 	15.51, -18.44, -10.48 	0.00, -0.00 	12,56,1,675		1.16,2.59	1000,1 	0
1394    	-7.45, 7.84, -7.15 	15.54, -18.44, -10.47 	0.00, -0.00 	12,56,1,685		1.29,2.59	1000,1 	0
1403    	-7.45, 7.86, -7.16 	15.52, -18.42, -10.49 	0.00, -0.00 	12,56,1,695		1.16,2.67	1000,1 	0
1412    	-7.45, 7.86, -7.16 	15.58, -18.41, -10.47 	0.00, -0.00 	12,56,1,704		0.00,6.55	1000,1 	0
1421    	-7.45, 7.86, -7.16 	15.55, -18.42, -10.47 	0.00, -0.00 	12,56,1,714		0.00,4.03	0,0 	0
1430    	-7.45, 7.86, -7.16 	15.59, -18.41, -10.48 	0.00, -0.00 	12,56,1,724		0.00,5.28	0,0 	0
1439    	-7.42, 7.86, -7.15 	15.72, -18.36, -10.48 	0.00, -0.00 	12,56,1,733		3.87,14.86	0,0 	0
1448    	-7.43, 7.87, -7.16 	15.71, -18.37, -10.49 	0.00, -0.00 	12,56,1,743		1.76,1.71	0,0 	0
1457    	-7.45, 7.86, -7.16 	15.74, -18.37, -10.49 	0.00, -0.00 	12,56,1,753		2.80,3.89	0,0 	0
1466    	-7.44, 7.86, -7.15 	15.71, -18.35, -10.49 	0.00, -0.00 	12,56,1,762		1.29,4.57	0,0 	0
1475    	-7.44, 7.86, -7.15 	15.69, -18.36, -10.49 	0.00, -0.00 	12,56,1,772		0.00,1.71	0,0 	0
1484    	-7.45, 7.84, -7.16 	15.71, -18.36, -10.50 	0.00, -0.00 	12,56,1,782		1.71,1.30	0,0 	0
1493    	-7.44, 7.86, -7.16 	15.69, -18.33, -10.51 	0.00, -0.00 	12,56,1,791		1.71,3.71	0,0 	0
1502    	-7.44, 7.86, -7.16 	15.68, -18.30, -10.52 	0.00, -0.00 	12,56,1,801		0.00,3.71	0,0 	0
1511    	-7.43, 7.86, -7.16 	15.70, -18.31, -10.51 	0.00, -0.00 	12,56,1,811		1.29,2.86	0,0 	0
1520    	-7.43, 7.86, -7.16 	15.64, -18.35, -10.51 	0.00, -0.00 	12,56,1,821		0.00,8.93	0,0 	0
1529    	-7.44, 7.86, -7.15 	15.66, -18.35, -10.51 	0.00, -0.00 	12,56,1,830		1.29,2.59	0,0 	0
1538    	-7.44, 7.86, -7.15 	15.68, -18.35, -10.52 	0.00, -0.00 	12,56,1,840		0.00,2.59	0,0 	0
1547    	-7.46, 7.84, -7.16 	15.73, -18.34, -10.50 	0.00, -0.00 	12,56,1,850		2.80,5.28	0,0 	0
1556    	-7.44, 7.85, -7.16 	15.73, -18.34, -10.49 	0.00, -0.00 	12,56,1,859		2.58,0.00	0,0 	0
1565    	-7.44, 7.85, -7.16 	15.72, -18.33, -10.49 	0.00, -0.00 	12,56,1,869		0.00,1.75	0,0 	0
1574    	-7.45, 7.84, -7.16 	15.71, -18.32, -10.49 	0.00, -0.00 	12,56,1,879		1.29,1.15	0,0 	0
1583    	-7.45, 7.84, -7.16 	15.70, -18.30, -10.49 	0.00, -0.00 	12,56,1,888		0.00,2.67	0,0 	0
1592    	-7.45, 7.84, -7.16 	15.77, -18.28, -10.49 	0.00, -0.00 	12,56,1,898		0.00,7.83	0,0 	0
1601    	-7.45, 7.84, -7.15 	15.76, -18.30, -10.50 	0.00, -0.00 	12,56,1,908		0.00,1.71	0,0 	0
1610    	-7.46, 7.83, -7.15 	15.79, -18.28, -10.50 	0.00, -0.00 	12,56,1,917		1.71,4.03	0,0 	0
1619    	-7.46, 7.83, -7.15 	15.81, -18.28, -10.49 	0.00, -0.00 	12,56,1,927		0.00,1.30	0,0 	0
1628    	-7.46, 7.83, -7.15 	15.82, -18.26, -10.50 	0.00, -0.00 	12,56,1,937		0.00,2.61	0,0 	0
1637    	-7.46, 7.84, -7.16 	15.84, -18.26, -10.51 	0.00, -0.00 	12,56,1,946		1.16,2.59	0,0 	0
1646    	-7.48, 7.82, -7.16 	15.80, -18.27, -10.50 	0.00, -0.00 	12,56,1,956		3.43,4.03	0,0 	0
1655    	-7.48, 7.82, -7.16 	15.83, -18.26, -10.47 	0.00, -0.00 	12,56,1,966		0.00,2.81	0,0 	0
1664    	-7.46, 7.81, -7.15 	15.77, -18.27, -10.49 	0.00, -0.00 	12,56,1,975		2.85,6.55	0,0 	0
1673    	-7.46, 7.78, -7.16 	15.78, -18.27, -10.49 	0.00, -0.00 	12,56,1,985		3.48,1.30	0,0 	0
1682    	-7.51, 7.76, -7.15 	15.78, -18.27, -10.47 	0.00, -0.00 	12,56,1,995		6.80,0.00	0,0 	0
1691    	-7.48, 7.76, -7.15 	15.78, -18.27, -10.46 	0.00, -0.00 	12,56,2,4		3.87,0.00	0,0 	0
1700    	-7.43, 7.71, -7.15 	15.85, -18.26, -10.46 	0.00, -0.00 	12,56,2,14		7.86,7.83	0,0 	0
1709    	-7.40, 7.64, -7.15 	15.90, -18.26, -10.46 	0.00, -0.00 	12,56,2,24		8.58,5.18	0,0 	0
1718    	-7.34, 7.54, -7.14 	15.91, -18.23, -10.47 	0.00, -0.00 	12,56,2,33		12.81,3.65	0,0 	0
1727    	-7.31, 7.41, -7.13 	15.94, -18.24, -10.46 	0.00, -0.00 	12,56,2,43		14.21,4.57	0,0 	0
1736    	-7.19, 7.23, -7.13 	15.94, -18.24, -10.48 	0.00, -0.00 	12,56,2,53		24.13,0.00	0,0 	0
1745    	-7.14, 7.01, -7.09 	15.94, -18.26, -10.47 	0.00, -0.00 	12,56,2,63		24.74,2.30	0,0 	0
1754    	-7.04, 6.79, -7.13 	15.93, -18.26, -10.48 	0.00, -0.00 	12,56,2,72		27.27,1.75	0,0 	0
1763    	-6.97, 6.53, -7.12 	15.91, -18.29, -10.49 	0.00, -0.00 	12,56,2,82		29.85,4.26	0,0 	0
1772    	-6.72, 6.24, -7.10 	15.92, -18.29, -10.49 	0.00, -0.00 	12,56,2,92		42.10,1.30	0,0 	0
1781    	-6.52, 5.99, -7.10 	15.95, -18.33, -10.46 	0.00, -0.00 	12,56,2,101		36.00,5.33	0,0 	0
1790    	-6.27, 5.75, -7.11 	15.99, -18.36, -10.46 	0.00, -0.00 	12,56,2,111		38.42,5.26	0,0 	0
1799    	-5.96, 5.49, -7.09 	15.99, -18.39, -10.46 	0.00, -0.00 	12,56,2,121		45.50,3.45	0,0 	0
1808    	-5.66, 5.16, -7.07 	16.05, -18.47, -10.43 	0.00, -0.00 	12,56,2,130		49.00,11.38	0,0 	0
1817    	-5.36, 4.85, -7.08 	16.15, -18.56, -10.40 	0.00, -0.00 	12,56,2,140		48.02,15.68	0,0 	0
1826    	-5.11, 4.51, -7.08 	16.36, -18.67, -10.36 	0.00, -0.00 	12,56,2,150		46.93,25.68	0,0 	0
1835    	-4.96, 4.00, -7.06 	16.45, -18.86, -10.31 	0.00, -0.00 	12,56,2,159		58.56,23.36	0,0 	0
1844    	-4.76, 3.48, -7.02 	16.57, -19.10, -10.24 	0.00, -0.00 	12,56,2,169		62.25,30.22	0,0 	0
1853    	-4.53, 3.05, -7.03 	16.74, -19.46, -10.19 	0.00, -0.00 	12,56,2,179		53.90,43.49	0,0 	0
1862    	-4.32, 2.74, -7.10 	16.73, -19.79, -10.13 	0.00, -0.00 	12,56,2,188		41.89,36.87	0,0 	0
1871    	-4.11, 2.39, -7.07 	16.86, -20.17, -10.10 	0.00, -0.00 	12,56,2,198		44.95,45.48	0,0 	0
1880    	-3.83, 2.10, -7.04 	17.11, -20.48, -10.03 	0.00, -0.00 	12,56,2,208		45.44,43.82	0,0 	0
1889    	-3.64, 1.82, -7.00 	17.56, -20.79, -9.93 	0.00, -0.00 	12,56,2,217		36.53,60.15	0,0 	0
1898    	-3.45, 1.61, -7.00 	17.99, -21.16, -9.78 	0.00, -0.00 	12,56,2,227		31.48,63.77	0,0 	0
1907    	-3.28, 1.37, -7.00 	18.30, -21.56, -9.71 	0.00, -0.00 	12,56,2,237		32.84,56.16	0,0 	0
1916    	-3.12, 1.24, -7.03 	18.36, -22.06, -9.53 	0.00, -0.00 	12,56,2,246		22.83,56.34	0,0 	0
1925    	-3.08, 1.04, -7.04 	18.33, -22.40, -9.32 	0.00, -0.00 	12,56,2,256		23.39,36.99	0,0 	0
1934    	-2.98, 0.92, -7.09 	18.21, -22.54, -9.11 	0.00, -0.00 	12,56,2,266		17.53,21.28	0,0 	0
1943    	-2.86, 0.74, -7.10 	18.13, -22.58, -9.00 	0.00, -0.00 	12,56,2,276		23.12,10.06	0,0 	0
1952    	-2.66, 0.59, -7.15 	18.12, -22.71, -8.93 	0.00, -0.00 	12,56,2,285		28.09,13.81	0,0 	0
1961    	-2.47, 0.49, -7.20 	18.11, -22.79, -8.84 	0.00, -0.00 	12,56,2,295		23.93,9.48	0,0 	0
1970    	-2.26, 0.43, -7.24 	18.20, -22.82, -8.73 	0.00, -0.00 	12,56,2,305		24.79,11.01	0,0 	0
1979    	-2.12, 0.34, -7.23 	18.28, -22.85, -8.62 	0.00, -0.00 	12,56,2,314		17.82,9.14	0,0 	0
1988    	-1.95, 0.26, -7.23 	18.40, -22.78, -8.53 	0.00, -0.00 	12,56,2,324		21.08,16.18	0,0 	0
1997    	-1.87, 0.25, -7.22 	18.55, -22.79, -8.40 	0.00, -0.00 	12,56,2,334		9.13,17.06	0,0 	0
2006    	-1.83, 0.16, -7.22 	18.54, -22.84, -8.32 	0.00, -0.00 	12,56,2,343		11.22,5.86	0,0 	0
2015    	-1.85, 0.10, -7.21 	18.47, -22.78, -8.22 	0.00, -0.00 	12,56,2,353		7.36,10.53	0,0 	0
2024    	-1.81, 0.01, -7.17 	18.44, -22.81, -8.14 	0.00, -0.00 	12,56,2,363		10.14,4.46	0,0 	0
2033    	-1.82, -0.01, -7.20 	18.29, -22.83, -8.12 	0.00, -0.00 	12,56,2,372		2.62,16.94	0,0 	0
2042    	-1.83, -0.10, -7.16 	18.06, -22.82, -8.13 	0.00, -0.00 	12,56,2,382		10.68,24.79	0,0 	0
2051    	-1.87, -0.13, -7.16 	18.08, -22.89, -8.09 	0.00, -0.00 	12,56,2,392		5.14,7.05	0,0 	0
2060    	-1.85, -0.17, -7.19 	18.05, -22.85, -8.08 	0.00, -0.00 	12,56,2,401		3.74,5.33	0,0 	0
2069    	-1.78, -0.20, -7.17 	18.12, -22.84, -8.09 	0.00, -0.00 	12,56,2,411		9.12,7.78	0,0 	0
2078    	-1.78, -0.19, -7.18 	18.17, -22.79, -8.07 	0.00, -0.00 	12,56,2,421		1.16,7.64	0,0 	0
2087    	-1.76, -0.20, -7.19 	18.22, -22.78, -8.06 	0.00, -0.00 	12,56,2,430		2.85,6.48	0,0 	0
2096    	-1.78, -0.19, -7.20 	18.28, -22.73, -8.04 	0.00, -0.00 	12,56,2,440		2.85,8.55	0,0 	0
2105    	-1.78, -0.20, -7.19 	18.25, -22.76, -8.05 	0.00, -0.00 	12,56,2,450		1.16,5.13	0,0 	0
2114    	-1.75, -0.23, -7.18 	18.17, -22.81, -8.02 	0.00, -0.00 	12,56,2,459		4.38,10.06	0,0 	0
2123    	-1.76, -0.29, -7.17 	18.14, -22.78, -8.04 	0.00, -0.00 	12,56,2,469		5.91,4.37	0,0 	0
2132    	-1.77, -0.32, -7.17 	18.13, -22.79, -8.07 	0.00, -0.00 	12,56,2,479		3.68,1.71	0,0 	0
2141    	-1.75, -0.32, -7.17 	18.16, -22.75, -8.09 	0.00, -0.00 	12,56,2,488		2.58,5.94	0,0 	0
2150    	-1.74, -0.31, -7.20 	18.15, -22.78, -8.05 	0.00, -0.00 	12,56,2,498		1.71,3.65	0,0 	0
2159    	-1.70, -0.31, -7.18 	18.20, -22.77, -8.05 	0.00, -0.00 	12,56,2,508		4.07,5.28	0,0 	0
2168    	-1.74, -0.30, -7.19 	18.19, -22.75, -8.06 	0.00, -0.00 	12,56,2,518		4.56,2.67	0,0 	0
2177    	-1.67, -0.26, -7.21 	18.22, -22.72, -8.06 	0.00, -0.00 	12,56,2,527		8.41,4.46	0,0 	0
2186    	-1.64, -0.28, -7.19 	18.25, -22.72, -8.06 	0.00, -0.00 	12,56,2,537		3.51,3.89	0,0 	0
2195    	-1.66, -0.30, -7.18 	18.31, -22.72, -8.07 	0.00, -0.00 	12,56,2,547		2.62,6.48	0,0 	0
2204    	-1.62, -0.31, -7.18 	18.31, -22.73, -8.06 	0.00, -0.00 	12,56,2,556		4.07,1.15	0,0 	0
2213    	-1.56, -0.33, -7.17 	18.32, -22.71, -8.08 	0.00, -0.00 	12,56,2,566		6.91,2.61	0,0 	0
2222    	-1.63, -0.32, -7.18 	18.28, -22.72, -8.09 	0.00, -0.00 	12,56,2,576		7.86,5.28	0,0 	0
2231    	-1.63, -0.35, -7.17 	18.20, -22.72, -8.07 	0.00, -0.00 	12,56,2,585		3.48,9.07	0,0 	0
2240    	-1.61, -0.34, -7.19 	18.22, -22.71, -8.03 	0.00, -0.00 	12,56,2,595		2.80,2.81	0,0 	0
2249    	-1.58, -0.37, -7.16 	18.28, -22.72, -8.06 	0.00, -0.00 	12,56,2,605		4.38,6.61	0,0 	0
2258    	-1.56, -0.36, -7.17 	18.34, -22.72, -8.02 	0.00, -0.00 	12,56,2,614		2.80,6.48	0,0 	0
2267    	-1.51, -0.37, -7.17 	18.39, -22.68, -8.01 	0.00, -0.00 	12,56,2,624		5.32,7.26	0,0 	0
2276    	-1.40, -0.31, -7.17 	18.35, -22.64, -8.02 	0.00, -0.00 	12,56,2,634		14.01,6.10	0,0 	0
2285    	-1.31, -0.30, -7.19 	18.41, -22.64, -8.01 	0.00, -0.00 	12,56,2,643		10.32,6.48	0,0 	0
