#Time 	Sensor1         Sensor2         Target          Time            Vel             
#================================================================

0       	0.55, -3.32, -9.35 	-18.68, -26.28, -5.97 	0.00, 10.00 	14,7,37,405		0.00,0.00	0,0 	0
0       	0.57, -3.33, -9.38 	-18.36, -26.31, -6.04 	0.00, 10.00 	14,7,37,405		inf,inf	0,0 	0
0       	0.52, -3.39, -9.37 	-17.66, -26.33, -6.17 	0.00, 10.00 	14,7,37,405		inf,inf	0,0 	0
0       	0.48, -3.42, -9.36 	-17.20, -26.37, -6.21 	0.00, 10.00 	14,7,37,405		inf,inf	0,0 	0
0       	0.42, -3.44, -9.35 	-17.13, -26.53, -5.94 	0.00, 10.00 	14,7,37,405		inf,inf	0,0 	0
0       	0.34, -3.47, -9.36 	-17.73, -26.69, -5.46 	0.00, 10.00 	14,7,37,405		inf,inf	0,0 	0
0       	0.32, -3.46, -9.38 	-18.78, -26.68, -5.08 	0.00, 10.00 	14,7,37,405		inf,inf	0,0 	0
0       	0.25, -3.46, -9.39 	-19.42, -26.49, -4.94 	0.00, 10.00 	14,7,37,405		inf,inf	0,0 	0
0       	0.21, -3.45, -9.40 	-19.98, -26.25, -4.94 	0.00, 10.00 	14,7,37,405		inf,inf	0,0 	0
0       	0.19, -3.43, -9.42 	-20.52, -26.11, -4.95 	0.00, 10.00 	14,7,37,405		inf,inf	0,0 	0
0       	0.06, -3.38, -9.46 	-20.93, -25.96, -5.00 	0.00, 10.00 	14,7,37,405		inf,inf	0,0 	0
0       	-0.21, -3.33, -9.51 	-20.73, -25.94, -5.16 	0.00, 10.00 	14,7,37,405		inf,inf	0,0 	0
0       	-0.79, -3.23, -9.61 	-20.57, -25.93, -5.28 	0.00, 10.00 	14,7,37,406		inf,inf	0,0 	0
0       	-1.62, -3.22, -9.68 	-20.54, -25.92, -5.33 	0.00, 10.00 	14,7,37,406		inf,inf	0,0 	0
0       	-2.62, -3.23, -9.78 	-20.49, -25.89, -5.33 	0.00, 10.00 	14,7,37,406		inf,inf	0,0 	0
0       	-3.43, -3.17, -9.86 	-20.53, -25.95, -5.30 	0.00, 10.00 	14,7,37,406		inf,inf	0,0 	0
0       	-3.82, -3.02, -9.98 	-20.54, -25.87, -5.35 	0.00, 10.00 	14,7,37,406		inf,inf	0,0 	0
0       	-3.89, -2.90, -10.09 	-20.67, -25.81, -5.32 	0.00, 10.00 	14,7,37,406		inf,inf	0,0 	0
0       	-3.94, -2.87, -10.14 	-20.69, -25.78, -5.35 	0.00, 10.00 	14,7,37,406		inf,inf	0,0 	0
0       	-3.97, -2.80, -10.18 	-20.86, -25.78, -5.31 	0.00, 10.00 	14,7,37,406		inf,inf	0,0 	0
0       	-4.01, -2.80, -10.19 	-20.91, -25.81, -5.33 	0.00, 10.00 	14,7,37,406		inf,inf	0,0 	0
0       	-4.02, -2.78, -10.18 	-20.88, -25.82, -5.37 	0.00, 10.00 	14,7,37,406		inf,inf	0,0 	0
0       	-4.04, -2.77, -10.19 	-20.95, -25.86, -5.33 	0.00, 10.00 	14,7,37,406		inf,inf	0,0 	0
0       	-4.15, -2.74, -10.16 	-20.81, -25.92, -5.35 	0.00, 10.00 	14,7,37,406		inf,inf	0,0 	0
0       	-4.25, -2.70, -10.12 	-20.83, -25.95, -5.32 	0.00, 10.00 	14,7,37,406		inf,inf	0,0 	0
0       	-4.40, -2.67, -10.11 	-20.81, -25.93, -5.33 	0.00, 10.00 	14,7,37,406		inf,inf	0,0 	0
0       	-4.51, -2.60, -10.09 	-20.88, -25.90, -5.33 	0.00, 10.00 	14,7,37,406		inf,inf	0,0 	0
0       	-4.65, -2.56, -10.06 	-20.93, -25.89, -5.36 	0.00, 10.00 	14,7,37,406		inf,inf	0,0 	0
0       	-4.78, -2.47, -10.06 	-21.16, -25.85, -5.37 	0.00, 10.00 	14,7,37,407		inf,inf	0,0 	0
0       	-4.83, -2.38, -10.04 	-21.23, -25.91, -5.38 	0.00, 10.00 	14,7,37,407		inf,inf	0,0 	0
0       	-4.92, -2.23, -10.00 	-21.23, -25.87, -5.37 	0.00, 10.00 	14,7,37,407		inf,inf	0,0 	0
0       	-5.04, -2.06, -9.90 	-21.20, -25.89, -5.36 	0.00, 10.00 	14,7,37,407		inf,inf	0,0 	0
0       	-5.23, -1.84, -9.76 	-21.17, -25.89, -5.31 	0.00, 10.00 	14,7,37,407		inf,inf	0,0 	0
0       	-5.38, -1.64, -9.58 	-21.16, -25.89, -5.24 	0.00, 10.00 	14,7,37,407		inf,inf	0,0 	0
0       	-5.62, -1.45, -9.42 	-21.19, -25.97, -5.14 	0.00, 10.00 	14,7,37,407		inf,inf	0,0 	0
0       	-5.81, -1.30, -9.30 	-21.13, -26.00, -5.09 	0.00, 10.00 	14,7,37,407		inf,inf	0,0 	0
0       	-5.83, -1.16, -9.22 	-21.00, -26.02, -5.08 	0.00, 10.00 	14,7,37,407		inf,inf	0,0 	0
0       	-5.78, -1.06, -9.17 	-21.07, -25.92, -5.13 	0.00, 10.00 	14,7,37,407		inf,inf	0,0 	0
0       	-5.80, -0.93, -9.15 	-21.28, -25.91, -5.17 	0.00, 10.00 	14,7,37,407		inf,inf	0,0 	0
0       	-5.69, -0.85, -9.11 	-21.67, -25.86, -5.22 	0.00, 10.00 	14,7,37,407		inf,inf	0,0 	0
0       	-5.57, -0.80, -9.05 	-21.87, -25.77, -5.20 	0.00, 10.00 	14,7,37,407		inf,inf	0,0 	0
0       	-5.55, -0.73, -8.97 	-21.99, -25.73, -5.23 	0.00, 10.00 	14,7,37,407		inf,inf	0,0 	0
0       	-5.45, -0.64, -8.88 	-21.91, -25.74, -5.23 	0.00, 10.00 	14,7,37,407		inf,inf	0,0 	0
0       	-5.40, -0.53, -8.77 	-21.65, -25.79, -5.23 	0.00, 10.00 	14,7,37,407		inf,inf	0,0 	0
0       	-5.38, -0.47, -8.68 	-21.48, -25.72, -5.25 	0.00, 10.00 	14,7,37,408		inf,inf	0,0 	0
0       	-5.31, -0.41, -8.60 	-21.14, -25.74, -5.29 	0.00, 10.00 	14,7,37,408		inf,inf	0,0 	0
0       	-5.22, -0.33, -8.53 	-21.02, -25.76, -5.32 	0.00, 10.00 	14,7,37,408		inf,inf	0,0 	0
0       	-5.22, -0.20, -8.49 	-21.03, -25.75, -5.30 	0.00, 10.00 	14,7,37,408		inf,inf	0,0 	0
0       	-5.20, -0.10, -8.43 	-21.02, -25.80, -5.31 	0.00, 10.00 	14,7,37,408		inf,inf	0,0 	0
0       	-5.07, -0.03, -8.37 	-21.13, -25.73, -5.26 	0.00, 10.00 	14,7,37,408		inf,inf	0,0 	0
0       	-4.94, 0.04, -8.35 	-21.22, -25.73, -5.26 	0.00, 10.00 	14,7,37,408		inf,inf	0,0 	0
0       	-4.79, 0.07, -8.32 	-21.40, -25.73, -5.23 	0.00, 10.00 	14,7,37,408		inf,inf	0,0 	0
0       	-4.65, 0.06, -8.25 	-21.41, -25.75, -5.24 	0.00, 10.00 	14,7,37,408		inf,inf	0,0 	0
0       	-4.58, 0.06, -8.18 	-21.33, -25.77, -5.25 	0.00, 10.00 	14,7,37,408		inf,inf	0,0 	0
0       	-4.54, 0.06, -8.08 	-21.33, -25.78, -5.26 	0.00, 10.00 	14,7,37,408		inf,inf	0,0 	0
0       	-4.57, 0.10, -8.01 	-21.20, -25.81, -5.32 	0.00, 10.00 	14,7,37,408		inf,inf	0,0 	0
0       	-4.57, 0.15, -7.92 	-21.15, -25.79, -5.35 	0.00, 10.00 	14,7,37,408		inf,inf	0,0 	0
0       	-4.62, 0.17, -7.87 	-21.12, -25.76, -5.35 	0.00, 10.00 	14,7,37,408		inf,inf	0,0 	0
0       	-4.61, 0.23, -7.85 	-21.02, -25.72, -5.33 	0.00, 10.00 	14,7,37,408		inf,inf	0,0 	0
0       	-4.54, 0.26, -7.81 	-21.13, -25.73, -5.32 	0.00, 10.00 	14,7,37,408		inf,inf	0,0 	0
0       	-4.47, 0.31, -7.74 	-21.16, -25.70, -5.33 	0.00, 10.00 	14,7,37,408		inf,inf	0,0 	0
0       	-4.38, 0.36, -7.68 	-21.19, -25.71, -5.35 	0.00, 10.00 	14,7,37,409		inf,inf	0,0 	0
0       	-4.26, 0.42, -7.61 	-21.19, -25.77, -5.34 	0.00, 10.00 	14,7,37,409		inf,inf	0,0 	0
0       	-4.14, 0.49, -7.55 	-21.15, -25.76, -5.37 	0.00, 10.00 	14,7,37,409		inf,inf	0,0 	0
0       	-4.03, 0.50, -7.50 	-21.06, -25.80, -5.39 	0.00, 10.00 	14,7,37,409		inf,inf	0,0 	0
0       	-4.02, 0.50, -7.46 	-20.98, -25.81, -5.42 	0.00, 10.00 	14,7,37,409		inf,inf	0,0 	0
0       	-4.06, 0.50, -7.45 	-20.96, -25.83, -5.37 	0.00, 10.00 	14,7,37,409		inf,inf	0,0 	0
0       	-4.06, 0.50, -7.46 	-20.96, -25.85, -5.38 	0.00, 10.00 	14,7,37,409		-nan,inf	0,0 	0
0       	-4.12, 0.51, -7.46 	-20.86, -25.83, -5.33 	0.00, 10.00 	14,7,37,409		inf,inf	0,0 	0
0       	-4.11, 0.50, -7.47 	-20.78, -25.84, -5.34 	0.00, 10.00 	14,7,37,409		inf,inf	0,0 	0
0       	-4.12, 0.51, -7.49 	-20.85, -25.83, -5.32 	0.00, 10.00 	14,7,37,409		inf,inf	0,0 	0
0       	-4.11, 0.51, -7.50 	-20.83, -25.83, -5.33 	0.00, 10.00 	14,7,37,409		inf,inf	0,0 	0
0       	-4.07, 0.50, -7.50 	-20.92, -25.82, -5.33 	0.00, 10.00 	14,7,37,409		inf,inf	0,0 	0
0       	-4.07, 0.50, -7.50 	-20.90, -25.89, -5.34 	0.00, 10.00 	14,7,37,409		-nan,inf	0,0 	0
0       	-4.03, 0.50, -7.50 	-20.87, -25.91, -5.35 	0.00, 10.00 	14,7,37,409		inf,inf	0,0 	0
0       	-4.05, 0.51, -7.49 	-20.79, -25.94, -5.36 	0.00, 10.00 	14,7,37,409		inf,inf	0,0 	0
0       	-4.05, 0.49, -7.49 	-20.78, -25.93, -5.35 	0.00, 10.00 	14,7,37,409		inf,inf	0,0 	0
0       	-4.06, 0.49, -7.49 	-20.79, -25.93, -5.34 	0.00, 10.00 	14,7,37,410		inf,inf	0,0 	0
0       	-4.06, 0.49, -7.48 	-20.77, -25.95, -5.34 	0.00, 10.00 	14,7,37,410		-nan,inf	0,0 	0
0       	-4.07, 0.48, -7.48 	-20.79, -25.93, -5.32 	0.00, 10.00 	14,7,37,410		inf,inf	0,0 	0
0       	-4.08, 0.48, -7.48 	-20.85, -25.94, -5.33 	0.00, 10.00 	14,7,37,410		inf,inf	0,0 	0
0       	-4.11, 0.48, -7.47 	-20.81, -25.92, -5.32 	0.00, 10.00 	14,7,37,410		inf,inf	0,0 	0
0       	-4.07, 0.50, -7.48 	-20.82, -25.95, -5.31 	0.00, 10.00 	14,7,37,410		inf,inf	0,0 	0
0       	-4.08, 0.48, -7.48 	-20.82, -25.95, -5.32 	0.00, 10.00 	14,7,37,410		inf,-nan	0,0 	0
0       	-4.08, 0.47, -7.47 	-20.80, -25.92, -5.35 	0.00, 10.00 	14,7,37,410		inf,inf	0,0 	0
0       	-4.11, 0.48, -7.45 	-20.76, -25.94, -5.33 	0.00, 10.00 	14,7,37,410		inf,inf	0,0 	0
0       	-4.08, 0.46, -7.44 	-20.75, -25.94, -5.34 	0.00, 10.00 	14,7,37,410		inf,inf	0,0 	0
0       	-4.09, 0.46, -7.41 	-20.77, -25.95, -5.33 	0.00, 10.00 	14,7,37,410		inf,inf	0,0 	0
0       	-4.08, 0.44, -7.38 	-20.72, -25.97, -5.34 	0.00, 10.00 	14,7,37,410		inf,inf	0,0 	0
0       	-4.13, 0.42, -7.37 	-20.69, -25.93, -5.36 	0.00, 10.00 	14,7,37,410		inf,inf	0,0 	0
0       	-4.10, 0.38, -7.38 	-20.72, -25.93, -5.35 	0.00, 10.00 	14,7,37,410		inf,inf	0,0 	0
0       	-4.09, 0.38, -7.40 	-20.72, -25.91, -5.34 	0.00, 10.00 	14,7,37,411		inf,inf	0,0 	0
0       	-4.03, 0.36, -7.40 	-20.74, -25.92, -5.37 	0.00, 10.00 	14,7,37,411		inf,inf	0,0 	0
0       	-4.00, 0.35, -7.42 	-20.73, -25.95, -5.33 	0.00, 10.00 	14,7,37,411		inf,inf	0,0 	0
0       	-3.96, 0.33, -7.42 	-20.76, -25.97, -5.37 	0.00, 10.00 	14,7,37,411		inf,inf	0,0 	0
0       	-3.94, 0.33, -7.43 	-20.81, -25.97, -5.37 	0.00, 10.00 	14,7,37,411		inf,inf	0,0 	0
0       	-3.90, 0.30, -7.44 	-20.76, -25.95, -5.37 	0.00, 10.00 	14,7,37,411		inf,inf	0,0 	0
0       	-3.89, 0.29, -7.44 	-20.78, -25.97, -5.36 	0.00, 10.00 	14,7,37,411		inf,inf	0,0 	0
0       	-3.93, 0.27, -7.43 	-20.81, -25.99, -5.36 	0.00, 10.00 	14,7,37,411		inf,inf	0,0 	0
0       	-3.91, 0.27, -7.44 	-20.80, -26.01, -5.35 	0.00, 10.00 	14,7,37,411		inf,inf	0,0 	0
0       	-3.93, 0.25, -7.44 	-20.77, -26.00, -5.33 	0.00, 10.00 	14,7,37,411		inf,inf	0,0 	0
0       	-3.91, 0.26, -7.45 	-20.80, -25.96, -5.31 	0.00, 10.00 	14,7,37,411		inf,inf	0,0 	0
0       	-3.95, 0.26, -7.45 	-20.78, -25.97, -5.31 	0.00, 10.00 	14,7,37,412		inf,inf	0,0 	0
0       	-3.93, 0.28, -7.48 	-20.78, -25.96, -5.31 	0.00, 10.00 	14,7,37,412		inf,inf	0,0 	0
0       	-3.95, 0.26, -7.48 	-20.76, -25.95, -5.33 	0.00, 10.00 	14,7,37,412		inf,inf	0,0 	0
0       	-3.93, 0.25, -7.48 	-20.75, -25.93, -5.33 	0.00, 10.00 	14,7,37,412		inf,inf	0,0 	0
0       	-3.94, 0.26, -7.49 	-20.74, -25.96, -5.30 	0.00, 10.00 	14,7,37,412		inf,inf	0,0 	0
0       	-3.91, 0.25, -7.48 	-20.74, -25.96, -5.30 	0.00, 10.00 	14,7,37,412		inf,-nan	0,0 	0
0       	-3.92, 0.23, -7.48 	-20.72, -25.97, -5.31 	0.00, 10.00 	14,7,37,412		inf,inf	0,0 	0
0       	-3.95, 0.23, -7.48 	-20.69, -25.96, -5.30 	0.00, 10.00 	14,7,37,412		inf,inf	0,0 	0
0       	-3.98, 0.21, -7.48 	-20.69, -25.94, -5.34 	0.00, 10.00 	14,7,37,412		inf,inf	0,0 	0
0       	-3.98, 0.21, -7.48 	-20.67, -25.94, -5.33 	0.00, 10.00 	14,7,37,412		-nan,inf	0,0 	0
0       	-3.99, 0.22, -7.50 	-20.68, -25.95, -5.35 	0.00, 10.00 	14,7,37,412		inf,inf	0,0 	0
0       	-3.98, 0.21, -7.51 	-20.67, -25.96, -5.35 	0.00, 10.00 	14,7,37,412		inf,inf	0,0 	0
0       	-3.92, 0.21, -7.52 	-20.65, -25.97, -5.34 	0.00, 10.00 	14,7,37,412		inf,inf	0,0 	0
0       	-3.88, 0.16, -7.51 	-20.65, -25.99, -5.32 	0.00, 10.00 	14,7,37,412		inf,inf	0,0 	0
0       	-3.90, 0.17, -7.50 	-20.65, -25.99, -5.31 	0.00, 10.00 	14,7,37,412		inf,-nan	0,0 	0
0       	-3.92, 0.14, -7.49 	-20.66, -25.98, -5.29 	0.00, 10.00 	14,7,37,413		inf,inf	0,0 	0
0       	-3.93, 0.12, -7.48 	-20.66, -25.98, -5.29 	0.00, 10.00 	14,7,37,413		inf,-nan	0,0 	0
0       	-3.96, 0.10, -7.48 	-20.64, -26.01, -5.27 	0.00, 10.00 	14,7,37,413		inf,inf	0,0 	0
0       	-3.98, 0.10, -7.47 	-20.65, -26.02, -5.26 	0.00, 10.00 	14,7,37,413		inf,inf	0,0 	0
0       	-3.95, 0.10, -7.48 	-20.64, -26.03, -5.27 	0.00, 10.00 	14,7,37,413		inf,inf	0,0 	0
0       	-3.95, 0.10, -7.50 	-20.63, -26.01, -5.27 	0.00, 10.00 	14,7,37,413		-nan,inf	0,0 	0
0       	-3.96, 0.11, -7.50 	-20.63, -26.02, -5.28 	0.00, 10.00 	14,7,37,413		inf,inf	0,0 	0
0       	-3.96, 0.09, -7.50 	-20.64, -26.02, -5.27 	0.00, 10.00 	14,7,37,413		inf,inf	0,0 	0
0       	-3.93, 0.08, -7.51 	-20.62, -26.00, -5.29 	0.00, 10.00 	14,7,37,413		inf,inf	0,0 	0
0       	-3.95, 0.09, -7.51 	-20.63, -25.99, -5.29 	0.00, 10.00 	14,7,37,413		inf,inf	0,0 	0
0       	-3.92, 0.08, -7.51 	-20.53, -25.99, -5.34 	0.00, 10.00 	14,7,37,413		inf,inf	0,0 	0
0       	-3.92, 0.07, -7.49 	-20.54, -25.96, -5.37 	0.00, 10.00 	14,7,37,413		inf,inf	0,0 	0
0       	-3.91, 0.07, -7.50 	-20.53, -25.97, -5.38 	0.00, 10.00 	14,7,37,413		inf,inf	0,0 	0
0       	-3.94, 0.10, -7.49 	-20.43, -25.98, -5.38 	0.00, 10.00 	14,7,37,413		inf,inf	0,0 	0
0       	-3.97, 0.08, -7.48 	-20.41, -25.97, -5.41 	0.00, 10.00 	14,7,37,413		inf,inf	0,0 	0
0       	-3.95, 0.07, -7.48 	-20.43, -25.97, -5.39 	0.00, 10.00 	14,7,37,413		inf,inf	0,0 	0
0       	-3.98, 0.08, -7.48 	-20.50, -25.97, -5.38 	0.00, 10.00 	14,7,37,414		inf,inf	0,0 	0
0       	-4.00, 0.06, -7.49 	-20.49, -25.98, -5.39 	0.00, 10.00 	14,7,37,414		inf,inf	0,0 	0
0       	-3.98, 0.09, -7.49 	-20.51, -25.98, -5.37 	0.00, 10.00 	14,7,37,414		inf,inf	0,0 	0
0       	-3.99, 0.07, -7.49 	-20.50, -25.98, -5.38 	0.00, 10.00 	14,7,37,414		inf,inf	0,0 	0
0       	-3.98, 0.08, -7.49 	-20.41, -25.99, -5.39 	0.00, 10.00 	14,7,37,414		inf,inf	0,0 	0
0       	-3.95, 0.07, -7.48 	-20.36, -25.98, -5.39 	0.00, 10.00 	14,7,37,414		inf,inf	0,0 	0
0       	-3.98, 0.06, -7.47 	-20.40, -26.01, -5.38 	0.00, 10.00 	14,7,37,414		inf,inf	0,0 	0
0       	-3.99, 0.05, -7.48 	-20.30, -26.01, -5.41 	0.00, 10.00 	14,7,37,414		inf,inf	0,0 	0
0       	-3.98, 0.06, -7.47 	-20.39, -25.96, -5.39 	0.00, 10.00 	14,7,37,414		inf,inf	0,0 	0
0       	-4.01, 0.05, -7.47 	-20.34, -25.96, -5.41 	0.00, 10.00 	14,7,37,414		inf,inf	0,0 	0
0       	-4.00, 0.04, -7.46 	-20.42, -25.96, -5.37 	0.00, 10.00 	14,7,37,414		inf,inf	0,0 	0
0       	-4.00, 0.04, -7.47 	-20.40, -25.95, -5.36 	0.00, 10.00 	14,7,37,414		-nan,inf	0,0 	0
0       	-4.02, 0.04, -7.47 	-20.48, -25.94, -5.35 	0.00, 10.00 	14,7,37,414		inf,inf	0,0 	0
0       	-4.02, 0.06, -7.46 	-20.45, -25.97, -5.36 	0.00, 10.00 	14,7,37,414		inf,inf	0,0 	0
0       	-4.00, 0.06, -7.46 	-20.45, -25.95, -5.34 	0.00, 10.00 	14,7,37,415		inf,inf	0,0 	0
0       	-4.04, 0.04, -7.44 	-20.41, -25.96, -5.35 	0.00, 10.00 	14,7,37,415		inf,inf	0,0 	0
0       	-4.03, 0.06, -7.44 	-20.35, -26.00, -5.34 	0.00, 10.00 	14,7,37,415		inf,inf	0,0 	0
0       	-4.07, 0.05, -7.42 	-20.35, -25.98, -5.34 	0.00, 10.00 	14,7,37,415		inf,inf	0,0 	0
0       	-4.09, 0.04, -7.40 	-20.31, -26.00, -5.35 	0.00, 10.00 	14,7,37,415		inf,inf	0,0 	0
0       	-4.09, 0.03, -7.40 	-20.33, -25.97, -5.36 	0.00, 10.00 	14,7,37,415		inf,inf	0,0 	0
0       	-4.10, 0.03, -7.39 	-20.28, -26.01, -5.33 	0.00, 10.00 	14,7,37,415		inf,inf	0,0 	0
0       	-4.09, 0.02, -7.39 	-20.28, -26.02, -5.35 	0.00, 10.00 	14,7,37,415		inf,inf	0,0 	0
0       	-4.08, 0.04, -7.40 	-20.27, -26.02, -5.36 	0.00, 10.00 	14,7,37,415		inf,inf	0,0 	0
0       	-4.08, 0.04, -7.40 	-20.27, -26.01, -5.38 	0.00, 10.00 	14,7,37,415		-nan,inf	0,0 	0
0       	-4.05, 0.02, -7.39 	-20.25, -26.04, -5.37 	0.00, 10.00 	14,7,37,415		inf,inf	0,0 	0
0       	-4.06, 0.01, -7.38 	-20.27, -26.01, -5.39 	0.00, 10.00 	14,7,37,416		inf,inf	0,0 	0
0       	-4.09, 0.02, -7.38 	-20.28, -26.01, -5.41 	0.00, 10.00 	14,7,37,416		inf,inf	0,0 	0
0       	-4.08, 0.01, -7.37 	-20.24, -26.02, -5.37 	0.00, 10.00 	14,7,37,416		inf,inf	0,0 	0
0       	-4.09, -0.00, -7.36 	-20.26, -26.02, -5.40 	0.00, 10.00 	14,7,37,416		inf,inf	0,0 	0
0       	-4.09, -0.02, -7.37 	-20.21, -26.03, -5.39 	0.00, 10.00 	14,7,37,416		inf,inf	0,0 	0
0       	-4.08, -0.02, -7.36 	-20.21, -26.01, -5.41 	0.00, 10.00 	14,7,37,416		inf,inf	0,0 	0
0       	-4.09, -0.03, -7.36 	-20.20, -26.01, -5.41 	0.00, 10.00 	14,7,37,416		inf,inf	0,0 	0
0       	-4.09, -0.02, -7.35 	-20.19, -26.00, -5.42 	0.00, 10.00 	14,7,37,416		inf,inf	0,0 	0
0       	-4.09, -0.02, -7.37 	-20.21, -26.05, -5.38 	0.00, 10.00 	14,7,37,416		-nan,inf	0,0 	0
0       	-4.09, -0.00, -7.36 	-20.27, -26.01, -5.39 	0.00, 10.00 	14,7,37,416		inf,inf	0,0 	0
0       	-4.08, -0.01, -7.35 	-20.18, -26.04, -5.41 	0.00, 10.00 	14,7,37,416		inf,inf	0,0 	0
0       	-4.09, -0.02, -7.35 	-20.18, -26.03, -5.37 	0.00, 10.00 	14,7,37,416		inf,inf	0,0 	0
0       	-4.07, -0.03, -7.33 	-20.16, -26.04, -5.38 	0.00, 10.00 	14,7,37,416		inf,inf	0,0 	0
0       	-4.10, -0.02, -7.33 	-20.18, -26.05, -5.41 	0.00, 10.00 	14,7,37,417		inf,inf	0,0 	0
0       	-4.12, -0.04, -7.33 	-20.17, -26.05, -5.39 	0.00, 10.00 	14,7,37,417		inf,inf	0,0 	0
0       	-4.12, -0.05, -7.32 	-20.12, -26.09, -5.39 	0.00, 10.00 	14,7,37,417		inf,inf	0,0 	0
0       	-4.13, -0.05, -7.33 	-20.11, -26.10, -5.37 	0.00, 10.00 	14,7,37,417		inf,inf	0,0 	0
0       	-4.12, -0.05, -7.33 	-20.12, -26.08, -5.38 	0.00, 10.00 	14,7,37,417		inf,inf	0,0 	0
0       	-4.08, -0.06, -7.33 	-20.10, -26.06, -5.38 	0.00, 10.00 	14,7,37,417		inf,inf	0,0 	0
0       	-4.09, -0.05, -7.33 	-20.12, -26.08, -5.37 	0.00, 10.00 	14,7,37,417		inf,inf	0,0 	0
0       	-4.02, -0.05, -7.33 	-20.14, -26.02, -5.38 	0.00, 10.00 	14,7,37,417		inf,inf	0,0 	0
0       	-4.02, -0.05, -7.32 	-20.10, -26.03, -5.39 	0.00, 10.00 	14,7,37,417		-nan,inf	0,0 	0
0       	-4.03, -0.06, -7.31 	-20.04, -26.04, -5.41 	0.00, 10.00 	14,7,37,417		inf,inf	0,0 	0
0       	-4.05, -0.07, -7.31 	-20.02, -26.06, -5.38 	0.00, 10.00 	14,7,37,417		inf,inf	0,0 	0
0       	-4.06, -0.08, -7.31 	-20.03, -26.04, -5.39 	0.00, 10.00 	14,7,37,417		inf,inf	0,0 	0
0       	-4.09, -0.07, -7.30 	-20.01, -26.05, -5.41 	0.00, 10.00 	14,7,37,417		inf,inf	0,0 	0
0       	-4.10, -0.07, -7.29 	-19.99, -26.07, -5.38 	0.00, 10.00 	14,7,37,417		inf,inf	0,0 	0
0       	-4.11, -0.09, -7.29 	-19.99, -26.05, -5.40 	0.00, 10.00 	14,7,37,417		inf,inf	0,0 	0
0       	-4.07, -0.10, -7.29 	-19.99, -26.05, -5.40 	0.00, 10.00 	14,7,37,417		inf,-nan	0,0 	0
0       	-4.08, -0.10, -7.30 	-20.09, -26.04, -5.39 	0.00, 10.00 	14,7,37,417		inf,inf	0,0 	0
0       	-4.03, -0.11, -7.30 	-20.02, -26.02, -5.42 	0.00, 10.00 	14,7,37,417		inf,inf	0,0 	0
0       	-4.01, -0.12, -7.28 	-20.04, -25.99, -5.42 	0.00, 10.00 	14,7,37,417		inf,inf	0,0 	0
0       	-4.00, -0.11, -7.27 	-19.91, -26.00, -5.43 	0.00, 10.00 	14,7,37,417		inf,inf	0,0 	0
0       	-3.96, -0.12, -7.26 	-19.94, -26.03, -5.42 	0.00, 10.00 	14,7,37,417		inf,inf	0,0 	0
0       	-3.95, -0.14, -7.23 	-19.86, -26.05, -5.41 	0.00, 10.00 	14,7,37,418		inf,inf	0,0 	0
0       	-3.98, -0.16, -7.21 	-19.85, -26.04, -5.42 	0.00, 10.00 	14,7,37,418		inf,inf	0,0 	0
0       	-3.98, -0.17, -7.21 	-19.84, -26.04, -5.43 	0.00, 10.00 	14,7,37,418		inf,inf	0,0 	0
0       	-3.96, -0.15, -7.19 	-19.90, -26.01, -5.41 	0.00, 10.00 	14,7,37,418		inf,inf	0,0 	0
0       	-3.97, -0.17, -7.18 	-19.96, -26.01, -5.39 	0.00, 10.00 	14,7,37,418		inf,inf	0,0 	0
0       	-3.98, -0.17, -7.18 	-19.96, -26.03, -5.40 	0.00, 10.00 	14,7,37,418		inf,inf	0,0 	0
0       	-3.98, -0.17, -7.17 	-19.99, -26.03, -5.39 	0.00, 10.00 	14,7,37,418		-nan,inf	0,0 	0
0       	-3.93, -0.17, -7.16 	-19.99, -26.02, -5.41 	0.00, 10.00 	14,7,37,418		inf,inf	0,0 	0
0       	-3.94, -0.17, -7.17 	-19.99, -26.00, -5.38 	0.00, 10.00 	14,7,37,418		inf,inf	0,0 	0
0       	-3.91, -0.16, -7.17 	-19.91, -26.01, -5.36 	0.00, 10.00 	14,7,37,418		inf,inf	0,0 	0
0       	-3.92, -0.16, -7.17 	-19.91, -25.99, -5.38 	0.00, 10.00 	14,7,37,418		inf,inf	0,0 	0
0       	-3.93, -0.17, -7.16 	-19.89, -26.00, -5.36 	0.00, 10.00 	14,7,37,418		inf,inf	0,0 	0
0       	-3.92, -0.17, -7.16 	-19.96, -26.01, -5.37 	0.00, 10.00 	14,7,37,418		inf,inf	0,0 	0
0       	-3.92, -0.18, -7.16 	-19.95, -26.00, -5.34 	0.00, 10.00 	14,7,37,418		inf,inf	0,0 	0
0       	-3.92, -0.17, -7.16 	-19.98, -26.00, -5.36 	0.00, 10.00 	14,7,37,418		inf,inf	0,0 	0
0       	-3.91, -0.16, -7.17 	-19.96, -25.98, -5.36 	0.00, 10.00 	14,7,37,418		inf,inf	0,0 	0
0       	-3.90, -0.16, -7.17 	-19.98, -26.00, -5.40 	0.00, 10.00 	14,7,37,418		inf,inf	0,0 	0
0       	-3.87, -0.18, -7.15 	-19.98, -26.00, -5.36 	0.00, 10.00 	14,7,37,418		inf,-nan	0,0 	0
0       	-3.87, -0.17, -7.16 	-19.96, -26.01, -5.35 	0.00, 10.00 	14,7,37,418		inf,inf	0,0 	0
0       	-3.87, -0.18, -7.15 	-19.96, -26.03, -5.37 	0.00, 10.00 	14,7,37,418		inf,inf	0,0 	0
0       	-3.86, -0.19, -7.15 	-19.87, -26.04, -5.38 	0.00, 10.00 	14,7,37,418		inf,inf	0,0 	0
0       	-3.88, -0.18, -7.15 	-19.84, -26.04, -5.35 	0.00, 10.00 	14,7,37,418		inf,inf	0,0 	0
0       	-3.90, -0.21, -7.15 	-19.83, -26.08, -5.36 	0.00, 10.00 	14,7,37,418		inf,inf	0,0 	0
0       	-3.93, -0.19, -7.14 	-19.91, -26.07, -5.35 	0.00, 10.00 	14,7,37,418		inf,inf	0,0 	0
0       	-3.93, -0.19, -7.14 	-19.97, -26.08, -5.32 	0.00, 10.00 	14,7,37,419		-nan,inf	0,0 	0
0       	-3.94, -0.20, -7.15 	-19.97, -26.07, -5.32 	0.00, 10.00 	14,7,37,419		inf,inf	0,0 	0
0       	-3.92, -0.19, -7.15 	-19.98, -26.09, -5.30 	0.00, 10.00 	14,7,37,419		inf,inf	0,0 	0
0       	-3.92, -0.20, -7.15 	-19.97, -26.12, -5.27 	0.00, 10.00 	14,7,37,419		inf,inf	0,0 	0
0       	-3.90, -0.20, -7.15 	-19.97, -26.09, -5.28 	0.00, 10.00 	14,7,37,419		inf,inf	0,0 	0
0       	-3.93, -0.19, -7.17 	-19.98, -26.06, -5.27 	0.00, 10.00 	14,7,37,419		inf,inf	0,0 	0
0       	-3.93, -0.19, -7.16 	-19.94, -26.08, -5.29 	0.00, 10.00 	14,7,37,419		-nan,inf	0,0 	0
0       	-3.96, -0.19, -7.16 	-19.94, -26.08, -5.29 	0.00, 10.00 	14,7,37,419		inf,-nan	0,0 	0
0       	-3.95, -0.21, -7.16 	-19.94, -26.07, -5.29 	0.00, 10.00 	14,7,37,419		inf,inf	0,0 	0
0       	-4.02, -0.20, -7.15 	-19.94, -26.10, -5.29 	0.00, 10.00 	14,7,37,419		inf,inf	0,0 	0
0       	-4.02, -0.20, -7.19 	-19.94, -26.09, -5.29 	0.00, 10.00 	14,7,37,419		-nan,inf	0,0 	0
0       	-4.05, -0.23, -7.18 	-19.93, -26.08, -5.31 	0.00, 10.00 	14,7,37,419		inf,inf	0,0 	0
0       	-4.03, -0.21, -7.19 	-19.93, -26.05, -5.32 	0.00, 10.00 	14,7,37,419		inf,inf	0,0 	0
0       	-3.99, -0.22, -7.21 	-19.97, -26.04, -5.30 	0.00, 10.00 	14,7,37,419		inf,inf	0,0 	0
0       	-3.97, -0.25, -7.22 	-19.97, -26.07, -5.28 	0.00, 10.00 	14,7,37,419		inf,inf	0,0 	0
0       	-3.96, -0.24, -7.22 	-19.96, -26.07, -5.26 	0.00, 10.00 	14,7,37,419		inf,inf	0,0 	0
0       	-3.98, -0.27, -7.23 	-19.83, -26.09, -5.27 	0.00, 10.00 	14,7,37,419		inf,inf	0,0 	0
0       	-3.94, -0.29, -7.22 	-19.80, -26.11, -5.28 	0.00, 10.00 	14,7,37,419		inf,inf	0,0 	0
0       	-3.89, -0.31, -7.22 	-19.79, -26.12, -5.27 	0.00, 10.00 	14,7,37,419		inf,inf	0,0 	0
0       	-3.90, -0.33, -7.22 	-19.74, -26.14, -5.27 	0.00, 10.00 	14,7,37,419		inf,inf	0,0 	0
0       	-3.89, -0.35, -7.23 	-19.78, -26.13, -5.28 	0.00, 10.00 	14,7,37,419		inf,inf	0,0 	0
0       	-3.89, -0.35, -7.25 	-19.80, -26.11, -5.28 	0.00, 10.00 	14,7,37,419		-nan,inf	0,0 	0
0       	-3.87, -0.37, -7.28 	-19.85, -26.07, -5.32 	0.00, 10.00 	14,7,37,419		inf,inf	0,0 	0
0       	-3.85, -0.39, -7.28 	-19.83, -26.05, -5.31 	0.00, 10.00 	14,7,37,419		inf,inf	0,0 	0
0       	-3.82, -0.41, -7.27 	-19.84, -26.06, -5.31 	0.00, 10.00 	14,7,37,419		inf,inf	0,0 	0
0       	-3.86, -0.43, -7.27 	-19.84, -26.07, -5.33 	0.00, 10.00 	14,7,37,419		inf,inf	0,0 	0
0       	-3.86, -0.41, -7.27 	-19.77, -26.09, -5.31 	0.00, 10.00 	14,7,37,420		inf,inf	0,0 	0
0       	-3.88, -0.42, -7.27 	-19.78, -26.11, -5.30 	0.00, 10.00 	14,7,37,420		inf,inf	0,0 	0
0       	-3.93, -0.42, -7.28 	-19.79, -26.09, -5.32 	0.00, 10.00 	14,7,37,420		inf,inf	0,0 	0
0       	-3.98, -0.43, -7.29 	-19.88, -26.09, -5.33 	0.00, 10.00 	14,7,37,420		inf,inf	0,0 	0
0       	-3.98, -0.43, -7.28 	-19.86, -26.08, -5.33 	0.00, 10.00 	14,7,37,420		-nan,inf	0,0 	0
0       	-3.96, -0.44, -7.28 	-19.87, -26.07, -5.34 	0.00, 10.00 	14,7,37,420		inf,inf	0,0 	0
0       	-3.95, -0.43, -7.28 	-19.87, -26.03, -5.35 	0.00, 10.00 	14,7,37,420		inf,inf	0,0 	0
0       	-3.98, -0.43, -7.29 	-19.85, -26.04, -5.37 	0.00, 10.00 	14,7,37,420		inf,inf	0,0 	0
0       	-3.94, -0.45, -7.29 	-19.88, -26.03, -5.37 	0.00, 10.00 	14,7,37,420		inf,inf	0,0 	0
0       	-3.93, -0.44, -7.29 	-19.86, -26.08, -5.37 	0.00, 10.00 	14,7,37,420		inf,inf	0,0 	0
0       	-3.93, -0.44, -7.29 	-19.81, -26.05, -5.38 	0.00, 10.00 	14,7,37,420		-nan,inf	0,0 	0
0       	-3.92, -0.44, -7.29 	-19.77, -26.04, -5.38 	0.00, 10.00 	14,7,37,420		inf,inf	0,0 	0
0       	-3.95, -0.46, -7.29 	-19.70, -26.04, -5.40 	0.00, 10.00 	14,7,37,420		inf,inf	0,0 	0
0       	-3.96, -0.45, -7.28 	-19.68, -26.10, -5.38 	0.00, 10.00 	14,7,37,420		inf,inf	0,0 	0
0       	-3.97, -0.46, -7.29 	-19.68, -26.06, -5.37 	0.00, 10.00 	14,7,37,420		inf,inf	0,0 	0
0       	-3.96, -0.46, -7.29 	-19.76, -26.05, -5.37 	0.00, 10.00 	14,7,37,420		inf,inf	0,0 	0
0       	-3.98, -0.46, -7.29 	-19.78, -26.03, -5.39 	0.00, 10.00 	14,7,37,420		inf,inf	0,0 	0
0       	-3.97, -0.45, -7.29 	-19.82, -26.01, -5.36 	0.00, 10.00 	14,7,37,420		inf,inf	0,0 	0
0       	-3.98, -0.45, -7.29 	-19.82, -26.03, -5.37 	0.00, 10.00 	14,7,37,420		inf,inf	0,0 	0
0       	-3.96, -0.44, -7.29 	-19.80, -26.06, -5.37 	0.00, 10.00 	14,7,37,420		inf,inf	0,0 	0
0       	-3.97, -0.46, -7.29 	-19.82, -26.04, -5.37 	0.00, 10.00 	14,7,37,420		inf,inf	0,0 	0
0       	-3.96, -0.46, -7.29 	-19.71, -26.11, -5.37 	0.00, 10.00 	14,7,37,420		inf,inf	0,0 	0
0       	-3.97, -0.46, -7.29 	-19.71, -26.09, -5.37 	0.00, 10.00 	14,7,37,420		inf,inf	0,0 	0
0       	-3.97, -0.46, -7.29 	-19.79, -26.09, -5.34 	0.00, 10.00 	14,7,37,420		-nan,inf	0,0 	0
0       	-3.99, -0.47, -7.28 	-19.79, -26.12, -5.32 	0.00, 10.00 	14,7,37,420		inf,inf	0,0 	0
0       	-4.00, -0.47, -7.28 	-19.76, -26.10, -5.33 	0.00, 10.00 	14,7,37,420		inf,inf	0,0 	0
0       	-4.03, -0.48, -7.29 	-19.77, -26.13, -5.31 	0.00, 10.00 	14,7,37,420		inf,inf	0,0 	0
0       	-4.03, -0.48, -7.30 	-19.78, -26.13, -5.33 	0.00, 10.00 	14,7,37,421		-nan,inf	0,0 	0
0       	-4.05, -0.48, -7.29 	-19.78, -26.11, -5.34 	0.00, 10.00 	14,7,37,421		inf,inf	0,0 	0
0       	-4.05, -0.48, -7.30 	-19.77, -26.11, -5.30 	0.00, 10.00 	14,7,37,421		-nan,inf	0,0 	0
0       	-4.05, -0.47, -7.30 	-19.69, -26.14, -5.32 	0.00, 10.00 	14,7,37,421		inf,inf	0,0 	0
0       	-4.03, -0.48, -7.30 	-19.68, -26.14, -5.32 	0.00, 10.00 	14,7,37,421		inf,inf	0,0 	0
0       	-4.03, -0.49, -7.29 	-19.62, -26.14, -5.30 	0.00, 10.00 	14,7,37,421		inf,inf	0,0 	0
0       	-4.03, -0.51, -7.29 	-19.65, -26.17, -5.28 	0.00, 10.00 	14,7,37,421		inf,inf	0,0 	0
0       	-4.05, -0.49, -7.29 	-19.57, -26.19, -5.30 	0.00, 10.00 	14,7,37,421		inf,inf	0,0 	0
0       	-4.05, -0.50, -7.30 	-19.60, -26.14, -5.32 	0.00, 10.00 	14,7,37,421		inf,inf	0,0 	0
0       	-4.05, -0.50, -7.30 	-19.59, -26.15, -5.33 	0.00, 10.00 	14,7,37,421		-nan,inf	0,0 	0
0       	-4.06, -0.50, -7.29 	-19.61, -26.13, -5.36 	0.00, 10.00 	14,7,37,421		inf,inf	0,0 	0
0       	-4.05, -0.50, -7.29 	-19.59, -26.10, -5.37 	0.00, 10.00 	14,7,37,421		inf,inf	0,0 	0
0       	-4.02, -0.50, -7.30 	-19.58, -26.12, -5.35 	0.00, 10.00 	14,7,37,421		inf,inf	0,0 	0
0       	-4.00, -0.48, -7.30 	-19.59, -26.11, -5.38 	0.00, 10.00 	14,7,37,421		inf,inf	0,0 	0
0       	-4.02, -0.50, -7.29 	-19.53, -26.14, -5.37 	0.00, 10.00 	14,7,37,421		inf,inf	0,0 	0
0       	-4.05, -0.49, -7.29 	-19.56, -26.13, -5.35 	0.00, 10.00 	14,7,37,421		inf,inf	0,0 	0
0       	-4.05, -0.50, -7.28 	-19.59, -26.13, -5.35 	0.00, 10.00 	14,7,37,421		inf,inf	0,0 	0
0       	-4.07, -0.49, -7.29 	-19.49, -26.17, -5.36 	0.00, 10.00 	14,7,37,421		inf,inf	0,0 	0
0       	-4.05, -0.49, -7.29 	-19.50, -26.15, -5.37 	0.00, 10.00 	14,7,37,421		inf,inf	0,0 	0
0       	-4.06, -0.49, -7.28 	-19.50, -26.11, -5.33 	0.00, 10.00 	14,7,37,421		inf,inf	0,0 	0
0       	-4.07, -0.48, -7.29 	-19.48, -26.07, -5.36 	0.00, 10.00 	14,7,37,421		inf,inf	0,0 	0
0       	-4.09, -0.46, -7.29 	-19.60, -26.06, -5.32 	0.00, 10.00 	14,7,37,421		inf,inf	0,0 	0
0       	-4.09, -0.47, -7.29 	-19.61, -26.07, -5.33 	0.00, 10.00 	14,7,37,421		inf,inf	0,0 	0
0       	-4.10, -0.44, -7.29 	-19.58, -26.08, -5.31 	0.00, 10.00 	14,7,37,421		inf,inf	0,0 	0
0       	-4.10, -0.45, -7.28 	-19.56, -26.10, -5.30 	0.00, 10.00 	14,7,37,421		inf,inf	0,0 	0
0       	-4.10, -0.45, -7.28 	-19.52, -26.12, -5.30 	0.00, 10.00 	14,7,37,421		-nan,inf	0,0 	0
0       	-4.17, -0.44, -7.26 	-19.50, -26.14, -5.30 	0.00, 10.00 	14,7,37,421		inf,inf	0,0 	0
0       	-4.22, -0.42, -7.27 	-19.52, -26.14, -5.25 	0.00, 10.00 	14,7,37,421		inf,inf	0,0 	0
0       	-4.22, -0.42, -7.28 	-19.49, -26.13, -5.25 	0.00, 10.00 	14,7,37,421		-nan,inf	0,0 	0
0       	-4.29, -0.39, -7.28 	-19.44, -26.12, -5.27 	0.00, 10.00 	14,7,37,421		inf,inf	0,0 	0
0       	-4.30, -0.39, -7.30 	-19.48, -26.10, -5.27 	0.00, 10.00 	14,7,37,421		inf,inf	0,0 	0
0       	-4.28, -0.37, -7.31 	-19.48, -26.08, -5.28 	0.00, 10.00 	14,7,37,421		inf,inf	0,0 	0
0       	-4.33, -0.36, -7.32 	-19.45, -26.10, -5.27 	0.00, 10.00 	14,7,37,421		inf,inf	0,0 	0
0       	-4.33, -0.36, -7.32 	-19.47, -26.10, -5.30 	0.00, 10.00 	14,7,37,421		-nan,inf	0,0 	0
0       	-4.38, -0.37, -7.33 	-19.46, -26.10, -5.26 	0.00, 10.00 	14,7,37,421		inf,inf	0,0 	0
0       	-4.39, -0.34, -7.34 	-19.48, -26.07, -5.28 	0.00, 10.00 	14,7,37,421		inf,inf	0,0 	0
0       	-4.43, -0.34, -7.32 	-19.45, -26.07, -5.28 	0.00, 10.00 	14,7,37,421		inf,inf	0,0 	0
0       	-4.48, -0.36, -7.33 	-19.37, -26.07, -5.26 	0.00, 10.00 	14,7,37,421		inf,inf	0,0 	0
0       	-4.54, -0.36, -7.33 	-19.40, -26.10, -5.24 	0.00, 10.00 	14,7,37,421		inf,inf	0,0 	0
0       	-4.55, -0.37, -7.36 	-19.37, -26.13, -5.26 	0.00, 10.00 	14,7,37,421		inf,inf	0,0 	0
0       	-4.59, -0.37, -7.39 	-19.39, -26.11, -5.26 	0.00, 10.00 	14,7,37,421		inf,inf	0,0 	0
0       	-4.61, -0.42, -7.40 	-19.36, -26.10, -5.25 	0.00, 10.00 	14,7,37,422		inf,inf	0,0 	0
0       	-4.59, -0.40, -7.45 	-19.37, -26.08, -5.25 	0.00, 10.00 	14,7,37,422		inf,inf	0,0 	0
0       	-4.57, -0.40, -7.48 	-19.40, -26.10, -5.23 	0.00, 10.00 	14,7,37,422		inf,inf	0,0 	0
0       	-4.46, -0.41, -7.52 	-19.39, -26.11, -5.23 	0.00, 10.00 	14,7,37,422		inf,inf	0,0 	0
0       	-4.37, -0.40, -7.56 	-19.44, -26.10, -5.24 	0.00, 10.00 	14,7,37,422		inf,inf	0,0 	0
0       	-4.38, -0.39, -7.56 	-19.32, -26.12, -5.23 	0.00, 10.00 	14,7,37,422		inf,inf	0,0 	0
0       	-4.36, -0.38, -7.57 	-19.28, -26.12, -5.20 	0.00, 10.00 	14,7,37,422		inf,inf	0,0 	0
0       	-4.38, -0.39, -7.55 	-19.32, -26.16, -5.19 	0.00, 10.00 	14,7,37,422		inf,inf	0,0 	0
0       	-4.37, -0.40, -7.53 	-19.38, -26.08, -5.19 	0.00, 10.00 	14,7,37,422		inf,inf	0,0 	0
0       	-4.37, -0.44, -7.52 	-19.49, -26.08, -5.20 	0.00, 10.00 	14,7,37,422		inf,inf	0,0 	0
0       	-4.35, -0.44, -7.52 	-19.56, -25.96, -5.29 	0.00, 10.00 	14,7,37,422		inf,inf	0,0 	0
0       	-4.33, -0.45, -7.51 	-19.46, -25.91, -5.58 	0.00, 10.00 	14,7,37,422		inf,inf	0,0 	0
0       	-4.28, -0.46, -7.51 	-19.15, -26.30, -5.87 	0.00, 10.00 	14,7,37,422		inf,inf	0,0 	0
0       	-4.28, -0.47, -7.51 	-19.37, -27.22, -5.58 	0.00, 10.00 	14,7,37,422		inf,inf	0,0 	0
0       	-4.26, -0.47, -7.51 	-19.77, -27.83, -4.84 	0.00, 10.00 	14,7,37,422		inf,inf	0,0 	0
0       	-4.24, -0.49, -7.50 	-19.51, -28.06, -4.20 	0.00, 10.00 	14,7,37,422		inf,inf	0,0 	0
0       	-4.21, -0.49, -7.49 	-18.77, -27.94, -3.96 	0.00, 10.00 	14,7,37,422		inf,inf	0,0 	0
0       	-4.22, -0.50, -7.49 	-17.71, -27.29, -3.90 	0.00, 10.00 	14,7,37,422		inf,inf	0,0 	0
0       	-4.20, -0.51, -7.48 	-17.07, -26.64, -4.00 	0.00, 10.00 	14,7,37,422		inf,inf	0,0 	0
0       	-4.16, -0.53, -7.47 	-17.19, -26.23, -4.08 	0.00, 10.00 	14,7,37,422		inf,inf	0,0 	0
0       	-4.16, -0.53, -7.47 	-17.69, -26.10, -4.17 	0.00, 10.00 	14,7,37,422		-nan,inf	0,0 	0
0       	-4.07, -0.54, -7.48 	-18.21, -26.03, -4.22 	0.00, 10.00 	14,7,37,422		inf,inf	0,0 	0
0       	-4.02, -0.55, -7.48 	-18.32, -26.07, -4.23 	0.00, 10.00 	14,7,37,422		inf,inf	0,0 	0
0       	-3.87, -0.59, -7.49 	-18.22, -26.06, -4.23 	0.00, 10.00 	14,7,37,422		inf,inf	0,0 	0
0       	-3.79, -0.62, -7.49 	-18.28, -26.09, -4.25 	0.00, 10.00 	14,7,37,422		inf,inf	0,0 	0
0       	-3.67, -0.64, -7.49 	-18.23, -26.14, -4.24 	0.00, 10.00 	14,7,37,422		inf,inf	0,0 	0
0       	-3.63, -0.69, -7.50 	-18.28, -26.14, -4.25 	0.00, 10.00 	14,7,37,422		inf,inf	0,0 	0
0       	-3.58, -0.79, -7.48 	-18.20, -26.15, -4.22 	0.00, 10.00 	14,7,37,422		inf,inf	0,0 	0
0       	-3.60, -0.83, -7.49 	-18.18, -26.20, -4.21 	0.00, 10.00 	14,7,37,422		inf,inf	0,0 	0
0       	-3.53, -0.90, -7.51 	-18.20, -26.17, -4.20 	0.00, 10.00 	14,7,37,422		inf,inf	0,0 	0
0       	-3.51, -1.00, -7.53 	-18.11, -26.19, -4.22 	0.00, 10.00 	14,7,37,422		inf,inf	0,0 	0
0       	-3.43, -1.16, -7.58 	-18.10, -26.20, -4.20 	0.00, 10.00 	14,7,37,422		inf,inf	0,0 	0
0       	-3.30, -1.23, -7.65 	-18.15, -26.15, -4.22 	0.00, 10.00 	14,7,37,422		inf,inf	0,0 	0
0       	-3.19, -1.33, -7.74 	-18.19, -26.16, -4.27 	0.00, 10.00 	14,7,37,422		inf,inf	0,0 	0
0       	-3.19, -1.43, -7.77 	-18.10, -26.18, -4.29 	0.00, 10.00 	14,7,37,422		inf,inf	0,0 	0
0       	-3.31, -1.49, -7.82 	-18.08, -26.18, -4.30 	0.00, 10.00 	14,7,37,422		inf,inf	0,0 	0
0       	-3.43, -1.49, -7.86 	-18.07, -26.22, -4.32 	0.00, 10.00 	14,7,37,422		inf,inf	0,0 	0
0       	-3.53, -1.51, -7.88 	-18.05, -26.24, -4.32 	0.00, 10.00 	14,7,37,422		inf,inf	0,0 	0
0       	-3.66, -1.48, -7.91 	-18.04, -26.25, -4.34 	0.00, 10.00 	14,7,37,422		inf,inf	0,0 	0
0       	-3.74, -1.46, -7.95 	-18.03, -26.27, -4.37 	0.00, 10.00 	14,7,37,422		inf,inf	0,0 	0
0       	-3.78, -1.39, -8.01 	-18.05, -26.26, -4.39 	0.00, 10.00 	14,7,37,422		inf,inf	0,0 	0
0       	-3.83, -1.32, -8.06 	-18.03, -26.25, -4.38 	0.00, 10.00 	14,7,37,422		inf,inf	0,0 	0
0       	-3.81, -1.23, -8.11 	-18.12, -26.23, -4.42 	0.00, 10.00 	14,7,37,422		inf,inf	0,0 	0
0       	-3.77, -1.14, -8.16 	-18.16, -26.24, -4.43 	0.00, 10.00 	14,7,37,422		inf,inf	0,0 	0
0       	-3.70, -1.09, -8.18 	-18.22, -26.26, -4.46 	0.00, 10.00 	14,7,37,422		inf,inf	0,0 	0
0       	-3.67, -1.06, -8.15 	-18.09, -26.26, -4.49 	0.00, 10.00 	14,7,37,422		inf,inf	0,0 	0
0       	-3.65, -1.00, -8.13 	-18.13, -26.26, -4.54 	0.00, 10.00 	14,7,37,422		inf,inf	0,0 	0
0       	-3.67, -0.93, -8.11 	-17.93, -26.26, -4.60 	0.00, 10.00 	14,7,37,423		inf,inf	0,0 	0
0       	-3.66, -0.84, -8.11 	-17.68, -26.27, -4.66 	0.00, 10.00 	14,7,37,423		inf,inf	0,0 	0
0       	-3.69, -0.74, -8.12 	-17.39, -26.26, -4.74 	0.00, 10.00 	14,7,37,423		inf,inf	0,0 	0
0       	-3.71, -0.66, -8.11 	-17.11, -26.23, -4.87 	0.00, 10.00 	14,7,37,423		inf,inf	0,0 	0
0       	-3.71, -0.54, -8.11 	-17.34, -26.18, -5.09 	0.00, 10.00 	14,7,37,423		inf,inf	0,0 	0
0       	-3.72, -0.42, -8.12 	-18.22, -26.28, -5.12 	0.00, 10.00 	14,7,37,423		inf,inf	0,0 	0
0       	-3.62, -0.34, -8.09 	-19.57, -26.19, -4.81 	0.00, 10.00 	14,7,37,423		inf,inf	0,0 	0
0       	-3.51, -0.25, -8.06 	-19.85, -26.23, -4.63 	0.00, 10.00 	14,7,37,423		inf,inf	0,0 	0
0       	-3.37, -0.20, -8.02 	-19.29, -26.48, -4.86 	0.00, 10.00 	14,7,37,423		inf,inf	0,0 	0
0       	-3.23, -0.16, -7.96 	-19.08, -26.68, -4.97 	0.00, 10.00 	14,7,37,423		inf,inf	0,0 	0
0       	-3.01, -0.16, -7.89 	-18.97, -26.82, -4.79 	0.00, 10.00 	14,7,37,423		inf,inf	0,0 	0
0       	-2.77, -0.24, -7.80 	-18.83, -26.84, -4.52 	0.00, 10.00 	14,7,37,423		inf,inf	0,0 	0
0       	-2.55, -0.29, -7.78 	-18.46, -26.78, -4.32 	0.00, 10.00 	14,7,37,423		inf,inf	0,0 	0
0       	-2.50, -0.26, -7.75 	-18.11, -26.69, -4.32 	0.00, 10.00 	14,7,37,423		inf,inf	0,0 	0
0       	-2.53, -0.32, -7.72 	-18.03, -26.61, -4.39 	0.00, 10.00 	14,7,37,423		inf,inf	0,0 	0
0       	-2.54, -0.33, -7.69 	-18.03, -26.54, -4.45 	0.00, 10.00 	14,7,37,423		inf,inf	0,0 	0
0       	-2.46, -0.33, -7.71 	-18.04, -26.50, -4.46 	0.00, 10.00 	14,7,37,423		inf,inf	0,0 	0
0       	-2.33, -0.35, -7.70 	-17.98, -26.50, -4.46 	0.00, 10.00 	14,7,37,423		inf,inf	0,0 	0
0       	-2.27, -0.34, -7.70 	-18.01, -26.56, -4.48 	0.00, 10.00 	14,7,37,423		inf,inf	0,0 	0
0       	-2.20, -0.36, -7.70 	-17.97, -26.58, -4.49 	0.00, 10.00 	14,7,37,423		inf,inf	0,0 	0
0       	-2.10, -0.37, -7.71 	-17.90, -26.62, -4.50 	0.00, 10.00 	14,7,37,423		inf,inf	0,0 	0
0       	-2.01, -0.38, -7.72 	-17.89, -26.66, -4.51 	0.00, 10.00 	14,7,37,423		inf,inf	0,0 	0
0       	-1.96, -0.42, -7.73 	-17.91, -26.65, -4.49 	0.00, 10.00 	14,7,37,423		inf,inf	0,0 	0
0       	-1.90, -0.48, -7.71 	-17.95, -26.62, -4.48 	0.00, 10.00 	14,7,37,423		inf,inf	0,0 	0
0       	-1.80, -0.49, -7.73 	-18.01, -26.63, -4.46 	0.00, 10.00 	14,7,37,423		inf,inf	0,0 	0
0       	-1.56, -0.55, -7.75 	-18.10, -26.63, -4.44 	0.00, 10.00 	14,7,37,423		inf,inf	0,0 	0
0       	-1.28, -0.62, -7.79 	-18.12, -26.64, -4.44 	0.00, 10.00 	14,7,37,423		inf,inf	0,0 	0
0       	-0.96, -0.61, -7.82 	-18.16, -26.67, -4.44 	0.00, 10.00 	14,7,37,423		inf,inf	0,0 	0
0       	-0.70, -0.59, -7.84 	-18.10, -26.68, -4.43 	0.00, 10.00 	14,7,37,423		inf,inf	0,0 	0
0       	-0.47, -0.62, -7.82 	-17.67, -26.72, -4.45 	0.00, 10.00 	14,7,37,423		inf,inf	0,0 	0
0       	-0.32, -0.65, -7.80 	-16.59, -26.81, -4.54 	0.00, 10.00 	14,7,37,423		inf,inf	0,0 	0
0       	-0.23, -0.67, -7.78 	-15.00, -26.98, -4.60 	0.00, 10.00 	14,7,37,423		inf,inf	0,0 	0
0       	-0.16, -0.64, -7.77 	-14.56, -27.01, -4.35 	0.00, 10.00 	14,7,37,423		inf,inf	0,0 	0
0       	-0.17, -0.63, -7.77 	-15.85, -26.57, -3.95 	0.00, 10.00 	14,7,37,423		inf,inf	0,0 	0
0       	-0.17, -0.59, -7.80 	-17.40, -26.54, -3.67 	0.00, 10.00 	14,7,37,423		inf,inf	0,0 	0
0       	-0.19, -0.58, -7.79 	-18.26, -26.77, -3.53 	0.00, 10.00 	14,7,37,423		inf,inf	0,0 	0
0       	-0.23, -0.56, -7.77 	-18.48, -26.82, -3.72 	0.00, 10.00 	14,7,37,423		inf,inf	0,0 	0
0       	-0.27, -0.52, -7.73 	-18.16, -26.63, -3.95 	0.00, 10.00 	14,7,37,423		inf,inf	0,0 	0
0       	0.02, -0.25, -7.67 	-17.75, -26.27, -4.01 	0.00, 10.00 	14,7,37,423		inf,inf	0,0 	0
0       	1.60, 0.59, -7.63 	-17.30, -26.13, -4.06 	0.00, 10.00 	14,7,37,423		inf,inf	0,0 	0
0       	3.19, 1.38, -7.66 	-16.96, -26.03, -4.06 	0.00, 10.00 	14,7,37,423		inf,inf	0,0 	0
0       	1.87, 0.99, -7.48 	-16.80, -26.07, -4.23 	0.00, 10.00 	14,7,37,423		inf,inf	0,0 	0
0       	0.81, 0.69, -7.33 	-16.51, -26.18, -4.32 	0.00, 10.00 	14,7,37,423		inf,inf	0,0 	0
0       	0.39, 0.57, -7.23 	-16.28, -26.30, -4.49 	0.00, 10.00 	14,7,37,423		inf,inf	0,0 	0
0       	0.26, 0.55, -7.22 	-16.22, -26.34, -4.51 	0.00, 10.00 	14,7,37,423		inf,inf	0,0 	0
0       	0.17, 0.53, -7.20 	-16.19, -26.27, -4.48 	0.00, 10.00 	14,7,37,423		inf,inf	0,0 	0
0       	0.14, 0.53, -7.20 	-16.24, -26.06, -4.46 	0.00, 10.00 	14,7,37,423		inf,inf	0,0 	0
0       	0.13, 0.53, -7.19 	-16.25, -25.92, -4.43 	0.00, 10.00 	14,7,37,423		inf,inf	0,0 	0
0       	0.12, 0.54, -7.20 	-16.14, -25.90, -4.50 	0.00, 10.00 	14,7,37,423		inf,inf	0,0 	0
0       	0.10, 0.54, -7.20 	-16.06, -25.91, -4.50 	0.00, 10.00 	14,7,37,423		inf,inf	0,0 	0
0       	0.10, 0.54, -7.20 	-15.88, -25.93, -4.53 	0.00, 10.00 	14,7,37,423		-nan,inf	0,0 	0
0       	0.11, 0.54, -7.21 	-15.72, -25.95, -4.48 	0.00, 10.00 	14,7,37,423		inf,inf	0,0 	0
0       	0.11, 0.53, -7.20 	-15.69, -26.00, -4.48 	0.00, 10.00 	14,7,37,423		inf,inf	0,0 	0
0       	0.11, 0.53, -7.21 	-15.69, -26.05, -4.42 	0.00, 10.00 	14,7,37,423		-nan,inf	0,0 	0
0       	0.10, 0.53, -7.21 	-15.71, -26.04, -4.40 	0.00, 10.00 	14,7,37,423		inf,inf	0,0 	0
0       	0.12, 0.53, -7.21 	-15.66, -26.05, -4.38 	0.00, 10.00 	14,7,37,423		inf,inf	0,0 	0
0       	0.11, 0.54, -7.20 	-15.68, -26.08, -4.43 	0.00, 10.00 	14,7,37,423		inf,inf	0,0 	0
0       	0.13, 0.53, -7.20 	-15.60, -26.08, -4.46 	0.00, 10.00 	14,7,37,423		inf,inf	0,0 	0
0       	0.09, 0.52, -7.20 	-15.59, -26.06, -4.52 	0.00, 10.00 	14,7,37,423		inf,inf	0,0 	0
0       	0.12, 0.53, -7.19 	-15.51, -26.10, -4.55 	0.00, 10.00 	14,7,37,423		inf,inf	0,0 	0
0       	0.13, 0.52, -7.20 	-15.46, -26.08, -4.60 	0.00, 10.00 	14,7,37,424		inf,inf	0,0 	0
0       	0.15, 0.50, -7.19 	-15.34, -26.08, -4.70 	0.00, 10.00 	14,7,37,424		inf,inf	0,0 	0
0       	0.16, 0.51, -7.19 	-15.43, -26.12, -4.69 	0.00, 10.00 	14,7,37,424		inf,inf	0,0 	0
0       	0.11, 0.49, -7.16 	-15.52, -26.17, -4.69 	0.00, 10.00 	14,7,37,424		inf,inf	0,0 	0
0       	0.07, 0.46, -7.13 	-15.47, -26.23, -4.64 	0.00, 10.00 	14,7,37,424		inf,inf	0,0 	0
0       	0.03, 0.38, -7.11 	-15.59, -26.21, -4.65 	0.00, 10.00 	14,7,37,424		inf,inf	0,0 	0
0       	0.03, 0.34, -7.11 	-15.46, -26.24, -4.66 	0.00, 10.00 	14,7,37,424		inf,inf	0,0 	0
0       	0.09, 0.36, -7.15 	-15.39, -26.41, -4.69 	0.00, 10.00 	14,7,37,424		inf,inf	0,0 	0
0       	0.22, 0.33, -7.16 	-15.29, -26.64, -4.75 	0.00, 10.00 	14,7,37,424		inf,inf	0,0 	0
0       	0.38, 0.33, -7.19 	-15.13, -26.83, -4.76 	0.00, 10.00 	14,7,37,424		inf,inf	0,0 	0
0       	0.51, 0.36, -7.21 	-14.73, -26.81, -4.83 	0.00, 10.00 	14,7,37,424		inf,inf	0,0 	0
0       	0.52, 0.38, -7.22 	-13.99, -26.60, -4.96 	0.00, 10.00 	14,7,37,424		inf,inf	0,0 	0
0       	0.54, 0.38, -7.22 	-13.47, -26.29, -5.14 	0.00, 10.00 	14,7,37,424		inf,inf	0,0 	0
0       	0.50, 0.39, -7.20 	-13.30, -25.99, -5.46 	0.00, 10.00 	14,7,37,424		inf,inf	0,0 	0
0       	0.50, 0.38, -7.20 	-13.31, -25.96, -5.78 	0.00, 10.00 	14,7,37,424		inf,inf	0,0 	0
0       	0.50, 0.38, -7.20 	-13.48, -26.09, -5.78 	0.00, 10.00 	14,7,37,424		-nan,inf	0,0 	0
0       	0.50, 0.38, -7.20 	-13.72, -26.17, -5.60 	0.00, 10.00 	14,7,37,424		-nan,inf	0,0 	0
0       	0.51, 0.38, -7.20 	-13.87, -26.06, -5.52 	0.00, 10.00 	14,7,37,424		inf,inf	0,0 	0
0       	0.49, 0.38, -7.20 	-13.92, -25.88, -5.53 	0.00, 10.00 	14,7,37,424		inf,inf	0,0 	0
0       	0.50, 0.38, -7.20 	-13.93, -25.84, -5.49 	0.00, 10.00 	14,7,37,424		inf,inf	0,0 	0
0       	0.48, 0.38, -7.20 	-13.92, -25.79, -5.53 	0.00, 10.00 	14,7,37,424		inf,inf	0,0 	0
0       	0.51, 0.38, -7.21 	-13.98, -25.81, -5.51 	0.00, 10.00 	14,7,37,424		inf,inf	0,0 	0
0       	0.49, 0.38, -7.20 	-13.95, -25.80, -5.52 	0.00, 10.00 	14,7,37,424		inf,inf	0,0 	0
0       	0.48, 0.37, -7.19 	-13.92, -25.79, -5.51 	0.00, 10.00 	14,7,37,424		inf,inf	0,0 	0
0       	0.49, 0.36, -7.19 	-13.95, -25.80, -5.49 	0.00, 10.00 	14,7,37,424		inf,inf	0,0 	0
0       	0.46, 0.34, -7.17 	-14.04, -25.79, -5.50 	0.00, 10.00 	14,7,37,424		inf,inf	0,0 	0
0       	0.43, 0.30, -7.18 	-14.09, -25.84, -5.46 	0.00, 10.00 	14,7,37,424		inf,inf	0,0 	0
0       	0.42, 0.23, -7.19 	-14.22, -25.87, -5.45 	0.00, 10.00 	14,7,37,424		inf,inf	0,0 	0
0       	0.50, 0.08, -7.19 	-14.24, -25.86, -5.50 	0.00, 10.00 	14,7,37,424		inf,inf	0,0 	0
0       	0.56, 0.01, -7.26 	-14.31, -25.89, -5.46 	0.00, 10.00 	14,7,37,424		inf,inf	0,0 	0
0       	0.67, 0.10, -7.35 	-14.46, -25.97, -5.49 	0.00, 10.00 	14,7,37,424		inf,inf	0,0 	0
0       	0.75, 0.09, -7.37 	-14.62, -26.23, -5.50 	0.00, 10.00 	14,7,37,424		inf,inf	0,0 	0
0       	0.79, 0.02, -7.33 	-15.00, -26.83, -5.62 	0.00, 10.00 	14,7,37,424		inf,inf	0,0 	0
0       	0.72, 0.03, -7.30 	-14.86, -28.01, -5.66 	0.00, 10.00 	14,7,37,424		inf,inf	0,0 	0
0       	0.65, 0.00, -7.27 	-13.49, -28.47, -5.36 	0.00, 10.00 	14,7,37,424		inf,inf	0,0 	0
0       	0.55, -0.01, -7.24 	-10.15, -26.70, -5.40 	0.00, 10.00 	14,7,37,424		inf,inf	0,0 	0
0       	0.51, -0.03, -7.23 	-9.36, -25.96, -5.37 	0.00, 10.00 	14,7,37,424		inf,inf	0,0 	0
0       	0.51, -0.04, -7.22 	-11.63, -26.04, -5.25 	0.00, 10.00 	14,7,37,424		inf,inf	0,0 	0
0       	0.50, -0.05, -7.22 	-13.56, -26.15, -5.45 	0.00, 10.00 	14,7,37,424		inf,inf	0,0 	0
0       	0.49, -0.05, -7.22 	-14.22, -26.04, -5.60 	0.00, 10.00 	14,7,37,424		inf,inf	0,0 	0
0       	0.50, -0.05, -7.21 	-14.40, -25.87, -5.60 	0.00, 10.00 	14,7,37,424		inf,inf	0,0 	0
0       	0.50, -0.04, -7.22 	-14.49, -25.88, -5.55 	0.00, 10.00 	14,7,37,424		inf,inf	0,0 	0
0       	0.52, -0.04, -7.22 	-14.49, -25.99, -5.48 	0.00, 10.00 	14,7,37,424		inf,inf	0,0 	0
0       	0.51, -0.03, -7.22 	-14.32, -26.11, -5.43 	0.00, 10.00 	14,7,37,424		inf,inf	0,0 	0
0       	0.51, -0.03, -7.22 	-14.29, -26.12, -5.45 	0.00, 10.00 	14,7,37,424		-nan,inf	0,0 	0
7       	0.50, -0.04, -7.21 	-14.28, -26.04, -5.47 	0.00, 10.00 	14,7,37,432		2.14,12.17	0,0 	0
16      	0.49, -0.05, -7.21 	-14.25, -26.06, -5.47 	0.00, 10.00 	14,7,37,442		1.66,4.45	0,0 	0
25      	0.50, -0.04, -7.22 	-14.28, -26.12, -5.48 	0.00, 10.00 	14,7,37,451		1.66,7.88	0,0 	0
34      	0.51, -0.04, -7.22 	-14.28, -26.11, -5.47 	0.00, 10.00 	14,7,37,461		1.27,1.18	0,0 	0
43      	0.51, -0.05, -7.20 	-14.22, -26.10, -5.50 	0.00, 10.00 	14,7,37,471		1.18,6.26	0,0 	0
52      	0.52, -0.04, -7.21 	-14.23, -26.10, -5.54 	0.00, 10.00 	14,7,37,480		1.66,1.24	0,0 	0
61      	0.51, -0.03, -7.22 	-14.26, -26.09, -5.57 	0.00, 10.00 	14,7,37,490		1.80,2.77	0,0 	0
70      	0.51, -0.04, -7.22 	-14.25, -26.08, -5.57 	0.00, 10.00 	14,7,37,500		1.18,1.68	0,0 	0
79      	0.53, -0.06, -7.21 	-14.24, -26.07, -5.60 	0.00, 10.00 	14,7,37,509		2.76,1.68	0,0 	0
88      	0.51, -0.04, -7.22 	-14.29, -26.06, -5.62 	0.00, 10.00 	14,7,37,519		2.76,6.32	0,0 	0
97      	0.51, -0.05, -7.21 	-14.31, -26.04, -5.61 	0.00, 10.00 	14,7,37,529		1.18,2.69	0,0 	0
106     	0.51, -0.07, -7.19 	-14.20, -26.08, -5.60 	0.00, 10.00 	14,7,37,538		2.58,12.20	0,0 	0
115     	0.51, -0.07, -7.19 	-14.20, -26.08, -5.61 	0.00, 10.00 	14,7,37,548		0.00,0.00	0,0 	0
124     	0.52, -0.07, -7.19 	-14.14, -26.09, -5.61 	0.00, 10.00 	14,7,37,558		1.27,6.68	0,0 	0
133     	0.49, -0.07, -7.20 	-14.16, -26.08, -5.63 	0.00, 10.00 	14,7,37,568		2.55,1.73	0,0 	0
142     	0.51, -0.07, -7.19 	-14.12, -26.07, -5.65 	0.00, 10.00 	14,7,37,577		1.27,3.86	0,0 	0
151     	0.50, -0.09, -7.19 	-14.09, -26.09, -5.67 	0.00, 10.00 	14,7,37,587		2.58,4.45	0,0 	0
160     	0.52, -0.08, -7.19 	-14.17, -26.06, -5.66 	0.00, 10.00 	14,7,37,597		2.72,9.44	0,0 	0
169     	0.51, -0.08, -7.19 	-14.17, -26.10, -5.69 	0.00, 10.00 	14,7,37,606		1.27,3.53	0,0 	0
178     	0.51, -0.08, -7.19 	-14.17, -26.10, -5.70 	0.00, 10.00 	14,7,37,616		0.00,0.00	0,0 	0
187     	0.50, -0.08, -7.19 	-14.14, -26.07, -5.72 	0.00, 10.00 	14,7,37,626		1.27,4.33	0,0 	0
196     	0.48, -0.07, -7.20 	-14.10, -26.05, -5.69 	0.00, 10.00 	14,7,37,635		1.80,4.33	0,0 	0
205     	0.48, -0.08, -7.19 	-14.18, -26.04, -5.68 	0.00, 10.00 	14,7,37,645		1.18,8.76	0,0 	0
214     	0.50, -0.08, -7.20 	-14.23, -26.04, -5.68 	0.00, 10.00 	14,7,37,655		1.27,5.11	0,0 	0
223     	0.48, -0.06, -7.21 	-14.26, -26.03, -5.68 	0.00, 10.00 	14,7,37,664		2.76,3.92	0,0 	0
232     	0.49, -0.07, -7.21 	-14.25, -26.02, -5.71 	0.00, 10.00 	14,7,37,674		1.80,1.68	0,0 	0
241     	0.46, -0.07, -7.22 	-14.24, -26.04, -5.70 	0.00, 10.00 	14,7,37,684		3.82,2.69	0,0 	0
250     	0.48, -0.06, -7.20 	-14.16, -26.07, -5.71 	0.00, 10.00 	14,7,37,693		2.72,9.97	0,0 	0
259     	0.51, -0.07, -7.22 	-14.08, -26.11, -5.73 	0.00, 10.00 	14,7,37,703		2.89,9.97	0,0 	0
268     	0.52, -0.07, -7.21 	-14.04, -26.16, -5.69 	0.00, 10.00 	14,7,37,713		1.27,7.05	0,0 	0
277     	0.53, -0.06, -7.20 	-14.06, -26.14, -5.71 	0.00, 10.00 	14,7,37,722		1.66,3.46	0,0 	0
286     	0.54, -0.06, -7.21 	-13.93, -26.21, -5.71 	0.00, 10.00 	14,7,37,732		1.27,16.10	0,0 	0
295     	0.52, -0.06, -7.19 	-13.75, -26.21, -5.81 	0.00, 10.00 	14,7,37,742		2.55,19.84	0,0 	0
304     	0.54, -0.07, -7.19 	-13.67, -26.18, -5.90 	0.00, 10.00 	14,7,37,751		2.89,10.10	0,0 	0
313     	0.48, -0.07, -7.19 	-13.65, -26.20, -6.03 	0.00, 10.00 	14,7,37,761		6.36,2.69	0,0 	0
322     	0.45, -0.05, -7.16 	-13.59, -26.09, -6.13 	0.00, 10.00 	14,7,37,771		4.64,14.40	0,0 	0
331     	0.45, 0.06, -7.14 	-13.63, -25.91, -6.26 	0.00, 10.00 	14,7,37,780		12.98,20.23	0,0 	0
340     	0.74, 0.28, -7.08 	-13.75, -25.71, -6.43 	0.00, 10.00 	14,7,37,790		40.53,26.33	0,0 	0
349     	0.96, 0.61, -7.17 	-13.83, -25.62, -6.62 	0.00, 10.00 	14,7,37,800		44.01,13.87	0,0 	0
358     	0.67, 0.85, -7.34 	-14.18, -25.45, -6.78 	0.00, 10.00 	14,7,37,810		41.28,43.23	0,0 	0
367     	0.49, 1.07, -7.43 	-14.33, -25.37, -6.89 	0.00, 10.00 	14,7,37,819		31.77,18.85	0,0 	0
376     	0.34, 1.24, -7.45 	-14.59, -25.39, -6.87 	0.00, 10.00 	14,7,37,829		25.28,28.42	0,0 	0
385     	0.02, 1.32, -7.49 	-14.90, -25.39, -6.83 	0.00, 10.00 	14,7,37,839		37.18,34.75	0,0 	0
394     	-0.05, 1.40, -7.58 	-15.26, -25.40, -6.80 	0.00, 10.00 	14,7,37,848		11.76,39.59	0,0 	0
403     	0.03, 1.45, -7.65 	-15.50, -25.42, -6.84 	0.00, 10.00 	14,7,37,858		10.87,27.18	0,0 	0
412     	0.15, 1.50, -7.69 	-15.69, -25.46, -6.86 	0.00, 10.00 	14,7,37,868		14.41,21.20	0,0 	0
421     	0.24, 1.56, -7.76 	-15.84, -25.48, -6.89 	0.00, 10.00 	14,7,37,877		11.35,17.30	0,0 	0
430     	0.31, 1.65, -7.81 	-16.00, -25.47, -6.91 	0.00, 10.00 	14,7,37,887		12.43,17.53	0,0 	0
439     	0.35, 1.74, -7.86 	-16.15, -25.43, -6.99 	0.00, 10.00 	14,7,37,897		10.93,17.27	0,0 	0
448     	0.39, 1.88, -7.94 	-16.36, -25.56, -7.00 	0.00, 10.00 	14,7,37,906		16.08,27.57	0,0 	0
457     	0.36, 2.21, -8.07 	-16.33, -25.73, -7.05 	0.00, 10.00 	14,7,37,916		37.49,20.09	0,0 	0
466     	0.25, 2.92, -8.30 	-16.44, -26.03, -7.13 	0.00, 10.00 	14,7,37,926		80.02,34.68	0,0 	0
475     	0.07, 4.00, -8.58 	-16.74, -26.25, -7.19 	0.00, 10.00 	14,7,37,935		121.27,41.69	0,0 	0
484     	-0.04, 4.43, -8.66 	-17.03, -26.21, -7.43 	0.00, 10.00 	14,7,37,945		48.85,31.61	0,0 	0
493     	-0.23, 4.82, -8.75 	-17.22, -25.94, -7.68 	0.00, 10.00 	14,7,37,955		48.32,37.25	0,0 	0
502     	-0.32, 5.21, -8.88 	-17.32, -25.52, -7.91 	0.00, 10.00 	14,7,37,964		45.12,47.88	0,0 	0
511     	-0.30, 5.60, -8.97 	-17.26, -25.29, -8.06 	0.00, 10.00 	14,7,37,974		43.69,26.36	0,0 	0
520     	-0.33, 6.05, -9.05 	-17.03, -25.16, -8.12 	0.00, 10.00 	14,7,37,984		49.20,28.66	0,0 	0
529     	-0.30, 6.49, -9.06 	-16.91, -25.11, -8.09 	0.00, 10.00 	14,7,37,993		49.60,14.26	0,0 	0
538     	-0.32, 6.82, -8.94 	-16.95, -25.11, -8.00 	0.00, 10.00 	14,7,37,3		36.32,3.92	0,0 	0
547     	-0.52, 7.07, -8.74 	-16.88, -25.06, -7.99 	0.00, 10.00 	14,7,38,13		35.54,9.73	0,0 	0
556     	-0.81, 7.33, -8.54 	-16.93, -25.04, -7.97 	0.00, 10.00 	14,7,38,23		43.94,6.67	0,0 	0
565     	-1.19, 7.74, -8.38 	-16.92, -25.07, -7.95 	0.00, 10.00 	14,7,38,32		62.15,3.77	0,0 	0
574     	-1.56, 8.14, -8.20 	-16.87, -25.05, -7.96 	0.00, 10.00 	14,7,38,42		60.38,6.55	0,0 	0
583     	-1.78, 8.56, -8.00 	-16.96, -25.07, -7.97 	0.00, 10.00 	14,7,38,52		52.67,11.30	0,0 	0
592     	-1.77, 8.97, -7.83 	-16.92, -25.03, -8.02 	0.00, 10.00 	14,7,38,61		45.86,6.73	0,0 	0
601     	-1.45, 9.32, -7.71 	-16.97, -25.00, -8.05 	0.00, 10.00 	14,7,38,71		52.45,6.16	0,0 	0
610     	-0.85, 9.61, -7.69 	-16.96, -24.97, -8.12 	0.00, 10.00 	14,7,38,81		74.54,3.71	0,0 	0
619     	-0.10, 9.83, -7.80 	-16.91, -24.93, -8.15 	0.00, 10.00 	14,7,38,90		87.09,7.03	0,0 	0
628     	0.31, 9.85, -7.88 	-16.91, -24.88, -8.27 	0.00, 10.00 	14,7,38,100		44.65,5.89	0,0 	0
637     	0.06, 9.72, -7.71 	-16.80, -24.83, -8.36 	0.00, 10.00 	14,7,38,110		30.67,14.25	0,0 	0
646     	-0.26, 9.59, -7.36 	-16.82, -24.78, -8.51 	0.00, 10.00 	14,7,38,119		38.13,6.45	0,0 	0
655     	-0.46, 9.53, -7.10 	-16.70, -24.78, -8.63 	0.00, 10.00 	14,7,38,129		23.02,13.68	0,0 	0
664     	-0.58, 9.50, -6.98 	-16.61, -24.81, -8.74 	0.00, 10.00 	14,7,38,139		14.01,10.59	0,0 	0
673     	-0.59, 9.51, -6.97 	-16.58, -24.83, -8.82 	0.00, 10.00 	14,7,38,148		1.80,3.46	0,0 	0
682     	-0.58, 9.52, -6.98 	-16.34, -24.81, -8.90 	0.00, 10.00 	14,7,38,158		1.27,27.18	0,0 	0
691     	-0.57, 9.52, -7.00 	-16.23, -24.84, -8.97 	0.00, 10.00 	14,7,38,168		1.27,12.95	0,0 	0
700     	-0.55, 9.53, -7.01 	-16.21, -24.87, -9.01 	0.00, 10.00 	14,7,38,177		2.72,3.77	0,0 	0
709     	-0.52, 9.52, -7.03 	-16.21, -24.91, -9.02 	0.00, 10.00 	14,7,38,187		2.89,4.71	0,0 	0
718     	-0.48, 9.54, -7.04 	-16.14, -24.92, -9.02 	0.00, 10.00 	14,7,38,197		5.44,7.54	0,0 	0
727     	-0.46, 9.55, -7.04 	-16.18, -24.93, -9.00 	0.00, 10.00 	14,7,38,206		2.72,5.05	0,0 	0
736     	-0.43, 9.56, -7.04 	-16.08, -24.93, -9.03 	0.00, 10.00 	14,7,38,216		3.82,11.22	0,0 	0
745     	-0.42, 9.58, -7.04 	-15.97, -24.97, -9.02 	0.00, 10.00 	14,7,38,226		2.58,13.35	0,0 	0
754     	-0.43, 9.58, -7.02 	-15.82, -24.97, -9.04 	0.00, 10.00 	14,7,38,235		1.27,16.14	0,0 	0
763     	-0.42, 9.59, -7.01 	-15.68, -24.97, -9.05 	0.00, 10.00 	14,7,38,245		1.66,16.14	0,0 	0
772     	-0.44, 9.58, -7.01 	-15.57, -24.94, -9.06 	0.00, 10.00 	14,7,38,255		2.72,12.51	0,0 	0
781     	-0.43, 9.59, -7.02 	-15.60, -24.95, -9.07 	0.00, 10.00 	14,7,38,265		1.66,3.71	0,0 	0
790     	-0.44, 9.58, -7.02 	-15.39, -24.92, -9.16 	0.00, 10.00 	14,7,38,274		1.66,23.47	0,0 	0
799     	-0.42, 9.59, -7.03 	-15.28, -24.83, -9.27 	0.00, 10.00 	14,7,38,284		2.72,16.31	0,0 	0
808     	-0.43, 9.58, -7.02 	-15.18, -24.73, -9.33 	0.00, 10.00 	14,7,38,294		1.66,16.04	0,0 	0
817     	-0.42, 9.59, -7.03 	-15.16, -24.73, -9.36 	0.00, 10.00 	14,7,38,303		1.66,1.24	0,0 	0
826     	-0.41, 9.58, -7.02 	-15.19, -24.62, -9.36 	0.00, 10.00 	14,7,38,313		1.80,11.87	0,0 	0
835     	-0.38, 9.58, -7.02 	-15.13, -24.66, -9.36 	0.00, 10.00 	14,7,38,323		2.55,7.88	0,0 	0
844     	-0.38, 9.59, -7.02 	-15.22, -24.60, -9.35 	0.00, 10.00 	14,7,38,332		1.18,12.31	0,0 	0
853     	-0.40, 9.59, -7.02 	-15.20, -24.68, -9.35 	0.00, 10.00 	14,7,38,342		1.27,8.37	0,0 	0
862     	-0.37, 9.58, -7.02 	-15.16, -24.64, -9.32 	0.00, 10.00 	14,7,38,352		2.89,5.99	0,0 	0
871     	-0.37, 9.58, -7.02 	-15.22, -24.62, -9.34 	0.00, 10.00 	14,7,38,361		0.00,6.68	0,0 	0
880     	-0.36, 9.58, -7.02 	-15.21, -24.62, -9.33 	0.00, 10.00 	14,7,38,371		1.27,1.24	0,0 	0
889     	-0.35, 9.58, -7.02 	-15.13, -24.63, -9.34 	0.00, 10.00 	14,7,38,381		1.27,8.76	0,0 	0
898     	-0.34, 9.57, -7.02 	-15.13, -24.63, -9.34 	0.00, 10.00 	14,7,38,390		1.80,0.00	0,0 	0
907     	-0.35, 9.57, -7.02 	-15.11, -24.61, -9.35 	0.00, 10.00 	14,7,38,400		1.27,3.36	0,0 	0
916     	-0.31, 9.57, -7.02 	-15.14, -24.60, -9.34 	0.00, 10.00 	14,7,38,410		3.82,3.92	0,0 	0
925     	-0.31, 9.57, -7.02 	-15.10, -24.62, -9.35 	0.00, 10.00 	14,7,38,419		0.00,5.54	0,0 	0
934     	-0.29, 9.58, -7.02 	-15.06, -24.60, -9.36 	0.00, 10.00 	14,7,38,429		2.55,3.86	0,0 	0
943     	-0.30, 9.58, -7.02 	-15.03, -24.58, -9.37 	0.00, 10.00 	14,7,38,439		1.27,4.33	0,0 	0
952     	-0.28, 9.59, -7.02 	-15.07, -24.59, -9.37 	0.00, 10.00 	14,7,38,448		2.72,3.86	0,0 	0
961     	-0.27, 9.60, -7.02 	-15.05, -24.62, -9.37 	0.00, 10.00 	14,7,38,458		1.66,3.78	0,0 	0
970     	-0.26, 9.59, -7.01 	-15.11, -24.63, -9.35 	0.00, 10.00 	14,7,38,468		1.80,6.18	0,0 	0
979     	-0.23, 9.59, -7.02 	-15.09, -24.62, -9.34 	0.00, 10.00 	14,7,38,478		2.55,2.71	0,0 	0
988     	-0.21, 9.59, -7.01 	-15.05, -24.63, -9.35 	0.00, 10.00 	14,7,38,487		2.55,4.45	0,0 	0
997     	-0.19, 9.59, -7.03 	-15.04, -24.62, -9.36 	0.00, 10.00 	14,7,38,497		2.55,1.68	0,0 	0
1006    	-0.17, 9.59, -7.02 	-15.01, -24.59, -9.33 	0.00, 10.00 	14,7,38,507		2.55,5.05	1000,1 	0
1015    	-0.12, 9.58, -7.01 	-15.00, -24.59, -9.34 	0.00, 10.00 	14,7,38,516		5.77,1.24	1000,1 	0
1024    	-0.11, 9.58, -7.02 	-15.02, -24.58, -9.35 	0.00, 10.00 	14,7,38,526		1.27,2.77	1000,1 	0
1033    	-0.10, 9.59, -7.01 	-15.05, -24.60, -9.32 	0.00, 10.00 	14,7,38,536		1.66,4.33	1000,1 	0
1042    	-0.06, 9.59, -7.01 	-15.10, -24.61, -9.32 	0.00, 10.00 	14,7,38,545		3.82,4.94	1000,1 	0
1051    	-0.05, 9.59, -7.01 	-15.07, -24.59, -9.31 	0.00, 10.00 	14,7,38,555		1.27,3.86	1000,1 	0
1060    	-0.05, 9.59, -7.01 	-15.10, -24.58, -9.32 	0.00, 10.00 	14,7,38,565		0.00,3.92	1000,1 	0
1069    	-0.03, 9.59, -7.00 	-15.12, -24.60, -9.34 	0.00, 10.00 	14,7,38,574		2.55,2.71	1000,1 	0
1078    	-0.03, 9.59, -7.00 	-15.05, -24.59, -9.31 	0.00, 10.00 	14,7,38,584		0.00,7.41	1000,1 	0
1087    	0.01, 9.61, -7.01 	-14.97, -24.63, -9.31 	0.00, 10.00 	14,7,38,594		3.90,9.97	1000,1 	0
1096    	0.03, 9.61, -7.02 	-14.96, -24.63, -9.32 	0.00, 10.00 	14,7,38,603		2.55,1.24	1000,1 	0
1105    	0.05, 9.62, -7.02 	-14.97, -24.61, -9.30 	0.00, 10.00 	14,7,38,613		2.72,2.69	1000,1 	0
1114    	0.06, 9.62, -7.02 	-14.91, -24.62, -9.29 	0.00, -0.00 	14,7,38,632		1.27,7.54	1000,1 	0
1123    	0.07, 9.62, -7.02 	-14.94, -24.65, -9.28 	0.00, -0.00 	14,7,38,642		0.00,0.00	0,0 	0
1132    	0.05, 9.63, -7.01 	-14.93, -24.63, -9.27 	0.00, -0.00 	14,7,38,652		0.00,0.00	0,0 	0
1141    	0.06, 9.63, -7.01 	-14.81, -24.67, -9.25 	0.00, -0.00 	14,7,38,661		0.00,0.00	0,0 	0
1150    	0.08, 9.63, -7.01 	-14.81, -24.68, -9.27 	0.00, -0.00 	14,7,38,671		0.00,0.00	0,0 	0
1159    	0.09, 9.64, -7.01 	-14.87, -24.69, -9.22 	0.00, -0.00 	14,7,38,681		0.00,0.00	0,0 	0
1168    	0.11, 9.63, -7.01 	-14.86, -24.69, -9.23 	0.00, -0.00 	14,7,38,690		0.00,0.00	0,0 	0
1177    	0.12, 9.63, -7.00 	-14.85, -24.67, -9.22 	0.00, -0.00 	14,7,38,700		0.00,0.00	0,0 	0
1186    	0.10, 9.64, -7.00 	-14.86, -24.69, -9.23 	0.00, -0.00 	14,7,38,710		0.00,0.00	0,0 	0
1195    	0.12, 9.64, -7.01 	-14.85, -24.66, -9.22 	0.00, -0.00 	14,7,38,720		0.00,0.00	0,0 	0
1204    	0.14, 9.66, -7.01 	-14.84, -24.74, -9.21 	0.00, -0.00 	14,7,38,729		0.00,0.00	0,0 	0
1213    	0.15, 9.67, -7.00 	-14.86, -24.74, -9.19 	0.00, -0.00 	14,7,38,739		0.00,0.00	0,0 	0
1222    	0.17, 9.68, -7.00 	-14.81, -24.74, -9.20 	0.00, -0.00 	14,7,38,749		0.00,0.00	0,0 	0
1231    	0.17, 9.69, -7.01 	-14.85, -24.79, -9.18 	0.00, -0.00 	14,7,38,758		0.00,0.00	0,0 	0
1240    	0.19, 9.72, -7.00 	-14.78, -24.77, -9.19 	0.00, -0.00 	14,7,38,768		0.00,0.00	0,0 	0
1249    	0.17, 9.72, -7.00 	-14.78, -24.81, -9.17 	0.00, -0.00 	14,7,38,778		0.00,0.00	0,0 	0
1258    	0.22, 9.75, -7.01 	-14.72, -24.80, -9.17 	0.00, -0.00 	14,7,38,787		0.00,0.00	0,0 	0
1267    	0.21, 9.77, -7.01 	-14.72, -24.80, -9.15 	0.00, -0.00 	14,7,38,797		0.00,0.00	0,0 	0
1276    	0.26, 9.78, -7.01 	-14.65, -24.79, -9.15 	0.00, -0.00 	14,7,38,807		0.00,0.00	0,0 	0
1285    	0.26, 9.80, -7.01 	-14.60, -24.81, -9.17 	0.00, -0.00 	14,7,38,816		0.00,0.00	0,0 	0
1294    	0.27, 9.82, -7.01 	-14.66, -24.79, -9.14 	0.00, -0.00 	14,7,38,826		0.00,0.00	0,0 	0
1303    	0.28, 9.83, -7.00 	-14.60, -24.79, -9.15 	0.00, -0.00 	14,7,38,836		0.00,0.00	0,0 	0
1312    	0.29, 9.85, -7.00 	-14.59, -24.82, -9.14 	0.00, -0.00 	14,7,38,845		0.00,0.00	0,0 	0
1321    	0.30, 9.86, -7.00 	-14.64, -24.84, -9.14 	0.00, -0.00 	14,7,38,855		0.00,0.00	0,0 	0
1330    	0.29, 9.86, -7.00 	-14.58, -24.84, -9.15 	0.00, -0.00 	14,7,38,865		0.00,0.00	0,0 	0
1339    	0.29, 9.87, -7.01 	-14.57, -24.85, -9.15 	0.00, -0.00 	14,7,38,874		0.00,0.00	0,0 	0
1348    	0.31, 9.88, -7.01 	-14.53, -24.82, -9.16 	0.00, -0.00 	14,7,38,884		0.00,0.00	0,0 	0
1357    	0.31, 9.89, -7.01 	-14.58, -24.82, -9.15 	0.00, -0.00 	14,7,38,894		0.00,0.00	0,0 	0
1366    	0.30, 9.89, -7.01 	-14.57, -24.81, -9.17 	0.00, -0.00 	14,7,38,903		0.00,0.00	0,0 	0
1375    	0.31, 9.89, -7.01 	-14.62, -24.81, -9.16 	0.00, -0.00 	14,7,38,913		0.00,0.00	0,0 	0
1384    	0.32, 9.90, -7.01 	-14.62, -24.81, -9.16 	0.00, -0.00 	14,7,38,923		0.00,0.00	0,0 	0
1393    	0.33, 9.90, -7.01 	-14.56, -24.83, -9.15 	0.00, -0.00 	14,7,38,933		0.00,0.00	0,0 	0
1402    	0.33, 9.90, -7.01 	-14.55, -24.84, -9.13 	0.00, -0.00 	14,7,38,942		0.00,0.00	0,0 	0
1411    	0.33, 9.91, -7.01 	-14.56, -24.84, -9.14 	0.00, -0.00 	14,7,38,952		0.00,0.00	0,0 	0
1420    	0.34, 9.91, -7.01 	-14.58, -24.84, -9.13 	0.00, -0.00 	14,7,38,962		0.00,0.00	0,0 	0
1429    	0.35, 9.91, -7.01 	-14.54, -24.85, -9.14 	0.00, -0.00 	14,7,38,971		0.00,0.00	0,0 	0
1438    	0.35, 9.92, -7.02 	-14.59, -24.85, -9.15 	0.00, -0.00 	14,7,38,981		0.00,0.00	0,0 	0
1447    	0.37, 9.93, -7.02 	-14.58, -24.87, -9.18 	0.00, -0.00 	14,7,38,991		0.00,0.00	0,0 	0
1456    	0.37, 9.93, -7.02 	-14.55, -24.86, -9.16 	0.00, -0.00 	14,7,38,0		0.00,0.00	0,0 	0
1465    	0.40, 9.94, -7.02 	-14.55, -24.82, -9.17 	0.00, -0.00 	14,7,39,10		0.00,0.00	0,0 	0
1474    	0.40, 9.94, -7.03 	-14.53, -24.85, -9.18 	0.00, -0.00 	14,7,39,20		0.00,0.00	0,0 	0
1483    	0.41, 9.94, -7.02 	-14.51, -24.84, -9.16 	0.00, -0.00 	14,7,39,29		0.00,0.00	0,0 	0
1492    	0.41, 9.94, -7.02 	-14.51, -24.83, -9.15 	0.00, -0.00 	14,7,39,39		0.00,0.00	0,0 	0
1501    	0.40, 9.95, -7.02 	-14.50, -24.84, -9.14 	0.00, -0.00 	14,7,39,49		0.00,0.00	0,0 	0
1510    	0.41, 9.95, -7.02 	-14.53, -24.81, -9.16 	0.00, -0.00 	14,7,39,58		0.00,0.00	0,0 	0
1519    	0.41, 9.95, -7.01 	-14.50, -24.83, -9.15 	0.00, -0.00 	14,7,39,68		0.00,0.00	0,0 	0
1528    	0.41, 9.96, -7.02 	-14.48, -24.83, -9.14 	0.00, -0.00 	14,7,39,78		0.00,0.00	0,0 	0
1537    	0.41, 9.96, -7.02 	-14.48, -24.83, -9.15 	0.00, -0.00 	14,7,39,87		0.00,0.00	0,0 	0
1546    	0.41, 9.95, -7.02 	-14.46, -24.82, -9.15 	0.00, -0.00 	14,7,39,97		0.00,0.00	0,0 	0
1555    	0.42, 9.96, -7.02 	-14.48, -24.83, -9.16 	0.00, -0.00 	14,7,39,107		0.00,0.00	0,0 	0
1564    	0.42, 9.96, -7.02 	-14.49, -24.81, -9.13 	0.00, -0.00 	14,7,39,116		0.00,0.00	0,0 	0
1573    	0.42, 9.96, -7.02 	-14.49, -24.81, -9.14 	0.00, -0.00 	14,7,39,126		0.00,0.00	0,0 	0
1582    	0.43, 9.96, -7.02 	-14.49, -24.82, -9.12 	0.00, -0.00 	14,7,39,136		0.00,0.00	0,0 	0
1591    	0.43, 9.96, -7.02 	-14.44, -24.84, -9.12 	0.00, -0.00 	14,7,39,145		0.00,0.00	0,0 	0
1600    	0.42, 9.96, -7.02 	-14.41, -24.85, -9.11 	0.00, -0.00 	14,7,39,155		0.00,0.00	0,0 	0
1609    	0.41, 9.96, -7.01 	-14.45, -24.84, -9.11 	0.00, -0.00 	14,7,39,165		0.00,0.00	0,0 	0
1618    	0.42, 9.96, -7.01 	-14.44, -24.83, -9.13 	0.00, -0.00 	14,7,39,175		0.00,0.00	0,0 	0
1627    	0.40, 9.97, -7.01 	-14.50, -24.81, -9.13 	0.00, -0.00 	14,7,39,184		0.00,0.00	0,0 	0
1636    	0.42, 9.97, -7.01 	-14.50, -24.82, -9.13 	0.00, -0.00 	14,7,39,194		0.00,0.00	0,0 	0
1645    	0.43, 9.96, -7.01 	-14.51, -24.79, -9.16 	0.00, -0.00 	14,7,39,204		0.00,0.00	0,0 	0
1654    	0.45, 9.97, -7.02 	-14.42, -24.84, -9.15 	0.00, -0.00 	14,7,39,213		0.00,0.00	0,0 	0
1663    	0.45, 9.97, -7.02 	-14.44, -24.86, -9.16 	0.00, -0.00 	14,7,39,223		0.00,0.00	0,0 	0
1672    	0.44, 9.97, -7.01 	-14.41, -24.82, -9.15 	0.00, -0.00 	14,7,39,233		0.00,0.00	0,0 	0
1681    	0.44, 9.97, -7.02 	-14.38, -24.85, -9.14 	0.00, -0.00 	14,7,39,242		0.00,0.00	0,0 	0
1690    	0.45, 9.98, -7.02 	-14.43, -24.81, -9.16 	0.00, -0.00 	14,7,39,252		0.00,0.00	0,0 	0
1699    	0.44, 9.98, -7.02 	-14.40, -24.83, -9.15 	0.00, -0.00 	14,7,39,262		0.00,0.00	0,0 	0
1708    	0.44, 9.98, -7.02 	-14.45, -24.82, -9.15 	0.00, -0.00 	14,7,39,271		0.00,0.00	0,0 	0
1717    	0.44, 9.98, -7.02 	-14.49, -24.78, -9.17 	0.00, -0.00 	14,7,39,281		0.00,0.00	0,0 	0
1726    	0.45, 9.98, -7.02 	-14.43, -24.79, -9.16 	0.00, -0.00 	14,7,39,291		0.00,0.00	0,0 	0
1735    	0.45, 9.98, -7.01 	-14.42, -24.78, -9.18 	0.00, -0.00 	14,7,39,300		0.00,0.00	0,0 	0
1744    	0.46, 9.99, -7.02 	-14.41, -24.75, -9.19 	0.00, -0.00 	14,7,39,310		0.00,0.00	0,0 	0
1753    	0.46, 9.99, -7.02 	-14.43, -24.75, -9.18 	0.00, -0.00 	14,7,39,320		0.00,0.00	0,0 	0
1762    	0.47, 9.99, -7.02 	-14.44, -24.76, -9.16 	0.00, -0.00 	14,7,39,329		0.00,0.00	0,0 	0
1771    	0.47, 9.98, -7.01 	-14.42, -24.74, -9.15 	0.00, -0.00 	14,7,39,339		0.00,0.00	0,0 	0
1780    	0.47, 9.99, -7.01 	-14.47, -24.73, -9.12 	0.00, -0.00 	14,7,39,349		0.00,0.00	0,0 	0
1789    	0.46, 9.99, -7.01 	-14.51, -24.71, -9.14 	0.00, -0.00 	14,7,39,358		0.00,0.00	0,0 	0
1798    	0.46, 9.99, -7.01 	-14.48, -24.77, -9.11 	0.00, -0.00 	14,7,39,368		0.00,0.00	0,0 	0
1807    	0.46, 9.98, -7.01 	-14.46, -24.76, -9.11 	0.00, -0.00 	14,7,39,378		0.00,0.00	0,0 	0
1816    	0.46, 9.99, -7.02 	-14.45, -24.76, -9.14 	0.00, -0.00 	14,7,39,387		0.00,0.00	0,0 	0
1825    	0.47, 9.97, -7.01 	-14.43, -24.74, -9.16 	0.00, -0.00 	14,7,39,397		0.00,0.00	0,0 	0
1834    	0.46, 9.97, -7.01 	-14.46, -24.70, -9.17 	0.00, -0.00 	14,7,39,407		0.00,0.00	0,0 	0
1843    	0.46, 9.97, -7.01 	-14.45, -24.69, -9.18 	0.00, -0.00 	14,7,39,417		0.00,0.00	0,0 	0
1852    	0.46, 9.97, -7.01 	-14.46, -24.69, -9.18 	0.00, -0.00 	14,7,39,426		0.00,0.00	0,0 	0
1861    	0.43, 9.96, -7.00 	-14.45, -24.71, -9.16 	0.00, -0.00 	14,7,39,436		0.00,0.00	0,0 	0
1870    	0.42, 9.87, -7.00 	-14.49, -24.69, -9.17 	0.00, -0.00 	14,7,39,446		0.00,0.00	0,0 	0
1879    	0.36, 9.74, -6.98 	-14.47, -24.73, -9.15 	0.00, -0.00 	14,7,39,455		0.00,0.00	0,0 	0
1888    	0.24, 9.48, -6.96 	-14.47, -24.78, -9.13 	0.00, -0.00 	14,7,39,465		0.00,0.00	0,0 	0
1897    	0.13, 9.01, -6.94 	-14.47, -24.77, -9.10 	0.00, -0.00 	14,7,39,475		0.00,0.00	0,0 	0
1906    	-0.01, 8.36, -6.90 	-14.49, -24.76, -9.09 	0.00, -0.00 	14,7,39,484		0.00,0.00	0,0 	0
1915    	-0.02, 7.91, -6.90 	-14.54, -24.73, -9.09 	0.00, -0.00 	14,7,39,494		0.00,0.00	0,0 	0
1924    	0.01, 7.55, -6.90 	-14.56, -24.77, -9.10 	0.00, -0.00 	14,7,39,504		0.00,0.00	0,0 	0
1933    	-0.00, 7.16, -6.89 	-14.66, -24.75, -9.06 	0.00, -0.00 	14,7,39,513		0.00,0.00	0,0 	0
1942    	-0.02, 6.76, -6.88 	-14.57, -24.73, -9.03 	0.00, -0.00 	14,7,39,523		0.00,0.00	0,0 	0
1951    	-0.15, 6.33, -6.86 	-14.63, -24.75, -8.95 	0.00, -0.00 	14,7,39,533		0.00,0.00	0,0 	0
1960    	-0.28, 5.94, -6.84 	-14.68, -24.79, -8.88 	0.00, -0.00 	14,7,39,542		0.00,0.00	0,0 	0
1969    	-0.39, 5.57, -6.85 	-14.79, -24.84, -8.80 	0.00, -0.00 	14,7,39,552		0.00,0.00	0,0 	0
1978    	-0.52, 5.20, -6.88 	-14.79, -24.94, -8.73 	0.00, -0.00 	14,7,39,562		0.00,0.00	0,0 	0
1987    	-0.62, 4.81, -6.93 	-14.95, -24.98, -8.65 	0.00, -0.00 	14,7,39,571		0.00,0.00	0,0 	0
1996    	-0.52, 4.41, -6.97 	-15.03, -24.86, -8.62 	0.00, -0.00 	14,7,39,581		0.00,0.00	0,0 	0
2005    	-0.13, 3.93, -6.98 	-15.33, -24.78, -8.64 	0.00, -0.00 	14,7,39,591		0.00,0.00	0,0 	0
2014    	0.14, 3.53, -7.03 	-15.53, -24.77, -8.60 	0.00, -0.00 	14,7,39,600		0.00,0.00	0,0 	0
2023    	0.06, 3.17, -7.05 	-15.72, -24.68, -8.50 	0.00, -0.00 	14,7,39,610		0.00,0.00	0,0 	0
2032    	-0.10, 2.78, -7.03 	-15.80, -24.62, -8.38 	0.00, -0.00 	14,7,39,620		0.00,0.00	0,0 	0
2041    	-0.18, 2.39, -6.97 	-15.75, -24.66, -8.14 	0.00, -0.00 	14,7,39,630		0.00,0.00	0,0 	0
2050    	-0.29, 2.01, -6.92 	-15.76, -24.81, -7.92 	0.00, -0.00 	14,7,39,639		0.00,0.00	0,0 	0
2059    	-0.41, 1.74, -6.96 	-15.86, -24.96, -7.73 	0.00, -0.00 	14,7,39,649		0.00,0.00	0,0 	0
2068    	-0.36, 1.57, -7.04 	-16.01, -25.05, -7.62 	0.00, -0.00 	14,7,39,659		0.00,0.00	0,0 	0
2077    	-0.30, 1.45, -7.11 	-16.18, -25.02, -7.54 	0.00, -0.00 	14,7,39,668		0.00,0.00	0,0 	0
2086    	-0.18, 1.38, -7.18 	-16.32, -25.00, -7.46 	0.00, -0.00 	14,7,39,678		0.00,0.00	0,0 	0
