start calib
1.868 11.914 0.958
1.859 11.914 0.949
1.859 11.914 0.967
1.868 11.914 0.954
1.876 11.914 0.962
start calib
2.720 6.500 1.042
2.716 6.504 1.046
2.720 6.504 1.042
2.725 6.500 1.042
2.729 6.500 1.037
start calib
6.565 6.583 1.103
6.574 6.574 1.112
6.574 6.574 1.112
6.574 6.574 1.112
6.565 6.583 1.107
start calib
5.999 12.212 0.914
5.999 12.212 0.914
5.994 12.212 0.896
5.977 12.221 0.896
5.977 12.221 0.918
start calib
4.460 9.189 1.081
4.456 9.189 1.090
4.469 9.180 1.094
4.460 9.185 1.099
4.465 9.185 1.103
(0) m[0]:	  -0.03	  -0.22	   2.15
(0) m[0]:	  -0.29	  -0.03	   1.40
(0) m[0]:	   0.09	  -0.05	  -4.73
(0) m[1]:	   0.04	  -0.22	   1.91
(0) m[1]:	  -0.23	  -0.02	   1.21
(0) m[1]:	  -0.04	  -0.07	  -4.30
(0) m[2]:	  -0.12	  -0.23	   2.42
(0) m[2]:	  -0.30	  -0.03	   1.44
(0) m[2]:	   0.25	  -0.03	  -5.28
(0) m[3]:	   0.03	  -0.18	   1.53
(0) m[3]:	  -0.23	   0.01	   0.90
(0) m[3]:	  -0.03	  -0.12	  -3.60
(0) m[4]:	   0.03	  -0.16	   1.23
(0) m[4]:	  -0.23	   0.01	   0.90
(0) m[4]:	  -0.02	  -0.17	  -3.01
(0) m[5]:	  -0.03	  -0.18	   1.85
(0) m[5]:	  -0.28	   0.01	   1.16
(0) m[5]:	   0.08	  -0.13	  -4.20
(0) m[6]:	  -0.04	  -0.29	   2.56
(0) m[6]:	  -0.29	  -0.04	   1.47
(0) m[6]:	   0.10	   0.07	  -5.53
(0) m[7]:	   0.08	  -0.19	   1.23
(0) m[7]:	  -0.23	   0.01	   0.90
(0) m[7]:	  -0.14	  -0.12	  -3.02
(0) g_matrix:	  -0.01	  -0.21	   1.86
(0) g_matrix:	  -0.26	  -0.01	   1.17
(0) g_matrix:	   0.04	  -0.08	  -4.21

a times a-inverse:
    1.000000   -0.000000    0.000000
   -0.000000    1.000000   -0.000001
   -0.000000    0.000000    1.000000
1st:   -0.715168    0.516618   -4.911805
2nd:    0.551707    0.437090   -4.772489
3rd:    0.642321   -0.482170   -4.934571
4th:   -0.885417   -0.607618   -4.600834
5th:    0.102099    0.034076   -5.195980
0.19 -0.62 0.16 -0.66 -1.35 0.00
0.19 -0.62 0.15 -0.66 -1.35 0.00
0.19 -0.62 0.15 -0.65 -1.35 0.00
0.19 -0.62 0.16 -0.66 -1.35 0.00
0.19 -0.62 0.15 -0.66 -1.35 0.00
0.19 -0.62 0.16 -0.67 -1.35 0.00
0.19 -0.62 0.16 -0.67 -1.35 0.00
0.19 -0.62 0.16 -0.67 -1.35 0.00
0.19 -0.62 0.16 -0.67 -1.35 0.00
0.19 -0.62 0.16 -0.68 -1.35 0.00
0.19 -0.62 0.16 -0.68 -1.35 0.00
0.19 -0.62 0.16 -0.68 -1.35 0.00
0.19 -0.62 0.16 -0.69 -1.35 0.00
0.19 -0.62 0.16 -0.68 -1.35 0.00
0.19 -0.62 0.16 -0.67 -1.35 0.00
0.19 -0.62 0.16 -0.67 -1.35 0.00
0.19 -0.62 0.16 -0.67 -1.35 0.00
0.19 -0.62 0.16 -0.67 -1.35 0.00
0.19 -0.62 0.16 -0.68 -1.35 0.00
0.19 -0.62 0.16 -0.68 -1.35 0.00
0.19 -0.62 0.16 -0.68 -1.35 0.00
0.19 -0.62 0.16 -0.68 -1.35 0.00
0.19 -0.62 0.16 -0.68 -1.35 0.00
0.19 -0.62 0.16 -0.68 -1.35 0.00
0.19 -0.62 0.16 -0.68 -1.35 0.00
0.19 -0.62 0.16 -0.68 -1.35 0.00
0.19 -0.62 0.17 -0.68 -1.35 0.00
0.19 -0.62 0.16 -0.68 -1.35 0.00
0.19 -0.62 0.16 -0.68 -1.35 0.00
0.19 -0.62 0.17 -0.68 -1.35 0.00
0.19 -0.62 0.17 -0.68 -1.35 0.00
0.19 -0.62 0.17 -0.68 -1.35 0.00
0.19 -0.62 0.17 -0.68 -1.35 0.00
0.19 -0.62 0.17 -0.68 -1.35 0.00
0.19 -0.62 0.17 -0.68 -1.35 0.00
0.19 -0.62 0.17 -0.67 -1.35 0.00
0.19 -0.62 0.17 -0.68 -1.35 0.00
0.18 -0.62 0.17 -0.68 -1.35 0.00
0.19 -0.62 0.16 -0.67 -1.35 0.00
0.19 -0.62 0.16 -0.67 -1.35 0.00
0.18 -0.61 0.16 -0.67 -1.35 0.00
0.18 -0.61 0.16 -0.67 -1.35 0.00
0.18 -0.61 0.16 -0.67 -1.35 0.00
0.18 -0.62 0.17 -0.67 -1.35 0.00
0.18 -0.62 0.17 -0.68 -1.35 0.00
0.18 -0.62 0.17 -0.67 -1.35 0.00
0.18 -0.61 0.17 -0.68 -1.35 0.00
0.18 -0.61 0.17 -0.68 -1.35 0.00
0.18 -0.61 0.17 -0.67 -1.35 0.00
0.18 -0.61 0.17 -0.67 -1.35 0.00
0.18 -0.61 0.17 -0.67 -1.35 0.00
0.18 -0.61 0.17 -0.67 -1.35 0.00
0.18 -0.61 0.17 -0.67 -1.35 0.00
0.18 -0.61 0.17 -0.67 -1.35 0.00
0.18 -0.61 0.16 -0.67 -1.35 0.00
0.18 -0.61 0.17 -0.67 -1.35 0.00
0.18 -0.61 0.17 -0.67 -1.35 0.00
0.18 -0.61 0.16 -0.67 -1.35 0.00
0.18 -0.61 0.16 -0.67 -1.35 0.00
0.18 -0.61 0.17 -0.67 -1.35 0.00
0.18 -0.61 0.17 -0.68 -1.35 0.00
0.18 -0.61 0.17 -0.68 -1.35 0.00
0.18 -0.61 0.16 -0.67 -1.35 0.00
0.18 -0.61 0.16 -0.67 -1.35 0.00
0.18 -0.61 0.16 -0.67 -1.35 0.00
0.18 -0.61 0.16 -0.67 -1.35 0.00
0.18 -0.61 0.16 -0.67 -1.35 0.00
0.18 -0.61 0.16 -0.68 -1.35 0.00
0.18 -0.61 0.16 -0.68 -1.35 0.00
0.18 -0.61 0.16 -0.68 -1.35 0.00
0.18 -0.61 0.16 -0.68 -1.35 0.00
0.18 -0.61 0.16 -0.68 -1.35 0.00
0.18 -0.61 0.17 -0.68 -1.35 0.00
0.18 -0.61 0.16 -0.67 -1.35 0.00
0.18 -0.61 0.16 -0.67 -1.35 0.00
0.18 -0.61 0.16 -0.67 -1.35 0.00
0.19 -0.62 0.16 -0.67 -1.35 0.00
0.19 -0.62 0.16 -0.67 -1.35 0.00
0.19 -0.61 0.16 -0.67 -1.35 0.00
0.19 -0.61 0.17 -0.68 -1.35 0.00
0.19 -0.62 0.16 -0.68 -1.35 0.00
0.19 -0.61 0.17 -0.68 -1.35 0.00
0.19 -0.61 0.17 -0.68 -1.35 0.00
0.19 -0.62 0.17 -0.68 -1.35 0.00
0.19 -0.61 0.16 -0.67 -1.35 0.00
0.19 -0.61 0.16 -0.68 -1.35 0.00
0.19 -0.61 0.17 -0.68 -1.35 0.00
0.19 -0.62 0.17 -0.68 -1.35 0.00
0.19 -0.62 0.17 -0.68 -1.35 0.00
0.19 -0.62 0.17 -0.68 -1.35 0.00
0.19 -0.61 0.17 -0.68 -1.35 0.00
0.19 -0.61 0.17 -0.68 -1.35 0.00
0.19 -0.61 0.17 -0.68 -1.35 0.00
0.20 -0.61 0.17 -0.68 -1.35 0.00
0.19 -0.61 0.17 -0.68 -1.35 0.00
0.20 -0.60 0.17 -0.68 -1.35 0.00
0.20 -0.60 0.17 -0.68 -1.35 0.00
0.19 -0.60 0.17 -0.68 -1.35 0.00
0.19 -0.60 0.18 -0.69 -1.35 0.00
0.19 -0.60 0.17 -0.68 -1.35 0.00
0.18 -0.59 0.18 -0.69 -1.35 0.00
0.18 -0.59 0.18 -0.69 -1.35 0.00
0.18 -0.59 0.18 -0.69 -1.35 0.00
0.18 -0.58 0.18 -0.69 -1.35 0.00
0.18 -0.59 0.19 -0.69 -1.35 0.00
0.18 -0.58 0.19 -0.69 -1.35 0.00
0.18 -0.59 0.19 -0.69 -1.35 0.00
0.17 -0.58 0.19 -0.69 -1.35 0.00
0.16 -0.57 0.19 -0.69 -1.35 0.00
0.15 -0.56 0.19 -0.68 -1.35 0.00
0.14 -0.56 0.19 -0.69 -1.35 0.00
0.11 -0.54 0.20 -0.68 -1.35 0.00
0.15 -0.57 0.20 -0.68 -1.35 0.00
0.10 -0.54 0.20 -0.68 -1.35 0.00
0.13 -0.52 0.20 -0.68 -1.35 0.00
0.11 -0.58 0.20 -0.68 -1.35 0.00
0.09 -0.58 0.21 -0.68 -1.35 0.00
0.08 -0.57 0.21 -0.68 -1.35 0.00
0.06 -0.57 0.21 -0.68 -1.35 0.00
0.05 -0.56 0.21 -0.69 -1.35 0.00
0.03 -0.54 0.21 -0.68 -1.35 0.00
0.03 -0.53 0.21 -0.68 -1.35 0.00
0.01 -0.53 0.21 -0.69 -1.35 0.00
-0.01 -0.52 0.21 -0.68 -1.35 0.00
-0.03 -0.51 0.21 -0.68 -1.35 0.00
-0.05 -0.50 0.21 -0.69 -1.35 0.00
0.01 -0.49 0.21 -0.69 -1.35 0.00
-0.01 -0.47 0.21 -0.68 -1.35 0.00
-0.02 -0.46 0.21 -0.68 -1.35 0.00
-0.03 -0.46 0.21 -0.68 -1.35 0.00
-0.05 -0.45 0.21 -0.69 -1.35 0.00
-0.01 -0.44 0.20 -0.69 -1.35 0.00
-0.03 -0.42 0.20 -0.69 -1.35 0.00
-0.05 -0.41 0.20 -0.69 -1.35 0.00
-0.06 -0.40 0.20 -0.69 -1.35 0.00
-0.08 -0.46 0.19 -0.68 -1.35 0.00
-0.10 -0.46 0.20 -0.68 -1.35 0.00
-0.11 -0.45 0.19 -0.68 -1.35 0.00
-0.13 -0.44 0.20 -0.69 -1.35 0.00
-0.14 -0.43 0.19 -0.69 -1.35 0.00
-0.15 -0.43 0.19 -0.69 -1.35 0.00
-0.16 -0.42 0.19 -0.69 -1.35 0.00
-0.17 -0.42 0.19 -0.69 -1.35 0.00
-0.17 -0.41 0.19 -0.69 -1.35 0.00
-0.17 -0.41 0.19 -0.69 -1.35 0.00
-0.18 -0.40 0.20 -0.69 -1.35 0.00
-0.18 -0.41 0.20 -0.69 -1.35 0.00
-0.18 -0.40 0.20 -0.69 -1.35 0.00
-0.18 -0.40 0.20 -0.69 -1.35 0.00
-0.18 -0.40 0.19 -0.69 -1.35 0.00
-0.17 -0.47 0.20 -0.69 -1.35 0.00
-0.18 -0.46 0.20 -0.69 -1.35 0.00
-0.18 -0.46 0.19 -0.68 -1.35 0.00
-0.18 -0.46 0.19 -0.68 -1.35 0.00
-0.19 -0.45 0.19 -0.69 -1.35 0.00
-0.19 -0.45 0.19 -0.68 -1.35 0.00
-0.20 -0.44 0.19 -0.69 -1.35 0.00
-0.14 -0.43 0.19 -0.69 -1.35 0.00
-0.14 -0.43 0.18 -0.69 -1.35 0.00
-0.15 -0.42 0.18 -0.69 -1.35 0.00
-0.16 -0.42 0.18 -0.69 -1.35 0.00
-0.17 -0.41 0.18 -0.69 -1.35 0.00
-0.18 -0.40 0.18 -0.69 -1.35 0.00
-0.20 -0.39 0.18 -0.69 -1.35 0.00
-0.14 -0.38 0.18 -0.69 -1.35 0.00
-0.16 -0.36 0.18 -0.69 -1.35 0.00
-0.18 -0.35 0.18 -0.69 -1.35 0.00
-0.19 -0.33 0.18 -0.69 -1.35 0.00
-0.21 -0.32 0.18 -0.69 -1.35 0.00
-0.22 -0.31 0.18 -0.68 -1.35 0.00
-0.23 -0.30 0.18 -0.68 -1.35 0.00
-0.24 -0.29 0.18 -0.68 -1.35 0.00
-0.25 -0.28 0.18 -0.67 -1.35 0.00
-0.26 -0.27 0.18 -0.67 -1.35 0.00
-0.27 -0.33 0.19 -0.67 -1.35 0.00
-0.28 -0.32 0.19 -0.66 -1.35 0.00
-0.28 -0.32 0.19 -0.67 -1.35 0.00
-0.28 -0.32 0.19 -0.67 -1.35 0.00
-0.29 -0.32 0.20 -0.66 -1.35 0.00
-0.29 -0.33 0.20 -0.67 -1.35 0.00
-0.30 -0.32 0.20 -0.66 -1.35 0.00
-0.30 -0.31 0.20 -0.65 -1.35 0.00
-0.32 -0.31 0.20 -0.65 -1.35 0.00
-0.32 -0.30 0.20 -0.64 -1.35 0.00
-0.34 -0.30 0.20 -0.64 -1.35 0.00
-0.35 -0.30 0.20 -0.65 -1.35 0.00
-0.35 -0.30 0.21 -0.65 -1.35 0.00
-0.29 -0.29 0.21 -0.65 -1.35 0.00
-0.30 -0.28 0.21 -0.65 -1.35 0.00
-0.31 -0.28 0.21 -0.65 -1.35 0.00
-0.31 -0.34 0.21 -0.65 -1.35 0.00
-0.32 -0.33 0.21 -0.65 -1.35 0.00
-0.32 -0.33 0.21 -0.65 -1.35 0.00
-0.34 -0.32 0.22 -0.65 -1.35 0.00
-0.34 -0.32 0.22 -0.65 -1.35 0.00
-0.29 -0.30 0.22 -0.65 -1.35 0.00
-0.30 -0.30 0.22 -0.65 -1.35 0.00
-0.31 -0.30 0.22 -0.64 -1.35 0.00
-0.32 -0.29 0.22 -0.64 -1.35 0.00
-0.32 -0.28 0.22 -0.64 -1.35 0.00
-0.33 -0.28 0.22 -0.64 -1.35 0.00
-0.34 -0.27 0.22 -0.64 -1.35 0.00
-0.35 -0.26 0.22 -0.65 -1.35 0.00
-0.38 -0.25 0.22 -0.65 -1.35 0.00
-0.39 -0.24 0.22 -0.64 -1.35 0.00
-0.42 -0.20 0.22 -0.64 -1.35 0.00
-0.44 -0.18 0.22 -0.63 -1.35 0.00
-0.47 -0.16 0.22 -0.64 -1.35 0.00
-0.48 -0.16 0.22 -0.64 -1.35 0.00
-0.50 -0.15 0.22 -0.63 -1.35 0.00
-0.45 -0.14 0.17 -0.63 -1.35 0.00
-0.46 -0.20 0.18 -0.63 -1.35 0.00
-0.47 -0.19 0.18 -0.63 -1.35 0.00
-0.48 -0.19 0.18 -0.63 -1.35 0.00
-0.49 -0.18 0.18 -0.62 -1.35 0.00
-0.48 -0.19 0.18 -0.61 -1.35 0.00
-0.49 -0.19 0.18 -0.61 -1.35 0.00
-0.49 -0.19 0.17 -0.60 -1.35 0.00
-0.44 -0.18 0.17 -0.60 -1.35 0.00
-0.44 -0.17 0.17 -0.60 -1.35 0.00
-0.46 -0.17 0.17 -0.61 -1.35 0.00
-0.47 -0.15 0.17 -0.61 -1.35 0.00
-0.48 -0.16 0.17 -0.60 -1.35 0.00
-0.49 -0.14 0.22 -0.59 -1.35 0.00
-0.50 -0.20 0.17 -0.60 -1.35 0.00
-0.52 -0.19 0.17 -0.61 -1.35 0.00
-0.54 -0.17 0.17 -0.60 -1.35 0.00
-0.56 -0.16 0.17 -0.60 -1.35 0.00
-0.58 -0.15 0.22 -0.59 -1.35 0.00
-0.60 -0.15 0.22 -0.59 -1.35 0.00
-0.61 -0.16 0.22 -0.59 -1.35 0.00
-0.64 -0.15 0.21 -0.59 -1.35 0.00
-0.59 -0.13 0.22 -0.60 -1.35 0.00
-0.59 -0.13 0.22 -0.60 -1.35 0.00
-0.59 -0.13 0.21 -0.59 -1.35 0.00
-0.59 -0.13 0.22 -0.59 -1.35 0.00
-0.61 -0.13 0.22 -0.59 -1.35 0.00
-0.63 -0.13 0.22 -0.59 -1.35 0.00
-0.64 -0.12 0.22 -0.59 -1.35 0.00
-0.65 -0.11 0.22 -0.59 -1.35 0.00
-0.58 -0.11 0.21 -0.59 -1.35 0.00
-0.60 -0.09 0.22 -0.59 -1.35 0.00
-0.61 -0.09 0.22 -0.59 -1.35 0.00
-0.64 -0.07 0.22 -0.59 -1.35 0.00
-0.66 -0.05 0.21 -0.59 -1.35 0.00
-0.67 -0.04 0.22 -0.60 -1.35 0.00
-0.69 -0.03 0.22 -0.60 -1.35 0.00
-0.70 -0.03 0.17 -0.60 -1.35 0.00
-0.71 -0.02 0.22 -0.60 -1.35 0.00
-0.72 -0.07 0.22 -0.60 -1.35 0.00
-0.73 -0.06 0.17 -0.60 -1.35 0.00
-0.73 -0.04 0.22 -0.59 -1.35 0.00
-0.74 -0.04 0.22 -0.60 -1.35 0.00
-0.75 -0.02 0.17 -0.60 -1.35 0.00
-0.76 -0.02 0.17 -0.60 -1.35 0.00
-0.76 -0.07 0.22 -0.59 -1.35 0.00
-0.77 -0.07 0.22 -0.60 -1.35 0.00
-0.79 -0.06 0.22 -0.59 -1.35 0.00
-0.79 -0.06 0.21 -0.59 -1.35 0.00
-0.73 -0.05 0.22 -0.59 -1.35 0.00
-0.75 -0.05 0.21 -0.59 -1.35 0.00
-0.76 -0.06 0.21 -0.59 -1.35 0.00
-0.77 -0.06 0.21 -0.59 -1.35 0.00
-0.79 -0.05 0.22 -0.59 -1.35 0.00
-0.73 -0.03 0.21 -0.59 -1.35 0.00
-0.73 -0.04 0.21 -0.59 -1.35 0.00
-0.75 -0.01 0.21 -0.59 -1.35 0.00
-0.76 -0.01 0.21 -0.59 -1.35 0.00
-0.78 0.01 0.22 -0.60 -1.35 0.00
-0.79 0.03 0.22 -0.60 -1.35 0.00
-0.79 0.04 0.21 -0.59 -1.35 0.00
-0.80 0.05 0.21 -0.59 -1.35 0.00
-0.80 0.05 0.21 -0.59 -1.35 0.00
-0.81 0.07 0.21 -0.59 -1.35 0.00
-0.82 0.07 0.22 -0.59 -1.35 0.00
-0.83 0.07 0.21 -0.59 -1.35 0.00
-0.84 0.08 0.21 -0.59 -1.35 0.00
-0.85 0.07 0.21 -0.59 -1.35 0.00
-0.85 0.07 0.21 -0.59 -1.35 0.00
-0.86 0.08 0.21 -0.59 -1.35 0.00
-0.87 0.09 0.21 -0.59 -1.35 0.00
-0.87 0.09 0.21 -0.59 -1.35 0.00
-0.88 0.09 0.21 -0.59 -1.35 0.00
-0.89 0.11 0.21 -0.59 -1.35 0.00
-0.89 0.11 0.21 -0.59 -1.35 0.00
-0.89 0.11 0.21 -0.59 -1.35 0.00
-0.90 0.11 0.21 -0.59 -1.35 0.00
-0.90 0.05 0.21 -0.59 -1.35 0.00
-0.91 0.05 0.21 -0.59 -1.35 0.00
-0.92 0.05 0.21 -0.59 -1.35 0.00
-0.93 0.06 0.21 -0.59 -1.35 0.00
-0.94 0.07 0.22 -0.59 -1.35 0.00
-0.94 0.08 0.21 -0.59 -1.35 0.00
-0.88 0.09 0.21 -0.59 -1.35 0.00
-0.89 0.10 0.21 -0.59 -1.35 0.00
-0.89 0.05 0.21 -0.59 -1.35 0.00
-0.90 0.06 0.21 -0.59 -1.35 0.00
-0.91 0.07 0.21 -0.59 -1.35 0.00
-0.92 0.10 0.21 -0.59 -1.35 0.00
-0.93 0.11 0.21 -0.59 -1.35 0.00
-0.94 0.13 0.21 -0.59 -1.35 0.00
-0.94 0.14 0.21 -0.59 -1.35 0.00
-0.94 0.14 0.21 -0.59 -1.35 0.00
-0.95 0.15 0.21 -0.59 -1.35 0.00
-0.89 0.16 0.21 -0.59 -1.35 0.00
-0.90 0.17 0.21 -0.59 -1.35 0.00
-0.90 0.16 0.21 -0.59 -1.35 0.00
-0.91 0.18 0.21 -0.59 -1.35 0.00
-0.92 0.19 0.21 -0.59 -1.35 0.00
-0.92 0.18 0.21 -0.59 -1.35 0.00
-0.92 0.18 0.21 -0.59 -1.35 0.00
-0.92 0.18 0.21 -0.59 -1.35 0.00
-0.92 0.17 0.21 -0.59 -1.35 0.00
-0.92 0.18 0.21 -0.59 -1.35 0.00
-0.93 0.18 0.21 -0.59 -1.35 0.00
-0.93 0.19 0.21 -0.59 -1.35 0.00
-0.94 0.19 0.21 -0.59 -1.35 0.00
-0.95 0.20 0.21 -0.59 -1.35 0.00
-0.95 0.20 0.22 -0.59 -1.35 0.00
-0.95 0.21 0.21 -0.59 -1.35 0.00
-0.95 0.21 0.21 -0.59 -1.35 0.00
-0.95 0.22 0.21 -0.58 -1.35 0.00
-0.96 0.22 0.21 -0.59 -1.35 0.00
-0.97 0.23 0.21 -0.59 -1.35 0.00
-0.97 0.24 0.21 -0.59 -1.35 0.00
-0.98 0.25 0.22 -0.59 -1.35 0.00
-0.98 0.25 0.22 -0.59 -1.35 0.00
-0.98 0.18 0.22 -0.59 -1.35 0.00
-0.99 0.19 0.17 -0.60 -1.35 0.00
-1.00 0.20 0.22 -0.59 -1.35 0.00
-1.00 0.20 0.22 -0.59 -1.35 0.00
-1.00 0.20 0.17 -0.60 -1.35 0.00
-1.01 0.19 0.17 -0.60 -1.35 0.00
-1.01 0.19 0.17 -0.60 -1.35 0.00
-1.01 0.19 0.22 -0.59 -1.35 0.00
-1.02 0.19 0.17 -0.60 -1.35 0.00
-1.02 0.19 0.17 -0.60 -1.35 0.00
-1.02 0.19 0.17 -0.60 -1.35 0.00
-1.03 0.19 0.22 -0.59 -1.35 0.00
-1.03 0.20 0.22 -0.59 -1.35 0.00
-1.05 0.23 0.21 -0.59 -1.35 0.00
-1.05 0.23 0.21 -0.59 -1.35 0.00
-1.06 0.18 0.22 -0.59 -1.35 0.00
-1.08 0.19 0.21 -0.58 -1.35 0.00
-1.08 0.20 0.21 -0.59 -1.35 0.00
-1.03 0.22 0.22 -0.59 -1.35 0.00
-1.04 0.22 0.22 -0.59 -1.35 0.00
-1.05 0.23 0.22 -0.59 -1.35 0.00
-1.05 0.22 0.22 -0.59 -1.35 0.00
-1.06 0.23 0.22 -0.59 -1.35 0.00
-1.06 0.22 0.22 -0.59 -1.35 0.00
-1.07 0.25 0.21 -0.59 -1.35 0.00
-1.07 0.23 0.22 -0.60 -1.35 0.00
-1.07 0.23 0.22 -0.59 -1.35 0.00
-1.07 0.25 0.22 -0.59 -1.35 0.00
-1.07 0.24 0.17 -0.60 -1.35 0.00
-1.08 0.25 0.22 -0.59 -1.35 0.00
-1.08 0.26 0.22 -0.59 -1.35 0.00
-1.09 0.26 0.22 -0.59 -1.35 0.00
-1.09 0.26 0.21 -0.59 -1.35 0.00
-1.09 0.25 0.21 -0.59 -1.35 0.00
-1.08 0.25 0.22 -0.59 -1.35 0.00
-1.09 0.26 0.21 -0.59 -1.35 0.00
-1.10 0.27 0.22 -0.59 -1.35 0.00
-1.10 0.26 0.22 -0.59 -1.35 0.00
-1.10 0.26 0.22 -0.59 -1.35 0.00
-1.10 0.26 0.22 -0.59 -1.35 0.00
-1.10 0.26 0.21 -0.59 -1.35 0.00
-1.10 0.26 0.22 -0.59 -1.35 0.00
-1.10 0.26 0.21 -0.59 -1.35 0.00
-1.10 0.26 0.21 -0.59 -1.35 0.00
-1.10 0.27 0.17 -0.59 -1.35 0.00
-1.10 0.27 0.21 -0.58 -1.35 0.00
-1.10 0.27 0.22 -0.58 -1.35 0.00
-1.10 0.26 0.17 -0.59 -1.35 0.00
-1.10 0.27 0.17 -0.59 -1.35 0.00
-1.10 0.27 0.17 -0.60 -1.35 0.00
-1.10 0.27 0.17 -0.59 -1.35 0.00
-1.10 0.27 0.17 -0.59 -1.35 0.00
-1.04 0.27 0.17 -0.60 -1.35 0.00
-1.04 0.27 0.17 -0.59 -1.35 0.00
-1.04 0.28 0.17 -0.59 -1.35 0.00
-1.04 0.28 0.17 -0.60 -1.35 0.00
-1.06 0.32 0.18 -0.59 -1.35 0.00
-1.05 0.29 0.18 -0.59 -1.35 0.00
-1.05 0.28 0.18 -0.60 -1.35 0.00
-1.05 0.28 0.18 -0.60 -1.35 0.00
-1.05 0.28 0.18 -0.59 -1.35 0.00
-1.05 0.28 0.18 -0.59 -1.35 0.00
-1.05 0.28 0.18 -0.59 -1.35 0.00
-1.06 0.29 0.19 -0.60 -1.35 0.00
-1.06 0.29 0.19 -0.60 -1.35 0.00
-1.06 0.32 0.18 -0.60 -1.35 0.00
-1.06 0.29 0.18 -0.60 -1.35 0.00
-1.05 0.28 0.19 -0.59 -1.35 0.00
-1.05 0.28 0.18 -0.60 -1.35 0.00
-1.05 0.28 0.18 -0.60 -1.35 0.00
-1.05 0.29 0.19 -0.60 -1.35 0.00
-1.05 0.29 0.18 -0.60 -1.35 0.00
-1.06 0.32 0.19 -0.60 -1.35 0.00
(0) fail (0) to reach the 1th target by 400 trials
-1.05 0.30 0.19 -0.61 -0.67 0.00
-1.05 0.30 0.19 -0.61 -0.67 0.00
-1.05 0.30 0.19 -0.61 -0.67 0.00
-1.05 0.30 0.19 -0.61 -0.67 0.00
-1.05 0.30 0.19 -0.61 -0.67 0.00
-1.05 0.30 0.19 -0.61 -0.67 0.00
-1.05 0.30 0.19 -0.61 -0.67 0.00
-1.05 0.30 0.19 -0.61 -0.67 0.00
-1.05 0.30 0.19 -0.61 -0.67 0.00
-1.05 0.30 0.19 -0.61 -0.67 0.00
-1.05 0.30 0.19 -0.61 -0.67 0.00
-1.05 0.30 0.18 -0.61 -0.67 0.00
-1.05 0.30 0.18 -0.60 -0.67 0.00
-1.05 0.30 0.18 -0.61 -0.67 0.00
-1.05 0.30 0.19 -0.61 -0.67 0.00
-1.05 0.30 0.19 -0.61 -0.67 0.00
-1.05 0.30 0.18 -0.61 -0.67 0.00
-1.05 0.30 0.18 -0.61 -0.67 0.00
-1.05 0.30 0.18 -0.61 -0.67 0.00
-1.05 0.30 0.18 -0.61 -0.67 0.00
-1.05 0.30 0.18 -0.61 -0.67 0.00
-1.05 0.30 0.18 -0.61 -0.67 0.00
-1.05 0.30 0.18 -0.61 -0.67 0.00
-1.05 0.30 0.19 -0.61 -0.67 0.00
-1.05 0.30 0.19 -0.60 -0.67 0.00
-1.05 0.30 0.18 -0.60 -0.67 0.00
-1.05 0.30 0.18 -0.60 -0.67 0.00
-1.05 0.30 0.18 -0.61 -0.67 0.00
-1.05 0.30 0.18 -0.60 -0.67 0.00
-1.05 0.30 0.18 -0.60 -0.67 0.00
-1.05 0.30 0.18 -0.60 -0.67 0.00
-1.05 0.30 0.18 -0.60 -0.67 0.00
-1.05 0.30 0.18 -0.60 -0.67 0.00
-1.05 0.30 0.18 -0.60 -0.67 0.00
-1.05 0.30 0.18 -0.60 -0.67 0.00
-1.05 0.30 0.18 -0.60 -0.67 0.00
-1.05 0.30 0.19 -0.60 -0.67 0.00
-1.05 0.29 0.19 -0.60 -0.67 0.00
-1.05 0.29 0.18 -0.60 -0.67 0.00
-1.05 0.29 0.19 -0.61 -0.67 0.00
-1.05 0.29 0.18 -0.60 -0.67 0.00
-1.05 0.29 0.19 -0.60 -0.67 0.00
-1.05 0.29 0.19 -0.60 -0.67 0.00
-1.05 0.29 0.19 -0.60 -0.67 0.00
-1.06 0.30 0.19 -0.61 -0.67 0.00
-1.06 0.30 0.19 -0.60 -0.67 0.00
-1.05 0.30 0.19 -0.61 -0.67 0.00
-1.05 0.30 0.19 -0.60 -0.67 0.00
-1.05 0.30 0.19 -0.61 -0.67 0.00
-1.05 0.30 0.19 -0.61 -0.67 0.00
-1.05 0.30 0.19 -0.61 -0.67 0.00
-1.05 0.30 0.19 -0.61 -0.67 0.00
-1.05 0.30 0.19 -0.60 -0.67 0.00
-1.05 0.30 0.19 -0.60 -0.67 0.00
-1.05 0.30 0.19 -0.60 -0.67 0.00
-1.05 0.30 0.19 -0.60 -0.67 0.00
-1.05 0.30 0.19 -0.61 -0.67 0.00
-1.05 0.29 0.19 -0.61 -0.67 0.00
-1.05 0.29 0.19 -0.61 -0.67 0.00
-1.05 0.29 0.19 -0.61 -0.67 0.00
-1.05 0.29 0.19 -0.61 -0.67 0.00
-1.04 0.30 0.19 -0.61 -0.67 0.00
-1.04 0.30 0.19 -0.60 -0.67 0.00
-1.04 0.30 0.19 -0.61 -0.67 0.00
-1.04 0.30 0.19 -0.61 -0.67 0.00
-1.04 0.30 0.19 -0.61 -0.67 0.00
-1.04 0.29 0.19 -0.61 -0.67 0.00
-1.05 0.29 0.19 -0.60 -0.67 0.00
-1.04 0.29 0.19 -0.60 -0.67 0.00
-1.11 0.30 0.19 -0.60 -0.67 0.00
-1.04 0.30 0.19 -0.60 -0.67 0.00
-1.04 0.29 0.19 -0.60 -0.67 0.00
-1.04 0.29 0.19 -0.60 -0.67 0.00
-1.10 0.28 0.19 -0.60 -0.67 0.00
-1.10 0.28 0.19 -0.60 -0.67 0.00
-1.11 0.29 0.19 -0.60 -0.67 0.00
-1.10 0.28 0.19 -0.61 -0.67 0.00
-1.10 0.28 0.19 -0.61 -0.67 0.00
-1.10 0.29 0.19 -0.61 -0.67 0.00
-1.10 0.29 0.19 -0.61 -0.67 0.00
-1.10 0.29 0.19 -0.60 -0.67 0.00
-1.10 0.30 0.19 -0.60 -0.67 0.00
-1.11 0.30 0.19 -0.60 -0.67 0.00
-1.10 0.29 0.19 -0.60 -0.67 0.00
-1.10 0.30 0.19 -0.60 -0.67 0.00
-1.10 0.30 0.19 -0.60 -0.67 0.00
-1.09 0.30 0.19 -0.60 -0.67 0.00
-1.09 0.30 0.19 -0.60 -0.67 0.00
-1.09 0.28 0.19 -0.60 -0.67 0.00
-1.09 0.29 0.19 -0.60 -0.67 0.00
-1.09 0.29 0.18 -0.61 -0.67 0.00
-1.08 0.28 0.19 -0.61 -0.67 0.00
-1.09 0.29 0.19 -0.61 -0.67 0.00
-1.09 0.29 0.19 -0.61 -0.67 0.00
-1.08 0.28 0.18 -0.61 -0.67 0.00
-1.08 0.29 0.18 -0.61 -0.67 0.00
-1.08 0.29 0.19 -0.61 -0.67 0.00
-1.08 0.28 0.19 -0.61 -0.67 0.00
-1.08 0.28 0.18 -0.60 -0.67 0.00
-1.08 0.28 0.18 -0.60 -0.67 0.00
-1.08 0.28 0.18 -0.60 -0.67 0.00
-1.08 0.28 0.19 -0.60 -0.67 0.00
-1.08 0.28 0.19 -0.60 -0.67 0.00
-1.07 0.29 0.19 -0.60 -0.67 0.00
-1.07 0.29 0.19 -0.60 -0.67 0.00
-1.08 0.28 0.19 -0.61 -0.67 0.00
-1.07 0.27 0.19 -0.61 -0.67 0.00
-1.07 0.28 0.19 -0.61 -0.67 0.00
-1.07 0.28 0.19 -0.61 -0.67 0.00
-1.07 0.29 0.19 -0.61 -0.67 0.00
-1.07 0.29 0.19 -0.61 -0.67 0.00
-1.07 0.29 0.19 -0.61 -0.67 0.00
-1.07 0.29 0.19 -0.61 -0.67 0.00
-1.08 0.29 0.18 -0.60 -0.67 0.00
-1.06 0.28 0.18 -0.60 -0.67 0.00
-1.07 0.28 0.18 -0.61 -0.67 0.00
-1.06 0.28 0.18 -0.61 -0.67 0.00
-1.06 0.28 0.18 -0.61 -0.67 0.00
-1.06 0.28 0.18 -0.61 -0.67 0.00
-1.06 0.29 0.18 -0.61 -0.67 0.00
-1.06 0.28 0.18 -0.61 -0.67 0.00
-1.06 0.28 0.18 -0.61 -0.67 0.00
-1.05 0.28 0.18 -0.61 -0.67 0.00
-1.05 0.29 0.18 -0.60 -0.67 0.00
-1.10 0.27 0.18 -0.60 -0.67 0.00
-1.09 0.27 0.18 -0.60 -0.67 0.00
-1.08 0.27 0.18 -0.60 -0.67 0.00
-1.08 0.28 0.18 -0.60 -0.67 0.00
-1.05 0.28 0.18 -0.60 -0.67 0.00
-1.04 0.28 0.18 -0.60 -0.67 0.00
-1.02 0.27 0.18 -0.60 -0.67 0.00
-1.01 0.27 0.18 -0.60 -0.67 0.00
-0.99 0.25 0.18 -0.60 -0.67 0.00
-0.97 0.24 0.18 -0.60 -0.67 0.00
-0.97 0.23 0.18 -0.60 -0.67 0.00
-0.95 0.22 0.18 -0.61 -0.67 0.00
-0.93 0.22 0.18 -0.61 -0.67 0.00
-0.91 0.20 0.18 -0.60 -0.67 0.00
-0.90 0.21 0.18 -0.60 -0.67 0.00
-0.96 0.20 0.18 -0.60 -0.67 0.00
-0.96 0.20 0.18 -0.60 -0.67 0.00
-0.94 0.21 0.18 -0.60 -0.67 0.00
-0.92 0.22 0.18 -0.61 -0.67 0.00
-0.91 0.21 0.18 -0.61 -0.67 0.00
-0.91 0.22 0.18 -0.61 -0.67 0.00
-0.90 0.21 0.18 -0.61 -0.67 0.00
-0.95 0.20 0.18 -0.61 -0.67 0.00
-0.94 0.19 0.18 -0.61 -0.67 0.00
-0.93 0.19 0.18 -0.61 -0.67 0.00
-0.91 0.20 0.18 -0.60 -0.67 0.00
-0.90 0.20 0.18 -0.61 -0.67 0.00
-0.88 0.20 0.18 -0.60 -0.67 0.00
-0.86 0.19 0.18 -0.61 -0.67 0.00
-0.85 0.20 0.18 -0.60 -0.67 0.00
-0.84 0.25 0.18 -0.60 -0.67 0.00
-0.82 0.25 0.18 -0.60 -0.67 0.00
-0.81 0.23 0.18 -0.60 -0.67 0.00
-0.79 0.23 0.18 -0.60 -0.67 0.00
-0.78 0.22 0.18 -0.60 -0.67 0.00
-0.76 0.22 0.18 -0.61 -0.67 0.00
-0.81 0.22 0.18 -0.60 -0.67 0.00
-0.80 0.23 0.18 -0.60 -0.67 0.00
-0.78 0.23 0.18 -0.60 -0.67 0.00
-0.77 0.23 0.18 -0.60 -0.67 0.00
-0.76 0.24 0.18 -0.60 -0.67 0.00
-0.81 0.24 0.18 -0.60 -0.67 0.00
-0.80 0.23 0.18 -0.61 -0.67 0.00
-0.80 0.24 0.18 -0.60 -0.67 0.00
-0.78 0.23 0.18 -0.60 -0.67 0.00
-0.76 0.23 0.18 -0.60 -0.67 0.00
-0.74 0.23 0.18 -0.61 -0.67 0.00
-0.73 0.24 0.18 -0.61 -0.67 0.00
-0.71 0.23 0.18 -0.60 -0.67 0.00
-0.70 0.22 0.18 -0.60 -0.67 0.00
-0.68 0.21 0.18 -0.60 -0.67 0.00
-0.67 0.28 0.18 -0.60 -0.67 0.00
-0.66 0.28 0.18 -0.60 -0.67 0.00
-0.65 0.27 0.18 -0.60 -0.67 0.00
-0.63 0.27 0.19 -0.61 -0.67 0.00
-0.69 0.26 0.19 -0.61 -0.67 0.00
-0.68 0.26 0.18 -0.60 -0.67 0.00
-0.66 0.26 0.18 -0.60 -0.67 0.00
-0.66 0.26 0.18 -0.60 -0.67 0.00
-0.64 0.25 0.18 -0.60 -0.67 0.00
-0.63 0.24 0.18 -0.60 -0.67 0.00
-0.69 0.25 0.18 -0.60 -0.67 0.00
-0.68 0.26 0.18 -0.60 -0.67 0.00
-0.68 0.27 0.18 -0.60 -0.67 0.00
-0.66 0.27 0.18 -0.60 -0.67 0.00
-0.65 0.27 0.18 -0.60 -0.67 0.00
-0.65 0.27 0.18 -0.61 -0.67 0.00
-0.64 0.28 0.18 -0.60 -0.67 0.00
-0.63 0.27 0.18 -0.60 -0.67 0.00
-0.62 0.28 0.18 -0.60 -0.67 0.00
-0.61 0.28 0.18 -0.60 -0.67 0.00
-0.60 0.28 0.18 -0.60 -0.67 0.00
-0.59 0.28 0.18 -0.60 -0.67 0.00
-0.58 0.27 0.18 -0.60 -0.67 0.00
-0.57 0.27 0.18 -0.60 -0.67 0.00
-0.56 0.27 0.18 -0.60 -0.67 0.00
-0.55 0.27 0.18 -0.60 -0.67 0.00
-0.54 0.27 0.18 -0.60 -0.67 0.00
-0.54 0.27 0.18 -0.60 -0.67 0.00
-0.53 0.29 0.18 -0.60 -0.67 0.00
-0.53 0.29 0.19 -0.61 -0.67 0.00
-0.52 0.29 0.19 -0.61 -0.67 0.00
-0.51 0.29 0.19 -0.61 -0.67 0.00
-0.50 0.28 0.19 -0.61 -0.67 0.00
-0.56 0.27 0.19 -0.61 -0.67 0.00
-0.54 0.27 0.19 -0.61 -0.67 0.00
-0.54 0.27 0.19 -0.61 -0.67 0.00
-0.52 0.26 0.19 -0.61 -0.67 0.00
-0.51 0.26 0.19 -0.61 -0.67 0.00
-0.50 0.25 0.19 -0.61 -0.67 0.00
-0.56 0.24 0.18 -0.60 -0.67 0.00
-0.55 0.24 0.19 -0.61 -0.67 0.00
-0.54 0.25 0.19 -0.61 -0.67 0.00
-0.53 0.25 0.19 -0.61 -0.67 0.00
-0.52 0.24 0.19 -0.61 -0.67 0.00
-0.52 0.24 0.18 -0.60 -0.67 0.00
-0.51 0.24 0.18 -0.60 -0.67 0.00
-0.51 0.24 0.18 -0.60 -0.67 0.00
-0.50 0.23 0.18 -0.60 -0.67 0.00
-0.50 0.23 0.18 -0.60 -0.67 0.00
-0.50 0.24 0.18 -0.60 -0.67 0.00
-0.50 0.24 0.18 -0.60 -0.67 0.00
-0.50 0.24 0.18 -0.60 -0.67 0.00
-0.50 0.25 0.18 -0.60 -0.67 0.00
-0.49 0.24 0.18 -0.60 -0.67 0.00
-0.49 0.24 0.18 -0.60 -0.67 0.00
-0.49 0.25 0.18 -0.60 -0.67 0.00
-0.49 0.25 0.19 -0.60 -0.67 0.00
-0.49 0.26 0.19 -0.61 -0.67 0.00
-0.49 0.25 0.19 -0.61 -0.67 0.00
-0.49 0.25 0.19 -0.61 -0.67 0.00
-0.49 0.25 0.19 -0.61 -0.67 0.00
-0.48 0.25 0.19 -0.61 -0.67 0.00
-0.48 0.24 0.19 -0.61 -0.67 0.00
-0.48 0.25 0.19 -0.61 -0.67 0.00
-0.48 0.25 0.19 -0.61 -0.67 0.00
-0.48 0.24 0.19 -0.61 -0.67 0.00
-0.48 0.25 0.19 -0.61 -0.67 0.00
-0.48 0.25 0.19 -0.61 -0.67 0.00
-0.48 0.25 0.19 -0.61 -0.67 0.00
-0.47 0.25 0.19 -0.61 -0.67 0.00
-0.47 0.25 0.19 -0.61 -0.67 0.00
-0.47 0.24 0.19 -0.61 -0.67 0.00
-0.47 0.25 0.19 -0.61 -0.67 0.00
-0.47 0.25 0.19 -0.61 -0.67 0.00
-0.47 0.25 0.19 -0.61 -0.67 0.00
-0.46 0.25 0.18 -0.61 -0.67 0.00
-0.46 0.25 0.18 -0.61 -0.67 0.00
-0.46 0.25 0.18 -0.61 -0.67 0.00
-0.46 0.25 0.18 -0.61 -0.67 0.00
-0.46 0.25 0.18 -0.61 -0.67 0.00
-0.46 0.25 0.18 -0.61 -0.67 0.00
-0.46 0.25 0.18 -0.61 -0.67 0.00
-0.46 0.25 0.18 -0.61 -0.67 0.00
-0.46 0.25 0.18 -0.61 -0.67 0.00
-0.46 0.25 0.18 -0.61 -0.67 0.00
-0.46 0.25 0.18 -0.61 -0.67 0.00
-0.46 0.24 0.18 -0.60 -0.67 0.00
-0.46 0.25 0.18 -0.60 -0.67 0.00
-0.46 0.25 0.18 -0.60 -0.67 0.00
-0.46 0.25 0.18 -0.61 -0.67 0.00
-0.46 0.25 0.18 -0.61 -0.67 0.00
-0.46 0.25 0.18 -0.61 -0.67 0.00
-0.46 0.25 0.18 -0.61 -0.67 0.00
-0.46 0.25 0.18 -0.61 -0.67 0.00
-0.46 0.24 0.18 -0.61 -0.67 0.00
-0.46 0.24 0.18 -0.61 -0.67 0.00
-0.46 0.24 0.18 -0.61 -0.67 0.00
-0.46 0.25 0.18 -0.61 -0.67 0.00
-0.46 0.25 0.18 -0.61 -0.67 0.00
-0.46 0.25 0.18 -0.61 -0.67 0.00
-0.46 0.25 0.18 -0.61 -0.67 0.00
-0.46 0.25 0.18 -0.61 -0.67 0.00
-0.46 0.25 0.18 -0.61 -0.67 0.00
-0.46 0.24 0.18 -0.61 -0.67 0.00
-0.46 0.25 0.18 -0.61 -0.67 0.00
-0.46 0.25 0.18 -0.61 -0.67 0.00
-0.46 0.25 0.18 -0.61 -0.67 0.00
-0.46 0.25 0.18 -0.61 -0.67 0.00
-0.46 0.25 0.18 -0.61 -0.67 0.00
-0.46 0.25 0.18 -0.61 -0.67 0.00
-0.46 0.25 0.18 -0.61 -0.67 0.00
-0.46 0.25 0.18 -0.61 -0.67 0.00
-0.46 0.25 0.18 -0.61 -0.67 0.00
-0.46 0.25 0.18 -0.61 -0.67 0.00
-0.45 0.24 0.18 -0.61 -0.67 0.00
-0.45 0.24 0.18 -0.61 -0.67 0.00
-0.46 0.25 0.18 -0.61 -0.67 0.00
-0.46 0.25 0.18 -0.61 -0.67 0.00
-0.46 0.25 0.18 -0.61 -0.67 0.00
-0.46 0.25 0.18 -0.61 -0.67 0.00
-0.46 0.25 0.18 -0.61 -0.67 0.00
-0.45 0.25 0.18 -0.61 -0.67 0.00
-0.45 0.25 0.18 -0.61 -0.67 0.00
-0.45 0.25 0.18 -0.61 -0.67 0.00
-0.45 0.25 0.19 -0.61 -0.67 0.00
-0.45 0.25 0.19 -0.61 -0.67 0.00
-0.45 0.25 0.19 -0.61 -0.67 0.00
-0.45 0.25 0.19 -0.61 -0.67 0.00
-0.45 0.25 0.19 -0.61 -0.67 0.00
-0.45 0.25 0.19 -0.61 -0.67 0.00
-0.45 0.25 0.19 -0.61 -0.67 0.00
-0.45 0.25 0.19 -0.61 -0.67 0.00
-0.45 0.25 0.19 -0.61 -0.67 0.00
-0.45 0.25 0.19 -0.61 -0.67 0.00
-0.46 0.25 0.19 -0.61 -0.67 0.00
-0.46 0.25 0.19 -0.61 -0.67 0.00
-0.46 0.25 0.19 -0.61 -0.67 0.00
-0.46 0.25 0.19 -0.61 -0.67 0.00
-0.46 0.26 0.19 -0.61 -0.67 0.00
-0.46 0.25 0.19 -0.61 -0.67 0.00
-0.45 0.25 0.19 -0.61 -0.67 0.00
-0.46 0.25 0.19 -0.61 -0.67 0.00
-0.46 0.25 0.19 -0.61 -0.67 0.00
-0.46 0.25 0.18 -0.61 -0.67 0.00
-0.46 0.25 0.18 -0.61 -0.67 0.00
-0.46 0.25 0.18 -0.60 -0.67 0.00
-0.46 0.25 0.18 -0.60 -0.67 0.00
-0.45 0.25 0.18 -0.60 -0.67 0.00
-0.45 0.26 0.18 -0.60 -0.67 0.00
-0.45 0.25 0.18 -0.60 -0.67 0.00
-0.45 0.25 0.18 -0.60 -0.67 0.00
-0.45 0.25 0.18 -0.60 -0.67 0.00
-0.45 0.25 0.18 -0.60 -0.67 0.00
-0.45 0.25 0.18 -0.60 -0.67 0.00
-0.46 0.25 0.18 -0.61 -0.67 0.00
-0.45 0.25 0.18 -0.61 -0.67 0.00
-0.45 0.25 0.18 -0.61 -0.67 0.00
-0.45 0.25 0.18 -0.61 -0.67 0.00
-0.45 0.25 0.18 -0.61 -0.67 0.00
-0.45 0.25 0.18 -0.61 -0.67 0.00
-0.45 0.25 0.18 -0.61 -0.67 0.00
-0.45 0.24 0.18 -0.61 -0.67 0.00
-0.45 0.25 0.18 -0.61 -0.67 0.00
-0.45 0.25 0.18 -0.61 -0.67 0.00
-0.45 0.25 0.18 -0.61 -0.67 0.00
-0.45 0.25 0.18 -0.61 -0.67 0.00
-0.45 0.25 0.18 -0.61 -0.67 0.00
-0.45 0.25 0.18 -0.61 -0.67 0.00
-0.45 0.25 0.18 -0.61 -0.67 0.00
-0.45 0.25 0.18 -0.61 -0.67 0.00
-0.46 0.25 0.18 -0.61 -0.67 0.00
-0.45 0.25 0.18 -0.61 -0.67 0.00
-0.46 0.25 0.18 -0.61 -0.67 0.00
-0.45 0.25 0.18 -0.61 -0.67 0.00
-0.46 0.25 0.18 -0.61 -0.67 0.00
-0.46 0.25 0.18 -0.61 -0.67 0.00
-0.46 0.25 0.18 -0.61 -0.67 0.00
-0.46 0.25 0.18 -0.61 -0.67 0.00
-0.45 0.24 0.18 -0.61 -0.67 0.00
-0.45 0.24 0.18 -0.61 -0.67 0.00
-0.45 0.24 0.18 -0.61 -0.67 0.00
-0.45 0.24 0.18 -0.61 -0.67 0.00
-0.45 0.25 0.18 -0.61 -0.67 0.00
-0.45 0.25 0.18 -0.61 -0.67 0.00
-0.45 0.25 0.18 -0.61 -0.67 0.00
-0.45 0.25 0.18 -0.61 -0.67 0.00
-0.45 0.25 0.18 -0.61 -0.67 0.00
-0.45 0.25 0.18 -0.61 -0.67 0.00
-0.45 0.25 0.18 -0.61 -0.67 0.00
-0.45 0.25 0.18 -0.61 -0.67 0.00
-0.45 0.25 0.18 -0.61 -0.67 0.00
-0.45 0.25 0.18 -0.61 -0.67 0.00
-0.46 0.25 0.18 -0.61 -0.67 0.00
-0.46 0.25 0.18 -0.60 -0.67 0.00
-0.46 0.25 0.18 -0.60 -0.67 0.00
-0.46 0.25 0.18 -0.60 -0.67 0.00
-0.46 0.25 0.18 -0.60 -0.67 0.00
-0.46 0.25 0.18 -0.60 -0.67 0.00
-0.46 0.25 0.18 -0.60 -0.67 0.00
-0.46 0.25 0.18 -0.60 -0.67 0.00
-0.46 0.25 0.18 -0.60 -0.67 0.00
-0.46 0.25 0.18 -0.60 -0.67 0.00
-0.46 0.25 0.18 -0.60 -0.67 0.00
-0.46 0.25 0.18 -0.61 -0.67 0.00
-0.46 0.25 0.19 -0.70 -0.67 0.00
-0.46 0.25 0.19 -0.61 -0.67 0.00
-0.46 0.30 0.18 -0.61 -0.67 0.00
-0.46 0.25 0.18 -0.61 -0.67 0.00
-0.45 0.25 0.18 -0.60 -0.67 0.00
-0.45 0.25 0.18 -0.60 -0.67 0.00
-0.45 0.25 0.18 -0.60 -0.67 0.00
-0.46 0.30 0.18 -0.61 -0.67 0.00
-0.46 0.25 0.18 -0.61 -0.67 0.00
-0.46 0.25 0.18 -0.61 -0.67 0.00
-0.46 0.25 0.18 -0.61 -0.67 0.00
-0.46 0.25 0.18 -0.61 -0.67 0.00
-0.46 0.25 0.18 -0.61 -0.67 0.00
-0.46 0.25 0.18 -0.61 -0.67 0.00
-0.45 0.25 0.18 -0.61 -0.67 0.00
-0.45 0.25 0.18 -0.61 -0.67 0.00
-0.45 0.25 0.18 -0.60 -0.67 0.00
-0.45 0.25 0.18 -0.60 -0.67 0.00
-0.45 0.25 0.18 -0.60 -0.67 0.00
-0.45 0.25 0.18 -0.60 -0.67 0.00
-0.45 0.25 0.18 -0.60 -0.67 0.00
(0) fail (0) to reach the 2th target by 400 trials
-0.45 0.25 0.19 -0.60 0.00 0.00
-0.45 0.25 0.19 -0.60 0.00 0.00
-0.45 0.25 0.19 -0.60 0.00 0.00
-0.45 0.25 0.19 -0.60 0.00 0.00
-0.45 0.25 0.19 -0.60 0.00 0.00
-0.45 0.25 0.19 -0.60 0.00 0.00
-0.45 0.25 0.19 -0.60 0.00 0.00
-0.45 0.25 0.18 -0.60 0.00 0.00
-0.45 0.25 0.19 -0.60 0.00 0.00
-0.45 0.25 0.19 -0.60 0.00 0.00
-0.45 0.25 0.19 -0.61 0.00 0.00
-0.45 0.25 0.19 -0.60 0.00 0.00
-0.45 0.25 0.19 -0.60 0.00 0.00
-0.45 0.25 0.19 -0.60 0.00 0.00
-0.45 0.25 0.19 -0.60 0.00 0.00
-0.45 0.26 0.19 -0.60 0.00 0.00
-0.45 0.26 0.19 -0.60 0.00 0.00
-0.45 0.26 0.19 -0.60 0.00 0.00
-0.45 0.26 0.19 -0.60 0.00 0.00
-0.45 0.26 0.19 -0.60 0.00 0.00
-0.45 0.26 0.19 -0.61 0.00 0.00
-0.45 0.26 0.19 -0.61 0.00 0.00
-0.45 0.26 0.19 -0.61 0.00 0.00
-0.45 0.26 0.19 -0.61 0.00 0.00
-0.45 0.26 0.19 -0.61 0.00 0.00
-0.45 0.26 0.19 -0.60 0.00 0.00
-0.45 0.26 0.19 -0.60 0.00 0.00
-0.45 0.26 0.19 -0.60 0.00 0.00
-0.45 0.26 0.19 -0.61 0.00 0.00
-0.45 0.26 0.19 -0.60 0.00 0.00
-0.45 0.26 0.19 -0.60 0.00 0.00
-0.45 0.26 0.19 -0.60 0.00 0.00
-0.45 0.26 0.19 -0.60 0.00 0.00
-0.45 0.25 0.19 -0.61 0.00 0.00
-0.45 0.25 0.19 -0.61 0.00 0.00
-0.45 0.25 0.19 -0.61 0.00 0.00
-0.45 0.25 0.19 -0.61 0.00 0.00
-0.45 0.25 0.19 -0.61 0.00 0.00
-0.45 0.25 0.19 -0.60 0.00 0.00
-0.45 0.25 0.19 -0.61 0.00 0.00
-0.45 0.25 0.19 -0.61 0.00 0.00
-0.45 0.25 0.19 -0.61 0.00 0.00
-0.45 0.25 0.19 -0.61 0.00 0.00
-0.45 0.25 0.19 -0.61 0.00 0.00
-0.45 0.25 0.19 -0.61 0.00 0.00
-0.45 0.25 0.19 -0.61 0.00 0.00
-0.45 0.25 0.19 -0.61 0.00 0.00
-0.45 0.25 0.19 -0.61 0.00 0.00
-0.45 0.25 0.19 -0.61 0.00 0.00
-0.45 0.25 0.19 -0.60 0.00 0.00
-0.45 0.25 0.19 -0.60 0.00 0.00
-0.45 0.25 0.19 -0.60 0.00 0.00
-0.45 0.25 0.19 -0.60 0.00 0.00
-0.45 0.25 0.19 -0.60 0.00 0.00
-0.45 0.25 0.19 -0.60 0.00 0.00
-0.45 0.25 0.19 -0.60 0.00 0.00
-0.45 0.25 0.19 -0.60 0.00 0.00
-0.45 0.25 0.19 -0.60 0.00 0.00
-0.45 0.25 0.19 -0.60 0.00 0.00
-0.45 0.25 0.19 -0.60 0.00 0.00
-0.45 0.25 0.19 -0.60 0.00 0.00
-0.45 0.25 0.19 -0.60 0.00 0.00
-0.45 0.25 0.19 -0.60 0.00 0.00
-0.45 0.25 0.19 -0.60 0.00 0.00
-0.45 0.25 0.19 -0.60 0.00 0.00
-0.45 0.25 0.19 -0.60 0.00 0.00
-0.45 0.25 0.19 -0.60 0.00 0.00
-0.45 0.25 0.19 -0.60 0.00 0.00
-0.45 0.25 0.19 -0.60 0.00 0.00
-0.45 0.25 0.19 -0.60 0.00 0.00
-0.45 0.25 0.19 -0.60 0.00 0.00
-0.45 0.25 0.19 -0.60 0.00 0.00
-0.45 0.25 0.19 -0.60 0.00 0.00
-0.45 0.25 0.19 -0.60 0.00 0.00
-0.45 0.25 0.19 -0.60 0.00 0.00
-0.45 0.25 0.19 -0.60 0.00 0.00
-0.45 0.25 0.19 -0.60 0.00 0.00
-0.45 0.25 0.19 -0.60 0.00 0.00
-0.45 0.25 0.19 -0.60 0.00 0.00
-0.45 0.26 0.19 -0.60 0.00 0.00
-0.45 0.26 0.19 -0.60 0.00 0.00
-0.45 0.25 0.19 -0.60 0.00 0.00
-0.45 0.25 0.19 -0.60 0.00 0.00
-0.45 0.25 0.19 -0.60 0.00 0.00
-0.45 0.25 0.19 -0.60 0.00 0.00
-0.45 0.25 0.19 -0.60 0.00 0.00
-0.45 0.25 0.19 -0.60 0.00 0.00
-0.45 0.25 0.19 -0.60 0.00 0.00
-0.45 0.25 0.19 -0.60 0.00 0.00
-0.45 0.26 0.19 -0.60 0.00 0.00
-0.45 0.25 0.19 -0.60 0.00 0.00
-0.45 0.25 0.19 -0.60 0.00 0.00
-0.45 0.26 0.19 -0.60 0.00 0.00
-0.45 0.26 0.19 -0.60 0.00 0.00
-0.45 0.27 0.19 -0.60 0.00 0.00
-0.45 0.27 0.19 -0.60 0.00 0.00
-0.45 0.27 0.19 -0.60 0.00 0.00
-0.45 0.28 0.19 -0.60 0.00 0.00
-0.44 0.27 0.19 -0.60 0.00 0.00
-0.44 0.27 0.19 -0.60 0.00 0.00
-0.44 0.27 0.18 -0.60 0.00 0.00
-0.43 0.26 0.18 -0.60 0.00 0.00
-0.42 0.27 0.18 -0.59 0.00 0.00
-0.42 0.27 0.18 -0.59 0.00 0.00
-0.41 0.26 0.19 -0.60 0.00 0.00
-0.40 0.27 0.19 -0.60 0.00 0.00
-0.39 0.27 0.19 -0.60 0.00 0.00
-0.37 0.26 0.19 -0.60 0.00 0.00
-0.42 0.26 0.19 -0.60 0.00 0.00
-0.39 0.26 0.19 -0.60 0.00 0.00
-0.37 0.26 0.19 -0.60 0.00 0.00
-0.41 0.25 0.19 -0.60 0.00 0.00
-0.39 0.25 0.19 -0.60 0.00 0.00
-0.37 0.25 0.19 -0.60 0.00 0.00
-0.36 0.25 0.19 -0.60 0.00 0.00
-0.35 0.24 0.19 -0.60 0.00 0.00
-0.34 0.25 0.19 -0.60 0.00 0.00
-0.33 0.25 0.19 -0.60 0.00 0.00
-0.33 0.27 0.19 -0.60 0.00 0.00
-0.32 0.27 0.19 -0.60 0.00 0.00
-0.31 0.27 0.19 -0.60 0.00 0.00
-0.29 0.26 0.19 -0.60 0.00 0.00
-0.27 0.25 0.19 -0.60 0.00 0.00
-0.25 0.25 0.19 -0.60 0.00 0.00
-0.23 0.25 0.19 -0.60 0.00 0.00
-0.28 0.25 0.19 -0.60 0.00 0.00
-0.26 0.25 0.19 -0.60 0.00 0.00
-0.24 0.25 0.19 -0.60 0.00 0.00
-0.23 0.26 0.19 -0.60 0.00 0.00
-0.29 0.27 0.19 -0.60 0.00 0.00
-0.27 0.27 0.19 -0.60 0.00 0.00
-0.26 0.27 0.19 -0.60 0.00 0.00
-0.24 0.26 0.19 -0.60 0.00 0.00
-0.23 0.26 0.18 -0.60 0.00 0.00
-0.22 0.25 0.18 -0.60 0.00 0.00
-0.21 0.25 0.19 -0.60 0.00 0.00
-0.20 0.26 0.19 -0.60 0.00 0.00
-0.20 0.26 0.19 -0.60 0.00 0.00
-0.18 0.26 0.18 -0.60 0.00 0.00
-0.17 0.26 0.18 -0.60 0.00 0.00
-0.15 0.27 0.19 -0.60 0.00 0.00
-0.13 0.27 0.19 -0.60 0.00 0.00
-0.12 0.27 0.18 -0.60 0.00 0.00
-0.11 0.27 0.18 -0.60 0.00 0.00
-0.15 0.26 0.18 -0.60 0.00 0.00
-0.13 0.26 0.18 -0.60 0.00 0.00
-0.11 0.26 0.18 -0.60 0.00 0.00
-0.10 0.26 0.18 -0.60 0.00 0.00
-0.09 0.26 0.19 -0.60 0.00 0.00
-0.15 0.25 0.19 -0.60 0.00 0.00
-0.14 0.26 0.19 -0.60 0.00 0.00
-0.12 0.25 0.19 -0.60 0.00 0.00
-0.10 0.25 0.19 -0.60 0.00 0.00
-0.09 0.24 0.19 -0.60 0.00 0.00
-0.08 0.24 0.19 -0.60 0.00 0.00
-0.06 0.25 0.19 -0.60 0.00 0.00
-0.04 0.24 0.19 -0.60 0.00 0.00
-0.02 0.24 0.19 -0.60 0.00 0.00
-0.00 0.23 0.19 -0.60 0.00 0.00
0.01 0.23 0.19 -0.60 0.00 0.00
0.02 0.22 0.19 -0.60 0.00 0.00
0.03 0.23 0.19 -0.60 0.00 0.00
0.05 0.23 0.19 -0.60 0.00 0.00
-0.00 0.23 0.19 -0.60 0.00 0.00
0.01 0.23 0.19 -0.60 0.00 0.00
0.02 0.22 0.19 -0.60 0.00 0.00
0.04 0.21 0.19 -0.60 0.00 0.00
-0.01 0.19 0.19 -0.60 0.00 0.00
0.01 0.19 0.18 -0.60 0.00 0.00
0.03 0.18 0.18 -0.60 0.00 0.00
0.05 0.18 0.18 -0.60 0.00 0.00
0.06 0.17 0.18 -0.60 0.00 0.00
0.06 0.17 0.18 -0.60 0.00 0.00
0.07 0.17 0.18 -0.60 0.00 0.00
0.08 0.17 0.18 -0.60 0.00 0.00
0.09 0.17 0.18 -0.60 0.00 0.00
0.10 0.16 0.18 -0.60 0.00 0.00
0.12 0.16 0.18 -0.60 0.00 0.00
0.13 0.15 0.18 -0.61 0.00 0.00
0.14 0.15 0.18 -0.61 0.00 0.00
0.15 0.16 0.18 -0.61 0.00 0.00
0.16 0.15 0.19 -0.60 0.00 0.00
0.16 0.20 0.19 -0.60 0.00 0.00
0.18 0.19 0.18 -0.60 0.00 0.00
0.19 0.18 0.19 -0.61 0.00 0.00
0.19 0.19 0.19 -0.61 0.00 0.00
0.19 0.19 0.19 -0.61 0.00 0.00
0.13 0.18 0.19 -0.61 0.00 0.00
0.15 0.16 0.19 -0.60 0.00 0.00
0.15 0.16 0.18 -0.60 0.00 0.00
0.15 0.17 0.18 -0.61 0.00 0.00
0.15 0.18 0.18 -0.61 0.00 0.00
0.15 0.19 0.18 -0.61 0.00 0.00
0.15 0.19 0.18 -0.61 0.00 0.00
0.15 0.19 0.19 -0.61 0.00 0.00
0.15 0.20 0.19 -0.61 0.00 0.00
0.16 0.20 0.19 -0.61 0.00 0.00
0.17 0.18 0.18 -0.61 0.00 0.00
0.19 0.17 0.18 -0.61 0.00 0.00
0.13 0.17 0.18 -0.61 0.00 0.00
0.13 0.18 0.18 -0.61 0.00 0.00
0.14 0.18 0.18 -0.61 0.00 0.00
0.14 0.17 0.18 -0.61 0.00 0.00
0.15 0.15 0.18 -0.61 0.00 0.00
0.15 0.14 0.18 -0.61 0.00 0.00
0.16 0.14 0.18 -0.60 0.00 0.00
0.16 0.14 0.18 -0.60 0.00 0.00
0.16 0.14 0.18 -0.60 0.00 0.00
0.16 0.15 0.18 -0.60 0.00 0.00
0.15 0.16 0.18 -0.61 0.00 0.00
0.14 0.17 0.18 -0.61 0.00 0.00
0.18 0.21 0.18 -0.61 0.00 0.00
0.17 0.17 0.18 -0.60 0.00 0.00
0.15 0.20 0.18 -0.60 0.00 0.00
0.16 0.20 0.18 -0.61 0.00 0.00
0.17 0.18 0.18 -0.61 0.00 0.00
0.19 0.16 0.18 -0.61 0.00 0.00
0.19 0.21 0.18 -0.61 0.00 0.00
0.13 0.20 0.18 -0.61 0.00 0.00
0.13 0.19 0.18 -0.61 0.00 0.00
0.14 0.19 0.18 -0.61 0.00 0.00
0.14 0.18 0.18 -0.60 0.00 0.00
0.14 0.18 0.18 -0.61 0.00 0.00
0.15 0.18 0.18 -0.60 0.00 0.00
0.15 0.18 0.18 -0.60 0.00 0.00
0.15 0.18 0.18 -0.60 0.00 0.00
0.15 0.18 0.18 -0.61 0.00 0.00
0.15 0.18 0.18 -0.61 0.00 0.00
0.15 0.17 0.18 -0.61 0.00 0.00
0.15 0.18 0.18 -0.61 0.00 0.00
0.16 0.17 0.18 -0.60 0.00 0.00
0.16 0.17 0.18 -0.61 0.00 0.00
0.16 0.17 0.18 -0.61 0.00 0.00
0.16 0.17 0.18 -0.61 0.00 0.00
0.16 0.17 0.18 -0.60 0.00 0.00
0.16 0.17 0.18 -0.60 0.00 0.00
0.16 0.17 0.18 -0.60 0.00 0.00
0.16 0.17 0.18 -0.60 0.00 0.00
0.16 0.17 0.18 -0.60 0.00 0.00
0.16 0.16 0.18 -0.60 0.00 0.00
0.16 0.16 0.18 -0.60 0.00 0.00
0.16 0.16 0.18 -0.60 0.00 0.00
0.16 0.16 0.18 -0.60 0.00 0.00
0.16 0.16 0.18 -0.60 0.00 0.00
0.17 0.16 0.18 -0.60 0.00 0.00
0.17 0.16 0.18 -0.60 0.00 0.00
0.17 0.16 0.18 -0.61 0.00 0.00
0.17 0.16 0.18 -0.60 0.00 0.00
0.17 0.16 0.18 -0.61 0.00 0.00
0.16 0.16 0.18 -0.61 0.00 0.00
0.17 0.16 0.18 -0.61 0.00 0.00
0.17 0.16 0.18 -0.61 0.00 0.00
0.17 0.16 0.18 -0.61 0.00 0.00
0.17 0.16 0.18 -0.61 0.00 0.00
0.17 0.16 0.18 -0.61 0.00 0.00
0.17 0.16 0.18 -0.61 0.00 0.00
0.17 0.16 0.18 -0.60 0.00 0.00
0.17 0.16 0.18 -0.60 0.00 0.00
0.17 0.16 0.18 -0.60 0.00 0.00
0.17 0.16 0.18 -0.60 0.00 0.00
0.17 0.16 0.18 -0.60 0.00 0.00
0.17 0.16 0.18 -0.60 0.00 0.00
0.17 0.16 0.18 -0.60 0.00 0.00
0.17 0.16 0.18 -0.60 0.00 0.00
0.17 0.16 0.18 -0.60 0.00 0.00
0.17 0.16 0.18 -0.60 0.00 0.00
0.17 0.16 0.18 -0.60 0.00 0.00
0.17 0.16 0.18 -0.60 0.00 0.00
0.17 0.16 0.18 -0.60 0.00 0.00
0.17 0.16 0.18 -0.60 0.00 0.00
0.17 0.16 0.18 -0.60 0.00 0.00
0.17 0.16 0.18 -0.61 0.00 0.00
0.17 0.16 0.18 -0.61 0.00 0.00
0.17 0.16 0.18 -0.61 0.00 0.00
0.17 0.16 0.18 -0.61 0.00 0.00
0.17 0.16 0.18 -0.61 0.00 0.00
0.17 0.16 0.18 -0.61 0.00 0.00
0.17 0.16 0.18 -0.61 0.00 0.00
0.17 0.16 0.18 -0.61 0.00 0.00
0.17 0.16 0.18 -0.61 0.00 0.00
0.17 0.16 0.18 -0.61 0.00 0.00
0.17 0.16 0.18 -0.61 0.00 0.00
0.17 0.16 0.18 -0.61 0.00 0.00
0.17 0.16 0.18 -0.61 0.00 0.00
0.17 0.16 0.18 -0.61 0.00 0.00
0.17 0.16 0.18 -0.61 0.00 0.00
0.17 0.16 0.18 -0.61 0.00 0.00
0.17 0.16 0.18 -0.61 0.00 0.00
0.17 0.16 0.18 -0.61 0.00 0.00
0.17 0.15 0.18 -0.61 0.00 0.00
0.17 0.16 0.18 -0.61 0.00 0.00
0.17 0.15 0.18 -0.60 0.00 0.00
0.17 0.16 0.18 -0.60 0.00 0.00
0.17 0.15 0.18 -0.60 0.00 0.00
0.17 0.16 0.18 -0.60 0.00 0.00
0.17 0.15 0.18 -0.60 0.00 0.00
0.17 0.15 0.18 -0.61 0.00 0.00
0.17 0.15 0.18 -0.61 0.00 0.00
0.17 0.15 0.18 -0.61 0.00 0.00
0.17 0.15 0.18 -0.61 0.00 0.00
0.17 0.15 0.18 -0.61 0.00 0.00
0.17 0.15 0.18 -0.61 0.00 0.00
0.17 0.15 0.18 -0.61 0.00 0.00
0.17 0.15 0.18 -0.61 0.00 0.00
0.18 0.15 0.18 -0.61 0.00 0.00
0.17 0.15 0.18 -0.61 0.00 0.00
0.17 0.15 0.18 -0.61 0.00 0.00
0.17 0.15 0.18 -0.61 0.00 0.00
0.17 0.15 0.18 -0.61 0.00 0.00
0.17 0.15 0.18 -0.61 0.00 0.00
0.17 0.16 0.18 -0.61 0.00 0.00
0.17 0.15 0.18 -0.61 0.00 0.00
0.17 0.15 0.18 -0.61 0.00 0.00
0.17 0.15 0.18 -0.61 0.00 0.00
0.17 0.15 0.18 -0.61 0.00 0.00
0.17 0.15 0.18 -0.61 0.00 0.00
0.17 0.15 0.18 -0.61 0.00 0.00
0.18 0.15 0.18 -0.61 0.00 0.00
0.17 0.15 0.18 -0.61 0.00 0.00
0.18 0.15 0.18 -0.61 0.00 0.00
0.17 0.15 0.18 -0.61 0.00 0.00
0.18 0.15 0.18 -0.61 0.00 0.00
0.18 0.15 0.18 -0.61 0.00 0.00
0.18 0.15 0.18 -0.61 0.00 0.00
0.17 0.15 0.18 -0.61 0.00 0.00
0.18 0.15 0.18 -0.61 0.00 0.00
0.18 0.15 0.18 -0.61 0.00 0.00
0.18 0.15 0.18 -0.61 0.00 0.00
0.18 0.15 0.18 -0.61 0.00 0.00
0.18 0.15 0.18 -0.61 0.00 0.00
0.18 0.15 0.18 -0.61 0.00 0.00
0.18 0.15 0.18 -0.61 0.00 0.00
0.17 0.15 0.18 -0.61 0.00 0.00
0.18 0.15 0.18 -0.61 0.00 0.00
0.18 0.15 0.18 -0.61 0.00 0.00
0.18 0.15 0.18 -0.61 0.00 0.00
0.18 0.15 0.18 -0.61 0.00 0.00
0.18 0.15 0.18 -0.61 0.00 0.00
0.18 0.15 0.18 -0.61 0.00 0.00
0.18 0.15 0.18 -0.61 0.00 0.00
0.18 0.15 0.18 -0.61 0.00 0.00
0.18 0.15 0.18 -0.61 0.00 0.00
0.18 0.15 0.18 -0.61 0.00 0.00
0.18 0.15 0.18 -0.61 0.00 0.00
0.18 0.15 0.18 -0.61 0.00 0.00
0.18 0.15 0.18 -0.61 0.00 0.00
0.18 0.15 0.18 -0.61 0.00 0.00
0.18 0.15 0.18 -0.61 0.00 0.00
0.18 0.15 0.18 -0.61 0.00 0.00
0.18 0.15 0.18 -0.61 0.00 0.00
0.18 0.15 0.18 -0.61 0.00 0.00
0.18 0.15 0.18 -0.61 0.00 0.00
0.18 0.15 0.18 -0.61 0.00 0.00
0.18 0.15 0.18 -0.61 0.00 0.00
0.18 0.15 0.18 -0.61 0.00 0.00
0.18 0.15 0.18 -0.61 0.00 0.00
0.18 0.15 0.18 -0.61 0.00 0.00
0.18 0.15 0.18 -0.61 0.00 0.00
0.18 0.15 0.18 -0.61 0.00 0.00
0.18 0.15 0.18 -0.61 0.00 0.00
0.18 0.15 0.18 -0.61 0.00 0.00
0.18 0.15 0.18 -0.61 0.00 0.00
0.18 0.15 0.18 -0.61 0.00 0.00
0.18 0.15 0.18 -0.61 0.00 0.00
0.18 0.15 0.18 -0.61 0.00 0.00
0.18 0.15 0.18 -0.61 0.00 0.00
0.18 0.15 0.18 -0.61 0.00 0.00
0.18 0.15 0.18 -0.61 0.00 0.00
0.18 0.15 0.18 -0.61 0.00 0.00
0.18 0.15 0.18 -0.61 0.00 0.00
0.18 0.15 0.18 -0.61 0.00 0.00
0.18 0.15 0.18 -0.61 0.00 0.00
0.18 0.15 0.18 -0.61 0.00 0.00
0.18 0.15 0.18 -0.61 0.00 0.00
0.18 0.15 0.18 -0.61 0.00 0.00
0.18 0.15 0.18 -0.61 0.00 0.00
0.18 0.15 0.18 -0.61 0.00 0.00
0.18 0.15 0.18 -0.61 0.00 0.00
0.18 0.15 0.18 -0.61 0.00 0.00
0.18 0.15 0.18 -0.61 0.00 0.00
0.18 0.15 0.18 -0.61 0.00 0.00
0.18 0.15 0.18 -0.61 0.00 0.00
0.18 0.15 0.18 -0.61 0.00 0.00
0.17 0.21 0.18 -0.61 0.00 0.00
0.18 0.15 0.18 -0.61 0.00 0.00
0.18 0.15 0.18 -0.61 0.00 0.00
0.18 0.15 0.18 -0.61 0.00 0.00
0.18 0.15 0.18 -0.61 0.00 0.00
0.18 0.15 0.18 -0.61 0.00 0.00
0.18 0.15 0.18 -0.61 0.00 0.00
0.17 0.21 0.18 -0.61 0.00 0.00
0.18 0.15 0.18 -0.61 0.00 0.00
0.18 0.15 0.18 -0.61 0.00 0.00
0.18 0.15 0.18 -0.61 0.00 0.00
0.18 0.15 0.18 -0.61 0.00 0.00
0.18 0.15 0.18 -0.61 0.00 0.00
0.18 0.15 0.18 -0.61 0.00 0.00
0.17 0.21 0.18 -0.61 0.00 0.00
0.18 0.15 0.18 -0.61 0.00 0.00
0.18 0.15 0.18 -0.61 0.00 0.00
(0) fail (0) to reach the 3th target by 400 trials
