#Time 	Sensor1         Sensor2         Target          Time            Vel             
#================================================================

17      	-0.48, 0.71, -6.83 	10.54, -15.46, -2.07 	0.00, 30.00 	10,15,41,293		0.00,0.00	0,0 	0
26      	-0.48, 0.70, -6.83 	10.51, -15.43, -2.07 	0.00, 30.00 	10,15,41,303		1.18,5.14	0,0 	0
35      	-0.48, 0.70, -6.83 	10.53, -15.43, -2.07 	0.00, 30.00 	10,15,41,312		0.00,2.45	0,0 	0
44      	-0.48, 0.71, -6.82 	10.51, -15.41, -2.07 	0.00, 30.00 	10,15,41,322		1.18,3.43	0,0 	0
53      	-0.48, 0.70, -6.82 	10.48, -15.40, -2.09 	0.00, 30.00 	10,15,41,332		1.18,2.74	0,0 	0
62      	-0.47, 0.70, -6.82 	10.47, -15.42, -2.09 	0.00, 30.00 	10,15,41,341		1.23,2.63	0,0 	0
71      	-0.48, 0.70, -6.83 	10.45, -15.41, -2.09 	0.00, 30.00 	10,15,41,351		1.23,2.74	0,0 	0
80      	-0.48, 0.70, -6.83 	10.47, -15.42, -2.10 	0.00, 30.00 	10,15,41,361		0.00,2.74	0,0 	0
89      	-0.49, 0.70, -6.83 	10.44, -15.45, -2.10 	0.00, 30.00 	10,15,41,370		1.23,4.32	0,0 	0
98      	-0.50, 0.70, -6.83 	10.41, -15.45, -2.11 	0.00, 30.00 	10,15,41,380		1.23,3.67	0,0 	0
107     	-0.51, 0.70, -6.82 	10.45, -15.42, -2.10 	0.00, 30.00 	10,15,41,390		1.23,5.39	0,0 	0
116     	-0.50, 0.69, -6.82 	10.44, -15.44, -2.11 	0.00, 30.00 	10,15,41,400		1.72,1.68	0,0 	0
125     	-0.51, 0.70, -6.82 	10.41, -15.42, -2.11 	0.00, 30.00 	10,15,41,409		1.72,4.40	0,0 	0
134     	-0.51, 0.70, -6.82 	10.47, -15.39, -2.11 	0.00, 30.00 	10,15,41,419		0.00,7.66	0,0 	0
143     	-0.51, 0.70, -6.82 	10.46, -15.37, -2.10 	0.00, 30.00 	10,15,41,429		0.00,2.68	0,0 	0
152     	-0.49, 0.69, -6.81 	10.44, -15.38, -2.10 	0.00, 30.00 	10,15,41,438		2.75,2.69	0,0 	0
161     	-0.54, 0.69, -6.81 	10.40, -15.36, -2.09 	0.00, 30.00 	10,15,41,448		5.09,4.40	0,0 	0
170     	-0.55, 0.69, -6.81 	10.37, -15.36, -2.10 	0.00, 30.00 	10,15,41,458		1.23,3.67	0,0 	0
179     	-0.55, 0.71, -6.81 	10.35, -15.32, -2.11 	0.00, 30.00 	10,15,41,467		1.18,5.35	0,0 	0
188     	-0.55, 0.69, -6.81 	10.35, -15.32, -2.10 	0.00, 30.00 	10,15,41,477		1.18,0.00	0,0 	0
197     	-0.55, 0.71, -6.82 	10.35, -15.33, -2.10 	0.00, 30.00 	10,15,41,487		1.18,1.18	0,0 	0
206     	-0.52, 0.68, -6.82 	10.36, -15.33, -2.09 	0.00, 30.00 	10,15,41,496		3.43,1.22	0,0 	0
215     	-0.51, 0.70, -6.82 	10.41, -15.32, -2.09 	0.00, 30.00 	10,15,41,506		1.69,6.20	0,0 	0
224     	-0.51, 0.70, -6.82 	10.40, -15.31, -2.10 	0.00, 30.00 	10,15,41,516		0.00,1.71	0,0 	0
233     	-0.51, 0.70, -6.82 	10.39, -15.30, -2.09 	0.00, 30.00 	10,15,41,525		0.00,1.71	0,0 	0
242     	-0.51, 0.70, -6.82 	10.44, -15.29, -2.08 	0.00, 30.00 	10,15,41,535		0.00,6.20	0,0 	0
251     	-0.51, 0.70, -6.82 	10.44, -15.28, -2.08 	0.00, 30.00 	10,15,41,545		0.00,1.18	0,0 	0
260     	-0.51, 0.70, -6.82 	10.48, -15.26, -2.09 	0.00, 30.00 	10,15,41,554		0.00,3.83	0,0 	0
269     	-0.52, 0.70, -6.82 	10.46, -15.24, -2.11 	0.00, 30.00 	10,15,41,564		1.23,2.68	0,0 	0
278     	-0.52, 0.70, -6.82 	10.44, -15.25, -2.12 	0.00, 30.00 	10,15,41,574		0.00,2.69	0,0 	0
287     	-0.52, 0.70, -6.82 	10.44, -15.25, -2.13 	0.00, 30.00 	10,15,41,583		0.00,0.00	0,0 	0
296     	-0.52, 0.70, -6.83 	10.44, -15.25, -2.14 	0.00, 30.00 	10,15,41,593		0.00,0.00	0,0 	0
305     	-0.50, 0.72, -6.82 	10.43, -15.26, -2.13 	0.00, 30.00 	10,15,41,603		3.39,1.22	0,0 	0
314     	-0.47, 0.74, -6.83 	10.41, -15.30, -2.13 	0.00, 30.00 	10,15,41,613		4.36,5.27	0,0 	0
323     	-0.48, 0.76, -6.84 	10.43, -15.30, -2.10 	0.00, 30.00 	10,15,41,622		2.67,2.45	0,0 	0
332     	-0.55, 0.80, -6.85 	10.40, -15.26, -2.11 	0.00, 30.00 	10,15,41,632		8.83,6.03	0,0 	0
341     	-0.56, 0.97, -6.86 	10.40, -15.26, -2.11 	0.00, 30.00 	10,15,41,642		18.82,0.00	0,0 	0
350     	-0.80, 1.52, -6.91 	10.40, -15.26, -2.11 	0.00, 30.00 	10,15,41,651		66.89,0.00	0,0 	0
359     	-1.29, 3.10, -7.09 	10.38, -15.26, -2.12 	0.00, 30.00 	10,15,41,661		183.63,2.45	0,0 	0
368     	-1.54, 4.66, -7.29 	10.41, -15.27, -2.12 	0.00, 30.00 	10,15,41,671		175.27,3.88	0,0 	0
377     	-1.55, 5.74, -7.53 	10.41, -15.27, -2.11 	0.00, 30.00 	10,15,41,680		120.02,0.00	0,0 	0
386     	-1.50, 6.95, -7.73 	10.42, -15.24, -2.13 	0.00, 30.00 	10,15,41,690		134.46,2.63	0,0 	0
395     	-1.58, 8.17, -7.80 	10.42, -15.24, -2.12 	0.00, 30.00 	10,15,41,700		136.43,0.00	0,0 	0
404     	-1.71, 9.53, -7.88 	10.44, -15.21, -2.11 	0.00, 30.00 	10,15,41,709		151.91,4.26	0,0 	0
413     	-1.93, 11.08, -7.99 	10.41, -15.23, -2.11 	0.00, 30.00 	10,15,41,719		173.70,4.32	0,0 	0
422     	-2.12, 12.78, -8.14 	10.42, -15.26, -2.10 	0.00, 30.00 	10,15,41,729		189.80,2.68	0,0 	0
431     	-2.16, 14.41, -8.25 	10.40, -15.24, -2.11 	0.00, 30.00 	10,15,41,738		181.12,3.43	0,0 	0
440     	-2.02, 15.93, -8.34 	10.42, -15.27, -2.11 	0.00, 30.00 	10,15,41,748		169.63,4.34	0,0 	0
449     	-1.69, 17.46, -8.44 	10.42, -15.29, -2.10 	0.00, 30.00 	10,15,41,758		173.65,2.36	0,0 	0
458     	-1.25, 18.95, -8.51 	10.43, -15.29, -2.10 	0.00, 30.00 	10,15,41,767		172.70,1.22	0,0 	0
467     	-0.68, 20.29, -8.55 	10.43, -15.30, -2.10 	0.00, 30.00 	10,15,41,777		162.62,1.18	0,0 	0
476     	-0.07, 21.49, -8.56 	10.42, -15.28, -2.10 	0.00, 30.00 	10,15,41,787		149.20,2.68	0,0 	0
485     	0.47, 22.58, -8.53 	10.42, -15.29, -2.10 	0.00, 30.00 	10,15,41,796		134.38,1.18	0,0 	0
494     	0.81, 23.44, -8.43 	10.43, -15.28, -2.12 	0.00, 30.00 	10,15,41,806		102.99,1.68	0,0 	0
503     	1.02, 24.00, -8.23 	10.48, -15.26, -2.12 	0.00, 30.00 	10,15,41,816		66.57,5.01	0,0 	0
512     	1.10, 24.46, -7.99 	10.52, -15.23, -2.10 	0.00, 30.00 	10,15,41,825		51.62,5.98	0,0 	0
521     	1.12, 24.87, -7.80 	10.52, -15.24, -2.10 	0.00, 30.00 	10,15,41,835		46.06,1.18	0,0 	0
530     	1.09, 25.25, -7.60 	10.50, -15.23, -2.09 	0.00, 30.00 	10,15,41,845		42.37,2.74	0,0 	0
539     	1.07, 25.56, -7.41 	10.47, -15.20, -2.08 	0.00, 30.00 	10,15,41,855		34.10,4.34	0,0 	0
548     	1.10, 25.83, -7.24 	10.55, -15.19, -2.08 	0.00, 30.00 	10,15,41,864		30.90,8.62	0,0 	0
557     	1.15, 26.05, -7.11 	10.54, -15.18, -2.07 	0.00, 30.00 	10,15,41,874		24.56,1.71	0,0 	0
566     	1.27, 26.25, -7.08 	10.60, -15.16, -2.05 	0.00, 30.00 	10,15,41,884		25.99,7.41	0,0 	0
575     	1.38, 26.45, -7.08 	10.75, -15.11, -2.06 	0.00, 30.00 	10,15,41,893		24.99,18.00	0,0 	0
584     	1.45, 26.63, -7.08 	10.83, -15.03, -2.01 	0.00, 30.00 	10,15,41,903		21.67,11.77	0,0 	0
593     	1.44, 26.78, -7.09 	10.97, -14.99, -1.98 	0.00, 30.00 	10,15,41,913		16.46,16.22	0,0 	0
602     	1.41, 26.86, -7.09 	11.07, -14.96, -1.93 	0.00, 30.00 	10,15,41,922		9.76,11.49	0,0 	0
611     	1.36, 26.89, -7.09 	11.18, -14.89, -1.92 	0.00, 30.00 	10,15,41,932		6.11,15.07	0,0 	0
620     	1.33, 26.88, -7.08 	11.20, -14.79, -1.89 	0.00, 30.00 	10,15,41,942		3.87,11.99	0,0 	0
629     	1.27, 26.85, -7.07 	11.20, -14.70, -1.84 	0.00, 30.00 	10,15,41,951		8.16,9.43	0,0 	0
638     	1.21, 26.83, -7.07 	11.16, -14.61, -1.85 	0.00, 30.00 	10,15,41,961		6.27,11.29	0,0 	0
647     	1.17, 26.84, -7.06 	11.19, -14.49, -1.84 	0.00, 30.00 	10,15,41,971		5.09,13.40	0,0 	0
656     	1.13, 26.84, -7.05 	11.24, -14.47, -1.85 	0.00, 30.00 	10,15,41,980		3.70,6.51	0,0 	0
665     	1.09, 26.83, -7.03 	11.30, -14.45, -1.84 	0.00, 30.00 	10,15,41,990		5.06,7.41	0,0 	0
674     	1.02, 26.79, -7.01 	11.35, -14.41, -1.80 	0.00, 30.00 	10,15,41,0		8.16,6.73	0,0 	0
683     	0.96, 26.73, -6.98 	11.35, -14.42, -1.77 	0.00, 30.00 	10,15,42,9		10.16,1.18	0,0 	0
692     	0.94, 26.68, -6.97 	11.33, -14.43, -1.77 	0.00, 30.00 	10,15,42,19		5.28,2.69	0,0 	0
701     	0.88, 26.65, -6.98 	11.25, -14.42, -1.75 	0.00, 30.00 	10,15,42,29		8.16,8.66	0,0 	0
710     	0.77, 26.44, -7.04 	11.21, -14.41, -1.76 	0.00, 30.00 	10,15,42,38		25.99,3.88	0,0 	0
719     	0.76, 26.17, -7.12 	11.14, -14.38, -1.75 	0.00, 30.00 	10,15,42,48		30.64,9.33	0,0 	0
728     	0.82, 25.92, -7.19 	11.12, -14.38, -1.75 	0.00, 30.00 	10,15,42,58		28.72,1.22	0,0 	0
737     	0.90, 25.69, -7.23 	11.15, -14.41, -1.75 	0.00, 30.00 	10,15,42,68		27.01,3.43	0,0 	0
746     	1.05, 25.48, -7.25 	11.12, -14.37, -1.76 	0.00, 30.00 	10,15,42,77		28.65,4.34	0,0 	0
755     	1.20, 25.26, -7.27 	11.17, -14.36, -1.76 	0.00, 30.00 	10,15,42,87		28.97,5.01	0,0 	0
764     	1.32, 25.03, -7.29 	11.18, -14.35, -1.75 	0.00, 30.00 	10,15,42,97		29.88,1.68	0,0 	0
773     	1.37, 24.76, -7.33 	11.13, -14.35, -1.76 	0.00, 30.00 	10,15,42,106		29.68,4.89	0,0 	0
782     	1.35, 24.49, -7.38 	11.11, -14.36, -1.76 	0.00, 30.00 	10,15,42,116		30.75,2.69	0,0 	0
791     	1.32, 24.18, -7.47 	11.08, -14.35, -1.76 	0.00, 30.00 	10,15,42,126		34.39,3.88	0,0 	0
800     	1.29, 23.92, -7.64 	11.08, -14.38, -1.76 	0.00, 30.00 	10,15,42,135		28.58,2.36	0,0 	0
809     	1.30, 23.72, -7.83 	11.06, -14.37, -1.76 	0.00, 30.00 	10,15,42,145		22.34,2.74	0,0 	0
818     	1.40, 23.58, -8.06 	11.12, -14.37, -1.78 	0.00, 30.00 	10,15,42,155		19.31,7.45	0,0 	0
827     	1.56, 23.49, -8.29 	11.10, -14.33, -1.78 	0.00, 30.00 	10,15,42,164		20.39,5.35	0,0 	0
836     	1.71, 23.41, -8.53 	11.11, -14.36, -1.79 	0.00, 30.00 	10,15,42,174		18.71,3.76	0,0 	0
845     	1.83, 23.33, -8.78 	11.09, -14.36, -1.79 	0.00, 30.00 	10,15,42,184		15.62,2.45	0,0 	0
854     	1.90, 23.18, -9.01 	11.09, -14.35, -1.80 	0.00, 30.00 	10,15,42,193		19.22,1.18	0,0 	0
863     	1.93, 23.05, -9.27 	11.10, -14.36, -1.81 	0.00, 30.00 	10,15,42,203		14.36,1.71	0,0 	0
872     	1.87, 22.90, -9.55 	11.10, -14.35, -1.81 	0.00, 30.00 	10,15,42,213		17.96,1.18	0,0 	0
881     	1.77, 22.76, -9.83 	11.08, -14.34, -1.84 	0.00, 30.00 	10,15,42,222		19.52,2.74	0,0 	0
890     	1.69, 22.58, -10.11 	11.06, -14.36, -1.83 	0.00, 30.00 	10,15,42,232		21.13,2.69	0,0 	0
899     	1.58, 22.41, -10.41 	11.04, -14.40, -1.86 	0.00, 30.00 	10,15,42,242		23.05,5.27	0,0 	0
908     	1.42, 22.22, -10.72 	10.94, -14.43, -1.89 	0.00, 30.00 	10,15,42,251		27.06,11.49	0,0 	0
917     	1.25, 22.03, -11.00 	10.94, -14.42, -1.88 	0.00, 30.00 	10,15,42,261		28.75,1.18	0,0 	0
926     	1.11, 21.80, -11.29 	10.90, -14.46, -1.90 	0.00, 30.00 	10,15,42,271		29.95,5.98	0,0 	0
935     	1.00, 21.61, -11.60 	10.91, -14.44, -1.90 	0.00, 30.00 	10,15,42,280		24.01,1.68	0,0 	0
944     	0.93, 21.42, -11.96 	10.91, -14.48, -1.89 	0.00, 30.00 	10,15,42,290		22.75,3.53	0,0 	0
953     	0.75, 21.05, -12.31 	10.91, -14.48, -1.89 	0.00, 30.00 	10,15,42,300		45.48,0.00	0,0 	0
962     	0.48, 20.53, -12.58 	10.91, -14.46, -1.88 	0.00, 30.00 	10,15,42,310		65.16,2.36	0,0 	0
971     	0.11, 19.93, -12.92 	10.93, -14.44, -1.88 	0.00, 30.00 	10,15,42,319		77.97,2.69	0,0 	0
980     	-0.38, 19.30, -13.28 	10.93, -14.44, -1.88 	0.00, 30.00 	10,15,42,329		88.94,0.00	0,0 	0
989     	-0.92, 18.41, -13.56 	10.90, -14.46, -1.88 	0.00, 30.00 	10,15,42,339		115.79,3.83	0,0 	0
998     	-1.39, 17.46, -13.82 	10.86, -14.44, -1.88 	0.00, 30.00 	10,15,42,348		117.95,4.40	0,0 	0
1007    	-1.86, 16.54, -14.08 	10.86, -14.45, -1.88 	0.00, 30.00 	10,15,42,358		114.89,1.18	1000,1 	0
1016    	-2.28, 15.74, -14.30 	10.86, -14.45, -1.88 	0.00, 30.00 	10,15,42,368		100.69,0.00	1000,1 	0
1025    	-2.33, 15.08, -14.52 	10.84, -14.40, -1.89 	0.00, 30.00 	10,15,42,377		73.30,5.35	1000,1 	0
1034    	-1.95, 14.69, -14.86 	10.85, -14.43, -1.91 	0.00, 30.00 	10,15,42,387		60.05,2.68	1000,1 	0
1043    	-1.85, 14.22, -15.31 	10.86, -14.41, -1.91 	0.00, 30.00 	10,15,42,397		53.73,1.68	1000,1 	0
1052    	-2.28, 13.34, -15.68 	10.88, -14.41, -1.92 	0.00, 30.00 	10,15,42,406		108.41,2.45	1000,1 	0
1061    	-3.06, 12.09, -15.79 	10.89, -14.39, -1.91 	0.00, 30.00 	10,15,42,416		164.24,2.63	1000,1 	0
1070    	-3.86, 10.95, -15.86 	10.86, -14.37, -1.91 	0.00, 30.00 	10,15,42,426		154.79,4.40	1000,1 	0
1079    	-4.53, 10.12, -16.05 	10.84, -14.37, -1.89 	0.00, 30.00 	10,15,42,435		119.29,2.45	1000,1 	0
1088    	-4.96, 9.34, -16.24 	10.87, -14.37, -1.89 	0.00, 30.00 	10,15,42,445		98.68,3.67	1000,1 	0
1097    	-5.20, 8.24, -16.26 	10.85, -14.40, -1.88 	0.00, 30.00 	10,15,42,455		124.05,4.26	1000,1 	0
1106    	-5.30, 7.01, -16.25 	10.78, -14.40, -1.89 	0.00, 30.00 	10,15,42,464		137.41,7.45	1000,1 	0
1115    	-5.43, 6.14, -16.52 	10.79, -14.38, -1.89 	0.00, 30.00 	10,15,42,474		98.17,1.68	1000,1 	0
1124    	-5.64, 5.45, -16.85 	10.76, -14.41, -1.89 	0.00, 30.00 	10,15,42,484		79.66,4.32	1000,1 	0
1133    	-5.74, 4.53, -17.02 	10.76, -14.39, -1.88 	0.00, 30.00 	10,15,42,493		103.52,2.36	1000,1 	0
1142    	-5.66, 3.80, -17.24 	10.77, -14.41, -1.90 	0.00, 30.00 	10,15,42,503		81.36,2.68	1000,1 	0
1151    	-5.74, 3.32, -17.53 	10.85, -14.39, -1.90 	0.00, 30.00 	10,15,42,513		54.17,8.62	1000,1 	0
1160    	-5.87, 2.73, -17.60 	10.84, -14.39, -1.91 	0.00, 30.00 	10,15,42,523		66.72,1.22	1000,1 	0
1169    	-6.02, 1.85, -17.39 	10.81, -14.44, -1.90 	0.00, 30.00 	10,15,42,532		99.80,5.92	1000,1 	0
1178    	-6.07, 1.14, -17.31 	10.82, -14.44, -1.90 	0.00, 30.00 	10,15,42,542		78.10,1.22	1000,1 	0
1187    	-6.13, 0.87, -17.43 	10.76, -14.42, -1.92 	0.00, 30.00 	10,15,42,552		31.66,6.60	1000,1 	0
1196    	-6.39, 0.49, -17.46 	10.76, -14.42, -1.92 	0.00, 30.00 	10,15,42,561		51.11,0.00	1000,1 	0
1205    	-6.55, -0.01, -17.39 	10.76, -14.40, -1.91 	0.00, 30.00 	10,15,42,571		57.75,2.36	1000,1 	0
1214    	-6.43, -0.12, -17.47 	10.70, -14.40, -1.91 	0.00, 30.00 	10,15,42,581		18.00,7.34	1000,1 	0
1223    	-6.14, 0.04, -17.64 	10.73, -14.43, -1.92 	0.00, 30.00 	10,15,42,590		36.97,5.14	1000,1 	0
1232    	-5.56, 0.29, -17.76 	10.71, -14.44, -1.89 	0.00, 30.00 	10,15,42,600		69.62,2.69	1000,1 	0
1241    	-4.91, 0.50, -17.81 	10.73, -14.45, -1.89 	0.00, 30.00 	10,15,42,610		76.76,2.74	1000,1 	0
1250    	-4.24, 0.77, -17.81 	10.71, -14.45, -1.90 	0.00, 30.00 	10,15,42,619		79.67,2.45	1000,1 	0
1259    	-3.91, 1.14, -17.86 	10.71, -14.46, -1.90 	0.00, 30.00 	10,15,42,629		55.00,1.18	1000,1 	0
1268    	-3.80, 1.38, -17.77 	10.72, -14.47, -1.87 	0.00, 30.00 	10,15,42,639		29.05,1.71	1000,1 	0
1277    	-4.22, 1.41, -17.48 	10.67, -14.49, -1.89 	0.00, 30.00 	10,15,42,648		47.36,6.51	1000,1 	0
1286    	-4.92, 1.60, -17.24 	10.58, -14.54, -1.88 	0.00, 30.00 	10,15,42,658		80.74,10.78	1000,1 	0
1295    	-4.83, 2.33, -17.30 	10.48, -14.61, -1.85 	0.00, 30.00 	10,15,42,668		81.13,14.00	1000,1 	0
1304    	-3.80, 3.10, -17.35 	10.40, -14.70, -1.85 	0.00, 30.00 	10,15,42,677		142.71,13.50	1000,1 	0
1313    	-2.73, 3.39, -17.23 	10.39, -14.76, -1.88 	0.00, 30.00 	10,15,42,687		123.61,5.99	1000,1 	0
1322    	-1.96, 3.73, -17.17 	10.49, -14.78, -1.94 	0.00, 30.00 	10,15,42,697		93.62,11.30	1000,1 	0
1331    	-1.50, 4.09, -17.20 	10.53, -14.87, -2.06 	0.00, 30.00 	10,15,42,706		64.65,11.29	1000,1 	0
1340    	-1.05, 4.32, -17.20 	10.57, -15.07, -2.22 	0.00, 30.00 	10,15,42,716		56.64,22.57	1000,1 	0
1349    	-0.78, 4.57, -17.20 	10.48, -15.25, -2.29 	0.00, 30.00 	10,15,42,726		40.76,22.66	1000,1 	0
1358    	-0.67, 4.77, -17.23 	10.44, -15.39, -2.30 	0.00, 30.00 	10,15,42,735		24.99,15.99	1000,1 	0
1367    	-0.78, 4.91, -17.26 	10.37, -15.50, -2.29 	0.00, 30.00 	10,15,42,745		19.99,14.43	1000,1 	0
1376    	-0.98, 4.75, -17.17 	10.29, -15.56, -2.28 	0.00, 30.00 	10,15,42,755		28.47,10.30	1000,1 	0
1385    	-1.59, 4.31, -16.94 	10.20, -15.63, -2.29 	0.00, 30.00 	10,15,42,765		84.11,13.62	1000,1 	0
1394    	-2.20, 4.05, -16.71 	10.14, -15.72, -2.31 	0.00, 30.00 	10,15,42,774		73.48,11.83	1000,1 	0
1403    	-2.24, 4.51, -16.60 	10.18, -15.77, -2.28 	0.00, 30.00 	10,15,42,784		51.77,7.73	1000,1 	0
1412    	-1.66, 5.13, -16.52 	10.20, -15.82, -2.29 	0.00, 30.00 	10,15,42,794		93.94,6.04	1000,1 	0
1421    	-1.05, 5.85, -16.61 	10.23, -15.87, -2.27 	0.00, 30.00 	10,15,42,803		104.88,6.03	1000,1 	0
1430    	-0.96, 6.35, -16.73 	10.22, -15.90, -2.25 	0.00, 30.00 	10,15,42,813		56.73,3.72	1000,1 	0
1439    	-1.16, 6.40, -16.71 	10.19, -15.93, -2.22 	0.00, 30.00 	10,15,42,823		23.06,5.04	1000,1 	0
1448    	-1.28, 6.40, -16.68 	10.22, -15.93, -2.21 	0.00, 30.00 	10,15,42,832		13.65,3.67	1000,1 	0
1457    	-1.27, 6.42, -16.66 	10.22, -15.93, -2.21 	0.00, 30.00 	10,15,42,842		1.69,0.00	1000,1 	0
1466    	-1.27, 6.55, -16.63 	10.19, -15.95, -2.19 	0.00, 30.00 	10,15,42,852		15.32,4.32	1000,1 	0
1475    	-1.23, 6.75, -16.60 	10.10, -16.03, -2.17 	0.00, 30.00 	10,15,42,861		21.67,13.62	1000,1 	0
1484    	-1.03, 7.15, -16.52 	10.03, -16.08, -2.15 	0.00, 30.00 	10,15,42,871		49.73,9.32	1000,1 	0
1493    	-0.68, 8.11, -16.29 	10.04, -16.08, -2.12 	0.00, 30.00 	10,15,42,881		114.70,1.22	1000,1 	0
1502    	-0.25, 10.14, -15.93 	10.03, -16.19, -2.13 	0.00, 30.00 	10,15,42,890		230.37,11.99	1000,1 	0
1511    	-0.10, 11.24, -15.67 	10.04, -16.32, -2.11 	0.00, 30.00 	10,15,42,900		123.06,14.22	1000,1 	0
1520    	0.20, 11.95, -15.39 	9.97, -16.45, -2.09 	0.00, 30.00 	10,15,42,910		86.07,16.38	1000,1 	0
1529    	0.46, 12.65, -15.25 	9.92, -16.49, -2.07 	0.00, 30.00 	10,15,42,919		82.50,7.65	1000,1 	0
1538    	0.54, 13.35, -15.15 	9.92, -16.62, -2.09 	0.00, 30.00 	10,15,42,929		78.61,14.17	1000,1 	0
1547    	0.72, 13.86, -15.04 	9.80, -16.72, -2.12 	0.00, 30.00 	10,15,42,939		59.75,16.96	1000,1 	0
1556    	0.93, 14.35, -14.94 	9.72, -16.83, -2.13 	0.00, 30.00 	10,15,42,948		59.67,15.17	1000,1 	0
1565    	1.16, 15.07, -14.88 	9.60, -16.89, -2.15 	0.00, 30.00 	10,15,42,958		83.80,15.07	1000,1 	0
1574    	1.31, 15.85, -14.79 	9.52, -16.96, -2.14 	0.00, 30.00 	10,15,42,968		88.38,11.96	1000,1 	0
1583    	1.52, 16.50, -14.59 	9.53, -16.99, -2.16 	0.00, 30.00 	10,15,42,978		75.26,3.76	1000,1 	0
1592    	1.78, 17.09, -14.34 	9.46, -17.03, -2.20 	0.00, 30.00 	10,15,42,987		71.81,8.08	1000,1 	0
1601    	1.95, 17.68, -14.10 	9.43, -17.03, -2.23 	0.00, 30.00 	10,15,42,997		68.10,3.67	1000,1 	0
1610    	2.00, 18.22, -13.86 	9.43, -17.05, -2.24 	0.00, 30.00 	10,15,43,7		60.48,2.36	1000,1 	0
1619    	2.04, 18.66, -13.57 	9.45, -17.09, -2.23 	0.00, 30.00 	10,15,43,16		48.68,4.89	1000,1 	0
1628    	2.09, 18.99, -13.29 	9.50, -17.02, -2.23 	0.00, 30.00 	10,15,43,26		37.10,9.26	1000,1 	0
1637    	2.02, 19.38, -13.03 	9.43, -17.01, -2.25 	0.00, 30.00 	10,15,43,36		43.86,7.75	1000,1 	0
1646    	1.97, 19.66, -12.77 	9.42, -16.96, -2.27 	0.00, 30.00 	10,15,43,45		32.02,4.89	1000,1 	0
1655    	1.89, 19.73, -12.52 	9.42, -16.94, -2.31 	0.00, 30.00 	10,15,43,55		12.02,2.36	1000,1 	0
1664    	1.75, 19.66, -12.30 	9.37, -16.97, -2.31 	0.00, 30.00 	10,15,43,65		17.44,5.98	1000,1 	0
1673    	1.60, 19.61, -12.18 	9.39, -16.96, -2.33 	0.00, 30.00 	10,15,43,74		17.85,2.69	1000,1 	0
1682    	1.47, 19.51, -12.12 	9.41, -16.96, -2.33 	0.00, 30.00 	10,15,43,84		18.09,1.22	1000,1 	0
1691    	1.38, 19.25, -12.09 	9.38, -16.95, -2.34 	0.00, 30.00 	10,15,43,94		31.29,2.74	1000,1 	0
1700    	1.32, 18.80, -12.10 	9.37, -16.93, -2.35 	0.00, 30.00 	10,15,43,103		50.23,2.68	1000,1 	0
1709    	1.18, 18.28, -12.19 	9.35, -16.92, -2.36 	0.00, 30.00 	10,15,43,113		59.16,2.74	1000,1 	0
1718    	0.94, 17.52, -12.25 	9.32, -16.91, -2.36 	0.00, 30.00 	10,15,43,123		88.62,3.88	1000,1 	0
1727    	0.57, 16.41, -12.28 	9.36, -16.90, -2.38 	0.00, 30.00 	10,15,43,132		130.82,5.01	1000,1 	0
1736    	0.05, 15.14, -12.33 	9.33, -16.91, -2.38 	0.00, 30.00 	10,15,43,142		151.54,3.83	1000,1 	0
1745    	-0.49, 13.98, -12.48 	9.29, -16.88, -2.39 	0.00, 30.00 	10,15,43,152		142.63,5.14	1000,1 	0
1754    	-0.80, 12.78, -12.63 	9.22, -16.83, -2.41 	0.00, 30.00 	10,15,43,161		137.69,9.50	1000,1 	0
1763    	-0.97, 11.40, -12.72 	9.17, -16.73, -2.43 	0.00, 30.00 	10,15,43,171		154.90,12.85	1000,1 	0
1772    	-1.02, 9.93, -12.85 	9.02, -16.66, -2.43 	0.00, 30.00 	10,15,43,181		162.75,19.15	1000,1 	0
1781    	-0.97, 8.57, -13.06 	8.95, -16.64, -2.36 	0.00, 30.00 	10,15,43,190		151.68,7.75	1000,1 	0
1790    	-0.58, 7.26, -13.26 	9.02, -16.71, -2.24 	0.00, 30.00 	10,15,43,200		151.46,11.15	1000,1 	0
1799    	-0.23, 5.93, -13.47 	9.12, -16.86, -2.05 	0.00, 30.00 	10,15,43,210		152.91,20.01	1000,1 	0
1808    	-0.14, 4.52, -13.71 	9.09, -16.85, -1.87 	0.00, 30.00 	10,15,43,220		156.42,3.88	1000,1 	0
1817    	-0.27, 3.08, -13.83 	8.92, -16.80, -1.79 	0.00, 30.00 	10,15,43,229		161.16,19.38	1000,1 	0
1826    	-0.26, 1.69, -13.93 	8.77, -16.73, -1.81 	0.00, 30.00 	10,15,43,239		154.12,19.15	1000,1 	0
1835    	-0.07, 0.28, -14.01 	8.69, -16.71, -1.81 	0.00, 30.00 	10,15,43,249		158.23,8.92	1000,1 	0
1844    	0.18, -0.92, -14.16 	8.60, -16.69, -1.81 	0.00, 30.00 	10,15,43,258		135.77,10.11	1000,1 	0
1853    	0.46, -1.84, -14.38 	8.57, -16.69, -1.83 	0.00, 30.00 	10,15,43,268		107.02,3.67	1000,1 	0
1862    	0.95, -2.90, -14.49 	8.55, -16.69, -1.84 	0.00, 30.00 	10,15,43,278		129.85,1.22	1000,1 	0
1871    	1.64, -4.12, -14.52 	8.61, -16.65, -1.82 	0.00, 30.00 	10,15,43,287		155.87,7.65	1000,1 	0
1880    	2.06, -5.38, -14.38 	8.59, -16.66, -1.82 	0.00, 30.00 	10,15,43,297		147.85,2.69	1000,1 	0
1889    	2.49, -6.45, -14.15 	8.61, -16.65, -1.81 	0.00, 30.00 	10,15,43,307		127.62,2.69	1000,1 	0
1898    	2.78, -7.43, -13.89 	8.55, -16.65, -1.82 	0.00, 30.00 	10,15,43,316		113.88,6.11	1000,1 	0
1907    	2.85, -8.08, -13.73 	8.52, -16.66, -1.79 	0.00, 30.00 	10,15,43,326		73.05,3.83	1000,1 	0
1916    	2.94, -8.31, -13.65 	8.48, -16.62, -1.79 	0.00, 30.00 	10,15,43,336		27.39,6.03	1000,1 	0
1925    	3.26, -8.28, -13.64 	8.39, -16.62, -1.80 	0.00, 30.00 	10,15,43,345		35.85,11.01	1000,1 	0
1934    	3.58, -8.17, -13.70 	8.39, -16.62, -1.83 	0.00, 30.00 	10,15,43,355		37.19,0.00	1000,1 	0
1943    	3.82, -8.04, -13.80 	8.32, -16.64, -1.91 	0.00, 30.00 	10,15,43,365		29.92,7.41	1000,1 	0
1952    	3.95, -8.00, -13.87 	8.32, -16.62, -2.00 	0.00, 30.00 	10,15,43,374		15.48,2.36	1000,1 	0
1961    	4.03, -7.94, -13.88 	8.20, -16.59, -2.08 	0.00, 30.00 	10,15,43,384		11.42,13.98	1000,1 	0
1970    	3.90, -7.90, -13.83 	8.22, -16.57, -2.16 	0.00, 30.00 	10,15,43,394		15.60,3.36	1000,1 	0
1979    	3.63, -7.87, -13.71 	8.21, -16.61, -2.26 	0.00, 30.00 	10,15,43,403		30.06,4.85	1000,1 	0
1988    	3.03, -7.04, -13.42 	8.14, -16.65, -2.30 	0.00, 30.00 	10,15,43,413		114.21,8.64	1000,1 	0
1997    	1.58, -2.99, -13.51 	8.15, -16.70, -2.32 	0.00, 30.00 	10,15,43,423		477.81,4.71	1000,1 	0
2006    	0.63, -1.07, -13.39 	8.12, -16.70, -2.38 	0.00, 30.00 	10,15,43,433		238.09,2.45	1000,1 	0
2015    	-0.20, 0.59, -13.28 	8.02, -16.64, -2.43 	0.00, 30.00 	10,15,43,442		206.05,13.20	1000,1 	0
2024    	-0.64, 2.51, -13.35 	7.96, -16.62, -2.45 	0.00, 30.00 	10,15,43,452		218.86,7.75	1000,1 	0
2033    	-0.63, 4.42, -13.40 	7.94, -16.62, -2.50 	0.00, 30.00 	10,15,43,462		211.86,1.22	1000,1 	0
2042    	-0.35, 6.01, -13.23 	7.90, -16.62, -2.50 	0.00, 30.00 	10,15,43,471		179.35,4.89	1000,1 	0
2051    	-0.22, 7.54, -13.04 	7.90, -16.62, -2.49 	0.00, 30.00 	10,15,43,481		170.63,0.00	1000,1 	0
2060    	0.12, 9.21, -12.88 	7.92, -16.64, -2.50 	0.00, 30.00 	10,15,43,491		189.02,3.43	1000,1 	0
2069    	0.40, 10.62, -12.72 	7.92, -16.62, -2.50 	0.00, 30.00 	10,15,43,500		159.65,2.36	1000,1 	0
2078    	0.52, 11.81, -12.55 	7.90, -16.67, -2.49 	0.00, 30.00 	10,15,43,510		133.08,6.33	1000,1 	0
2087    	0.53, 13.18, -12.47 	7.90, -16.66, -2.50 	0.00, 30.00 	10,15,43,520		153.00,1.18	1000,1 	0
2096    	0.61, 14.81, -12.48 	7.87, -16.67, -2.49 	0.00, 30.00 	10,15,43,529		180.73,3.83	1000,1 	0
2105    	0.74, 16.38, -12.43 	7.85, -16.66, -2.48 	0.00, 30.00 	10,15,43,539		175.30,2.74	1000,1 	0
2114    	0.84, 17.79, -12.30 	7.86, -16.68, -2.49 	0.00, 30.00 	10,15,43,549		157.37,2.68	1000,1 	0
2123    	0.84, 19.13, -12.11 	7.89, -16.67, -2.49 	0.00, 30.00 	10,15,43,558		148.30,3.83	1000,1 	0
2132    	0.84, 20.41, -11.87 	7.91, -16.68, -2.49 	0.00, 30.00 	10,15,43,568		142.38,2.74	1000,1 	0
2141    	0.85, 21.54, -11.50 	7.89, -16.68, -2.47 	0.00, 30.00 	10,15,43,578		125.94,2.45	1000,1 	0
2150    	0.93, 22.62, -11.06 	7.89, -16.69, -2.49 	0.00, 30.00 	10,15,43,587		119.63,1.18	1000,1 	0
2159    	0.88, 23.71, -10.59 	8.02, -16.67, -2.49 	0.00, 30.00 	10,15,43,597		121.11,14.82	1000,1 	0
2168    	0.79, 24.74, -10.14 	8.03, -16.69, -2.50 	0.00, 30.00 	10,15,43,607		115.35,2.36	1000,1 	0
2177    	0.65, 25.55, -9.69 	8.17, -16.76, -2.49 	0.00, 30.00 	10,15,43,616		91.38,18.05	1000,1 	0
2186    	0.46, 26.23, -9.28 	8.25, -16.68, -2.45 	0.00, 30.00 	10,15,43,626		78.59,11.77	1000,1 	0
2195    	0.18, 26.78, -8.92 	8.33, -16.57, -2.36 	0.00, 30.00 	10,15,43,636		68.32,15.17	1000,1 	0
2204    	-0.14, 27.25, -8.60 	8.25, -16.34, -2.28 	0.00, 30.00 	10,15,43,646		63.27,27.08	1000,1 	0
2213    	-0.41, 27.69, -8.34 	8.18, -16.20, -2.19 	0.00, 30.00 	10,15,43,655		57.30,18.19	1000,1 	0
2222    	-0.58, 28.15, -8.13 	8.12, -15.99, -2.23 	0.00, 30.00 	10,15,43,665		54.38,24.16	1000,1 	0
2231    	-0.66, 28.67, -7.99 	8.56, -15.48, -2.76 	0.00, 30.00 	10,15,43,675		59.07,73.93	1000,1 	0
2240    	-0.64, 29.21, -7.88 	9.80, -15.01, -3.54 	0.00, 30.00 	10,15,43,684		60.11,147.79	1000,1 	0
2249    	-0.57, 29.75, -7.77 	11.55, -15.40, -3.90 	0.00, 30.00 	10,15,43,694		59.69,199.21	1000,1 	0
2258    	-0.49, 30.22, -7.72 	11.89, -17.37, -2.71 	0.00, 30.00 	10,15,43,704		53.03,222.49	1000,1 	0
2267    	-0.41, 30.65, -7.69 	10.97, -18.11, -0.95 	0.00, 30.00 	10,15,43,713		49.33,131.23	1000,1 	0
2276    	-0.33, 30.99, -7.66 	10.59, -17.47, -0.89 	0.00, 30.00 	10,15,43,723		39.09,83.55	1000,1 	0
2285    	-0.25, 31.25, -7.59 	10.30, -17.30, -0.98 	0.00, 30.00 	10,15,43,733		29.77,36.88	1000,1 	0
2294    	-0.16, 31.44, -7.49 	10.03, -17.29, -1.01 	0.00, 30.00 	10,15,43,742		22.74,30.62	1000,1 	0
2303    	-0.09, 31.57, -7.38 	9.76, -17.26, -1.00 	0.00, 30.00 	10,15,43,752		16.45,29.82	1000,1 	0
2312    	-0.13, 31.64, -7.28 	9.49, -17.19, -1.02 	0.00, 30.00 	10,15,43,762		9.07,30.64	1000,1 	0
2321    	-0.26, 31.64, -7.21 	9.18, -17.01, -1.09 	0.00, 30.00 	10,15,43,771		14.88,40.63	1000,1 	0
2330    	-0.42, 31.62, -7.17 	9.01, -16.75, -1.13 	0.00, 30.00 	10,15,43,781		17.41,34.36	1000,1 	0
2339    	-0.54, 31.63, -7.16 	8.82, -16.54, -1.18 	0.00, 30.00 	10,15,43,791		13.81,31.84	1000,1 	0
2348    	-0.59, 31.62, -7.14 	8.73, -16.41, -1.20 	0.00, 30.00 	10,15,43,800		5.06,17.35	1000,1 	0
2357    	-0.62, 31.59, -7.13 	8.66, -16.31, -1.23 	0.00, 30.00 	10,15,43,810		5.08,14.00	1000,1 	0
2366    	-0.64, 31.55, -7.11 	8.59, -16.25, -1.23 	0.00, 30.00 	10,15,43,820		4.28,10.29	1000,1 	0
2375    	-0.68, 31.49, -7.11 	8.58, -16.19, -1.26 	0.00, 30.00 	10,15,43,829		8.56,5.89	1000,1 	0
2384    	-0.72, 31.41, -7.10 	8.55, -16.15, -1.26 	0.00, 30.00 	10,15,43,839		9.54,6.03	1000,1 	0
2393    	-0.74, 31.32, -7.09 	8.48, -16.12, -1.27 	0.00, 30.00 	10,15,43,849		10.83,8.21	1000,1 	0
2402    	-0.74, 31.21, -7.09 	8.46, -16.10, -1.28 	0.00, 30.00 	10,15,43,858		11.81,3.43	1000,1 	0
2411    	-0.74, 31.14, -7.09 	8.44, -16.09, -1.30 	0.00, 30.00 	10,15,43,868		8.23,2.74	1000,1 	0
2420    	-0.72, 31.05, -7.09 	8.43, -16.06, -1.33 	0.00, 30.00 	10,15,43,878		9.50,3.53	1000,1 	0
2429    	-0.67, 30.98, -7.08 	8.48, -16.06, -1.34 	0.00, 30.00 	10,15,43,888		9.66,4.89	1000,1 	0
2438    	-0.60, 30.92, -7.09 	8.57, -16.10, -1.33 	0.00, 30.00 	10,15,43,897		10.30,10.94	1000,1 	0
2447    	-0.53, 30.85, -7.09 	8.59, -16.11, -1.32 	0.00, 30.00 	10,15,43,907		11.15,2.74	1000,1 	0
2456    	-0.48, 30.75, -7.08 	8.42, -16.14, -1.27 	0.00, 30.00 	10,15,43,917		12.82,19.66	1000,1 	0
2465    	-0.42, 30.59, -7.07 	8.20, -16.00, -1.29 	0.00, 30.00 	10,15,43,926		18.77,28.08	1000,1 	0
2474    	-0.33, 30.43, -7.07 	7.89, -15.89, -1.27 	0.00, 30.00 	10,15,43,936		19.75,37.30	1000,1 	0
2483    	-0.26, 30.30, -7.07 	7.54, -15.86, -1.27 	0.00, 30.00 	10,15,43,946		17.08,38.29	1000,1 	0
2492    	-0.18, 30.19, -7.07 	7.35, -15.73, -1.36 	0.00, 30.00 	10,15,43,955		14.99,25.37	1000,1 	0
2501    	-0.12, 30.05, -7.08 	7.29, -15.54, -1.48 	0.00, 30.00 	10,15,43,965		16.56,21.86	1000,1 	0
2510    	-0.07, 29.95, -7.08 	7.25, -15.41, -1.57 	0.00, 30.00 	10,15,43,975		12.82,15.82	1000,1 	0
2519    	-0.02, 29.88, -7.10 	7.33, -15.36, -1.62 	0.00, 30.00 	10,15,43,984		8.67,9.69	1000,1 	0
2528    	0.01, 29.84, -7.10 	7.38, -15.40, -1.63 	0.00, 30.00 	10,15,43,994		6.03,6.86	1000,1 	0
2537    	0.03, 29.83, -7.10 	7.35, -15.51, -1.59 	0.00, 30.00 	10,15,44,4		2.75,12.27	1000,1 	0
2546    	0.02, 29.82, -7.10 	7.30, -15.60, -1.52 	0.00, 30.00 	10,15,44,13		1.69,11.13	1000,1 	0
2555    	0.02, 29.83, -7.10 	7.25, -15.61, -1.51 	0.00, 30.00 	10,15,44,23		1.18,5.01	1000,1 	0
2564    	0.00, 29.85, -7.10 	7.24, -15.59, -1.50 	0.00, 30.00 	10,15,44,33		3.43,2.68	1000,1 	0
2573    	-0.00, 29.89, -7.11 	7.25, -15.58, -1.49 	0.00, 30.00 	10,15,44,42		3.53,1.68	1000,1 	0
2582    	0.01, 29.93, -7.11 	7.19, -15.59, -1.49 	0.00, 30.00 	10,15,44,52		4.85,7.41	1000,1 	0
2591    	-0.01, 29.96, -7.12 	7.15, -15.56, -1.47 	0.00, 30.00 	10,15,44,62		3.75,5.14	1000,1 	0
2600    	-0.01, 29.97, -7.11 	7.03, -15.56, -1.45 	0.00, 30.00 	10,15,44,71		1.18,13.45	1000,1 	0
2609    	-0.01, 30.01, -7.12 	6.90, -15.49, -1.52 	0.00, 30.00 	10,15,44,81		4.70,16.97	1000,1 	0
2618    	-0.04, 30.16, -7.13 	6.88, -15.47, -1.51 	0.00, 30.00 	10,15,44,91		16.68,2.68	1000,1 	0
2627    	-0.10, 30.39, -7.12 	6.79, -15.45, -1.45 	0.00, 30.00 	10,15,44,101		26.40,10.11	1000,1 	0
2636    	-0.08, 30.42, -7.12 	6.76, -15.43, -1.40 	0.00, 30.00 	10,15,44,110		4.28,4.40	1000,1 	0
2645    	-0.07, 30.43, -7.11 	6.76, -15.34, -1.39 	0.00, 30.00 	10,15,44,120		1.69,10.60	1000,1 	0
2654    	-0.08, 30.45, -7.12 	6.70, -15.30, -1.40 	0.00, 30.00 	10,15,44,130		2.67,7.79	1000,1 	0
2663    	-0.10, 30.44, -7.12 	6.56, -15.27, -1.41 	0.00, 30.00 	10,15,44,139		2.72,15.16	1000,1 	0
2672    	-0.10, 30.42, -7.11 	6.51, -15.26, -1.42 	0.00, 30.00 	10,15,44,149		2.35,6.25	1000,1 	0
2681    	-0.11, 30.41, -7.12 	6.50, -15.23, -1.46 	0.00, 30.00 	10,15,44,159		1.69,3.76	1000,1 	0
2690    	-0.13, 30.41, -7.11 	6.49, -15.23, -1.48 	0.00, 30.00 	10,15,44,168		2.47,1.22	1000,1 	0
2699    	-0.13, 30.42, -7.11 	6.46, -15.23, -1.48 	0.00, 30.00 	10,15,44,178		1.18,2.45	1000,1 	0
2708    	-0.13, 30.42, -7.12 	6.43, -15.25, -1.49 	0.00, 30.00 	10,15,44,188		0.00,4.32	1000,1 	0
2717    	-0.12, 30.42, -7.12 	6.36, -15.29, -1.47 	0.00, 30.00 	10,15,44,197		1.23,9.20	1000,1 	0
2726    	-0.11, 30.42, -7.12 	6.38, -15.28, -1.48 	0.00, 30.00 	10,15,44,207		1.23,2.69	1000,1 	0
2735    	-0.11, 30.42, -7.11 	6.41, -15.26, -1.49 	0.00, 30.00 	10,15,44,217		0.00,3.83	1000,1 	0
2744    	-0.12, 30.42, -7.12 	6.47, -15.28, -1.49 	0.00, 30.00 	10,15,44,226		1.23,6.60	1000,1 	0
2753    	-0.11, 30.42, -7.11 	6.47, -15.27, -1.49 	0.00, 30.00 	10,15,44,236		1.23,1.18	1000,1 	0
2762    	-0.11, 30.43, -7.11 	6.42, -15.32, -1.49 	0.00, 30.00 	10,15,44,246		1.18,6.73	1000,1 	0
2771    	-0.11, 30.42, -7.11 	6.39, -15.29, -1.48 	0.00, 30.00 	10,15,44,255		1.18,5.14	1000,1 	0
2780    	-0.11, 30.42, -7.12 	6.39, -15.29, -1.48 	0.00, 30.00 	10,15,44,265		0.00,0.00	1000,1 	0
2789    	-0.11, 30.41, -7.11 	6.30, -15.32, -1.47 	0.00, 30.00 	10,15,44,275		1.18,10.34	1000,1 	0
2798    	-0.12, 30.41, -7.11 	6.31, -15.31, -1.48 	0.00, 30.00 	10,15,44,284		1.23,1.68	1000,1 	0
2807    	-0.10, 30.41, -7.11 	6.30, -15.34, -1.48 	0.00, 30.00 	10,15,44,294		2.47,3.72	1000,1 	0
2816    	-0.10, 30.39, -7.12 	6.35, -15.32, -1.49 	0.00, 30.00 	10,15,44,304		2.35,5.39	1000,1 	0
2825    	-0.10, 30.40, -7.11 	6.34, -15.35, -1.50 	0.00, 30.00 	10,15,44,313		1.18,3.72	1000,1 	0
2834    	-0.10, 30.40, -7.11 	6.34, -15.35, -1.47 	0.00, 30.00 	10,15,44,323		0.00,0.00	1000,1 	0
2843    	-0.09, 30.41, -7.12 	6.37, -15.36, -1.49 	0.00, 30.00 	10,15,44,333		1.69,3.88	1000,1 	0
2852    	-0.09, 30.41, -7.12 	6.35, -15.37, -1.49 	0.00, 30.00 	10,15,44,343		0.00,2.69	1000,1 	0
2861    	-0.10, 30.41, -7.12 	6.35, -15.38, -1.49 	0.00, 30.00 	10,15,44,352		1.23,1.18	1000,1 	0
2870    	-0.10, 30.40, -7.12 	6.32, -15.35, -1.46 	0.00, 30.00 	10,15,44,362		1.18,5.14	1000,1 	0
2879    	-0.13, 30.40, -7.11 	6.28, -15.40, -1.47 	0.00, 30.00 	10,15,44,372		3.70,5.92	1000,1 	0
2888    	-0.12, 30.39, -7.11 	6.23, -15.39, -1.49 	0.00, 30.00 	10,15,44,381		1.72,6.25	1000,1 	0
2897    	-0.12, 30.41, -7.11 	6.32, -15.42, -1.50 	0.00, -0.00 	10,15,44,400		2.35,10.47	1000,1 	0
2906    	-0.13, 30.40, -7.11 	6.34, -15.43, -1.49 	0.00, -0.00 	10,15,44,410		0.00,0.00	0,0 	0
2915    	-0.12, 30.41, -7.11 	6.33, -15.43, -1.52 	0.00, -0.00 	10,15,44,420		0.00,0.00	0,0 	0
2924    	-0.12, 30.40, -7.11 	6.31, -15.47, -1.51 	0.00, -0.00 	10,15,44,430		0.00,0.00	0,0 	0
2933    	-0.12, 30.40, -7.11 	6.33, -15.47, -1.52 	0.00, -0.00 	10,15,44,439		0.00,0.00	0,0 	0
2942    	-0.14, 30.40, -7.11 	6.35, -15.52, -1.51 	0.00, -0.00 	10,15,44,449		0.00,0.00	0,0 	0
2951    	-0.13, 30.39, -7.11 	6.40, -15.50, -1.52 	0.00, -0.00 	10,15,44,459		0.00,0.00	0,0 	0
2960    	-0.13, 30.40, -7.11 	6.39, -15.52, -1.54 	0.00, -0.00 	10,15,44,468		0.00,0.00	0,0 	0
2969    	-0.12, 30.41, -7.11 	6.37, -15.50, -1.54 	0.00, -0.00 	10,15,44,478		0.00,0.00	0,0 	0
2978    	-0.13, 30.40, -7.11 	6.34, -15.49, -1.56 	0.00, -0.00 	10,15,44,488		0.00,0.00	0,0 	0
2987    	-0.12, 30.40, -7.11 	6.36, -15.49, -1.55 	0.00, -0.00 	10,15,44,497		0.00,0.00	0,0 	0
2996    	-0.12, 30.40, -7.11 	6.39, -15.50, -1.55 	0.00, -0.00 	10,15,44,507		0.00,0.00	0,0 	0
3005    	-0.12, 30.40, -7.11 	6.41, -15.49, -1.55 	0.00, -0.00 	10,15,44,517		0.00,0.00	0,0 	0
3014    	-0.12, 30.41, -7.11 	6.43, -15.48, -1.55 	0.00, -0.00 	10,15,44,526		0.00,0.00	0,0 	0
3023    	-0.11, 30.40, -7.11 	6.47, -15.52, -1.55 	0.00, -0.00 	10,15,44,536		0.00,0.00	0,0 	0
3032    	-0.11, 30.40, -7.11 	6.48, -15.51, -1.55 	0.00, -0.00 	10,15,44,546		0.00,0.00	0,0 	0
3041    	-0.11, 30.40, -7.11 	6.44, -15.50, -1.55 	0.00, -0.00 	10,15,44,556		0.00,0.00	0,0 	0
3050    	-0.11, 30.40, -7.11 	6.45, -15.49, -1.52 	0.00, -0.00 	10,15,44,565		0.00,0.00	0,0 	0
3059    	-0.12, 30.40, -7.11 	6.40, -15.50, -1.53 	0.00, -0.00 	10,15,44,575		0.00,0.00	0,0 	0
3068    	-0.11, 30.40, -7.11 	6.42, -15.49, -1.53 	0.00, -0.00 	10,15,44,585		0.00,0.00	0,0 	0
3077    	-0.13, 30.40, -7.11 	6.44, -15.50, -1.55 	0.00, -0.00 	10,15,44,594		0.00,0.00	0,0 	0
3086    	-0.13, 30.39, -7.11 	6.45, -15.52, -1.53 	0.00, -0.00 	10,15,44,604		0.00,0.00	0,0 	0
3095    	-0.16, 30.35, -7.09 	6.47, -15.52, -1.53 	0.00, -0.00 	10,15,44,614		0.00,0.00	0,0 	0
3104    	-0.26, 30.14, -7.05 	6.51, -15.52, -1.52 	0.00, -0.00 	10,15,44,623		0.00,0.00	0,0 	0
3113    	-0.52, 29.74, -7.01 	6.52, -15.55, -1.52 	0.00, -0.00 	10,15,44,633		0.00,0.00	0,0 	0
3122    	-0.71, 29.40, -7.02 	6.54, -15.53, -1.52 	0.00, -0.00 	10,15,44,643		0.00,0.00	0,0 	0
3131    	-0.89, 29.07, -7.06 	6.55, -15.50, -1.52 	0.00, -0.00 	10,15,44,652		0.00,0.00	0,0 	0
3140    	-1.03, 28.67, -7.10 	6.52, -15.54, -1.52 	0.00, -0.00 	10,15,44,662		0.00,0.00	0,0 	0
3149    	-1.19, 28.17, -7.13 	6.53, -15.54, -1.53 	0.00, -0.00 	10,15,44,672		0.00,0.00	0,0 	0
3158    	-1.39, 27.60, -7.17 	6.52, -15.55, -1.52 	0.00, -0.00 	10,15,44,681		0.00,0.00	0,0 	0
3167    	-1.64, 26.96, -7.20 	6.53, -15.52, -1.53 	0.00, -0.00 	10,15,44,691		0.00,0.00	0,0 	0
3176    	-1.88, 26.16, -7.23 	6.51, -15.56, -1.53 	0.00, -0.00 	10,15,44,701		0.00,0.00	0,0 	0
3185    	-2.16, 25.22, -7.25 	6.54, -15.59, -1.52 	0.00, -0.00 	10,15,44,710		0.00,0.00	0,0 	0
3194    	-2.45, 24.10, -7.28 	6.54, -15.59, -1.53 	0.00, -0.00 	10,15,44,720		0.00,0.00	0,0 	0
3203    	-2.74, 22.87, -7.32 	6.55, -15.58, -1.53 	0.00, -0.00 	10,15,44,730		0.00,0.00	0,0 	0
3212    	-3.05, 21.50, -7.32 	6.57, -15.60, -1.52 	0.00, -0.00 	10,15,44,739		0.00,0.00	0,0 	0
3221    	-3.31, 20.01, -7.30 	6.54, -15.62, -1.52 	0.00, -0.00 	10,15,44,749		0.00,0.00	0,0 	0
3230    	-3.55, 18.46, -7.26 	6.54, -15.61, -1.52 	0.00, -0.00 	10,15,44,759		0.00,0.00	0,0 	0
3239    	-3.73, 17.00, -7.32 	6.55, -15.60, -1.52 	0.00, -0.00 	10,15,44,768		0.00,0.00	0,0 	0
3248    	-3.68, 15.56, -7.36 	6.55, -15.63, -1.52 	0.00, -0.00 	10,15,44,778		0.00,0.00	0,0 	0
3257    	-3.53, 14.17, -7.41 	6.57, -15.63, -1.54 	0.00, -0.00 	10,15,44,788		0.00,0.00	0,0 	0
3266    	-3.38, 12.87, -7.49 	6.57, -15.64, -1.54 	0.00, -0.00 	10,15,44,798		0.00,0.00	0,0 	0
3275    	-3.20, 11.71, -7.55 	6.57, -15.64, -1.54 	0.00, -0.00 	10,15,44,807		0.00,0.00	0,0 	0
3284    	-3.04, 10.64, -7.53 	6.60, -15.65, -1.54 	0.00, -0.00 	10,15,44,817		0.00,0.00	0,0 	0
3293    	-2.88, 9.54, -7.41 	6.62, -15.66, -1.53 	0.00, -0.00 	10,15,44,827		0.00,0.00	0,0 	0
3302    	-2.82, 8.50, -7.36 	6.65, -15.64, -1.54 	0.00, -0.00 	10,15,44,836		0.00,0.00	0,0 	0
3311    	-2.69, 7.49, -7.31 	6.63, -15.65, -1.55 	0.00, -0.00 	10,15,44,846		0.00,0.00	0,0 	0
3320    	-2.43, 6.46, -7.16 	6.62, -15.64, -1.53 	0.00, -0.00 	10,15,44,856		0.00,0.00	0,0 	0
3329    	-2.29, 5.49, -6.97 	6.58, -15.66, -1.56 	0.00, -0.00 	10,15,44,865		0.00,0.00	0,0 	0
3338    	-2.19, 4.69, -6.86 	6.61, -15.65, -1.56 	0.00, -0.00 	10,15,44,875		0.00,0.00	0,0 	0
3347    	-1.94, 3.96, -6.75 	6.60, -15.60, -1.54 	0.00, -0.00 	10,15,44,885		0.00,0.00	0,0 	0
3356    	-1.59, 3.37, -6.70 	6.58, -15.58, -1.54 	0.00, -0.00 	10,15,44,894		0.00,0.00	0,0 	0
3365    	-1.17, 2.85, -6.71 	6.57, -15.55, -1.53 	0.00, -0.00 	10,15,44,904		0.00,0.00	0,0 	0
3374    	-0.64, 2.46, -6.80 	6.63, -15.55, -1.56 	0.00, -0.00 	10,15,44,914		0.00,0.00	0,0 	0
3383    	-0.28, 2.04, -6.79 	6.64, -15.59, -1.55 	0.00, -0.00 	10,15,44,923		0.00,0.00	0,0 	0
3392    	-0.14, 1.66, -6.76 	6.62, -15.57, -1.58 	0.00, -0.00 	10,15,44,933		0.00,0.00	0,0 	0
3401    	-0.14, 1.38, -6.78 	6.61, -15.52, -1.63 	0.00, -0.00 	10,15,44,943		0.00,0.00	0,0 	0
