#Time 	Sensor1         Sensor2         Target          Time            Vel             
#================================================================

17      	-0.85, 0.07, -6.80 	6.14, -17.31, -1.95 	0.00, 20.00 	10,16,6,957		0.00,0.00	0,0 	0
26      	-0.82, 0.05, -6.80 	6.15, -17.31, -1.93 	0.00, 20.00 	10,16,6,966		3.43,1.22	0,0 	0
35      	-0.81, 0.09, -6.78 	6.15, -17.30, -1.92 	0.00, 20.00 	10,16,6,976		4.85,1.18	0,0 	0
44      	-0.85, 0.12, -6.78 	6.17, -17.30, -1.92 	0.00, 20.00 	10,16,6,986		5.15,2.45	0,0 	0
53      	-0.83, 0.14, -6.79 	6.16, -17.30, -1.93 	0.00, 20.00 	10,16,6,995		3.39,1.22	0,0 	0
62      	-0.85, 0.16, -6.77 	6.15, -17.32, -1.91 	0.00, 20.00 	10,16,7,5		3.43,2.63	0,0 	0
71      	-0.89, 0.20, -6.77 	6.15, -17.31, -1.91 	0.00, 20.00 	10,16,7,15		6.03,1.18	0,0 	0
80      	-0.93, 0.25, -6.81 	6.14, -17.29, -1.92 	0.00, 20.00 	10,16,7,24		7.73,2.68	0,0 	0
89      	-0.89, 0.26, -6.85 	6.18, -17.30, -1.92 	0.00, 20.00 	10,16,7,34		4.94,5.05	0,0 	0
98      	-0.74, 0.21, -6.88 	6.17, -17.31, -1.95 	0.00, 20.00 	10,16,7,44		17.17,1.68	0,0 	0
107     	-0.64, 0.16, -6.86 	6.17, -17.30, -1.95 	0.00, 20.00 	10,16,7,54		12.64,1.18	0,0 	0
116     	-0.53, 0.11, -6.86 	6.17, -17.31, -1.95 	0.00, 20.00 	10,16,7,63		13.75,1.18	0,0 	0
125     	-0.55, 0.08, -6.82 	6.23, -17.32, -1.95 	0.00, 20.00 	10,16,7,73		4.28,6.25	0,0 	0
134     	-0.68, 0.01, -6.79 	6.22, -17.33, -1.95 	0.00, 20.00 	10,16,7,83		16.32,1.68	0,0 	0
143     	-0.80, -0.09, -6.76 	6.18, -17.35, -1.94 	0.00, 20.00 	10,16,7,92		18.09,5.39	0,0 	0
152     	-0.99, -0.13, -6.78 	6.18, -17.35, -1.94 	0.00, 20.00 	10,16,7,102		21.23,0.00	0,0 	0
161     	-1.16, -0.17, -6.79 	6.16, -17.32, -1.95 	0.00, 20.00 	10,16,7,112		18.80,3.76	0,0 	0
170     	-1.23, -0.22, -6.78 	6.16, -17.32, -1.94 	0.00, 20.00 	10,16,7,121		10.39,0.00	0,0 	0
179     	-1.29, -0.28, -6.79 	6.17, -17.28, -1.95 	0.00, 20.00 	10,16,7,131		9.39,4.85	0,0 	0
188     	-1.28, -0.28, -6.82 	6.23, -17.28, -1.94 	0.00, 20.00 	10,16,7,141		1.23,6.11	0,0 	0
197     	-1.24, -0.30, -6.82 	6.21, -17.32, -1.96 	0.00, 20.00 	10,16,7,150		5.50,5.27	0,0 	0
206     	-1.17, -0.34, -6.83 	6.21, -17.32, -1.96 	0.00, 20.00 	10,16,7,160		8.83,0.00	0,0 	0
215     	-1.17, -0.37, -6.80 	6.21, -17.34, -1.95 	0.00, 20.00 	10,16,7,170		3.53,2.36	0,0 	0
224     	-1.18, -0.40, -6.81 	6.22, -17.35, -1.94 	0.00, 20.00 	10,16,7,179		3.72,1.71	0,0 	0
233     	-1.25, -0.38, -6.77 	6.22, -17.35, -1.93 	0.00, 20.00 	10,16,7,189		8.99,0.00	0,0 	0
242     	-1.39, -0.37, -6.79 	6.22, -17.36, -1.93 	0.00, 20.00 	10,16,7,199		15.03,1.18	0,0 	0
251     	-1.52, -0.30, -6.86 	6.22, -17.36, -1.93 	0.00, 20.00 	10,16,7,208		15.98,0.00	0,0 	0
260     	-1.50, -0.15, -7.02 	6.22, -17.36, -1.93 	0.00, 20.00 	10,16,7,218		16.61,0.00	0,0 	0
269     	-1.47, 0.04, -7.21 	6.22, -17.36, -1.92 	0.00, 20.00 	10,16,7,228		21.67,0.00	0,0 	0
278     	-1.29, 0.28, -7.37 	6.22, -17.36, -1.92 	0.00, 20.00 	10,16,7,237		33.09,0.00	0,0 	0
287     	-1.20, 0.58, -7.56 	6.21, -17.36, -1.94 	0.00, 20.00 	10,16,7,247		35.01,1.22	0,0 	0
296     	-0.98, 1.16, -7.78 	6.22, -17.37, -1.93 	0.00, 20.00 	10,16,7,257		68.72,1.71	0,0 	0
305     	-0.80, 2.80, -8.18 	6.29, -17.36, -1.92 	0.00, 20.00 	10,16,7,267		183.29,7.41	0,0 	0
314     	-1.07, 5.75, -8.46 	6.29, -17.35, -1.95 	0.00, 20.00 	10,16,7,276		328.49,1.18	0,0 	0
323     	-1.26, 7.33, -8.46 	6.25, -17.34, -1.93 	0.00, 20.00 	10,16,7,286		176.89,3.88	0,0 	0
332     	-1.34, 8.73, -8.42 	6.24, -17.35, -1.93 	0.00, 20.00 	10,16,7,296		156.42,1.68	0,0 	0
341     	-1.29, 9.92, -8.31 	6.25, -17.36, -1.93 	0.00, 20.00 	10,16,7,305		132.22,1.71	0,0 	0
350     	-1.14, 11.02, -8.18 	6.25, -17.35, -1.94 	0.00, 20.00 	10,16,7,315		123.06,1.18	0,0 	0
359     	-0.92, 12.22, -8.13 	6.26, -17.35, -1.94 	0.00, 20.00 	10,16,7,325		136.01,1.22	0,0 	0
368     	-0.62, 13.42, -8.11 	6.27, -17.35, -1.95 	0.00, 20.00 	10,16,7,334		137.33,1.22	0,0 	0
377     	-0.28, 14.41, -8.01 	6.26, -17.36, -1.94 	0.00, 20.00 	10,16,7,344		116.40,1.68	0,0 	0
386     	0.07, 15.34, -7.88 	6.26, -17.36, -1.94 	0.00, 20.00 	10,16,7,354		109.91,0.00	0,0 	0
395     	0.33, 16.19, -7.82 	6.28, -17.37, -1.91 	0.00, 20.00 	10,16,7,363		99.38,1.71	0,0 	0
404     	0.51, 16.94, -7.75 	6.26, -17.37, -1.93 	0.00, 20.00 	10,16,7,373		85.62,1.22	0,0 	0
413     	0.63, 17.57, -7.65 	6.29, -17.37, -1.92 	0.00, 20.00 	10,16,7,383		71.27,2.45	0,0 	0
422     	0.71, 18.14, -7.56 	6.24, -17.36, -1.94 	0.00, 20.00 	10,16,7,392		63.37,5.05	0,0 	0
431     	0.74, 18.69, -7.48 	6.22, -17.36, -1.93 	0.00, 20.00 	10,16,7,402		61.38,2.45	0,0 	0
440     	0.77, 19.21, -7.44 	6.23, -17.35, -1.93 	0.00, 20.00 	10,16,7,412		57.99,1.68	0,0 	0
449     	0.84, 19.68, -7.44 	6.24, -17.35, -1.92 	0.00, 20.00 	10,16,7,421		52.54,1.22	0,0 	0
458     	0.88, 20.15, -7.50 	6.22, -17.35, -1.93 	0.00, 20.00 	10,16,7,431		52.17,2.45	0,0 	0
467     	0.92, 20.59, -7.56 	6.23, -17.33, -1.92 	0.00, 20.00 	10,16,7,441		49.84,2.63	0,0 	0
476     	0.92, 20.92, -7.58 	6.26, -17.36, -1.91 	0.00, 20.00 	10,16,7,450		36.50,5.14	0,0 	0
485     	0.86, 21.12, -7.52 	6.31, -17.37, -1.91 	0.00, 20.00 	10,16,7,460		23.26,5.05	0,0 	0
494     	0.69, 21.27, -7.43 	6.29, -17.37, -1.90 	0.00, 20.00 	10,16,7,470		24.86,2.45	0,0 	0
503     	0.49, 21.36, -7.33 	6.22, -17.37, -1.89 	0.00, 20.00 	10,16,7,479		24.74,7.34	0,0 	0
512     	0.29, 21.41, -7.22 	6.26, -17.38, -1.88 	0.00, 20.00 	10,16,7,489		23.41,5.05	0,0 	0
521     	0.08, 21.39, -7.15 	6.22, -17.36, -1.89 	0.00, 20.00 	10,16,7,499		23.47,5.47	0,0 	0
530     	-0.22, 21.32, -7.15 	6.28, -17.34, -1.86 	0.00, 20.00 	10,16,7,509		33.98,7.66	0,0 	0
539     	-0.51, 21.20, -7.15 	6.27, -17.31, -1.87 	0.00, 20.00 	10,16,7,518		35.19,3.76	0,0 	0
548     	-0.59, 21.12, -7.11 	6.26, -17.23, -1.87 	0.00, 20.00 	10,16,7,528		11.85,8.36	0,0 	0
557     	-0.59, 21.08, -7.04 	6.27, -17.20, -1.86 	0.00, 20.00 	10,16,7,538		4.70,3.72	0,0 	0
566     	-0.52, 21.04, -7.00 	6.33, -17.20, -1.86 	0.00, 20.00 	10,16,7,547		8.83,7.34	0,0 	0
575     	-0.55, 21.01, -6.98 	6.32, -17.22, -1.81 	0.00, 20.00 	10,16,7,557		5.08,2.63	0,0 	0
584     	-0.53, 20.95, -6.95 	6.32, -17.22, -1.79 	0.00, 20.00 	10,16,7,567		7.18,0.00	0,0 	0
593     	-0.53, 20.90, -6.93 	6.29, -17.19, -1.80 	0.00, 20.00 	10,16,7,576		4.70,5.14	0,0 	0
602     	-0.53, 20.88, -6.93 	6.29, -17.15, -1.78 	0.00, 20.00 	10,16,7,586		2.35,4.71	0,0 	0
611     	-0.51, 20.85, -6.93 	6.22, -17.16, -1.75 	0.00, 20.00 	10,16,7,596		4.33,7.41	0,0 	0
620     	-0.48, 20.83, -6.93 	6.20, -17.19, -1.78 	0.00, 20.00 	10,16,7,605		3.43,4.26	0,0 	0
629     	-0.45, 20.79, -6.92 	6.14, -17.16, -1.76 	0.00, 20.00 	10,16,7,615		6.03,7.12	0,0 	0
638     	-0.40, 20.75, -6.92 	6.15, -17.13, -1.77 	0.00, 20.00 	10,16,7,625		6.87,3.72	0,0 	0
647     	-0.33, 20.69, -6.93 	6.16, -17.12, -1.74 	0.00, 20.00 	10,16,7,634		10.30,1.68	0,0 	0
656     	-0.25, 20.61, -6.94 	6.17, -17.12, -1.74 	0.00, 20.00 	10,16,7,644		12.86,1.22	0,0 	0
665     	-0.12, 20.51, -6.96 	6.16, -17.09, -1.74 	0.00, 20.00 	10,16,7,654		18.08,3.76	0,0 	0
674     	0.03, 20.47, -6.97 	6.14, -17.10, -1.75 	0.00, 20.00 	10,16,7,663		16.78,2.69	0,0 	0
683     	0.12, 20.43, -6.98 	6.11, -17.11, -1.74 	0.00, 20.00 	10,16,7,673		11.00,3.83	0,0 	0
692     	0.13, 20.38, -6.97 	6.13, -17.09, -1.74 	0.00, 20.00 	10,16,7,683		6.02,3.36	0,0 	0
701     	0.16, 20.33, -6.96 	6.16, -17.10, -1.74 	0.00, 20.00 	10,16,7,692		6.41,3.88	0,0 	0
710     	0.15, 20.31, -6.96 	6.14, -17.11, -1.73 	0.00, 20.00 	10,16,7,702		2.64,2.69	0,0 	0
719     	0.15, 20.27, -6.96 	6.19, -17.06, -1.73 	0.00, 20.00 	10,16,7,712		3.53,7.65	0,0 	0
728     	0.14, 20.25, -6.96 	6.18, -17.08, -1.74 	0.00, 20.00 	10,16,7,722		2.64,1.68	0,0 	0
737     	0.14, 20.24, -6.96 	6.16, -17.03, -1.74 	0.00, 20.00 	10,16,7,731		1.18,5.35	0,0 	0
746     	0.16, 20.22, -6.96 	6.15, -17.01, -1.74 	0.00, 20.00 	10,16,7,741		3.43,2.68	0,0 	0
755     	0.17, 20.22, -6.96 	6.15, -17.01, -1.74 	0.00, 20.00 	10,16,7,751		1.23,0.00	0,0 	0
764     	0.17, 20.21, -6.96 	6.15, -17.01, -1.74 	0.00, 20.00 	10,16,7,760		1.18,0.00	0,0 	0
773     	0.18, 20.21, -6.97 	6.10, -16.98, -1.74 	0.00, 20.00 	10,16,7,770		1.23,6.09	0,0 	0
782     	0.18, 20.21, -6.97 	6.12, -17.00, -1.74 	0.00, 20.00 	10,16,7,780		0.00,3.43	0,0 	0
791     	0.17, 20.22, -6.97 	6.12, -16.96, -1.74 	0.00, 20.00 	10,16,7,789		1.72,4.71	0,0 	0
800     	0.16, 20.22, -6.97 	6.11, -16.94, -1.75 	0.00, 20.00 	10,16,7,799		1.23,2.68	0,0 	0
809     	0.14, 20.22, -6.97 	6.14, -16.91, -1.75 	0.00, 20.00 	10,16,7,809		2.47,5.04	0,0 	0
818     	0.12, 20.23, -6.98 	6.13, -16.89, -1.75 	0.00, 20.00 	10,16,7,818		2.75,2.68	0,0 	0
827     	0.06, 20.21, -6.97 	6.15, -16.86, -1.75 	0.00, 20.00 	10,16,7,828		6.58,3.36	0,0 	0
836     	0.01, 20.21, -6.97 	6.14, -16.84, -1.76 	0.00, 20.00 	10,16,7,838		6.17,2.68	0,0 	0
845     	-0.06, 20.19, -6.97 	6.15, -16.82, -1.76 	0.00, 20.00 	10,16,7,847		7.48,2.63	0,0 	0
854     	-0.15, 20.18, -6.97 	6.16, -16.81, -1.78 	0.00, 20.00 	10,16,7,857		9.93,1.68	0,0 	0
863     	-0.20, 20.15, -6.96 	6.10, -16.80, -1.77 	0.00, 20.00 	10,16,7,867		6.58,6.25	0,0 	0
872     	-0.23, 20.14, -6.96 	6.15, -16.81, -1.78 	0.00, 20.00 	10,16,7,876		3.87,5.05	0,0 	0
881     	-0.28, 20.13, -6.95 	6.17, -16.81, -1.77 	0.00, 20.00 	10,16,7,886		5.06,2.45	0,0 	0
890     	-0.28, 20.14, -6.95 	6.17, -16.82, -1.77 	0.00, 20.00 	10,16,7,896		1.18,1.18	0,0 	0
899     	-0.30, 20.13, -6.95 	6.14, -16.81, -1.76 	0.00, 20.00 	10,16,7,905		2.72,3.88	0,0 	0
908     	-0.33, 20.12, -6.95 	6.10, -16.81, -1.76 	0.00, 20.00 	10,16,7,915		3.87,3.67	0,0 	0
917     	-0.33, 20.11, -6.95 	6.08, -16.79, -1.76 	0.00, 20.00 	10,16,7,925		1.18,3.43	0,0 	0
926     	-0.37, 20.12, -6.95 	6.09, -16.78, -1.77 	0.00, 20.00 	10,16,7,934		3.90,1.68	0,0 	0
935     	-0.36, 20.12, -6.95 	6.13, -16.77, -1.78 	0.00, 20.00 	10,16,7,944		1.23,5.01	0,0 	0
944     	-0.36, 20.12, -6.95 	6.10, -16.75, -1.78 	0.00, 20.00 	10,16,7,954		0.00,4.40	0,0 	0
953     	-0.33, 20.12, -6.95 	6.12, -16.78, -1.78 	0.00, 20.00 	10,16,7,964		2.47,4.34	0,0 	0
962     	-0.32, 20.12, -6.96 	6.12, -16.78, -1.76 	0.00, 20.00 	10,16,7,973		1.23,0.00	0,0 	0
971     	-0.34, 20.12, -6.97 	6.13, -16.76, -1.76 	0.00, 20.00 	10,16,7,983		2.47,2.63	0,0 	0
980     	-0.33, 20.11, -6.96 	6.10, -16.74, -1.76 	0.00, 20.00 	10,16,7,993		1.72,4.40	0,0 	0
989     	-0.33, 20.12, -6.96 	6.11, -16.73, -1.76 	0.00, 20.00 	10,16,8,2		1.18,1.68	0,0 	0
998     	-0.33, 20.12, -6.95 	6.14, -16.74, -1.76 	0.00, 20.00 	10,16,8,12		0.00,3.88	0,0 	0
1007    	-0.33, 20.12, -6.95 	6.10, -16.73, -1.77 	0.00, 20.00 	10,16,8,22		0.00,5.05	1000,1 	0
1016    	-0.33, 20.12, -6.95 	6.10, -16.72, -1.77 	0.00, 20.00 	10,16,8,31		0.00,1.18	1000,1 	0
1025    	-0.34, 20.11, -6.96 	6.12, -16.73, -1.76 	0.00, 20.00 	10,16,8,41		1.69,2.74	1000,1 	0
1034    	-0.33, 20.12, -6.95 	6.08, -16.74, -1.78 	0.00, 20.00 	10,16,8,51		1.69,5.01	1000,1 	0
1043    	-0.33, 20.12, -6.96 	6.11, -16.73, -1.77 	0.00, 20.00 	10,16,8,60		0.00,3.83	1000,1 	0
1052    	-0.33, 20.12, -6.96 	6.12, -16.73, -1.78 	0.00, 20.00 	10,16,8,70		0.00,1.22	1000,1 	0
1061    	-0.33, 20.11, -6.95 	6.13, -16.73, -1.78 	0.00, 20.00 	10,16,8,80		1.18,1.22	1000,1 	0
1070    	-0.33, 20.11, -6.95 	6.13, -16.73, -1.76 	0.00, 20.00 	10,16,8,89		0.00,0.00	1000,1 	0
1079    	-0.33, 20.11, -6.95 	6.12, -16.75, -1.77 	0.00, 20.00 	10,16,8,99		0.00,2.63	1000,1 	0
1088    	-0.32, 20.12, -6.95 	6.07, -16.75, -1.77 	0.00, 20.00 	10,16,8,109		1.69,6.11	1000,1 	0
1097    	-0.35, 20.11, -6.95 	6.09, -16.75, -1.75 	0.00, 20.00 	10,16,8,118		3.87,2.45	1000,1 	0
1106    	-0.34, 20.12, -6.95 	6.12, -16.75, -1.74 	0.00, 20.00 	10,16,8,128		1.69,3.67	1000,1 	0
1115    	-0.34, 20.11, -6.95 	6.12, -16.75, -1.75 	0.00, 20.00 	10,16,8,138		1.18,0.00	1000,1 	0
1124    	-0.34, 20.12, -6.96 	6.11, -16.75, -1.75 	0.00, 20.00 	10,16,8,147		1.18,1.22	1000,1 	0
1133    	-0.33, 20.12, -6.96 	6.11, -16.77, -1.75 	0.00, 20.00 	10,16,8,157		1.23,2.36	1000,1 	0
1142    	-0.32, 20.11, -6.96 	6.12, -16.76, -1.76 	0.00, 20.00 	10,16,8,167		1.72,1.68	1000,1 	0
1151    	-0.33, 20.11, -6.96 	6.13, -16.75, -1.75 	0.00, -0.00 	10,16,8,186		1.23,1.68	1000,1 	0
1160    	-0.30, 20.11, -6.96 	6.13, -16.77, -1.74 	0.00, -0.00 	10,16,8,196		3.33,2.12	1000,1 	0
1169    	-0.32, 20.12, -6.96 	6.16, -16.75, -1.74 	0.00, -0.00 	10,16,8,206		2.47,3.03	1000,1 	0
1178    	-0.31, 20.11, -6.95 	6.17, -16.78, -1.74 	0.00, -0.00 	10,16,8,215		1.54,3.39	1000,1 	0
1187    	-0.31, 20.11, -6.96 	6.17, -16.78, -1.74 	0.00, -0.00 	10,16,8,225		0.00,0.00	1000,1 	0
1196    	-0.33, 20.11, -6.96 	6.13, -16.77, -1.73 	0.00, -0.00 	10,16,8,235		2.22,3.49	1000,1 	0
1205    	-0.31, 20.11, -6.96 	6.16, -16.76, -1.74 	0.00, -0.00 	10,16,8,244		2.22,2.42	1000,1 	0
1214    	-0.31, 20.11, -6.96 	6.16, -16.76, -1.74 	0.00, -0.00 	10,16,8,254		0.00,0.00	1000,1 	0
1223    	-0.30, 20.11, -6.96 	6.19, -16.76, -1.74 	0.00, -0.00 	10,16,8,264		1.11,3.30	1000,1 	0
1232    	-0.30, 20.11, -6.96 	6.22, -16.78, -1.74 	0.00, -0.00 	10,16,8,273		0.00,3.96	1000,1 	0
1241    	-0.30, 20.11, -6.96 	6.27, -16.76, -1.73 	0.00, -0.00 	10,16,8,283		0.00,4.51	1000,1 	0
1250    	-0.31, 20.12, -6.96 	6.26, -16.77, -1.73 	0.00, -0.00 	10,16,8,293		1.54,1.10	1000,1 	0
1259    	-0.31, 20.12, -6.96 	6.27, -16.76, -1.73 	0.00, -0.00 	10,16,8,302		0.00,1.10	1000,1 	0
1268    	-0.31, 20.11, -6.96 	6.27, -16.78, -1.75 	0.00, -0.00 	10,16,8,312		1.06,1.06	1000,1 	0
1277    	-0.31, 20.11, -6.96 	6.27, -16.76, -1.74 	0.00, -0.00 	10,16,8,322		0.00,1.06	1000,1 	0
1286    	-0.30, 20.11, -6.96 	6.27, -16.78, -1.76 	0.00, -0.00 	10,16,8,331		1.11,1.06	1000,1 	0
1295    	-0.32, 20.10, -6.96 	6.28, -16.74, -1.75 	0.00, -0.00 	10,16,8,341		2.45,3.35	1000,1 	0
1304    	-0.31, 20.11, -6.96 	6.28, -16.75, -1.73 	0.00, -0.00 	10,16,8,351		1.52,1.06	1000,1 	0
1313    	-0.31, 20.11, -6.96 	6.28, -16.75, -1.74 	0.00, -0.00 	10,16,8,360		0.00,0.00	1000,1 	0
1322    	-0.30, 20.11, -6.96 	6.28, -16.76, -1.76 	0.00, -0.00 	10,16,8,370		1.11,1.06	1000,1 	0
1331    	-0.30, 20.10, -6.96 	6.27, -16.76, -1.75 	0.00, -0.00 	10,16,8,380		1.06,1.10	1000,1 	0
1340    	-0.30, 20.11, -6.96 	6.25, -16.80, -1.74 	0.00, -0.00 	10,16,8,389		1.06,3.83	1000,1 	0
1349    	-0.30, 20.11, -6.97 	6.28, -16.81, -1.72 	0.00, -0.00 	10,16,8,399		0.00,3.49	1000,1 	0
1358    	-0.30, 20.12, -6.97 	6.27, -16.82, -1.71 	0.00, -0.00 	10,16,8,409		1.06,1.51	1000,1 	0
1367    	-0.30, 20.11, -6.97 	6.24, -16.86, -1.72 	0.00, -0.00 	10,16,8,419		1.06,5.32	1000,1 	0
1376    	-0.30, 20.11, -6.97 	6.24, -16.85, -1.71 	0.00, -0.00 	10,16,8,428		0.00,1.06	1000,1 	0
1385    	-0.30, 20.11, -6.97 	6.24, -16.84, -1.70 	0.00, -0.00 	10,16,8,438		0.00,1.06	1000,1 	0
1394    	-0.29, 20.11, -6.97 	6.24, -16.84, -1.71 	0.00, -0.00 	10,16,8,448		1.11,0.00	1000,1 	0
1403    	-0.29, 20.11, -6.97 	6.27, -16.86, -1.71 	0.00, -0.00 	10,16,8,457		0.00,3.96	1000,1 	0
1412    	-0.29, 20.11, -6.96 	6.29, -16.85, -1.71 	0.00, -0.00 	10,16,8,467		0.00,2.42	1000,1 	0
1421    	-0.29, 20.11, -6.96 	6.35, -16.86, -1.72 	0.00, -0.00 	10,16,8,477		0.00,5.62	1000,1 	0
1430    	-0.30, 20.11, -6.97 	6.35, -16.86, -1.71 	0.00, -0.00 	10,16,8,486		1.11,0.00	1000,1 	0
1439    	-0.29, 20.11, -6.97 	6.34, -16.89, -1.71 	0.00, -0.00 	10,16,8,496		1.11,3.35	1000,1 	0
1448    	-0.30, 20.10, -6.96 	6.36, -16.90, -1.71 	0.00, -0.00 	10,16,8,506		1.52,2.46	1000,1 	0
1457    	-0.30, 20.10, -6.96 	6.36, -16.89, -1.70 	0.00, -0.00 	10,16,8,515		0.00,1.06	1000,1 	0
1466    	-0.30, 20.10, -6.96 	6.35, -16.88, -1.71 	0.00, -0.00 	10,16,8,525		0.00,1.54	1000,1 	0
1475    	-0.30, 20.11, -6.96 	6.32, -16.90, -1.71 	0.00, -0.00 	10,16,8,535		1.06,3.89	1000,1 	0
1484    	-0.31, 20.11, -6.96 	6.33, -16.91, -1.71 	0.00, -0.00 	10,16,8,544		1.11,1.54	1000,1 	0
1493    	-0.31, 20.11, -6.96 	6.33, -16.90, -1.72 	0.00, -0.00 	10,16,8,554		0.00,1.06	1000,1 	0
1502    	-0.31, 20.11, -6.96 	6.37, -16.91, -1.72 	0.00, -0.00 	10,16,8,564		0.00,4.55	1000,1 	0
1511    	-0.31, 20.11, -6.96 	6.39, -16.89, -1.72 	0.00, -0.00 	10,16,8,573		0.00,3.03	1000,1 	0
1520    	-0.31, 20.11, -6.96 	6.38, -16.92, -1.71 	0.00, -0.00 	10,16,8,583		0.00,3.35	1000,1 	0
1529    	-0.31, 20.11, -6.96 	6.38, -16.89, -1.71 	0.00, -0.00 	10,16,8,593		0.00,3.18	1000,1 	0
1538    	-0.30, 20.12, -6.96 	6.42, -16.89, -1.71 	0.00, -0.00 	10,16,8,602		1.52,3.30	1000,1 	0
1547    	-0.30, 20.12, -6.96 	6.38, -16.92, -1.71 	0.00, -0.00 	10,16,8,612		0.00,4.54	1000,1 	0
1556    	-0.30, 20.11, -6.97 	6.37, -16.92, -1.70 	0.00, -0.00 	10,16,8,622		1.06,1.10	1000,1 	0
1565    	-0.30, 20.10, -6.96 	6.38, -16.91, -1.70 	0.00, -0.00 	10,16,8,632		1.06,1.51	1000,1 	0
1574    	-0.30, 20.11, -6.96 	6.39, -16.89, -1.69 	0.00, -0.00 	10,16,8,641		1.06,2.37	1000,1 	0
1583    	-0.30, 20.11, -6.96 	6.39, -16.87, -1.68 	0.00, -0.00 	10,16,8,651		0.00,2.12	1000,1 	0
1592    	-0.30, 20.11, -6.97 	6.39, -16.87, -1.70 	0.00, -0.00 	10,16,8,660		0.00,0.00	1000,1 	0
1601    	-0.30, 20.12, -6.96 	6.39, -16.86, -1.69 	0.00, -0.00 	10,16,8,670		1.06,1.06	1000,1 	0
1610    	-0.30, 20.11, -6.96 	6.37, -16.88, -1.69 	0.00, -0.00 	10,16,8,680		1.06,3.03	1000,1 	0
1619    	-0.30, 20.11, -6.96 	6.36, -16.88, -1.69 	0.00, -0.00 	10,16,8,690		0.00,1.10	1000,1 	0
1628    	-0.31, 20.10, -6.96 	6.39, -16.89, -1.68 	0.00, -0.00 	10,16,8,699		1.52,3.49	1000,1 	0
1637    	-0.31, 20.10, -6.96 	6.44, -16.89, -1.68 	0.00, -0.00 	10,16,8,709		0.00,4.40	1000,1 	0
1646    	-0.31, 20.10, -6.96 	6.39, -16.87, -1.68 	0.00, -0.00 	10,16,8,719		0.00,4.92	1000,1 	0
1655    	-0.31, 20.11, -6.96 	6.39, -16.87, -1.68 	0.00, -0.00 	10,16,8,728		1.06,0.00	1000,1 	0
1664    	-0.32, 20.10, -6.96 	6.39, -16.87, -1.70 	0.00, -0.00 	10,16,8,738		1.52,0.00	1000,1 	0
1673    	-0.32, 20.09, -6.95 	6.39, -16.86, -1.70 	0.00, -0.00 	10,16,8,748		1.06,1.06	1000,1 	0
1682    	-0.33, 20.05, -6.95 	6.39, -16.87, -1.69 	0.00, -0.00 	10,16,8,757		3.35,1.06	1000,1 	0
1691    	-0.34, 20.00, -6.96 	6.40, -16.88, -1.69 	0.00, -0.00 	10,16,8,767		5.39,1.54	1000,1 	0
1700    	-0.33, 19.90, -6.98 	6.40, -16.88, -1.68 	0.00, -0.00 	10,16,8,777		10.58,0.00	1000,1 	0
1709    	-0.40, 19.72, -7.03 	6.44, -16.88, -1.67 	0.00, -0.00 	10,16,8,786		18.54,3.30	1000,1 	0
1718    	-0.50, 19.48, -7.11 	6.47, -16.86, -1.67 	0.00, -0.00 	10,16,8,796		26.62,3.45	1000,1 	0
1727    	-0.69, 19.10, -7.24 	6.47, -16.85, -1.67 	0.00, -0.00 	10,16,8,806		42.38,1.06	1000,1 	0
1736    	-0.87, 18.61, -7.34 	6.48, -16.86, -1.68 	0.00, -0.00 	10,16,8,815		51.83,1.54	1000,1 	0
1745    	-1.06, 18.13, -7.39 	6.47, -16.86, -1.71 	0.00, -0.00 	10,16,8,825		51.83,1.10	1000,1 	0
1754    	-1.24, 17.61, -7.46 	6.43, -16.86, -1.70 	0.00, -0.00 	10,16,8,835		54.75,4.55	1000,1 	0
1763    	-1.44, 16.95, -7.52 	6.40, -16.88, -1.70 	0.00, -0.00 	10,16,8,844		69.34,3.03	1000,1 	0
1772    	-1.60, 16.11, -7.59 	6.39, -16.87, -1.70 	0.00, -0.00 	10,16,8,854		84.93,1.54	1000,1 	0
1781    	-1.70, 15.28, -7.69 	6.40, -16.87, -1.69 	0.00, -0.00 	10,16,8,864		83.61,1.10	1000,1 	0
1790    	-1.84, 14.38, -7.80 	6.44, -16.88, -1.68 	0.00, -0.00 	10,16,8,874		91.67,3.49	1000,1 	0
1799    	-1.93, 13.35, -7.88 	6.45, -16.87, -1.68 	0.00, -0.00 	10,16,8,883		103.48,1.51	1000,1 	0
1808    	-2.19, 12.19, -7.86 	6.45, -16.85, -1.68 	0.00, -0.00 	10,16,8,893		118.33,1.06	1000,1 	0
1817    	-2.37, 11.00, -7.88 	6.47, -16.86, -1.68 	0.00, -0.00 	10,16,8,903		120.70,2.46	1000,1 	0
1826    	-2.62, 9.81, -7.86 	6.47, -16.90, -1.68 	0.00, -0.00 	10,16,8,912		121.11,3.18	1000,1 	0
1835    	-2.86, 8.56, -7.78 	6.48, -16.90, -1.66 	0.00, -0.00 	10,16,8,922		127.26,1.10	1000,1 	0
1844    	-3.05, 7.27, -7.67 	6.46, -16.93, -1.66 	0.00, -0.00 	10,16,8,932		130.45,3.83	1000,1 	0
1853    	-3.24, 6.01, -7.60 	6.48, -16.93, -1.66 	0.00, -0.00 	10,16,8,941		128.17,2.20	1000,1 	0
1862    	-3.21, 4.92, -7.61 	6.48, -16.92, -1.67 	0.00, -0.00 	10,16,8,951		109.01,1.06	1000,1 	0
1871    	-3.01, 3.80, -7.61 	6.48, -16.93, -1.67 	0.00, -0.00 	10,16,8,961		113.31,1.06	1000,1 	0
1880    	-2.77, 2.83, -7.59 	6.43, -16.96, -1.68 	0.00, -0.00 	10,16,8,970		100.47,6.30	1000,1 	0
1889    	-2.71, 2.02, -7.51 	6.49, -16.96, -1.68 	0.00, -0.00 	10,16,8,980		80.46,5.50	1000,1 	0
1898    	-2.71, 1.41, -7.39 	6.50, -16.98, -1.68 	0.00, -0.00 	10,16,8,990		61.43,2.41	1000,1 	0
1907    	-2.61, 0.84, -7.22 	6.53, -17.00, -1.66 	0.00, -0.00 	10,16,8,999		57.63,3.96	1000,1 	0
1916    	-2.49, 0.39, -7.06 	6.50, -16.99, -1.67 	0.00, -0.00 	10,16,9,9		46.73,3.49	1000,1 	0
1925    	-2.40, 0.12, -6.97 	6.51, -16.97, -1.67 	0.00, -0.00 	10,16,9,19		28.70,2.37	1000,1 	0
1934    	-2.42, 0.02, -6.91 	6.51, -16.96, -1.67 	0.00, -0.00 	10,16,9,28		10.05,1.06	1000,1 	0
1943    	-2.47, -0.08, -6.82 	6.47, -16.95, -1.68 	0.00, -0.00 	10,16,9,38		11.89,3.49	1000,1 	0
1952    	-2.47, -0.09, -6.83 	6.53, -16.95, -1.67 	0.00, -0.00 	10,16,9,48		1.06,5.50	1000,1 	0
1961    	-2.36, -0.10, -6.88 	6.52, -16.95, -1.67 	0.00, -0.00 	10,16,9,57		11.18,1.10	1000,1 	0
1970    	-2.19, -0.11, -6.92 	6.52, -16.97, -1.69 	0.00, -0.00 	10,16,9,67		16.83,2.12	1000,1 	0
1979    	-2.04, -0.14, -6.92 	6.52, -16.98, -1.69 	0.00, -0.00 	10,16,9,77		15.92,1.06	1000,1 	0
1988    	-1.91, -0.18, -6.93 	6.61, -16.96, -1.73 	0.00, -0.00 	10,16,9,87		12.99,9.02	1000,1 	0
1997    	-1.74, -0.18, -6.92 	6.63, -16.97, -1.74 	0.00, -0.00 	10,16,9,96		16.71,2.46	1000,1 	0
2006    	-1.63, -0.16, -6.92 	6.66, -16.93, -1.73 	0.00, -0.00 	10,16,9,106		11.28,4.54	1000,1 	0
2015    	-1.52, -0.16, -6.92 	6.70, -16.98, -1.80 	0.00, -0.00 	10,16,9,116		11.18,6.30	1000,1 	0
2024    	-1.45, -0.14, -6.91 	6.65, -16.97, -1.78 	0.00, -0.00 	10,16,9,125		8.03,4.92	1000,1 	0
2033    	-1.45, -0.14, -6.88 	6.65, -16.92, -1.80 	0.00, -0.00 	10,16,9,135		0.00,4.24	1000,1 	0
2042    	-1.44, -0.10, -6.90 	6.67, -16.86, -1.79 	0.00, -0.00 	10,16,9,145		3.35,6.69	1000,1 	0
2051    	-1.46, -0.12, -6.89 	6.66, -16.84, -1.82 	0.00, -0.00 	10,16,9,154		2.45,2.41	1000,1 	0
2060    	-1.43, -0.15, -6.88 	6.69, -16.79, -1.84 	0.00, -0.00 	10,16,9,164		3.90,5.32	1000,1 	0
2069    	-1.39, -0.17, -6.87 	6.71, -16.80, -1.83 	0.00, -0.00 	10,16,9,174		4.95,2.46	1000,1 	0
2078    	-1.37, -0.17, -6.88 	6.68, -16.81, -1.82 	0.00, -0.00 	10,16,9,183		2.22,3.30	1000,1 	0
2087    	-1.31, -0.18, -6.88 	6.70, -16.79, -1.83 	0.00, -0.00 	10,16,9,193		5.97,2.42	1000,1 	0
2096    	-1.25, -0.20, -6.85 	6.68, -16.81, -1.82 	0.00, -0.00 	10,16,9,203		5.97,2.42	1000,1 	0
2105    	-1.22, -0.20, -6.82 	6.68, -16.83, -1.82 	0.00, -0.00 	10,16,9,212		3.33,2.12	1000,1 	0
2114    	-1.16, -0.16, -6.82 	6.66, -16.85, -1.82 	0.00, -0.00 	10,16,9,222		7.85,3.03	1000,1 	0
2123    	-1.16, -0.14, -6.79 	6.67, -16.85, -1.81 	0.00, -0.00 	10,16,9,232		2.12,1.10	1000,1 	0
2132    	-1.26, -0.14, -6.78 	6.64, -16.88, -1.81 	0.00, -0.00 	10,16,9,241		10.00,4.54	1000,1 	0
2141    	-1.29, -0.12, -6.79 	6.66, -16.86, -1.81 	0.00, -0.00 	10,16,9,251		3.97,3.03	1000,1 	0
2150    	-1.25, -0.12, -6.82 	6.64, -16.88, -1.81 	0.00, -0.00 	10,16,9,261		4.44,3.03	1000,1 	0
2159    	-1.22, -0.10, -6.82 	6.62, -16.87, -1.82 	0.00, -0.00 	10,16,9,270		3.92,1.54	1000,1 	0
2168    	-1.17, -0.11, -6.82 	6.65, -16.90, -1.81 	0.00, -0.00 	10,16,9,280		4.95,3.90	1000,1 	0
2177    	-1.18, -0.12, -6.83 	6.67, -16.88, -1.79 	0.00, -0.00 	10,16,9,290		1.11,3.03	1000,1 	0
2186    	-1.14, -0.12, -6.84 	6.62, -16.91, -1.80 	0.00, -0.00 	10,16,9,299		4.58,6.30	1000,1 	0
2195    	-1.12, -0.12, -6.82 	6.62, -16.92, -1.80 	0.00, -0.00 	10,16,9,309		1.11,1.06	1000,1 	0
2204    	-1.11, -0.14, -6.82 	6.65, -16.94, -1.80 	0.00, -0.00 	10,16,9,319		2.40,3.96	1000,1 	0
2213    	-1.10, -0.13, -6.81 	6.63, -16.97, -1.78 	0.00, -0.00 	10,16,9,329		1.52,3.03	1000,1 	0
2222    	-1.11, -0.13, -6.81 	6.63, -16.96, -1.78 	0.00, -0.00 	10,16,9,338		1.11,1.06	1000,1 	0
2231    	-1.12, -0.13, -6.82 	6.62, -16.94, -1.78 	0.00, -0.00 	10,16,9,348		1.11,1.54	1000,1 	0
2240    	-1.14, -0.13, -6.81 	6.61, -16.97, -1.77 	0.00, -0.00 	10,16,9,358		1.11,2.37	1000,1 	0
2249    	-1.15, -0.11, -6.83 	6.62, -16.97, -1.77 	0.00, -0.00 	10,16,9,367		2.40,1.10	1000,1 	0
2258    	-1.15, -0.11, -6.83 	6.60, -16.98, -1.76 	0.00, -0.00 	10,16,9,377		0.00,2.42	1000,1 	0
2267    	-1.12, -0.12, -6.83 	6.61, -16.99, -1.77 	0.00, -0.00 	10,16,9,387		2.47,1.54	1000,1 	0
2276    	-1.11, -0.14, -6.82 	6.60, -17.02, -1.77 	0.00, -0.00 	10,16,9,396		2.40,3.35	1000,1 	0
2285    	-1.12, -0.14, -6.82 	6.65, -17.06, -1.77 	0.00, -0.00 	10,16,9,406		1.11,6.17	1000,1 	0
2294    	-1.13, -0.15, -6.81 	6.65, -17.06, -1.78 	0.00, -0.00 	10,16,9,416		1.11,0.00	1000,1 	0
2303    	-1.13, -0.18, -6.80 	6.65, -17.09, -1.75 	0.00, -0.00 	10,16,9,425		3.17,3.18	1000,1 	0
2312    	-1.16, -0.17, -6.79 	6.62, -17.07, -1.74 	0.00, -0.00 	10,16,9,435		2.47,3.09	1000,1 	0
2321    	-1.17, -0.16, -6.81 	6.62, -17.07, -1.76 	0.00, -0.00 	10,16,9,445		1.54,0.00	1000,1 	0
2330    	-1.19, -0.17, -6.79 	6.61, -17.10, -1.77 	0.00, -0.00 	10,16,9,454		2.45,3.35	1000,1 	0
2339    	-1.21, -0.18, -6.80 	6.61, -17.10, -1.76 	0.00, -0.00 	10,16,9,464		2.72,0.00	1000,1 	0
2348    	-1.19, -0.15, -6.81 	6.56, -17.12, -1.77 	0.00, -0.00 	10,16,9,474		4.28,6.20	1000,1 	0
2357    	-1.16, -0.15, -6.80 	6.61, -17.15, -1.77 	0.00, -0.00 	10,16,9,483		3.70,6.09	1000,1 	0
2366    	-1.14, -0.16, -6.81 	6.63, -17.12, -1.76 	0.00, -0.00 	10,16,9,493		1.72,3.36	1000,1 	0
2375    	-1.15, -0.15, -6.80 	6.66, -17.13, -1.75 	0.00, -0.00 	10,16,9,503		1.18,3.88	1000,1 	0
2384    	-1.12, -0.14, -6.80 	6.66, -17.17, -1.74 	0.00, -0.00 	10,16,9,512		2.47,3.53	1000,1 	0
2393    	-1.12, -0.14, -6.80 	6.65, -17.18, -1.73 	0.00, -0.00 	10,16,9,522		0.00,1.68	1000,1 	0
2402    	-1.15, -0.14, -6.79 	6.65, -17.18, -1.74 	0.00, -0.00 	10,16,9,532		2.75,0.00	1000,1 	0
2411    	-1.17, -0.13, -6.79 	6.66, -17.18, -1.74 	0.00, -0.00 	10,16,9,542		2.75,1.22	1000,1 	0
2420    	-1.19, -0.13, -6.79 	6.69, -17.22, -1.73 	0.00, -0.00 	10,16,9,551		2.47,5.35	1000,1 	0
2429    	-1.19, -0.09, -6.79 	6.67, -17.20, -1.74 	0.00, -0.00 	10,16,9,561		3.53,2.68	1000,1 	0
2438    	-1.23, -0.09, -6.80 	6.63, -17.21, -1.74 	0.00, -0.00 	10,16,9,570		3.90,5.01	1000,1 	0
2447    	-1.20, -0.08, -6.82 	6.66, -17.21, -1.74 	0.00, -0.00 	10,16,9,580		2.47,3.67	1000,1 	0
2456    	-1.16, -0.08, -6.83 	6.72, -17.21, -1.73 	0.00, -0.00 	10,16,9,590		4.94,6.11	1000,1 	0
2465    	-1.08, -0.07, -6.84 	6.69, -17.22, -1.72 	0.00, -0.00 	10,16,9,600		8.71,3.83	1000,1 	0
2474    	-1.00, -0.09, -6.82 	6.66, -17.21, -1.72 	0.00, -0.00 	10,16,9,609		8.99,2.74	1000,1 	0
2483    	-0.98, -0.04, -6.81 	6.72, -17.22, -1.70 	0.00, -0.00 	10,16,9,619		5.28,6.25	1000,1 	0
2492    	-1.06, -0.00, -6.79 	6.70, -17.23, -1.72 	0.00, -0.00 	10,16,9,629		9.89,2.69	1000,1 	0
2501    	-1.23, -0.01, -6.76 	6.70, -17.25, -1.73 	0.00, -0.00 	10,16,9,638		18.52,2.36	1000,1 	0
2510    	-1.30, -0.00, -6.72 	6.71, -17.24, -1.71 	0.00, -0.00 	10,16,9,648		7.52,1.68	1000,1 	0
2519    	-1.35, 0.08, -6.77 	6.72, -17.25, -1.71 	0.00, -0.00 	10,16,9,658		10.68,1.71	1000,1 	0
2528    	-1.23, 0.21, -6.88 	6.71, -17.26, -1.71 	0.00, -0.00 	10,16,9,667		19.45,1.68	1000,1 	0
2537    	-1.08, 0.27, -6.95 	6.71, -17.31, -1.68 	0.00, -0.00 	10,16,9,677		18.18,5.89	1000,1 	0
2546    	-0.93, 0.22, -6.96 	6.72, -17.30, -1.68 	0.00, -0.00 	10,16,9,687		17.17,1.68	1000,1 	0
2555    	-0.81, 0.18, -6.97 	6.76, -17.31, -1.66 	0.00, -0.00 	10,16,9,696		14.87,3.88	1000,1 	0
2564    	-0.74, 0.15, -6.94 	6.73, -17.36, -1.66 	0.00, -0.00 	10,16,9,706		8.25,5.92	1000,1 	0
