#Time 	Sensor1         Sensor2         Target          Time            Vel             
#================================================================

17      	-0.83, 0.31, -6.79 	6.12, -17.57, -1.86 	0.00, 20.00 	10,16,17,528		0.00,0.00	0,0 	0
26      	-0.85, 0.40, -6.80 	6.12, -17.57, -1.85 	0.00, 20.00 	10,16,17,538		9.76,0.00	0,0 	0
35      	-0.89, 0.43, -6.77 	6.08, -17.52, -1.87 	0.00, 20.00 	10,16,17,547		5.15,6.03	0,0 	0
44      	-0.98, 0.45, -6.75 	6.06, -17.54, -1.87 	0.00, 20.00 	10,16,17,557		10.53,2.69	0,0 	0
53      	-1.13, 0.50, -6.75 	6.06, -17.51, -1.88 	0.00, 20.00 	10,16,17,567		17.17,2.36	0,0 	0
62      	-1.26, 0.55, -6.76 	6.07, -17.51, -1.88 	0.00, 20.00 	10,16,17,576		16.01,1.22	0,0 	0
71      	-1.28, 0.57, -6.76 	6.02, -17.50, -1.88 	0.00, 20.00 	10,16,17,586		3.43,6.25	0,0 	0
80      	-1.28, 0.61, -6.79 	6.01, -17.48, -1.88 	0.00, 20.00 	10,16,17,596		4.85,2.68	0,0 	0
89      	-1.26, 0.65, -6.81 	6.01, -17.48, -1.87 	0.00, 20.00 	10,16,17,605		5.28,0.00	0,0 	0
98      	-1.21, 0.68, -6.81 	6.02, -17.47, -1.86 	0.00, 20.00 	10,16,17,615		5.44,1.68	0,0 	0
107     	-1.18, 0.68, -6.80 	6.03, -17.48, -1.86 	0.00, 20.00 	10,16,17,625		3.70,1.71	0,0 	0
116     	-1.18, 0.68, -6.80 	6.03, -17.48, -1.86 	0.00, 20.00 	10,16,17,635		0.00,0.00	0,0 	0
125     	-1.18, 0.68, -6.81 	6.03, -17.47, -1.86 	0.00, 20.00 	10,16,17,644		0.00,1.18	0,0 	0
134     	-1.17, 0.67, -6.81 	6.04, -17.47, -1.86 	0.00, 20.00 	10,16,17,654		1.72,1.22	0,0 	0
143     	-1.17, 0.66, -6.79 	6.06, -17.47, -1.88 	0.00, 20.00 	10,16,17,664		1.18,2.45	0,0 	0
152     	-1.20, 0.67, -6.80 	6.07, -17.46, -1.88 	0.00, 20.00 	10,16,17,673		3.90,1.68	0,0 	0
161     	-1.22, 0.67, -6.81 	6.08, -17.44, -1.89 	0.00, 20.00 	10,16,17,683		2.47,2.63	0,0 	0
170     	-1.24, 0.69, -6.82 	6.11, -17.45, -1.88 	0.00, 20.00 	10,16,17,693		2.67,3.88	0,0 	0
179     	-1.20, 0.69, -6.82 	6.14, -17.45, -1.87 	0.00, 20.00 	10,16,17,702		3.70,2.45	0,0 	0
188     	-1.16, 0.68, -6.81 	6.13, -17.45, -1.86 	0.00, 20.00 	10,16,17,712		5.09,1.22	0,0 	0
197     	-1.15, 0.68, -6.82 	6.07, -17.46, -1.86 	0.00, 20.00 	10,16,17,722		1.23,6.20	0,0 	0
206     	-1.15, 0.67, -6.80 	6.11, -17.43, -1.87 	0.00, 20.00 	10,16,17,731		1.18,5.98	0,0 	0
215     	-1.19, 0.68, -6.79 	6.09, -17.42, -1.86 	0.00, 20.00 	10,16,17,741		5.09,2.74	0,0 	0
224     	-1.19, 0.70, -6.78 	6.10, -17.42, -1.86 	0.00, 20.00 	10,16,17,751		2.35,1.22	0,0 	0
233     	-1.29, 0.68, -6.78 	6.10, -17.40, -1.86 	0.00, 20.00 	10,16,17,760		11.16,2.36	0,0 	0
242     	-1.37, 0.68, -6.77 	6.12, -17.38, -1.89 	0.00, 20.00 	10,16,17,770		8.64,2.69	0,0 	0
251     	-1.44, 0.64, -6.77 	6.11, -17.37, -1.88 	0.00, 20.00 	10,16,17,780		9.78,1.71	0,0 	0
260     	-1.42, 0.68, -6.84 	6.03, -17.39, -1.87 	0.00, 20.00 	10,16,17,789		5.28,8.62	0,0 	0
269     	-1.04, 0.94, -7.11 	6.01, -17.40, -1.87 	0.00, 20.00 	10,16,17,799		51.71,2.69	0,0 	0
278     	-0.15, 1.77, -7.58 	6.04, -17.39, -1.87 	0.00, 20.00 	10,16,17,809		135.21,3.83	0,0 	0
287     	-0.06, 3.00, -7.69 	6.04, -17.39, -1.87 	0.00, 20.00 	10,16,17,818		137.27,0.00	0,0 	0
296     	-0.62, 3.90, -7.64 	6.09, -17.34, -1.89 	0.00, 20.00 	10,16,17,828		117.68,6.73	0,0 	0
305     	-0.96, 5.05, -7.74 	6.09, -17.33, -1.90 	0.00, 20.00 	10,16,17,838		133.39,1.18	0,0 	0
314     	-1.25, 6.16, -7.84 	6.09, -17.32, -1.90 	0.00, 20.00 	10,16,17,847		127.40,1.18	0,0 	0
323     	-1.47, 7.31, -8.02 	6.08, -17.33, -1.91 	0.00, 20.00 	10,16,17,857		129.57,1.68	0,0 	0
332     	-1.54, 8.61, -8.27 	6.08, -17.29, -1.92 	0.00, 20.00 	10,16,17,867		144.64,4.85	0,0 	0
341     	-1.34, 9.95, -8.46 	6.05, -17.29, -1.92 	0.00, 20.00 	10,16,17,877		150.70,3.67	0,0 	0
350     	-1.06, 11.18, -8.53 	6.05, -17.28, -1.92 	0.00, 20.00 	10,16,17,886		140.37,1.18	0,0 	0
359     	-0.76, 12.44, -8.52 	6.09, -17.28, -1.93 	0.00, 20.00 	10,16,17,896		144.08,4.89	0,0 	0
368     	-0.46, 13.73, -8.49 	6.04, -17.26, -1.92 	0.00, 20.00 	10,16,17,906		146.34,6.60	0,0 	0
377     	-0.20, 14.87, -8.38 	6.03, -17.27, -1.92 	0.00, 20.00 	10,16,17,915		130.35,1.68	0,0 	0
386     	0.01, 15.82, -8.22 	6.03, -17.26, -1.91 	0.00, 20.00 	10,16,17,925		108.38,1.18	0,0 	0
395     	0.16, 16.70, -8.03 	6.05, -17.27, -1.94 	0.00, 20.00 	10,16,17,935		98.40,2.74	0,0 	0
404     	0.27, 17.50, -7.87 	6.05, -17.27, -1.93 	0.00, 20.00 	10,16,17,944		90.80,0.00	0,0 	0
413     	0.36, 18.18, -7.67 	6.04, -17.24, -1.93 	0.00, 20.00 	10,16,17,954		75.35,3.76	0,0 	0
422     	0.48, 18.66, -7.50 	6.02, -17.24, -1.93 	0.00, 20.00 	10,16,17,964		55.09,2.45	0,0 	0
431     	0.58, 19.13, -7.42 	6.05, -17.24, -1.92 	0.00, 20.00 	10,16,17,973		53.31,3.67	0,0 	0
440     	0.58, 19.45, -7.45 	6.08, -17.22, -1.92 	0.00, 20.00 	10,16,17,983		35.33,4.32	0,0 	0
449     	0.35, 19.59, -7.46 	6.10, -17.21, -1.93 	0.00, 20.00 	10,16,17,993		30.54,2.69	0,0 	0
458     	0.13, 19.78, -7.39 	6.06, -17.19, -1.92 	0.00, 20.00 	10,16,18,2		31.81,5.47	0,0 	0
467     	0.31, 20.08, -7.27 	6.08, -17.18, -1.91 	0.00, 20.00 	10,16,18,12		39.47,2.45	0,0 	0
476     	0.75, 20.48, -7.18 	6.09, -17.18, -1.92 	0.00, 20.00 	10,16,18,22		65.54,1.22	0,0 	0
485     	0.97, 20.74, -7.10 	6.05, -17.20, -1.91 	0.00, 20.00 	10,16,18,31		38.06,5.01	0,0 	0
494     	0.95, 20.84, -7.03 	6.09, -17.19, -1.91 	0.00, 20.00 	10,16,18,41		10.67,4.89	0,0 	0
503     	0.82, 20.85, -6.97 	6.05, -17.18, -1.89 	0.00, 20.00 	10,16,18,51		15.03,5.47	0,0 	0
512     	0.58, 20.80, -6.90 	6.05, -17.19, -1.91 	0.00, 20.00 	10,16,18,60		27.50,1.18	0,0 	0
521     	0.35, 20.65, -6.85 	6.01, -17.18, -1.89 	0.00, 20.00 	10,16,18,70		29.92,3.88	0,0 	0
530     	0.15, 20.57, -6.85 	6.05, -17.18, -1.89 	0.00, 20.00 	10,16,18,80		23.59,3.67	0,0 	0
539     	0.10, 20.60, -6.90 	5.98, -17.16, -1.91 	0.00, 20.00 	10,16,18,89		7.15,7.75	0,0 	0
548     	0.13, 20.60, -6.94 	5.99, -17.18, -1.91 	0.00, 20.00 	10,16,18,99		3.70,2.68	0,0 	0
557     	0.10, 20.53, -6.96 	6.03, -17.15, -1.89 	0.00, 20.00 	10,16,18,109		8.98,5.39	0,0 	0
566     	0.05, 20.43, -6.95 	6.01, -17.17, -1.89 	0.00, 20.00 	10,16,18,119		12.18,2.69	0,0 	0
575     	0.02, 20.39, -6.94 	6.02, -17.15, -1.89 	0.00, 20.00 	10,16,18,128		5.95,1.68	0,0 	0
584     	-0.01, 20.35, -6.95 	6.01, -17.14, -1.88 	0.00, 20.00 	10,16,18,138		5.08,1.71	0,0 	0
593     	-0.03, 20.32, -6.93 	6.02, -17.13, -1.88 	0.00, 20.00 	10,16,18,148		4.28,1.68	0,0 	0
602     	-0.07, 20.31, -6.94 	5.97, -17.08, -1.89 	0.00, 20.00 	10,16,18,157		3.87,7.73	0,0 	0
611     	-0.08, 20.31, -6.94 	6.02, -17.03, -1.87 	0.00, 20.00 	10,16,18,167		1.23,7.58	0,0 	0
620     	-0.08, 20.31, -6.95 	5.99, -16.99, -1.86 	0.00, 20.00 	10,16,18,177		0.00,5.35	0,0 	0
629     	-0.08, 20.31, -6.96 	5.96, -16.98, -1.84 	0.00, 20.00 	10,16,18,186		0.00,3.88	0,0 	0
638     	-0.07, 20.31, -6.97 	5.96, -16.94, -1.85 	0.00, 20.00 	10,16,18,196		1.23,3.53	0,0 	0
647     	-0.04, 20.32, -6.97 	5.89, -16.90, -1.85 	0.00, 20.00 	10,16,18,206		2.72,8.80	0,0 	0
656     	-0.03, 20.33, -6.98 	5.97, -16.92, -1.83 	0.00, 20.00 	10,16,18,215		1.69,8.92	0,0 	0
665     	-0.00, 20.36, -6.98 	5.97, -16.91, -1.83 	0.00, 20.00 	10,16,18,225		5.08,1.18	0,0 	0
674     	0.01, 20.41, -6.97 	5.95, -16.86, -1.86 	0.00, 20.00 	10,16,18,235		4.85,6.04	0,0 	0
683     	-0.03, 20.43, -6.97 	5.92, -16.83, -1.88 	0.00, 20.00 	10,16,18,244		4.41,5.14	0,0 	0
692     	-0.02, 20.47, -6.97 	5.92, -16.82, -1.86 	0.00, 20.00 	10,16,18,254		4.85,1.18	0,0 	0
701     	-0.04, 20.48, -6.97 	5.89, -16.77, -1.86 	0.00, 20.00 	10,16,18,264		2.75,6.42	0,0 	0
710     	-0.09, 20.49, -6.97 	5.83, -16.69, -1.86 	0.00, 20.00 	10,16,18,273		5.09,10.36	0,0 	0
719     	-0.11, 20.53, -6.97 	5.79, -16.65, -1.88 	0.00, 20.00 	10,16,18,283		5.34,6.86	0,0 	0
728     	-0.09, 20.55, -6.98 	5.83, -16.65, -1.89 	0.00, 20.00 	10,16,18,293		3.39,4.89	0,0 	0
737     	-0.08, 20.58, -6.98 	5.81, -16.62, -1.89 	0.00, 20.00 	10,16,18,302		3.72,4.34	0,0 	0
746     	-0.06, 20.61, -6.98 	5.78, -16.59, -1.89 	0.00, 20.00 	10,16,18,312		3.39,4.34	0,0 	0
755     	-0.04, 20.62, -6.98 	5.78, -16.59, -1.88 	0.00, 20.00 	10,16,18,322		2.72,0.00	0,0 	0
764     	-0.03, 20.63, -6.98 	5.77, -16.58, -1.88 	0.00, 20.00 	10,16,18,332		1.69,1.71	0,0 	0
773     	-0.03, 20.64, -6.98 	5.78, -16.57, -1.86 	0.00, 20.00 	10,16,18,341		1.18,1.68	0,0 	0
782     	-0.03, 20.64, -6.98 	5.78, -16.55, -1.86 	0.00, 20.00 	10,16,18,351		0.00,2.36	0,0 	0
791     	-0.04, 20.64, -6.98 	5.79, -16.51, -1.86 	0.00, 20.00 	10,16,18,361		1.23,3.72	0,0 	0
800     	-0.04, 20.63, -6.97 	5.77, -16.50, -1.86 	0.00, 20.00 	10,16,18,370		1.18,2.74	0,0 	0
809     	-0.04, 20.63, -6.98 	5.73, -16.50, -1.87 	0.00, 20.00 	10,16,18,380		0.00,3.88	0,0 	0
818     	-0.05, 20.62, -6.97 	5.75, -16.49, -1.86 	0.00, 20.00 	10,16,18,390		1.69,1.22	0,0 	0
827     	-0.03, 20.63, -6.98 	5.71, -16.50, -1.86 	0.00, 20.00 	10,16,18,399		2.72,3.67	0,0 	0
836     	-0.04, 20.63, -6.97 	5.72, -16.50, -1.86 	0.00, 20.00 	10,16,18,409		1.23,1.22	0,0 	0
845     	-0.04, 20.63, -6.98 	5.75, -16.48, -1.87 	0.00, 20.00 	10,16,18,419		0.00,2.69	0,0 	0
854     	-0.04, 20.62, -6.98 	5.76, -16.48, -1.86 	0.00, 20.00 	10,16,18,428		1.18,1.22	0,0 	0
863     	-0.04, 20.60, -6.97 	5.77, -16.46, -1.85 	0.00, 20.00 	10,16,18,438		2.35,2.63	0,0 	0
872     	-0.06, 20.56, -6.96 	5.78, -16.46, -1.85 	0.00, 20.00 	10,16,18,448		4.28,1.22	0,0 	0
881     	-0.07, 20.53, -6.96 	5.77, -16.44, -1.86 	0.00, 20.00 	10,16,18,457		3.72,2.68	0,0 	0
890     	-0.10, 20.50, -6.96 	5.74, -16.41, -1.86 	0.00, 20.00 	10,16,18,467		5.08,4.34	0,0 	0
899     	-0.14, 20.47, -6.96 	5.75, -16.41, -1.85 	0.00, 20.00 	10,16,18,477		5.44,1.22	0,0 	0
908     	-0.18, 20.43, -6.96 	5.72, -16.39, -1.85 	0.00, 20.00 	10,16,18,486		6.77,4.40	0,0 	0
917     	-0.18, 20.42, -6.96 	5.75, -16.36, -1.86 	0.00, 20.00 	10,16,18,496		1.18,5.04	0,0 	0
926     	-0.17, 20.40, -6.97 	5.76, -16.37, -1.85 	0.00, 20.00 	10,16,18,506		2.67,1.71	0,0 	0
935     	-0.16, 20.40, -6.97 	5.73, -16.36, -1.86 	0.00, 20.00 	10,16,18,515		1.23,3.88	0,0 	0
944     	-0.15, 20.41, -6.98 	5.74, -16.37, -1.86 	0.00, 20.00 	10,16,18,525		1.69,1.71	0,0 	0
953     	-0.14, 20.40, -6.98 	5.79, -16.32, -1.86 	0.00, 20.00 	10,16,18,535		1.72,7.65	0,0 	0
962     	-0.13, 20.39, -6.97 	5.83, -16.33, -1.87 	0.00, 20.00 	10,16,18,545		1.72,3.88	0,0 	0
971     	-0.14, 20.39, -6.98 	5.84, -16.33, -1.88 	0.00, 20.00 	10,16,18,554		1.23,1.22	0,0 	0
980     	-0.14, 20.39, -6.97 	5.80, -16.32, -1.89 	0.00, 20.00 	10,16,18,564		0.00,3.88	0,0 	0
989     	-0.14, 20.39, -6.97 	5.76, -16.34, -1.90 	0.00, 20.00 	10,16,18,574		0.00,5.01	0,0 	0
998     	-0.14, 20.38, -6.97 	5.77, -16.31, -1.90 	0.00, 20.00 	10,16,18,583		1.18,2.63	0,0 	0
1007    	-0.15, 20.37, -6.97 	5.74, -16.33, -1.91 	0.00, -0.00 	10,16,18,603		1.69,3.83	1000,1 	0
1016    	-0.15, 20.38, -6.97 	5.80, -16.31, -1.92 	0.00, -0.00 	10,16,18,612		1.18,7.41	1000,1 	0
1025    	-0.15, 20.38, -6.97 	5.78, -16.29, -1.92 	0.00, -0.00 	10,16,18,622		0.00,3.43	1000,1 	0
1034    	-0.14, 20.38, -6.97 	5.79, -16.28, -1.91 	0.00, -0.00 	10,16,18,632		1.23,1.68	1000,1 	0
1043    	-0.14, 20.38, -6.97 	5.81, -16.28, -1.91 	0.00, -0.00 	10,16,18,641		0.00,2.45	1000,1 	0
1052    	-0.14, 20.38, -6.98 	5.82, -16.28, -1.89 	0.00, -0.00 	10,16,18,651		0.00,1.22	1000,1 	0
1061    	-0.14, 20.37, -6.97 	5.82, -16.28, -1.90 	0.00, -0.00 	10,16,18,661		1.18,0.00	1000,1 	0
1070    	-0.16, 20.37, -6.97 	5.78, -16.28, -1.93 	0.00, -0.00 	10,16,18,670		2.47,4.89	1000,1 	0
1079    	-0.16, 20.37, -6.97 	5.80, -16.29, -1.93 	0.00, -0.00 	10,16,18,680		0.00,2.74	1000,1 	0
1088    	-0.16, 20.36, -6.97 	5.76, -16.29, -1.93 	0.00, -0.00 	10,16,18,690		1.18,4.89	1000,1 	0
1097    	-0.15, 20.37, -6.97 	5.77, -16.28, -1.95 	0.00, -0.00 	10,16,18,699		1.69,1.68	1000,1 	0
1106    	-0.15, 20.36, -6.97 	5.78, -16.30, -1.93 	0.00, -0.00 	10,16,18,709		1.18,2.68	1000,1 	0
1115    	-0.15, 20.36, -6.97 	5.75, -16.29, -1.94 	0.00, -0.00 	10,16,18,719		0.00,3.88	1000,1 	0
1124    	-0.15, 20.36, -6.97 	5.75, -16.29, -1.91 	0.00, -0.00 	10,16,18,728		0.00,0.00	1000,1 	0
1133    	-0.15, 20.36, -6.97 	5.75, -16.31, -1.91 	0.00, -0.00 	10,16,18,738		0.00,2.36	1000,1 	0
1142    	-0.13, 20.36, -6.97 	5.77, -16.34, -1.90 	0.00, -0.00 	10,16,18,748		1.23,3.43	1000,1 	0
1151    	-0.13, 20.36, -6.96 	5.77, -16.34, -1.90 	0.00, -0.00 	10,16,18,757		0.00,0.00	1000,1 	0
1160    	-0.15, 20.36, -6.97 	5.78, -16.31, -1.90 	0.00, -0.00 	10,16,18,767		1.23,2.63	1000,1 	0
1169    	-0.16, 20.36, -6.97 	5.78, -16.31, -1.90 	0.00, -0.00 	10,16,18,777		1.23,0.00	1000,1 	0
1178    	-0.15, 20.36, -6.96 	5.77, -16.31, -1.92 	0.00, -0.00 	10,16,18,787		1.23,1.22	1000,1 	0
1187    	-0.17, 20.36, -6.97 	5.79, -16.27, -1.92 	0.00, -0.00 	10,16,18,796		2.47,5.27	1000,1 	0
1196    	-0.16, 20.36, -6.97 	5.80, -16.26, -1.92 	0.00, -0.00 	10,16,18,806		1.23,1.68	1000,1 	0
1205    	-0.17, 20.36, -6.97 	5.84, -16.28, -1.93 	0.00, -0.00 	10,16,18,816		1.23,5.47	1000,1 	0
1214    	-0.16, 20.36, -6.97 	5.82, -16.27, -1.93 	0.00, -0.00 	10,16,18,825		1.23,2.74	1000,1 	0
1223    	-0.16, 20.36, -6.97 	5.86, -16.28, -1.92 	0.00, -0.00 	10,16,18,835		0.00,3.88	1000,1 	0
1232    	-0.15, 20.36, -6.97 	5.87, -16.29, -1.92 	0.00, -0.00 	10,16,18,845		1.23,1.71	1000,1 	0
1241    	-0.18, 20.36, -6.97 	5.87, -16.28, -1.92 	0.00, -0.00 	10,16,18,854		3.70,1.18	1000,1 	0
1250    	-0.17, 20.35, -6.97 	5.87, -16.27, -1.93 	0.00, -0.00 	10,16,18,864		1.72,1.18	1000,1 	0
1259    	-0.17, 20.35, -6.96 	5.88, -16.27, -1.92 	0.00, -0.00 	10,16,18,874		0.00,1.22	1000,1 	0
1268    	-0.17, 20.35, -6.97 	5.92, -16.30, -1.92 	0.00, -0.00 	10,16,18,883		0.00,6.09	1000,1 	0
1277    	-0.17, 20.36, -6.97 	5.93, -16.28, -1.94 	0.00, -0.00 	10,16,18,893		1.18,2.63	1000,1 	0
1286    	-0.17, 20.35, -6.97 	5.91, -16.28, -1.95 	0.00, -0.00 	10,16,18,903		1.18,2.45	1000,1 	0
1295    	-0.16, 20.35, -6.97 	5.92, -16.28, -1.95 	0.00, -0.00 	10,16,18,912		1.23,1.22	1000,1 	0
1304    	-0.16, 20.35, -6.97 	5.90, -16.25, -1.96 	0.00, -0.00 	10,16,18,922		0.00,4.34	1000,1 	0
1313    	-0.16, 20.35, -6.97 	5.98, -16.24, -1.94 	0.00, -0.00 	10,16,18,932		0.00,8.56	1000,1 	0
1322    	-0.16, 20.35, -6.97 	5.95, -16.23, -1.94 	0.00, -0.00 	10,16,18,941		0.00,2.74	1000,1 	0
1331    	-0.16, 20.35, -6.97 	5.93, -16.25, -1.92 	0.00, -0.00 	10,16,18,951		0.00,2.69	1000,1 	0
1340    	-0.16, 20.35, -6.97 	5.91, -16.25, -1.94 	0.00, -0.00 	10,16,18,961		0.00,2.45	1000,1 	0
1349    	-0.16, 20.35, -6.97 	5.91, -16.25, -1.92 	0.00, -0.00 	10,16,18,970		0.00,0.00	1000,1 	0
1358    	-0.16, 20.35, -6.97 	6.00, -16.23, -1.93 	0.00, -0.00 	10,16,18,980		0.00,9.83	1000,1 	0
1367    	-0.16, 20.35, -6.97 	5.99, -16.22, -1.94 	0.00, -0.00 	10,16,18,990		0.00,1.71	1000,1 	0
1376    	-0.16, 20.36, -6.97 	6.00, -16.22, -1.94 	0.00, -0.00 	10,16,18,0		1.18,1.22	1000,1 	0
1385    	-0.16, 20.35, -6.97 	5.95, -16.24, -1.95 	0.00, -0.00 	10,16,19,9		1.18,5.39	1000,1 	0
1394    	-0.16, 20.36, -6.97 	5.96, -16.21, -1.94 	0.00, -0.00 	10,16,19,19		1.18,3.72	1000,1 	0
1403    	-0.16, 20.35, -6.97 	5.93, -16.22, -1.93 	0.00, -0.00 	10,16,19,29		1.18,3.83	1000,1 	0
1412    	-0.16, 20.36, -6.97 	5.94, -16.26, -1.92 	0.00, -0.00 	10,16,19,38		1.18,3.76	1000,1 	0
1421    	-0.16, 20.35, -6.97 	5.93, -16.26, -1.92 	0.00, -0.00 	10,16,19,48		1.18,1.22	1000,1 	0
1430    	-0.15, 20.35, -6.97 	5.94, -16.28, -1.92 	0.00, -0.00 	10,16,19,58		1.23,2.68	1000,1 	0
1439    	-0.15, 20.35, -6.97 	5.92, -16.28, -1.91 	0.00, -0.00 	10,16,19,67		0.00,2.45	1000,1 	0
1448    	-0.16, 20.36, -6.97 	5.93, -16.27, -1.91 	0.00, -0.00 	10,16,19,77		1.72,1.68	1000,1 	0
1457    	-0.16, 20.36, -6.97 	5.97, -16.30, -1.91 	0.00, -0.00 	10,16,19,87		0.00,5.14	1000,1 	0
1466    	-0.16, 20.35, -6.97 	5.96, -16.32, -1.92 	0.00, -0.00 	10,16,19,96		1.18,2.63	1000,1 	0
1475    	-0.16, 20.36, -6.97 	5.97, -16.31, -1.92 	0.00, -0.00 	10,16,19,106		1.18,1.68	1000,1 	0
1484    	-0.15, 20.35, -6.97 	5.97, -16.31, -1.92 	0.00, -0.00 	10,16,19,116		1.72,0.00	1000,1 	0
1493    	-0.15, 20.35, -6.97 	5.98, -16.31, -1.92 	0.00, -0.00 	10,16,19,125		0.00,1.22	1000,1 	0
1502    	-0.16, 20.36, -6.97 	5.98, -16.31, -1.91 	0.00, -0.00 	10,16,19,135		1.72,0.00	1000,1 	0
1511    	-0.15, 20.35, -6.97 	5.99, -16.30, -1.91 	0.00, -0.00 	10,16,19,145		1.72,1.68	1000,1 	0
1520    	-0.16, 20.36, -6.97 	5.98, -16.30, -1.92 	0.00, -0.00 	10,16,19,154		1.72,1.22	1000,1 	0
1529    	-0.15, 20.35, -6.97 	5.98, -16.31, -1.92 	0.00, -0.00 	10,16,19,164		1.72,1.18	1000,1 	0
1538    	-0.14, 20.34, -6.97 	5.97, -16.31, -1.92 	0.00, -0.00 	10,16,19,174		1.18,1.22	1000,1 	0
1547    	-0.15, 20.35, -6.97 	5.98, -16.31, -1.92 	0.00, -0.00 	10,16,19,183		1.18,1.22	1000,1 	0
1556    	-0.14, 20.34, -6.97 	5.97, -16.34, -1.93 	0.00, -0.00 	10,16,19,193		1.18,3.72	1000,1 	0
1565    	-0.15, 20.35, -6.97 	5.97, -16.35, -1.93 	0.00, -0.00 	10,16,19,203		1.18,1.18	1000,1 	0
1574    	-0.14, 20.34, -6.97 	5.98, -16.33, -1.92 	0.00, -0.00 	10,16,19,212		1.18,2.63	1000,1 	0
1583    	-0.15, 20.35, -6.97 	5.95, -16.35, -1.92 	0.00, -0.00 	10,16,19,222		1.18,4.32	1000,1 	0
1592    	-0.14, 20.34, -6.97 	5.95, -16.33, -1.92 	0.00, -0.00 	10,16,19,232		1.18,2.36	1000,1 	0
1601    	-0.14, 20.33, -6.97 	5.96, -16.33, -1.92 	0.00, -0.00 	10,16,19,242		1.18,1.22	1000,1 	0
1610    	-0.16, 20.33, -6.96 	5.99, -16.33, -1.91 	0.00, -0.00 	10,16,19,251		1.23,3.67	1000,1 	0
1619    	-0.16, 20.28, -6.96 	5.99, -16.36, -1.91 	0.00, -0.00 	10,16,19,261		4.85,3.53	1000,1 	0
1628    	-0.21, 20.14, -6.93 	5.99, -16.37, -1.89 	0.00, -0.00 	10,16,19,271		16.41,1.18	1000,1 	0
1637    	-0.38, 19.56, -6.81 	5.96, -16.38, -1.91 	0.00, -0.00 	10,16,19,280		66.99,3.83	1000,1 	0
1646    	-0.90, 18.30, -6.60 	5.99, -16.40, -1.91 	0.00, -0.00 	10,16,19,290		151.54,4.40	1000,1 	0
1655    	-1.19, 17.57, -6.60 	6.01, -16.41, -1.91 	0.00, -0.00 	10,16,19,300		87.66,1.71	1000,1 	0
1664    	-1.44, 16.85, -6.64 	6.01, -16.41, -1.90 	0.00, -0.00 	10,16,19,309		84.67,0.00	1000,1 	0
1673    	-1.70, 16.10, -6.72 	6.01, -16.43, -1.89 	0.00, -0.00 	10,16,19,319		88.39,2.36	1000,1 	0
1682    	-1.90, 15.29, -6.82 	6.04, -16.44, -1.89 	0.00, -0.00 	10,16,19,329		93.05,3.88	1000,1 	0
1691    	-2.17, 14.40, -6.95 	6.04, -16.43, -1.89 	0.00, -0.00 	10,16,19,338		103.10,1.18	1000,1 	0
1700    	-2.34, 13.42, -7.06 	6.05, -16.42, -1.89 	0.00, -0.00 	10,16,19,348		110.64,1.68	1000,1 	0
1709    	-2.45, 12.33, -7.16 	6.10, -16.44, -1.88 	0.00, -0.00 	10,16,19,358		121.30,5.47	1000,1 	0
1718    	-2.62, 11.23, -7.30 	6.07, -16.45, -1.88 	0.00, -0.00 	10,16,19,367		123.28,2.69	1000,1 	0
1727    	-2.78, 10.18, -7.41 	6.10, -16.45, -1.88 	0.00, -0.00 	10,16,19,377		118.68,2.45	1000,1 	0
1736    	-2.84, 9.17, -7.47 	6.10, -16.44, -1.88 	0.00, -0.00 	10,16,19,387		112.23,1.18	1000,1 	0
1745    	-2.89, 8.18, -7.52 	6.06, -16.43, -1.89 	0.00, -0.00 	10,16,19,396		109.89,3.88	1000,1 	0
1754    	-3.00, 7.34, -7.59 	6.06, -16.43, -1.89 	0.00, -0.00 	10,16,19,406		94.26,0.00	1000,1 	0
1763    	-2.96, 6.57, -7.57 	6.11, -16.46, -1.88 	0.00, -0.00 	10,16,19,416		85.84,6.09	1000,1 	0
1772    	-2.76, 5.87, -7.52 	6.09, -16.47, -1.89 	0.00, -0.00 	10,16,19,425		81.18,2.69	1000,1 	0
1781    	-2.40, 5.31, -7.51 	6.08, -16.48, -1.89 	0.00, -0.00 	10,16,19,435		73.32,1.68	1000,1 	0
1790    	-1.97, 4.88, -7.56 	6.07, -16.50, -1.89 	0.00, -0.00 	10,16,19,445		67.73,1.68	1000,1 	0
1799    	-1.89, 4.52, -7.58 	6.04, -16.51, -1.89 	0.00, -0.00 	10,16,19,455		41.70,2.69	1000,1 	0
1808    	-2.00, 4.05, -7.37 	6.04, -16.50, -1.90 	0.00, -0.00 	10,16,19,464		53.63,1.18	1000,1 	0
1817    	-2.33, 3.52, -7.10 	6.04, -16.52, -1.90 	0.00, -0.00 	10,16,19,474		68.45,2.36	1000,1 	0
1826    	-2.73, 3.22, -7.01 	6.03, -16.52, -1.91 	0.00, -0.00 	10,16,19,484		56.29,1.22	1000,1 	0
1835    	-2.85, 2.98, -6.92 	6.08, -16.51, -1.89 	0.00, -0.00 	10,16,19,493		29.64,5.01	1000,1 	0
1844    	-2.87, 2.75, -6.82 	6.01, -16.52, -1.90 	0.00, -0.00 	10,16,19,503		26.08,7.41	1000,1 	0
1853    	-2.83, 2.60, -6.81 	6.01, -16.50, -1.90 	0.00, -0.00 	10,16,19,513		16.92,2.36	1000,1 	0
1862    	-2.74, 2.44, -6.82 	6.01, -16.50, -1.91 	0.00, -0.00 	10,16,19,522		20.81,0.00	1000,1 	0
1871    	-2.56, 2.16, -6.86 	6.05, -16.50, -1.92 	0.00, -0.00 	10,16,19,532		36.97,4.89	1000,1 	0
1880    	-2.51, 1.67, -6.76 	6.04, -16.51, -1.91 	0.00, -0.00 	10,16,19,542		54.18,1.68	1000,1 	0
1889    	-2.31, 0.81, -6.55 	6.02, -16.51, -1.92 	0.00, -0.00 	10,16,19,551		98.19,2.45	1000,1 	0
1898    	-2.03, 0.53, -6.58 	6.00, -16.52, -1.90 	0.00, -0.00 	10,16,19,561		44.59,2.69	1000,1 	0
1907    	-1.87, 0.35, -6.67 	5.99, -16.57, -1.90 	0.00, -0.00 	10,16,19,571		25.81,5.99	1000,1 	0
1916    	-1.82, 0.20, -6.72 	5.98, -16.56, -1.91 	0.00, -0.00 	10,16,19,580		18.38,1.71	1000,1 	0
1925    	-1.87, 0.14, -6.79 	6.01, -16.51, -1.92 	0.00, -0.00 	10,16,19,590		8.47,6.88	1000,1 	0
1934    	-1.89, 0.12, -6.83 	6.01, -16.50, -1.93 	0.00, -0.00 	10,16,19,600		3.39,1.18	1000,1 	0
1943    	-1.88, 0.10, -6.85 	5.98, -16.50, -1.93 	0.00, -0.00 	10,16,19,609		2.67,3.67	1000,1 	0
1952    	-1.78, 0.06, -6.86 	5.98, -16.52, -1.94 	0.00, -0.00 	10,16,19,619		12.12,2.36	1000,1 	0
1961    	-1.71, 0.04, -6.88 	5.99, -16.53, -1.92 	0.00, -0.00 	10,16,19,629		7.80,1.71	1000,1 	0
1970    	-1.63, 0.05, -6.90 	6.00, -16.55, -1.94 	0.00, -0.00 	10,16,19,638		8.64,2.68	1000,1 	0
1979    	-1.53, 0.04, -6.91 	6.01, -16.55, -1.95 	0.00, -0.00 	10,16,19,648		11.19,1.22	1000,1 	0
1988    	-1.46, 0.02, -6.91 	5.97, -16.54, -1.96 	0.00, -0.00 	10,16,19,658		8.99,5.05	1000,1 	0
