#Time 	Sensor1         Sensor2         Target          Time            Vel             
#================================================================

14      	1.27, -1.01, -7.23 	0.07, -2.39, -7.12 	0.00, 10.00 	14,30,14,302		0.00,0.00	0,0 	0
23      	1.29, -1.00, -7.23 	0.07, -2.39, -7.12 	0.00, 10.00 	14,30,14,312		1.50,0.00	0,0 	0
32      	1.28, -1.04, -7.25 	0.07, -2.42, -7.13 	0.00, 10.00 	14,30,14,322		3.72,3.69	0,0 	0
41      	1.28, -1.03, -7.25 	0.07, -2.41, -7.12 	0.00, 10.00 	14,30,14,331		1.21,1.47	0,0 	0
50      	1.29, -1.04, -7.25 	0.08, -2.43, -7.12 	0.00, 10.00 	14,30,14,341		1.91,2.51	0,0 	0
59      	1.27, -1.04, -7.22 	0.08, -2.43, -7.12 	0.00, 10.00 	14,30,14,351		3.00,0.00	0,0 	0
68      	1.27, -1.03, -7.23 	0.06, -2.43, -7.11 	0.00, 10.00 	14,30,14,360		1.43,2.14	0,0 	0
77      	1.26, -1.03, -7.23 	0.06, -2.41, -7.13 	0.00, 10.00 	14,30,14,370		1.50,2.46	0,0 	0
86      	1.26, -1.03, -7.24 	0.06, -2.43, -7.13 	0.00, 10.00 	14,30,14,380		0.00,2.46	0,0 	0
95      	1.27, -1.03, -7.24 	0.06, -2.42, -7.13 	0.00, 10.00 	14,30,14,389		0.75,1.23	0,0 	0
104     	1.27, -1.02, -7.24 	0.06, -2.42, -7.13 	0.00, 10.00 	14,30,14,399		1.21,0.00	0,0 	0
113     	1.26, -1.03, -7.24 	0.07, -2.44, -7.12 	0.00, 10.00 	14,30,14,409		1.43,2.51	0,0 	0
122     	1.27, -1.03, -7.24 	0.07, -2.44, -7.11 	0.00, 10.00 	14,30,14,419		0.75,0.00	0,0 	0
131     	1.27, -1.03, -7.25 	0.07, -2.42, -7.12 	0.00, 10.00 	14,30,14,428		0.00,2.61	0,0 	0
140     	1.26, -1.03, -7.26 	0.07, -2.42, -7.12 	0.00, 10.00 	14,30,14,438		0.75,0.71	0,0 	0
149     	1.27, -1.03, -7.26 	0.07, -2.41, -7.13 	0.00, 10.00 	14,30,14,448		0.75,1.47	0,0 	0
158     	1.27, -1.04, -7.24 	0.07, -2.42, -7.14 	0.00, 10.00 	14,30,14,457		1.21,1.23	0,0 	0
167     	1.27, -1.04, -7.25 	0.08, -2.44, -7.11 	0.00, 10.00 	14,30,14,467		0.75,2.51	0,0 	0
176     	1.27, -1.04, -7.24 	0.08, -2.42, -7.13 	0.00, 10.00 	14,30,14,477		0.75,2.46	0,0 	0
185     	1.27, -1.04, -7.25 	0.07, -2.42, -7.12 	0.00, 10.00 	14,30,14,486		0.75,1.43	0,0 	0
194     	1.27, -1.04, -7.24 	0.08, -2.44, -7.12 	0.00, 10.00 	14,30,14,496		0.75,2.51	0,0 	0
203     	1.27, -1.04, -7.25 	0.07, -2.45, -7.11 	0.00, 10.00 	14,30,14,506		0.75,1.47	0,0 	0
212     	1.27, -1.04, -7.24 	0.10, -2.44, -7.11 	0.00, 10.00 	14,30,14,515		0.75,3.87	0,0 	0
221     	1.31, -1.04, -7.26 	0.11, -2.44, -7.11 	0.00, 10.00 	14,30,14,525		4.50,0.71	0,0 	0
230     	1.27, -1.05, -7.24 	0.09, -2.44, -7.11 	0.00, 10.00 	14,30,14,535		4.68,2.14	0,0 	0
239     	1.28, -1.05, -7.24 	0.09, -2.44, -7.10 	0.00, 10.00 	14,30,14,544		0.75,0.00	0,0 	0
248     	1.28, -1.05, -7.24 	0.09, -2.44, -7.10 	0.00, 10.00 	14,30,14,554		0.00,0.00	0,0 	0
257     	1.27, -1.05, -7.23 	0.09, -2.40, -7.11 	0.00, 10.00 	14,30,14,564		0.75,3.81	0,0 	0
266     	1.27, -1.06, -7.23 	0.09, -2.40, -7.11 	0.00, 10.00 	14,30,14,573		1.21,0.00	0,0 	0
275     	1.27, -1.06, -7.23 	0.08, -2.41, -7.11 	0.00, 10.00 	14,30,14,583		0.00,1.43	0,0 	0
284     	1.28, -1.06, -7.22 	0.08, -2.42, -7.11 	0.00, 10.00 	14,30,14,593		0.75,1.23	0,0 	0
293     	1.31, -1.05, -7.23 	0.09, -2.41, -7.12 	0.00, 10.00 	14,30,14,602		3.96,1.47	0,0 	0
302     	1.32, -1.07, -7.23 	0.10, -2.43, -7.12 	0.00, 10.00 	14,30,14,612		2.52,2.75	0,0 	0
311     	1.30, -1.05, -7.25 	0.14, -2.42, -7.13 	0.00, 10.00 	14,30,14,622		2.83,4.29	0,0 	0
320     	1.33, -1.03, -7.26 	0.15, -2.44, -7.13 	0.00, 10.00 	14,30,14,631		3.96,2.51	0,0 	0
329     	1.31, -1.04, -7.24 	0.10, -2.38, -7.16 	0.00, 10.00 	14,30,14,641		2.25,8.60	0,0 	0
338     	1.28, -1.04, -7.25 	0.12, -2.38, -7.15 	0.00, 10.00 	14,30,14,651		3.75,2.14	0,0 	0
347     	1.26, -1.01, -7.24 	0.11, -2.33, -7.18 	0.00, 10.00 	14,30,14,661		4.24,4.92	0,0 	0
356     	1.23, -0.97, -7.23 	0.13, -2.27, -7.19 	0.00, 10.00 	14,30,14,670		5.66,7.84	0,0 	0
365     	1.20, -0.86, -7.24 	0.12, -2.14, -7.22 	0.00, 10.00 	14,30,14,680		12.27,13.53	0,0 	0
374     	1.18, -0.73, -7.25 	0.08, -1.94, -7.26 	0.00, 10.00 	14,30,14,690		14.57,23.32	0,0 	0
383     	1.17, -0.53, -7.26 	0.05, -1.78, -7.26 	0.00, 10.00 	14,30,14,699		21.84,18.41	0,0 	0
392     	1.20, -0.32, -7.27 	0.04, -1.57, -7.26 	0.00, 10.00 	14,30,14,709		23.48,22.29	0,0 	0
401     	1.27, -0.15, -7.28 	0.04, -1.38, -7.23 	0.00, 10.00 	14,30,14,719		20.72,21.06	0,0 	0
410     	1.32, 0.05, -7.31 	0.06, -1.25, -7.19 	0.00, 10.00 	14,30,14,728		22.89,15.45	0,0 	0
419     	1.34, 0.25, -7.34 	0.06, -1.13, -7.19 	0.00, 10.00 	14,30,14,738		22.14,13.60	0,0 	0
428     	1.31, 0.44, -7.34 	0.03, -0.97, -7.20 	0.00, 10.00 	14,30,14,748		21.77,17.19	0,0 	0
437     	1.23, 0.62, -7.34 	0.02, -0.88, -7.22 	0.00, 10.00 	14,30,14,757		21.79,11.04	0,0 	0
446     	1.19, 0.87, -7.35 	-0.00, -0.62, -7.25 	0.00, 10.00 	14,30,14,767		27.94,28.29	0,0 	0
455     	1.08, 1.20, -7.40 	0.01, -0.27, -7.32 	0.00, 10.00 	14,30,14,777		38.44,38.69	0,0 	0
464     	0.98, 1.71, -7.48 	-0.02, 0.19, -7.40 	0.00, 10.00 	14,30,14,786		58.35,51.71	0,0 	0
473     	0.98, 2.26, -7.55 	0.02, 0.84, -7.50 	0.00, 10.00 	14,30,14,796		60.71,72.63	0,0 	0
482     	1.06, 3.00, -7.60 	-0.02, 1.53, -7.52 	0.00, 10.00 	14,30,14,806		82.62,76.44	0,0 	0
491     	1.15, 3.73, -7.70 	-0.04, 2.14, -7.51 	0.00, 10.00 	14,30,14,815		81.91,67.84	0,0 	0
500     	1.19, 4.31, -7.69 	-0.04, 2.63, -7.47 	0.00, 10.00 	14,30,14,825		64.86,54.61	0,0 	0
509     	1.23, 4.72, -7.65 	-0.04, 3.09, -7.46 	0.00, 10.00 	14,30,14,835		45.48,50.93	0,0 	0
518     	1.21, 5.15, -7.63 	-0.02, 3.55, -7.45 	0.00, 10.00 	14,30,14,844		48.46,51.18	0,0 	0
527     	1.11, 5.66, -7.62 	-0.03, 4.07, -7.51 	0.00, 10.00 	14,30,14,854		57.23,58.09	0,0 	0
536     	1.07, 6.07, -7.58 	-0.04, 4.59, -7.53 	0.00, 10.00 	14,30,14,864		45.96,56.96	0,0 	0
545     	1.04, 6.45, -7.52 	-0.07, 5.10, -7.52 	0.00, 10.00 	14,30,14,874		42.35,56.63	0,0 	0
554     	1.02, 6.82, -7.51 	-0.07, 5.60, -7.50 	0.00, 10.00 	14,30,14,883		41.12,55.73	0,0 	0
563     	1.02, 7.25, -7.55 	-0.07, 6.02, -7.49 	0.00, 10.00 	14,30,14,893		47.45,47.25	0,0 	0
572     	1.08, 7.61, -7.55 	-0.03, 6.41, -7.49 	0.00, 10.00 	14,30,14,903		41.04,43.13	0,0 	0
581     	1.17, 7.90, -7.48 	0.01, 6.70, -7.45 	0.00, 10.00 	14,30,14,912		34.10,33.09	0,0 	0
590     	1.20, 8.15, -7.40 	0.01, 6.99, -7.40 	0.00, 10.00 	14,30,14,922		27.20,32.32	0,0 	0
599     	1.22, 8.40, -7.37 	0.02, 7.25, -7.33 	0.00, 10.00 	14,30,14,932		28.24,28.65	0,0 	0
608     	1.26, 8.57, -7.33 	0.06, 7.49, -7.26 	0.00, 10.00 	14,30,14,941		19.19,27.09	0,0 	0
617     	1.23, 8.61, -7.26 	0.11, 7.69, -7.24 	0.00, 10.00 	14,30,14,951		5.66,22.60	0,0 	0
626     	1.14, 8.63, -7.21 	0.08, 7.76, -7.19 	0.00, 10.00 	14,30,14,961		9.66,8.71	0,0 	0
635     	1.01, 8.66, -7.17 	0.01, 7.76, -7.11 	0.00, 10.00 	14,30,14,970		15.70,8.57	0,0 	0
644     	0.89, 8.65, -7.13 	-0.09, 7.73, -7.04 	0.00, 10.00 	14,30,14,980		12.75,11.88	0,0 	0
653     	0.83, 8.64, -7.09 	-0.15, 7.72, -7.01 	0.00, 10.00 	14,30,14,990		7.62,6.43	0,0 	0
662     	0.79, 8.62, -7.07 	-0.19, 7.72, -7.01 	0.00, 10.00 	14,30,14,999		3.96,4.37	0,0 	0
671     	0.77, 8.61, -7.06 	-0.21, 7.72, -7.00 	0.00, 10.00 	14,30,15,9		2.57,2.86	0,0 	0
680     	0.77, 8.61, -7.04 	-0.22, 7.72, -6.99 	0.00, 10.00 	14,30,15,19		0.75,0.71	0,0 	0
689     	0.78, 8.62, -7.04 	-0.23, 7.70, -6.98 	0.00, 10.00 	14,30,15,28		1.94,1.96	0,0 	0
698     	0.77, 8.62, -7.04 	-0.24, 7.69, -6.97 	0.00, 10.00 	14,30,15,38		0.75,1.47	0,0 	0
707     	0.79, 8.62, -7.04 	-0.26, 7.68, -6.97 	0.00, 10.00 	14,30,15,48		1.50,2.55	0,0 	0
716     	0.79, 8.61, -7.04 	-0.25, 7.68, -6.96 	0.00, 10.00 	14,30,15,57		1.21,0.71	0,0 	0
725     	0.80, 8.61, -7.04 	-0.26, 7.68, -6.97 	0.00, 10.00 	14,30,15,67		1.50,1.43	0,0 	0
734     	0.80, 8.62, -7.04 	-0.28, 7.68, -6.95 	0.00, 10.00 	14,30,15,77		1.21,1.43	0,0 	0
743     	0.80, 8.60, -7.06 	-0.27, 7.65, -6.94 	0.00, 10.00 	14,30,15,87		2.54,2.46	0,0 	0
752     	0.80, 8.56, -7.04 	-0.28, 7.65, -6.94 	0.00, 10.00 	14,30,15,96		4.84,0.71	0,0 	0
761     	0.81, 8.55, -7.06 	-0.26, 7.62, -6.95 	0.00, 10.00 	14,30,15,106		1.91,3.85	0,0 	0
770     	0.85, 8.55, -7.08 	-0.25, 7.61, -6.97 	0.00, 10.00 	14,30,15,116		3.75,1.81	0,0 	0
779     	0.87, 8.55, -7.08 	-0.24, 7.59, -6.97 	0.00, 10.00 	14,30,15,125		2.25,2.51	0,0 	0
788     	0.89, 8.56, -7.08 	-0.24, 7.58, -6.96 	0.00, 10.00 	14,30,15,135		3.00,1.23	0,0 	0
797     	0.91, 8.55, -7.08 	-0.21, 7.56, -6.96 	0.00, 10.00 	14,30,15,145		1.91,4.18	0,0 	0
806     	0.92, 8.54, -7.07 	-0.23, 7.56, -6.95 	0.00, 10.00 	14,30,15,154		1.41,2.14	0,0 	0
815     	0.91, 8.55, -7.06 	-0.22, 7.56, -6.96 	0.00, 10.00 	14,30,15,164		1.21,1.43	0,0 	0
824     	0.91, 8.55, -7.06 	-0.20, 7.56, -6.96 	0.00, 10.00 	14,30,15,174		0.00,1.43	0,0 	0
833     	0.90, 8.55, -7.07 	-0.22, 7.57, -6.95 	0.00, 10.00 	14,30,15,183		1.50,1.81	0,0 	0
842     	0.92, 8.54, -7.07 	-0.21, 7.57, -6.96 	0.00, 10.00 	14,30,15,193		1.91,0.71	0,0 	0
851     	0.91, 8.55, -7.07 	-0.21, 7.56, -6.96 	0.00, 10.00 	14,30,15,203		1.21,1.23	0,0 	0
860     	0.93, 8.55, -7.07 	-0.20, 7.58, -6.96 	0.00, 10.00 	14,30,15,212		1.50,1.47	0,0 	0
869     	0.94, 8.59, -7.07 	-0.18, 7.60, -6.97 	0.00, 10.00 	14,30,15,222		5.36,3.91	0,0 	0
878     	0.96, 8.63, -7.08 	-0.16, 7.64, -6.97 	0.00, 10.00 	14,30,15,232		4.30,4.84	0,0 	0
887     	1.04, 8.71, -7.08 	-0.13, 7.70, -6.97 	0.00, 10.00 	14,30,15,241		12.45,7.34	0,0 	0
896     	1.08, 8.80, -7.08 	-0.07, 7.80, -6.96 	0.00, 10.00 	14,30,15,251		11.07,12.59	0,0 	0
905     	1.13, 8.93, -7.07 	-0.01, 7.95, -6.96 	0.00, 10.00 	14,30,15,261		15.00,18.71	0,0 	0
914     	1.15, 9.02, -7.07 	0.05, 8.09, -6.97 	0.00, 10.00 	14,30,15,270		10.17,16.88	0,0 	0
923     	1.15, 9.06, -7.06 	0.09, 8.19, -6.99 	0.00, 10.00 	14,30,15,280		4.84,11.75	0,0 	0
932     	1.18, 9.08, -7.05 	0.10, 8.21, -7.00 	0.00, 10.00 	14,30,15,290		4.49,2.94	0,0 	0
941     	1.20, 9.09, -7.06 	0.12, 8.24, -7.01 	0.00, 10.00 	14,30,15,299		2.25,3.38	0,0 	0
950     	1.22, 9.11, -7.08 	0.13, 8.25, -7.01 	0.00, 10.00 	14,30,15,309		3.88,1.96	0,0 	0
959     	1.25, 9.11, -7.08 	0.13, 8.25, -7.01 	0.00, 10.00 	14,30,15,319		3.00,0.00	0,0 	0
968     	1.25, 9.12, -7.08 	0.15, 8.24, -7.00 	0.00, 10.00 	14,30,15,329		1.21,2.39	0,0 	0
977     	1.25, 9.12, -7.08 	0.15, 8.23, -7.01 	0.00, 10.00 	14,30,15,338		0.00,1.23	0,0 	0
986     	1.27, 9.13, -7.08 	0.15, 8.24, -7.01 	0.00, 10.00 	14,30,15,348		2.25,1.23	0,0 	0
995     	1.27, 9.14, -7.08 	0.15, 8.25, -7.02 	0.00, 10.00 	14,30,15,358		1.43,1.23	0,0 	0
1004    	1.27, 9.14, -7.08 	0.16, 8.25, -7.01 	0.00, 10.00 	14,30,15,367		0.75,1.81	1000,1 	0
1013    	1.27, 9.14, -7.07 	0.16, 8.25, -7.01 	0.00, 10.00 	14,30,15,377		0.00,0.00	1000,1 	0
1022    	1.28, 9.14, -7.08 	0.16, 8.25, -7.01 	0.00, 10.00 	14,30,15,387		1.50,0.00	1000,1 	0
1031    	1.27, 9.14, -7.07 	0.16, 8.24, -7.01 	0.00, 10.00 	14,30,15,396		0.75,0.71	1000,1 	0
1040    	1.27, 9.14, -7.07 	0.16, 8.24, -7.01 	0.00, 10.00 	14,30,15,406		0.75,0.00	1000,1 	0
1049    	1.27, 9.14, -7.07 	0.16, 8.24, -7.00 	0.00, 10.00 	14,30,15,416		0.00,0.00	1000,1 	0
1058    	1.27, 9.15, -7.07 	0.16, 8.23, -6.99 	0.00, 10.00 	14,30,15,425		1.43,1.23	1000,1 	0
1067    	1.29, 9.15, -7.07 	0.16, 8.25, -7.00 	0.00, 10.00 	14,30,15,435		1.50,1.47	1000,1 	0
1076    	1.28, 9.15, -7.07 	0.17, 8.26, -6.99 	0.00, 10.00 	14,30,15,445		0.75,1.47	1000,1 	0
1085    	1.29, 9.15, -7.07 	0.17, 8.26, -6.99 	0.00, 10.00 	14,30,15,454		0.75,0.00	1000,1 	0
1094    	1.29, 9.15, -7.06 	0.16, 8.23, -6.98 	0.00, 10.00 	14,30,15,464		0.00,2.94	1000,1 	0
1103    	1.27, 9.15, -7.06 	0.16, 8.26, -6.97 	0.00, 10.00 	14,30,15,474		1.50,2.46	1000,1 	0
1112    	1.27, 9.15, -7.05 	0.14, 8.25, -6.96 	0.00, 10.00 	14,30,15,483		0.75,1.43	1000,1 	0
1121    	1.27, 9.16, -7.04 	0.16, 8.28, -6.96 	0.00, 10.00 	14,30,15,493		1.21,2.94	1000,1 	0
1130    	1.28, 9.16, -7.06 	0.18, 8.27, -6.96 	0.00, 10.00 	14,30,15,503		1.50,3.03	1000,1 	0
1139    	1.32, 9.20, -7.08 	0.19, 8.31, -6.97 	0.00, 10.00 	14,30,15,512		5.82,4.06	1000,1 	0
1148    	1.38, 9.22, -7.08 	0.21, 8.30, -6.97 	0.00, 10.00 	14,30,15,522		7.20,1.81	1000,1 	0
1157    	1.40, 9.21, -7.10 	0.22, 8.29, -6.98 	0.00, 10.00 	14,30,15,532		2.54,1.81	1000,1 	0
1166    	1.39, 9.25, -7.11 	0.20, 8.26, -6.97 	0.00, 10.00 	14,30,15,542		3.69,3.38	1000,1 	0
1175    	1.39, 9.24, -7.09 	0.20, 8.26, -6.95 	0.00, 10.00 	14,30,15,551		1.21,0.71	1000,1 	0
1184    	1.36, 9.23, -7.08 	0.20, 8.26, -6.95 	0.00, 10.00 	14,30,15,561		3.75,0.71	1000,1 	0
1193    	1.35, 9.24, -7.08 	0.20, 8.26, -6.96 	0.00, 10.00 	14,30,15,571		1.21,0.00	1000,1 	0
1202    	1.36, 9.23, -7.08 	0.20, 8.26, -6.96 	0.00, 10.00 	14,30,15,580		1.21,0.00	1000,1 	0
1211    	1.36, 9.23, -7.08 	0.20, 8.25, -6.96 	0.00, 10.00 	14,30,15,590		0.00,1.47	1000,1 	0
1220    	1.36, 9.23, -7.08 	0.20, 8.26, -6.97 	0.00, 10.00 	14,30,15,600		0.00,1.23	1000,1 	0
1229    	1.35, 9.23, -7.08 	0.19, 8.27, -6.97 	0.00, 10.00 	14,30,15,609		0.75,1.37	1000,1 	0
1238    	1.35, 9.23, -7.09 	0.20, 8.26, -6.97 	0.00, 10.00 	14,30,15,619		0.00,1.37	1000,1 	0
1247    	1.36, 9.23, -7.08 	0.19, 8.27, -6.97 	0.00, 10.00 	14,30,15,629		0.75,1.37	1000,1 	0
1256    	1.36, 9.23, -7.08 	0.19, 8.26, -6.97 	0.00, 10.00 	14,30,15,638		0.00,1.23	1000,1 	0
1265    	1.36, 9.23, -7.08 	0.20, 8.26, -6.97 	0.00, 10.00 	14,30,15,648		0.00,1.43	1000,1 	0
1274    	1.36, 9.23, -7.09 	0.21, 8.26, -6.97 	0.00, 10.00 	14,30,15,658		0.00,0.71	1000,1 	0
1283    	1.36, 9.23, -7.08 	0.21, 8.26, -6.97 	0.00, 10.00 	14,30,15,667		0.75,0.00	1000,1 	0
1292    	1.36, 9.23, -7.08 	0.21, 8.26, -6.97 	0.00, 10.00 	14,30,15,677		0.75,0.00	1000,1 	0
1301    	1.36, 9.23, -7.08 	0.21, 8.26, -6.97 	0.00, 10.00 	14,30,15,687		0.75,0.00	1000,1 	0
1310    	1.36, 9.23, -7.08 	0.21, 8.26, -6.96 	0.00, 10.00 	14,30,15,696		0.00,0.71	1000,1 	0
1319    	1.36, 9.23, -7.08 	0.21, 8.26, -6.96 	0.00, 10.00 	14,30,15,706		0.00,0.71	1000,1 	0
1328    	1.36, 9.23, -7.08 	0.21, 8.26, -6.96 	0.00, 10.00 	14,30,15,716		0.00,0.00	1000,1 	0
1337    	1.36, 9.23, -7.08 	0.21, 8.26, -6.96 	0.00, 10.00 	14,30,15,725		0.00,0.00	1000,1 	0
1346    	1.36, 9.22, -7.08 	0.21, 8.27, -6.96 	0.00, 10.00 	14,30,15,735		1.21,1.47	1000,1 	0
1355    	1.36, 9.22, -7.07 	0.21, 8.26, -6.95 	0.00, 10.00 	14,30,15,745		0.00,1.23	1000,1 	0
1364    	1.36, 9.23, -7.08 	0.20, 8.27, -6.95 	0.00, 10.00 	14,30,15,754		1.21,1.81	1000,1 	0
1373    	1.36, 9.24, -7.08 	0.21, 8.26, -6.95 	0.00, 10.00 	14,30,15,764		1.21,1.37	1000,1 	0
1382    	1.35, 9.24, -7.08 	0.21, 8.28, -6.94 	0.00, 10.00 	14,30,15,774		0.75,2.46	1000,1 	0
1391    	1.34, 9.30, -7.07 	0.21, 8.30, -6.95 	0.00, 10.00 	14,30,15,784		6.08,1.23	1000,1 	0
1400    	1.32, 9.38, -7.08 	0.22, 8.40, -6.97 	0.00, 10.00 	14,30,15,793		9.77,11.64	1000,1 	0
1409    	1.31, 9.52, -7.09 	0.24, 8.51, -6.97 	0.00, 10.00 	14,30,15,803		15.72,12.84	1000,1 	0
1418    	1.35, 9.71, -7.12 	0.25, 8.67, -6.99 	0.00, 10.00 	14,30,15,813		21.50,17.51	1000,1 	0
1427    	1.40, 9.90, -7.15 	0.25, 8.88, -7.00 	0.00, 10.00 	14,30,15,822		21.73,23.63	1000,1 	0
1436    	1.43, 10.05, -7.16 	0.27, 9.08, -6.99 	0.00, 10.00 	14,30,15,832		16.42,21.48	1000,1 	0
1445    	1.45, 10.12, -7.16 	0.26, 9.19, -6.96 	0.00, 10.00 	14,30,15,842		7.89,12.30	1000,1 	0
1454    	1.45, 10.15, -7.14 	0.26, 9.23, -6.94 	0.00, 10.00 	14,30,15,851		3.72,4.92	1000,1 	0
1463    	1.45, 10.18, -7.12 	0.24, 9.24, -6.92 	0.00, 10.00 	14,30,15,861		3.63,2.39	1000,1 	0
1472    	1.44, 10.21, -7.11 	0.24, 9.27, -6.92 	0.00, 10.00 	14,30,15,871		3.69,3.81	1000,1 	0
1481    	1.42, 10.22, -7.12 	0.23, 9.28, -6.92 	0.00, 10.00 	14,30,15,880		2.54,1.81	1000,1 	0
1490    	1.41, 10.23, -7.11 	0.22, 9.28, -6.93 	0.00, 10.00 	14,30,15,890		1.91,0.71	1000,1 	0
1499    	1.42, 10.22, -7.11 	0.22, 9.28, -6.93 	0.00, 10.00 	14,30,15,900		1.91,0.71	1000,1 	0
1508    	1.41, 10.24, -7.11 	0.22, 9.30, -6.94 	0.00, 10.00 	14,30,15,909		2.52,2.61	1000,1 	0
1517    	1.41, 10.24, -7.11 	0.22, 9.30, -6.94 	0.00, 10.00 	14,30,15,919		0.00,0.00	1000,1 	0
1526    	1.43, 10.23, -7.11 	0.21, 9.30, -6.94 	0.00, 10.00 	14,30,15,929		2.54,0.71	1000,1 	0
1535    	1.42, 10.26, -7.11 	0.22, 9.29, -6.94 	0.00, 10.00 	14,30,15,938		2.52,1.37	1000,1 	0
1544    	1.42, 10.25, -7.11 	0.23, 9.29, -6.94 	0.00, 10.00 	14,30,15,948		0.75,0.71	1000,1 	0
1553    	1.44, 10.26, -7.11 	0.23, 9.29, -6.94 	0.00, 10.00 	14,30,15,958		2.25,0.00	1000,1 	0
1562    	1.41, 10.26, -7.11 	0.23, 9.30, -6.94 	0.00, 10.00 	14,30,15,967		3.22,1.23	1000,1 	0
1571    	1.41, 10.25, -7.10 	0.23, 9.30, -6.94 	0.00, 10.00 	14,30,15,977		1.21,0.00	1000,1 	0
1580    	1.38, 10.25, -7.09 	0.23, 9.30, -6.94 	0.00, 10.00 	14,30,15,987		3.00,0.71	1000,1 	0
1589    	1.38, 10.24, -7.09 	0.23, 9.30, -6.95 	0.00, 10.00 	14,30,15,997		1.43,0.00	1000,1 	0
1598    	1.37, 10.24, -7.08 	0.23, 9.30, -6.95 	0.00, 10.00 	14,30,16,6		0.75,0.71	1000,1 	0
1607    	1.37, 10.24, -7.09 	0.23, 9.32, -6.96 	0.00, 10.00 	14,30,16,16		0.00,1.47	1000,1 	0
1616    	1.38, 10.23, -7.09 	0.23, 9.31, -6.95 	0.00, 10.00 	14,30,16,26		1.41,0.71	1000,1 	0
1625    	1.38, 10.24, -7.10 	0.23, 9.32, -6.95 	0.00, 10.00 	14,30,16,35		1.21,0.71	1000,1 	0
1634    	1.39, 10.24, -7.09 	0.24, 9.32, -6.96 	0.00, 10.00 	14,30,16,45		0.75,0.71	1000,1 	0
1643    	1.39, 10.24, -7.10 	0.24, 9.32, -6.94 	0.00, 10.00 	14,30,16,55		0.75,0.00	1000,1 	0
1652    	1.38, 10.23, -7.10 	0.25, 9.32, -6.95 	0.00, 10.00 	14,30,16,64		1.94,0.71	1000,1 	0
1661    	1.39, 10.23, -7.08 	0.24, 9.31, -6.96 	0.00, 10.00 	14,30,16,74		0.75,1.47	1000,1 	0
1670    	1.37, 10.21, -7.08 	0.25, 9.28, -6.95 	0.00, 10.00 	14,30,16,84		2.86,2.51	1000,1 	0
1679    	1.41, 10.16, -7.07 	0.25, 9.25, -6.96 	0.00, 10.00 	14,30,16,93		6.71,3.69	1000,1 	0
1688    	1.40, 10.10, -7.07 	0.26, 9.23, -6.96 	0.00, 10.00 	14,30,16,103		6.10,2.51	1000,1 	0
1697    	1.44, 10.05, -7.08 	0.28, 9.17, -6.95 	0.00, 10.00 	14,30,16,113		7.07,7.53	1000,1 	0
1706    	1.48, 10.02, -7.11 	0.31, 9.10, -6.96 	0.00, 10.00 	14,30,16,122		5.18,7.53	1000,1 	0
1715    	1.52, 9.97, -7.11 	0.30, 9.05, -6.95 	0.00, 10.00 	14,30,16,132		7.49,6.24	1000,1 	0
1724    	1.53, 9.93, -7.11 	0.32, 8.99, -6.93 	0.00, 10.00 	14,30,16,142		4.89,6.21	1000,1 	0
1733    	1.53, 9.89, -7.11 	0.33, 8.94, -6.93 	0.00, 10.00 	14,30,16,151		3.63,6.15	1000,1 	0
1742    	1.55, 9.85, -7.08 	0.32, 8.89, -6.92 	0.00, 10.00 	14,30,16,161		5.04,5.23	1000,1 	0
1751    	1.56, 9.84, -7.08 	0.32, 8.88, -6.93 	0.00, 10.00 	14,30,16,171		1.41,1.37	1000,1 	0
1760    	1.55, 9.81, -7.08 	0.33, 8.85, -6.93 	0.00, 10.00 	14,30,16,180		3.95,3.70	1000,1 	0
1769    	1.53, 9.81, -7.08 	0.34, 8.83, -6.93 	0.00, 10.00 	14,30,16,190		2.25,2.51	1000,1 	0
1778    	1.52, 9.76, -7.08 	0.35, 8.81, -6.94 	0.00, 10.00 	14,30,16,200		4.91,2.75	1000,1 	0
1787    	1.53, 9.74, -7.07 	0.35, 8.78, -6.95 	0.00, 10.00 	14,30,16,209		2.42,3.81	1000,1 	0
1796    	1.53, 9.71, -7.07 	0.36, 8.75, -6.95 	0.00, 10.00 	14,30,16,219		3.63,2.51	1000,1 	0
1805    	1.53, 9.70, -7.07 	0.36, 8.72, -6.95 	0.00, 10.00 	14,30,16,229		1.21,3.69	1000,1 	0
1814    	1.55, 9.67, -7.07 	0.37, 8.70, -6.94 	0.00, 10.00 	14,30,16,239		3.91,2.51	1000,1 	0
1823    	1.57, 9.65, -7.07 	0.37, 8.66, -6.94 	0.00, 10.00 	14,30,16,248		3.28,4.92	1000,1 	0
1832    	1.58, 9.61, -7.08 	0.40, 8.60, -6.93 	0.00, 10.00 	14,30,16,258		3.69,6.36	1000,1 	0
1841    	1.59, 9.56, -7.07 	0.40, 8.57, -6.93 	0.00, 10.00 	14,30,16,268		6.08,3.69	1000,1 	0
1850    	1.58, 9.50, -7.06 	0.40, 8.50, -6.93 	0.00, 10.00 	14,30,16,277		6.25,7.38	1000,1 	0
1859    	1.57, 9.44, -7.07 	0.40, 8.46, -6.94 	0.00, 10.00 	14,30,16,287		7.43,5.02	1000,1 	0
1868    	1.56, 9.36, -7.06 	0.43, 8.42, -6.95 	0.00, 10.00 	14,30,16,297		8.62,5.86	1000,1 	0
1877    	1.56, 9.27, -7.05 	0.43, 8.33, -6.95 	0.00, 10.00 	14,30,16,306		9.72,10.05	1000,1 	0
1886    	1.57, 9.20, -7.06 	0.42, 8.24, -6.96 	0.00, 10.00 	14,30,16,316		8.47,10.05	1000,1 	0
1895    	1.60, 9.16, -7.08 	0.43, 8.16, -6.95 	0.00, 10.00 	14,30,16,326		5.66,8.58	1000,1 	0
1904    	1.64, 9.08, -7.09 	0.43, 8.06, -6.95 	0.00, 10.00 	14,30,16,335		9.21,11.27	1000,1 	0
1913    	1.67, 9.00, -7.10 	0.45, 7.98, -6.94 	0.00, 10.00 	14,30,16,345		10.09,9.83	1000,1 	0
1922    	1.66, 8.92, -7.11 	0.44, 7.91, -6.96 	0.00, 10.00 	14,30,16,355		8.62,7.62	1000,1 	0
1931    	1.65, 8.85, -7.10 	0.45, 7.83, -6.94 	0.00, 10.00 	14,30,16,364		7.63,8.58	1000,1 	0
1940    	1.61, 8.76, -7.07 	0.45, 7.79, -6.95 	0.00, 10.00 	14,30,16,374		11.07,5.02	1000,1 	0
1949    	1.61, 8.71, -7.07 	0.48, 7.73, -6.95 	0.00, 10.00 	14,30,16,384		6.05,6.58	1000,1 	0
1958    	1.61, 8.65, -7.07 	0.48, 7.70, -6.95 	0.00, 10.00 	14,30,16,393		6.10,3.81	1000,1 	0
1967    	1.61, 8.62, -7.07 	0.48, 7.67, -6.97 	0.00, 10.00 	14,30,16,403		3.72,3.69	1000,1 	0
1976    	1.60, 8.59, -7.07 	0.48, 7.62, -6.95 	0.00, 10.00 	14,30,16,413		3.72,5.02	1000,1 	0
1985    	1.61, 8.55, -7.08 	0.47, 7.59, -6.96 	0.00, 10.00 	14,30,16,422		4.89,3.81	1000,1 	0
1994    	1.64, 8.53, -7.09 	0.46, 7.54, -6.96 	0.00, 10.00 	14,30,16,432		3.83,5.23	1000,1 	0
2003    	1.67, 8.49, -7.09 	0.46, 7.53, -6.96 	0.00, 10.00 	14,30,16,442		5.66,1.47	1000,1 	0
2012    	1.65, 8.45, -7.08 	0.48, 7.51, -6.96 	0.00, 10.00 	14,30,16,452		4.30,3.63	1000,1 	0
2021    	1.68, 8.40, -7.08 	0.49, 7.45, -6.94 	0.00, 10.00 	14,30,16,461		6.71,7.38	1000,1 	0
2030    	1.68, 8.38, -7.07 	0.49, 7.42, -6.95 	0.00, 10.00 	14,30,16,471		2.54,2.46	1000,1 	0
2039    	1.66, 8.32, -7.07 	0.48, 7.37, -6.94 	0.00, 10.00 	14,30,16,481		6.48,6.42	1000,1 	0
2048    	1.64, 8.27, -7.05 	0.48, 7.32, -6.94 	0.00, 10.00 	14,30,16,490		5.73,5.02	1000,1 	0
2057    	1.63, 8.20, -7.04 	0.49, 7.27, -6.95 	0.00, 10.00 	14,30,16,500		8.79,6.14	1000,1 	0
2066    	1.60, 8.15, -7.05 	0.49, 7.21, -6.96 	0.00, 10.00 	14,30,16,510		5.73,6.15	1000,1 	0
2075    	1.62, 8.07, -7.04 	0.47, 7.15, -6.95 	0.00, 10.00 	14,30,16,519		9.77,6.98	1000,1 	0
2084    	1.66, 8.04, -7.08 	0.48, 7.08, -6.96 	0.00, 10.00 	14,30,16,529		5.18,8.58	1000,1 	0
2093    	1.70, 7.97, -7.09 	0.47, 7.00, -6.96 	0.00, 10.00 	14,30,16,539		8.49,9.03	1000,1 	0
2102    	1.74, 7.91, -7.10 	0.48, 6.91, -6.97 	0.00, 10.00 	14,30,16,548		7.81,9.81	1000,1 	0
2111    	1.75, 7.87, -7.11 	0.48, 6.84, -6.97 	0.00, 10.00 	14,30,16,558		5.04,7.47	1000,1 	0
2120    	1.76, 7.80, -7.09 	0.49, 6.77, -6.96 	0.00, 10.00 	14,30,16,568		7.26,8.58	1000,1 	0
2129    	1.73, 7.73, -7.08 	0.48, 6.72, -6.96 	0.00, 10.00 	14,30,16,577		9.31,5.23	1000,1 	0
2138    	1.69, 7.71, -7.08 	0.48, 6.67, -6.97 	0.00, 10.00 	14,30,16,587		4.68,5.23	1000,1 	0
2147    	1.69, 7.67, -7.07 	0.49, 6.64, -6.97 	0.00, 10.00 	14,30,16,597		4.91,3.85	1000,1 	0
2156    	1.66, 7.64, -7.07 	0.49, 6.65, -6.97 	0.00, 10.00 	14,30,16,606		4.49,1.23	1000,1 	0
2165    	1.64, 7.63, -7.08 	0.48, 6.63, -6.97 	0.00, 10.00 	14,30,16,616		1.94,2.61	1000,1 	0
2174    	1.64, 7.61, -7.09 	0.49, 6.62, -6.97 	0.00, 10.00 	14,30,16,626		2.54,1.37	1000,1 	0
2183    	1.67, 7.60, -7.09 	0.49, 6.63, -6.99 	0.00, 10.00 	14,30,16,635		3.22,1.23	1000,1 	0
2192    	1.66, 7.59, -7.10 	0.48, 6.63, -6.98 	0.00, 10.00 	14,30,16,645		1.43,1.43	1000,1 	0
2201    	1.67, 7.60, -7.09 	0.47, 6.63, -6.99 	0.00, 10.00 	14,30,16,655		1.43,0.71	1000,1 	0
2210    	1.65, 7.59, -7.08 	0.48, 6.62, -6.98 	0.00, 10.00 	14,30,16,664		1.94,1.37	1000,1 	0
2219    	1.65, 7.60, -7.09 	0.48, 6.60, -6.97 	0.00, 10.00 	14,30,16,674		1.41,2.46	1000,1 	0
2228    	1.66, 7.60, -7.09 	0.49, 6.59, -6.99 	0.00, 10.00 	14,30,16,684		1.50,1.81	1000,1 	0
2237    	1.65, 7.59, -7.08 	0.49, 6.60, -6.99 	0.00, 10.00 	14,30,16,694		1.43,1.37	1000,1 	0
2246    	1.65, 7.58, -7.08 	0.47, 6.60, -6.99 	0.00, 10.00 	14,30,16,703		1.43,1.43	1000,1 	0
2255    	1.66, 7.57, -7.08 	0.47, 6.59, -6.99 	0.00, 10.00 	14,30,16,713		1.91,0.71	1000,1 	0
2264    	1.66, 7.58, -7.09 	0.48, 6.58, -6.98 	0.00, 10.00 	14,30,16,723		1.21,1.37	1000,1 	0
2273    	1.66, 7.57, -7.09 	0.47, 6.59, -6.99 	0.00, 10.00 	14,30,16,732		1.21,1.37	1000,1 	0
2282    	1.67, 7.56, -7.10 	0.48, 6.57, -6.99 	0.00, 10.00 	14,30,16,742		1.41,2.51	1000,1 	0
2291    	1.68, 7.56, -7.10 	0.48, 6.56, -6.99 	0.00, 10.00 	14,30,16,752		1.50,1.23	1000,1 	0
2300    	1.68, 7.55, -7.10 	0.48, 6.55, -6.99 	0.00, 10.00 	14,30,16,761		1.21,1.23	1000,1 	0
2309    	1.68, 7.54, -7.10 	0.48, 6.54, -6.99 	0.00, 10.00 	14,30,16,771		1.21,1.23	1000,1 	0
2318    	1.67, 7.53, -7.10 	0.47, 6.54, -6.99 	0.00, 10.00 	14,30,16,781		1.50,0.71	1000,1 	0
2327    	1.65, 7.53, -7.10 	0.47, 6.53, -6.98 	0.00, 10.00 	14,30,16,790		2.25,1.47	1000,1 	0
2336    	1.64, 7.52, -7.09 	0.47, 6.53, -6.97 	0.00, 10.00 	14,30,16,800		1.43,0.71	1000,1 	0
2345    	1.64, 7.52, -7.09 	0.47, 6.53, -6.97 	0.00, 10.00 	14,30,16,810		0.00,0.00	1000,1 	0
2354    	1.62, 7.53, -7.09 	0.47, 6.54, -6.97 	0.00, 10.00 	14,30,16,819		2.54,1.23	1000,1 	0
2363    	1.64, 7.53, -7.08 	0.46, 6.54, -6.98 	0.00, 10.00 	14,30,16,829		1.50,1.43	1000,1 	0
2372    	1.64, 7.53, -7.08 	0.47, 6.53, -6.97 	0.00, 10.00 	14,30,16,839		0.00,1.37	1000,1 	0
2381    	1.61, 7.55, -7.08 	0.46, 6.57, -6.98 	0.00, 10.00 	14,30,16,848		3.28,4.92	1000,1 	0
2390    	1.60, 7.60, -7.06 	0.45, 6.58, -6.97 	0.00, 10.00 	14,30,16,858		6.08,1.37	1000,1 	0
2399    	1.55, 7.68, -7.04 	0.44, 6.60, -6.96 	0.00, 10.00 	14,30,16,868		9.90,2.51	1000,1 	0
2408    	1.49, 7.79, -7.05 	0.42, 6.70, -6.96 	0.00, 10.00 	14,30,16,877		14.52,11.11	1000,1 	0
2417    	1.42, 7.94, -7.08 	0.38, 6.78, -6.97 	0.00, 10.00 	14,30,16,887		18.14,10.21	1000,1 	0
2426    	1.37, 8.05, -7.09 	0.35, 6.91, -6.97 	0.00, 10.00 	14,30,16,897		13.77,14.75	1000,1 	0
2435    	1.35, 8.13, -7.11 	0.30, 7.00, -6.98 	0.00, 10.00 	14,30,16,907		8.58,11.56	1000,1 	0
2444    	1.36, 8.21, -7.14 	0.30, 7.08, -7.00 	0.00, 10.00 	14,30,16,916		8.62,8.61	1000,1 	0
2453    	1.39, 8.31, -7.15 	0.29, 7.16, -6.99 	0.00, 10.00 	14,30,16,926		11.56,8.61	1000,1 	0
2462    	1.39, 8.35, -7.16 	0.27, 7.22, -6.98 	0.00, 10.00 	14,30,16,936		4.91,7.41	1000,1 	0
2471    	1.43, 8.39, -7.15 	0.29, 7.29, -6.97 	0.00, 10.00 	14,30,16,945		6.43,7.84	1000,1 	0
2480    	1.42, 8.44, -7.15 	0.28, 7.37, -6.96 	0.00, 10.00 	14,30,16,955		6.08,8.58	1000,1 	0
2489    	1.44, 8.49, -7.15 	0.27, 7.41, -6.94 	0.00, 10.00 	14,30,16,965		5.36,4.92	1000,1 	0
2498    	1.42, 8.51, -7.14 	0.26, 7.47, -6.94 	0.00, 10.00 	14,30,16,974		3.28,6.14	1000,1 	0
2507    	1.40, 8.55, -7.13 	0.26, 7.50, -6.93 	0.00, 10.00 	14,30,16,984		5.31,3.69	1000,1 	0
2516    	1.40, 8.58, -7.14 	0.25, 7.54, -6.94 	0.00, 10.00 	14,30,16,994		3.72,4.92	1000,1 	0
2525    	1.37, 8.61, -7.12 	0.26, 7.58, -6.95 	0.00, 10.00 	14,30,16,3		4.68,4.06	1000,1 	0
2534    	1.35, 8.64, -7.11 	0.25, 7.64, -6.97 	0.00, 10.00 	14,30,17,13		4.24,7.38	1000,1 	0
2543    	1.35, 8.66, -7.10 	0.25, 7.69, -6.97 	0.00, 10.00 	14,30,17,23		2.42,4.92	1000,1 	0
2552    	1.32, 8.70, -7.10 	0.25, 7.77, -6.97 	0.00, 10.00 	14,30,17,32		5.31,8.83	1000,1 	0
2561    	1.34, 8.79, -7.11 	0.23, 7.85, -6.97 	0.00, 10.00 	14,30,17,42		9.97,9.83	1000,1 	0
2570    	1.34, 8.87, -7.09 	0.23, 7.92, -6.95 	0.00, 10.00 	14,30,17,52		8.62,7.47	1000,1 	0
2579    	1.35, 8.95, -7.10 	0.23, 7.98, -6.94 	0.00, 10.00 	14,30,17,61		8.62,6.15	1000,1 	0
2588    	1.33, 9.03, -7.10 	0.21, 8.03, -6.93 	0.00, 10.00 	14,30,17,71		9.77,6.21	1000,1 	0
2597    	1.33, 9.09, -7.11 	0.18, 8.08, -6.93 	0.00, 10.00 	14,30,17,81		6.05,6.58	1000,1 	0
2606    	1.32, 9.13, -7.11 	0.18, 8.16, -6.94 	0.00, 10.00 	14,30,17,90		4.84,8.69	1000,1 	0
2615    	1.31, 9.17, -7.10 	0.17, 8.20, -6.95 	0.00, 10.00 	14,30,17,100		5.04,4.92	1000,1 	0
2624    	1.30, 9.21, -7.11 	0.18, 8.25, -6.95 	0.00, 10.00 	14,30,17,110		3.69,5.02	1000,1 	0
2633    	1.29, 9.25, -7.10 	0.18, 8.28, -6.95 	0.00, 10.00 	14,30,17,119		4.84,3.69	1000,1 	0
2642    	1.30, 9.27, -7.11 	0.17, 8.32, -6.95 	0.00, 10.00 	14,30,17,129		2.54,4.92	1000,1 	0
2651    	1.30, 9.29, -7.10 	0.18, 8.34, -6.96 	0.00, 10.00 	14,30,17,139		2.54,1.96	1000,1 	0
2660    	1.32, 9.33, -7.11 	0.16, 8.37, -6.95 	0.00, 10.00 	14,30,17,149		4.30,3.85	1000,1 	0
2669    	1.32, 9.37, -7.10 	0.18, 8.39, -6.95 	0.00, 10.00 	14,30,17,158		4.91,3.38	1000,1 	0
2678    	1.32, 9.39, -7.11 	0.17, 8.42, -6.95 	0.00, 10.00 	14,30,17,168		2.52,3.70	1000,1 	0
2687    	1.30, 9.42, -7.11 	0.16, 8.43, -6.93 	0.00, 10.00 	14,30,17,178		3.91,1.37	1000,1 	0
2696    	1.28, 9.47, -7.10 	0.16, 8.49, -6.94 	0.00, 10.00 	14,30,17,187		5.04,6.15	1000,1 	0
2705    	1.26, 9.47, -7.08 	0.16, 8.51, -6.93 	0.00, 10.00 	14,30,17,197		3.22,2.46	1000,1 	0
2714    	1.23, 9.51, -7.08 	0.14, 8.55, -6.93 	0.00, 10.00 	14,30,17,207		4.24,5.02	1000,1 	0
2723    	1.23, 9.52, -7.07 	0.14, 8.59, -6.93 	0.00, 10.00 	14,30,17,216		1.21,3.69	1000,1 	0
2732    	1.23, 9.60, -7.10 	0.14, 8.67, -6.93 	0.00, 10.00 	14,30,17,226		9.72,8.69	1000,1 	0
2741    	1.25, 9.64, -7.10 	0.14, 8.71, -6.94 	0.00, 10.00 	14,30,17,236		4.30,5.02	1000,1 	0
2750    	1.25, 9.69, -7.10 	0.14, 8.78, -6.94 	0.00, 10.00 	14,30,17,245		6.05,7.38	1000,1 	0
2759    	1.24, 9.75, -7.10 	0.13, 8.83, -6.94 	0.00, 10.00 	14,30,17,255		6.05,6.14	1000,1 	0
2768    	1.25, 9.80, -7.10 	0.11, 8.86, -6.93 	0.00, 10.00 	14,30,17,265		6.25,3.85	1000,1 	0
2777    	1.24, 9.87, -7.11 	0.11, 8.92, -6.93 	0.00, 10.00 	14,30,17,274		7.28,6.15	1000,1 	0
2786    	1.22, 9.91, -7.10 	0.10, 8.98, -6.94 	0.00, 10.00 	14,30,17,284		5.04,7.38	1000,1 	0
2795    	1.19, 9.97, -7.11 	0.09, 9.03, -6.93 	0.00, 10.00 	14,30,17,294		7.81,4.92	1000,1 	0
2804    	1.20, 10.05, -7.12 	0.07, 9.09, -6.93 	0.00, 10.00 	14,30,17,303		8.62,7.53	1000,1 	0
2813    	1.17, 10.10, -7.11 	0.07, 9.15, -6.92 	0.00, 10.00 	14,30,17,313		6.42,6.15	1000,1 	0
2822    	1.15, 10.13, -7.12 	0.06, 9.19, -6.93 	0.00, 10.00 	14,30,17,323		4.24,4.92	1000,1 	0
2831    	1.13, 10.18, -7.11 	0.06, 9.26, -6.92 	0.00, 10.00 	14,30,17,332		6.21,7.38	1000,1 	0
2840    	1.13, 10.25, -7.12 	0.05, 9.32, -6.92 	0.00, 10.00 	14,30,17,342		7.31,7.38	1000,1 	0
2849    	1.15, 10.33, -7.12 	0.05, 9.39, -6.91 	0.00, 10.00 	14,30,17,352		8.79,7.38	1000,1 	0
2858    	1.17, 10.40, -7.12 	0.04, 9.42, -6.92 	0.00, 10.00 	14,30,17,362		7.89,3.69	1000,1 	0
2867    	1.15, 10.45, -7.12 	0.04, 9.49, -6.92 	0.00, 10.00 	14,30,17,371		6.42,7.38	1000,1 	0
2876    	1.14, 10.49, -7.11 	0.03, 9.53, -6.93 	0.00, 10.00 	14,30,17,381		4.89,4.92	1000,1 	0
2885    	1.11, 10.53, -7.10 	0.03, 9.60, -6.94 	0.00, 10.00 	14,30,17,391		5.31,7.38	1000,1 	0
2894    	1.08, 10.57, -7.11 	0.03, 9.68, -6.95 	0.00, 10.00 	14,30,17,400		5.66,8.83	1000,1 	0
2903    	1.05, 10.61, -7.10 	0.01, 9.71, -6.96 	0.00, 10.00 	14,30,17,410		5.66,4.12	1000,1 	0
2912    	1.05, 10.68, -7.11 	0.01, 9.77, -6.95 	0.00, 10.00 	14,30,17,420		7.31,7.47	1000,1 	0
2921    	1.06, 10.72, -7.12 	0.01, 9.83, -6.95 	0.00, 10.00 	14,30,17,429		5.09,6.15	1000,1 	0
2930    	1.08, 10.78, -7.13 	-0.00, 9.88, -6.95 	0.00, 10.00 	14,30,17,439		6.48,6.14	1000,1 	0
2939    	1.08, 10.81, -7.12 	0.01, 9.94, -6.96 	0.00, 10.00 	14,30,17,449		3.63,6.42	1000,1 	0
2948    	1.07, 10.85, -7.11 	0.02, 9.98, -6.96 	0.00, 10.00 	14,30,17,458		3.69,4.41	1000,1 	0
2957    	1.06, 10.88, -7.09 	0.01, 10.01, -6.94 	0.00, 10.00 	14,30,17,468		3.63,3.85	1000,1 	0
2966    	1.06, 10.91, -7.09 	0.00, 10.04, -6.95 	0.00, 10.00 	14,30,17,478		3.69,3.69	1000,1 	0
2975    	1.04, 10.93, -7.09 	0.02, 10.06, -6.94 	0.00, 10.00 	14,30,17,487		2.83,2.94	1000,1 	0
2984    	1.04, 10.95, -7.10 	0.01, 10.09, -6.95 	0.00, 10.00 	14,30,17,497		2.42,2.46	1000,1 	0
2993    	1.02, 10.97, -7.09 	0.01, 10.12, -6.95 	0.00, 10.00 	14,30,17,507		2.83,3.69	1000,1 	0
3002    	1.03, 10.97, -7.09 	0.00, 10.14, -6.95 	0.00, 10.00 	14,30,17,516		0.75,2.51	1000,1 	0
3011    	1.03, 11.01, -7.10 	0.00, 10.17, -6.95 	0.00, 10.00 	14,30,17,526		3.63,3.69	1000,1 	0
3020    	1.04, 11.03, -7.10 	0.01, 10.17, -6.94 	0.00, 10.00 	14,30,17,536		2.86,0.71	1000,1 	0
3029    	1.07, 11.04, -7.09 	0.02, 10.21, -6.95 	0.00, 10.00 	14,30,17,545		3.25,4.06	1000,1 	0
3038    	1.06, 11.07, -7.11 	0.02, 10.24, -6.96 	0.00, 10.00 	14,30,17,555		3.63,3.69	1000,1 	0
3047    	1.07, 11.10, -7.10 	0.01, 10.23, -6.95 	0.00, 10.00 	14,30,17,565		2.54,1.47	1000,1 	0
3056    	1.06, 11.12, -7.10 	0.01, 10.25, -6.95 	0.00, 10.00 	14,30,17,574		2.52,2.46	1000,1 	0
3065    	1.05, 11.12, -7.09 	0.01, 10.28, -6.95 	0.00, 10.00 	14,30,17,584		0.75,2.46	1000,1 	0
3074    	1.04, 11.17, -7.10 	-0.01, 10.30, -6.94 	0.00, 10.00 	14,30,17,594		6.08,2.75	1000,1 	0
3083    	1.04, 11.19, -7.10 	0.00, 10.33, -6.95 	0.00, 10.00 	14,30,17,604		2.42,4.06	1000,1 	0
3092    	1.04, 11.24, -7.09 	-0.00, 10.36, -6.95 	0.00, 10.00 	14,30,17,613		4.84,3.69	1000,1 	0
3101    	1.03, 11.27, -7.10 	0.01, 10.42, -6.95 	0.00, 10.00 	14,30,17,623		3.69,6.42	1000,1 	0
3110    	1.05, 11.30, -7.11 	-0.01, 10.45, -6.96 	0.00, 10.00 	14,30,17,633		4.30,3.85	1000,1 	0
3119    	1.06, 11.35, -7.11 	0.01, 10.51, -6.96 	0.00, 10.00 	14,30,17,642		5.36,6.98	1000,1 	0
3128    	1.06, 11.44, -7.11 	0.03, 10.62, -6.95 	0.00, -0.00 	14,30,17,662		9.72,12.64	1000,1 	0
3137    	1.06, 11.50, -7.10 	0.03, 10.67, -6.94 	0.00, -0.00 	14,30,17,671		5.48,3.77	1000,1 	0
3146    	1.04, 11.55, -7.10 	0.03, 10.71, -6.94 	0.00, -0.00 	14,30,17,681		4.82,3.69	1000,1 	0
3155    	1.05, 11.58, -7.08 	0.02, 10.76, -6.93 	0.00, -0.00 	14,30,17,691		2.15,3.69	1000,1 	0
3164    	1.05, 11.62, -7.08 	0.01, 10.82, -6.93 	0.00, -0.00 	14,30,17,700		3.63,5.53	1000,1 	0
3173    	1.02, 11.65, -7.09 	-0.00, 10.84, -6.92 	0.00, -0.00 	14,30,17,710		3.51,2.06	1000,1 	0
3182    	1.02, 11.68, -7.10 	-0.01, 10.90, -6.93 	0.00, -0.00 	14,30,17,720		2.72,4.61	1000,1 	0
3191    	1.03, 11.72, -7.10 	-0.02, 10.93, -6.93 	0.00, -0.00 	14,30,17,729		2.96,2.78	1000,1 	0
3200    	1.02, 11.75, -7.11 	-0.01, 10.95, -6.93 	0.00, -0.00 	14,30,17,739		2.77,1.96	1000,1 	0
3209    	1.03, 11.80, -7.13 	-0.03, 10.98, -6.94 	0.00, -0.00 	14,30,17,749		4.69,2.89	1000,1 	0
3218    	1.04, 11.84, -7.13 	-0.03, 10.99, -6.93 	0.00, -0.00 	14,30,17,758		2.96,1.03	1000,1 	0
3227    	1.04, 11.86, -7.12 	-0.04, 11.02, -6.92 	0.00, -0.00 	14,30,17,768		1.91,1.84	1000,1 	0
3236    	1.02, 11.88, -7.11 	-0.04, 11.03, -6.93 	0.00, -0.00 	14,30,17,778		2.46,0.92	1000,1 	0
3245    	0.99, 11.91, -7.11 	-0.04, 11.04, -6.93 	0.00, -0.00 	14,30,17,787		3.51,1.03	1000,1 	0
3254    	0.97, 11.93, -7.10 	-0.04, 11.06, -6.93 	0.00, -0.00 	14,30,17,797		2.46,1.96	1000,1 	0
3263    	0.95, 11.93, -7.08 	-0.05, 11.07, -6.93 	0.00, -0.00 	14,30,17,807		1.69,1.36	1000,1 	0
3272    	0.95, 11.95, -7.08 	-0.06, 11.09, -6.94 	0.00, -0.00 	14,30,17,817		1.81,1.88	1000,1 	0
3281    	0.95, 11.96, -7.09 	-0.06, 11.10, -6.94 	0.00, -0.00 	14,30,17,826		0.91,0.92	1000,1 	0
3290    	0.96, 11.97, -7.08 	-0.06, 11.11, -6.94 	0.00, -0.00 	14,30,17,836		1.46,0.92	1000,1 	0
3299    	0.97, 11.97, -7.09 	-0.08, 11.11, -6.94 	0.00, -0.00 	14,30,17,846		0.56,1.07	1000,1 	0
3308    	0.99, 11.98, -7.11 	-0.07, 11.12, -6.95 	0.00, -0.00 	14,30,17,855		2.25,1.10	1000,1 	0
3317    	0.99, 12.01, -7.11 	-0.08, 11.13, -6.94 	0.00, -0.00 	14,30,17,865		2.72,1.03	1000,1 	0
3326    	1.01, 12.00, -7.11 	-0.09, 11.12, -6.93 	0.00, -0.00 	14,30,17,875		1.90,1.47	1000,1 	0
3335    	0.99, 12.01, -7.11 	-0.09, 11.14, -6.92 	0.00, -0.00 	14,30,17,884		1.90,1.84	1000,1 	0
3344    	0.96, 11.99, -7.11 	-0.10, 11.13, -6.93 	0.00, -0.00 	14,30,17,894		2.44,1.47	1000,1 	0
3353    	0.93, 12.01, -7.10 	-0.10, 11.15, -6.95 	0.00, -0.00 	14,30,17,904		3.33,1.96	1000,1 	0
3362    	0.91, 12.00, -7.10 	-0.10, 11.17, -6.96 	0.00, -0.00 	14,30,17,913		1.93,1.84	1000,1 	0
3371    	0.92, 11.98, -7.08 	-0.09, 11.19, -6.96 	0.00, -0.00 	14,30,17,923		1.89,1.47	1000,1 	0
3380    	0.93, 11.98, -7.10 	-0.09, 11.20, -6.96 	0.00, -0.00 	14,30,17,933		1.13,0.92	1000,1 	0
3389    	0.94, 11.98, -7.09 	-0.10, 11.21, -6.96 	0.00, -0.00 	14,30,17,942		0.56,1.03	1000,1 	0
3398    	0.94, 11.97, -7.08 	-0.08, 11.19, -6.95 	0.00, -0.00 	14,30,17,952		0.91,2.06	1000,1 	0
3407    	0.95, 11.98, -7.09 	-0.09, 11.19, -6.95 	0.00, -0.00 	14,30,17,962		1.46,1.07	1000,1 	0
3416    	0.95, 11.97, -7.08 	-0.09, 11.20, -6.95 	0.00, -0.00 	14,30,17,971		0.91,0.92	1000,1 	0
3425    	0.95, 11.97, -7.08 	-0.09, 11.20, -6.95 	0.00, -0.00 	14,30,17,981		0.56,0.54	1000,1 	0
3434    	0.95, 11.98, -7.08 	-0.09, 11.20, -6.95 	0.00, -0.00 	14,30,17,991		0.91,0.00	1000,1 	0
3443    	0.95, 11.97, -7.07 	-0.09, 11.20, -6.95 	0.00, -0.00 	14,30,17,0		1.06,0.54	1000,1 	0
3452    	0.95, 11.97, -7.08 	-0.09, 11.19, -6.95 	0.00, -0.00 	14,30,18,10		0.00,0.92	1000,1 	0
3461    	0.95, 11.98, -7.08 	-0.08, 11.19, -6.95 	0.00, -0.00 	14,30,18,20		0.91,1.07	1000,1 	0
3470    	0.94, 11.99, -7.09 	-0.09, 11.20, -6.94 	0.00, -0.00 	14,30,18,29		1.06,1.03	1000,1 	0
3479    	0.94, 11.99, -7.09 	-0.09, 11.20, -6.95 	0.00, -0.00 	14,30,18,39		0.00,0.00	1000,1 	0
3488    	0.96, 11.99, -7.09 	-0.09, 11.20, -6.95 	0.00, -0.00 	14,30,18,49		1.13,0.54	1000,1 	0
3497    	0.96, 11.99, -7.08 	-0.09, 11.20, -6.95 	0.00, -0.00 	14,30,18,58		0.00,0.00	1000,1 	0
3506    	0.96, 11.98, -7.09 	-0.10, 11.20, -6.95 	0.00, -0.00 	14,30,18,68		0.91,0.54	1000,1 	0
3515    	0.96, 11.98, -7.08 	-0.10, 11.19, -6.95 	0.00, -0.00 	14,30,18,78		0.00,0.92	1000,1 	0
3524    	0.95, 11.98, -7.08 	-0.10, 11.20, -6.95 	0.00, -0.00 	14,30,18,88		1.13,0.92	1000,1 	0
3533    	0.95, 11.98, -7.08 	-0.10, 11.19, -6.94 	0.00, -0.00 	14,30,18,97		0.00,0.92	1000,1 	0
3542    	0.94, 11.97, -7.07 	-0.10, 11.20, -6.94 	0.00, -0.00 	14,30,18,107		1.07,0.92	1000,1 	0
3551    	0.93, 11.97, -7.07 	-0.09, 11.19, -6.95 	0.00, -0.00 	14,30,18,117		0.56,1.03	1000,1 	0
3560    	0.94, 11.97, -7.06 	-0.09, 11.19, -6.94 	0.00, -0.00 	14,30,18,126		0.56,0.00	1000,1 	0
3569    	0.95, 11.96, -7.06 	-0.08, 11.19, -6.94 	0.00, -0.00 	14,30,18,136		1.06,1.07	1000,1 	0
3578    	0.93, 11.96, -7.07 	-0.09, 11.19, -6.94 	0.00, -0.00 	14,30,18,146		1.13,0.54	1000,1 	0
3587    	0.95, 11.97, -7.06 	-0.07, 11.18, -6.94 	0.00, -0.00 	14,30,18,155		1.93,1.36	1000,1 	0
3596    	0.98, 11.94, -7.06 	-0.05, 11.18, -6.93 	0.00, -0.00 	14,30,18,165		3.18,1.61	1000,1 	0
3605    	0.99, 11.92, -7.04 	-0.00, 11.18, -6.93 	0.00, -0.00 	14,30,18,175		2.12,4.32	1000,1 	0
3614    	0.96, 11.83, -6.99 	0.07, 11.12, -6.92 	0.00, -0.00 	14,30,18,184		7.82,7.41	1000,1 	0
3623    	0.95, 11.79, -7.01 	0.06, 11.09, -6.92 	0.00, -0.00 	14,30,18,194		4.02,2.86	1000,1 	0
3632    	0.94, 11.74, -7.04 	0.07, 11.08, -6.94 	0.00, -0.00 	14,30,18,204		3.68,1.03	1000,1 	0
3641    	0.99, 11.63, -7.02 	0.09, 11.02, -6.95 	0.00, -0.00 	14,30,18,213		10.49,4.65	1000,1 	0
3650    	1.02, 11.52, -7.01 	0.07, 10.97, -6.95 	0.00, -0.00 	14,30,18,223		9.12,5.00	1000,1 	0
3659    	1.00, 11.47, -7.01 	0.06, 10.85, -6.91 	0.00, -0.00 	14,30,18,233		4.02,9.48	1000,1 	0
3668    	1.00, 11.42, -7.01 	0.05, 10.78, -6.89 	0.00, -0.00 	14,30,18,242		4.58,5.88	1000,1 	0
3677    	1.00, 11.39, -7.01 	0.05, 10.71, -6.88 	0.00, -0.00 	14,30,18,252		2.72,6.52	1000,1 	0
3686    	1.01, 11.35, -7.01 	0.04, 10.65, -6.87 	0.00, -0.00 	14,30,18,262		2.77,4.81	1000,1 	0
3695    	1.01, 11.29, -7.00 	0.03, 10.59, -6.86 	0.00, -0.00 	14,30,18,272		5.48,4.81	1000,1 	0
3704    	0.98, 11.20, -6.99 	0.02, 10.53, -6.85 	0.00, -0.00 	14,30,18,281		7.82,4.81	1000,1 	0
3713    	0.94, 10.98, -6.97 	-0.00, 10.39, -6.84 	0.00, -0.00 	14,30,18,291		18.75,12.48	1000,1 	0
3722    	0.85, 10.40, -6.91 	-0.04, 9.98, -6.82 	0.00, -0.00 	14,30,18,301		48.65,34.16	1000,1 	0
3731    	0.82, 9.77, -6.89 	-0.09, 9.33, -6.81 	0.00, -0.00 	14,30,18,310		52.24,53.79	1000,1 	0
3740    	0.84, 9.37, -6.88 	-0.10, 8.98, -6.80 	0.00, -0.00 	14,30,18,320		33.60,29.84	1000,1 	0
3749    	0.89, 8.96, -6.88 	-0.11, 8.59, -6.78 	0.00, -0.00 	14,30,18,330		34.49,31.87	1000,1 	0
3758    	0.87, 8.51, -6.91 	-0.11, 8.14, -6.76 	0.00, -0.00 	14,30,18,339		37.53,38.12	1000,1 	0
3767    	0.87, 8.06, -6.95 	-0.12, 7.64, -6.79 	0.00, -0.00 	14,30,18,349		37.34,41.04	1000,1 	0
3776    	0.93, 7.56, -6.98 	-0.12, 7.14, -6.80 	0.00, -0.00 	14,30,18,359		41.74,41.87	1000,1 	0
3785    	0.95, 7.02, -7.00 	-0.13, 6.57, -6.79 	0.00, -0.00 	14,30,18,368		45.44,47.56	1000,1 	0
3794    	0.89, 6.39, -7.04 	-0.16, 5.93, -6.81 	0.00, -0.00 	14,30,18,378		52.61,53.56	1000,1 	0
3803    	0.74, 5.75, -7.09 	-0.21, 5.32, -6.86 	0.00, -0.00 	14,30,18,388		54.44,51.05	1000,1 	0
3812    	0.65, 5.16, -7.13 	-0.25, 4.69, -6.91 	0.00, -0.00 	14,30,18,397		50.42,52.64	1000,1 	0
3821    	0.63, 4.55, -7.19 	-0.28, 4.03, -6.96 	0.00, -0.00 	14,30,18,407		50.29,55.28	1000,1 	0
3830    	0.68, 3.92, -7.31 	-0.34, 3.39, -7.05 	0.00, -0.00 	14,30,18,417		52.61,53.13	1000,1 	0
3839    	0.77, 3.34, -7.47 	-0.33, 2.74, -7.13 	0.00, -0.00 	14,30,18,426		49.05,53.84	1000,1 	0
3848    	0.90, 2.72, -7.55 	-0.35, 2.04, -7.19 	0.00, -0.00 	14,30,18,436		52.95,58.85	1000,1 	0
3857    	1.00, 2.08, -7.55 	-0.33, 1.37, -7.18 	0.00, -0.00 	14,30,18,446		53.65,55.61	1000,1 	0
