#Time 	Sensor1         Sensor2         Target          Time            Vel             
#================================================================

11      	-28.02, -17.00, -9.09 	-0.04, -0.16, -6.41 	0.00, 10.00 	10,48,32,700		0.00,0.00	0,0 	0
16      	-27.99, -17.03, -9.09 	-0.03, -0.18, -6.41 	0.00, 10.00 	10,48,32,710		7.50,2.96	0,0 	0
25      	-27.99, -17.01, -9.09 	-0.03, -0.16, -6.42 	0.00, 10.00 	10,48,32,720		1.24,1.24	0,0 	0
33      	-27.97, -17.01, -9.09 	-0.02, -0.15, -6.42 	0.00, 10.00 	10,48,32,729		2.50,1.88	0,0 	0
42      	-27.96, -17.01, -9.09 	-0.01, -0.14, -6.42 	0.00, 10.00 	10,48,32,739		1.11,1.67	0,0 	0
51      	-28.00, -16.99, -9.11 	0.00, -0.18, -6.42 	0.00, 10.00 	10,48,32,748		5.10,3.85	0,0 	0
59      	-28.01, -17.00, -9.09 	-0.03, -0.16, -6.42 	0.00, 10.00 	10,48,32,758		1.87,3.96	0,0 	0
68      	-28.00, -16.98, -9.11 	-0.03, -0.16, -6.43 	0.00, 10.00 	10,48,32,768		2.71,0.00	0,0 	0
77      	-27.99, -16.99, -9.11 	-0.03, -0.16, -6.42 	0.00, 10.00 	10,48,32,777		1.67,0.00	0,0 	0
85      	-27.99, -17.00, -9.11 	-0.05, -0.18, -6.42 	0.00, 10.00 	10,48,32,786		1.40,2.87	0,0 	0
94      	-27.99, -16.99, -9.11 	-0.05, -0.15, -6.42 	0.00, 10.00 	10,48,32,796		1.24,2.47	0,0 	0
103     	-27.99, -16.98, -9.11 	-0.05, -0.15, -6.43 	0.00, 10.00 	10,48,32,806		1.24,0.00	0,0 	0
111     	-27.99, -16.98, -9.10 	-0.03, -0.18, -6.43 	0.00, 10.00 	10,48,32,815		0.00,3.70	0,0 	0
120     	-27.99, -16.98, -9.10 	-0.03, -0.18, -6.43 	0.00, 10.00 	10,48,32,825		0.00,0.00	0,0 	0
129     	-28.04, -16.96, -9.10 	-0.02, -0.16, -6.44 	0.00, 10.00 	10,48,32,835		5.10,1.67	0,0 	0
137     	-28.04, -16.98, -9.08 	-0.02, -0.16, -6.43 	0.00, 10.00 	10,48,32,844		3.05,0.00	0,0 	0
146     	-28.05, -16.98, -9.07 	-0.02, -0.16, -6.43 	0.00, 10.00 	10,48,32,854		1.11,0.00	0,0 	0
155     	-28.06, -16.97, -9.08 	-0.02, -0.15, -6.43 	0.00, 10.00 	10,48,32,864		1.67,1.24	0,0 	0
163     	-28.07, -16.96, -9.07 	-0.02, -0.15, -6.43 	0.00, 10.00 	10,48,32,873		1.40,0.00	0,0 	0
172     	-28.08, -16.96, -9.07 	-0.02, -0.15, -6.43 	0.00, 10.00 	10,48,32,883		1.11,0.00	0,0 	0
181     	-28.08, -16.96, -9.07 	-0.02, -0.15, -6.43 	0.00, 10.00 	10,48,32,893		0.00,0.00	0,0 	0
190     	-28.07, -16.97, -9.05 	-0.01, -0.15, -6.44 	0.00, 10.00 	10,48,32,903		1.24,1.10	0,0 	0
198     	-28.08, -16.98, -9.05 	-0.01, -0.15, -6.44 	0.00, 10.00 	10,48,32,912		1.87,0.00	0,0 	0
207     	-28.07, -17.00, -9.04 	-0.04, -0.14, -6.44 	0.00, 10.00 	10,48,32,922		2.73,3.52	0,0 	0
216     	-28.06, -17.00, -9.04 	-0.04, -0.14, -6.44 	0.00, 10.00 	10,48,32,932		1.11,0.00	0,0 	0
224     	-28.08, -16.99, -9.04 	-0.02, -0.13, -6.43 	0.00, 10.00 	10,48,32,941		2.87,2.87	0,0 	0
233     	-28.09, -17.02, -9.04 	-0.03, -0.14, -6.43 	0.00, 10.00 	10,48,32,951		2.71,1.67	0,0 	0
242     	-28.05, -17.03, -9.04 	-0.03, -0.16, -6.42 	0.00, 10.00 	10,48,32,961		4.62,2.47	0,0 	0
250     	-28.04, -16.99, -9.06 	-0.03, -0.16, -6.43 	0.00, 10.00 	10,48,32,970		4.36,0.00	0,0 	0
259     	-28.04, -16.99, -9.06 	-0.01, -0.16, -6.43 	0.00, 10.00 	10,48,32,980		0.00,2.21	0,0 	0
268     	-28.04, -17.00, -9.07 	-0.01, -0.15, -6.44 	0.00, 10.00 	10,48,32,990		1.24,1.24	0,0 	0
276     	-28.04, -17.02, -9.06 	-0.01, -0.15, -6.44 	0.00, 10.00 	10,48,32,999		1.40,0.00	0,0 	0
285     	-27.99, -17.00, -9.07 	-0.04, -0.14, -6.44 	0.00, 10.00 	10,48,33,9		5.68,3.52	0,0 	0
294     	-28.00, -17.00, -9.08 	-0.02, -0.14, -6.44 	0.00, 10.00 	10,48,33,19		1.11,2.21	0,0 	0
302     	-28.01, -17.03, -9.05 	-0.02, -0.13, -6.44 	0.00, 10.00 	10,48,33,28		3.05,1.39	0,0 	0
311     	-28.01, -17.03, -9.05 	-0.02, -0.13, -6.44 	0.00, 10.00 	10,48,33,38		0.00,0.00	0,0 	0
320     	-27.97, -17.04, -9.05 	-0.02, -0.15, -6.44 	0.00, 10.00 	10,48,33,48		4.62,2.47	0,0 	0
328     	-27.97, -17.04, -9.05 	-0.02, -0.15, -6.44 	0.00, 10.00 	10,48,33,57		0.00,0.00	0,0 	0
337     	-27.96, -17.01, -9.05 	-0.02, -0.13, -6.43 	0.00, 10.00 	10,48,33,67		2.71,2.47	0,0 	0
346     	-28.00, -17.00, -9.06 	-0.01, -0.13, -6.44 	0.00, 10.00 	10,48,33,77		4.62,1.10	0,0 	0
355     	-27.97, -16.99, -9.04 	0.00, -0.13, -6.44 	0.00, 10.00 	10,48,33,87		3.55,1.10	0,0 	0
363     	-27.99, -16.98, -9.05 	0.00, -0.15, -6.44 	0.00, 10.00 	10,48,33,96		2.87,2.78	0,0 	0
372     	-27.95, -16.99, -9.05 	0.01, -0.15, -6.44 	0.00, 10.00 	10,48,33,106		4.62,1.10	0,0 	0
381     	-27.95, -16.98, -9.07 	-0.04, -0.13, -6.44 	0.00, 10.00 	10,48,33,116		1.24,6.02	0,0 	0
389     	-27.95, -16.98, -9.07 	-0.04, -0.12, -6.43 	0.00, 10.00 	10,48,33,125		0.00,1.39	0,0 	0
398     	-27.94, -17.00, -9.07 	-0.03, -0.11, -6.44 	0.00, 10.00 	10,48,33,135		2.73,1.67	0,0 	0
407     	-27.96, -16.98, -9.06 	0.00, -0.13, -6.42 	0.00, 10.00 	10,48,33,145		3.34,4.10	0,0 	0
415     	-27.96, -16.97, -9.08 	0.00, -0.12, -6.42 	0.00, 10.00 	10,48,33,154		1.40,1.39	0,0 	0
424     	-27.97, -16.95, -9.10 	-0.01, -0.13, -6.43 	0.00, 10.00 	10,48,33,164		2.48,1.67	0,0 	0
433     	-27.92, -16.97, -9.09 	-0.01, -0.12, -6.43 	0.00, 10.00 	10,48,33,174		5.10,1.24	0,0 	0
441     	-27.95, -16.97, -9.09 	0.01, -0.12, -6.43 	0.00, 10.00 	10,48,33,183		3.75,2.49	0,0 	0
450     	-27.95, -16.97, -9.09 	-0.01, -0.10, -6.45 	0.00, 10.00 	10,48,33,193		0.00,3.29	0,0 	0
459     	-27.96, -16.96, -9.08 	-0.01, -0.10, -6.46 	0.00, 10.00 	10,48,33,203		1.24,0.00	0,0 	0
467     	-27.94, -16.99, -9.08 	0.01, -0.10, -6.46 	0.00, 10.00 	10,48,33,212		4.38,2.49	0,0 	0
476     	-27.98, -16.99, -9.08 	0.01, -0.10, -6.45 	0.00, 10.00 	10,48,33,222		4.44,0.00	0,0 	0
485     	-27.97, -17.00, -9.07 	0.01, -0.11, -6.45 	0.00, 10.00 	10,48,33,232		1.67,1.24	0,0 	0
493     	-27.96, -16.99, -9.06 	0.01, -0.11, -6.45 	0.00, 10.00 	10,48,33,241		1.87,0.00	0,0 	0
502     	-27.96, -17.01, -9.05 	0.01, -0.11, -6.45 	0.00, 10.00 	10,48,33,251		2.48,0.00	0,0 	0
511     	-27.95, -17.03, -9.05 	0.02, -0.10, -6.45 	0.00, 10.00 	10,48,33,261		1.67,1.67	0,0 	0
519     	-27.95, -17.03, -9.05 	0.02, -0.10, -6.45 	0.00, 10.00 	10,48,33,270		0.00,0.00	0,0 	0
528     	-27.96, -17.00, -9.05 	0.02, -0.10, -6.45 	0.00, 10.00 	10,48,33,280		2.73,0.00	0,0 	0
537     	-27.97, -17.00, -9.05 	0.03, -0.10, -6.45 	0.00, 10.00 	10,48,33,290		1.11,1.10	0,0 	0
546     	-27.97, -17.00, -9.07 	0.04, -0.10, -6.45 	0.00, 10.00 	10,48,33,300		0.00,1.10	0,0 	0
554     	-27.92, -17.00, -9.07 	0.04, -0.10, -6.46 	0.00, 10.00 	10,48,33,309		6.25,0.00	0,0 	0
563     	-27.91, -16.99, -9.06 	0.04, -0.10, -6.46 	0.00, 10.00 	10,48,33,319		1.66,0.00	0,0 	0
573     	-27.93, -17.00, -9.06 	0.04, -0.10, -6.46 	0.00, 10.00 	10,48,33,330		2.28,0.00	0,0 	0
580     	-27.94, -17.01, -9.04 	0.04, -0.09, -6.47 	0.00, 10.00 	10,48,33,338		2.13,1.59	0,0 	0
589     	-27.93, -17.01, -9.04 	0.04, -0.09, -6.48 	0.00, 10.00 	10,48,33,348		1.11,0.00	0,0 	0
598     	-27.94, -17.04, -9.04 	0.05, -0.09, -6.46 	0.00, 10.00 	10,48,33,358		2.71,1.10	0,0 	0
606     	-27.95, -17.03, -9.03 	0.05, -0.09, -6.47 	0.00, 10.00 	10,48,33,367		1.88,0.00	0,0 	0
615     	-27.95, -17.03, -9.03 	0.06, -0.10, -6.47 	0.00, 10.00 	10,48,33,377		0.00,1.64	0,0 	0
624     	-27.96, -17.04, -9.02 	0.03, -0.09, -6.46 	0.00, 10.00 	10,48,33,387		1.66,3.52	0,0 	0
632     	-27.96, -17.05, -9.02 	0.00, -0.09, -6.48 	0.00, 10.00 	10,48,33,396		1.40,3.73	0,0 	0
641     	-27.96, -17.07, -9.02 	0.00, -0.07, -6.47 	0.00, 10.00 	10,48,33,406		2.48,1.24	0,0 	0
650     	-27.94, -17.05, -9.03 	0.04, -0.11, -6.46 	0.00, 10.00 	10,48,33,416		3.32,5.72	0,0 	0
658     	-27.93, -17.08, -9.01 	0.04, -0.10, -6.46 	0.00, 10.00 	10,48,33,425		4.38,1.39	0,0 	0
667     	-27.93, -17.08, -9.01 	0.04, -0.10, -6.46 	0.00, 10.00 	10,48,33,435		0.00,0.00	0,0 	0
676     	-27.93, -17.07, -9.02 	0.04, -0.09, -6.46 	0.00, 10.00 	10,48,33,445		1.24,1.24	0,0 	0
684     	-27.94, -17.09, -9.03 	0.03, -0.10, -6.46 	0.00, 10.00 	10,48,33,454		3.05,1.88	0,0 	0
693     	-27.94, -17.08, -9.04 	0.03, -0.09, -6.47 	0.00, 10.00 	10,48,33,464		1.24,1.24	0,0 	0
702     	-27.94, -17.06, -9.04 	0.03, -0.09, -6.47 	0.00, 10.00 	10,48,33,474		2.48,0.00	0,0 	0
710     	-27.94, -17.06, -9.03 	0.06, -0.10, -6.46 	0.00, 10.00 	10,48,33,483		0.00,3.96	0,0 	0
719     	-27.95, -17.06, -9.02 	0.04, -0.11, -6.45 	0.00, 10.00 	10,48,33,493		1.11,2.55	0,0 	0
728     	-27.95, -17.06, -9.03 	0.06, -0.10, -6.45 	0.00, 10.00 	10,48,33,503		0.00,2.55	0,0 	0
737     	-27.98, -17.04, -9.04 	0.07, -0.09, -6.46 	0.00, 10.00 	10,48,33,513		4.17,1.67	0,0 	0
745     	-27.99, -17.06, -9.04 	0.07, -0.09, -6.46 	0.00, 10.00 	10,48,33,522		3.05,0.00	0,0 	0
754     	-27.99, -17.06, -9.04 	0.04, -0.11, -6.46 	0.00, 10.00 	10,48,33,532		0.00,4.17	0,0 	0
763     	-28.04, -17.04, -9.03 	0.03, -0.11, -6.47 	0.00, 10.00 	10,48,33,542		6.10,1.10	0,0 	0
771     	-28.05, -17.04, -9.03 	0.03, -0.12, -6.45 	0.00, 10.00 	10,48,33,551		1.25,1.39	0,0 	0
780     	-28.05, -17.02, -9.03 	0.03, -0.12, -6.46 	0.00, 10.00 	10,48,33,561		2.48,0.00	0,0 	0
789     	-28.06, -16.98, -9.05 	0.01, -0.12, -6.44 	0.00, 10.00 	10,48,33,571		3.89,2.21	0,0 	0
797     	-28.03, -16.98, -9.07 	0.01, -0.10, -6.46 	0.00, 10.00 	10,48,33,580		3.75,2.78	0,0 	0
806     	-28.03, -16.98, -9.07 	0.01, -0.11, -6.45 	0.00, 10.00 	10,48,33,590		0.00,1.24	0,0 	0
815     	-28.07, -16.96, -9.06 	0.02, -0.10, -6.46 	0.00, 10.00 	10,48,33,600		4.17,1.67	0,0 	0
823     	-28.08, -16.96, -9.06 	0.02, -0.09, -6.46 	0.00, 10.00 	10,48,33,609		1.25,1.39	0,0 	0
832     	-28.08, -16.96, -9.06 	0.03, -0.10, -6.44 	0.00, 10.00 	10,48,33,619		0.00,1.64	0,0 	0
841     	-28.10, -16.95, -9.06 	0.00, -0.09, -6.45 	0.00, 10.00 	10,48,33,629		2.55,3.52	0,0 	0
849     	-28.09, -16.93, -9.07 	0.04, -0.07, -6.45 	0.00, 10.00 	10,48,33,638		3.05,5.18	0,0 	0
858     	-28.09, -16.94, -9.07 	0.05, -0.07, -6.44 	0.00, 10.00 	10,48,33,648		1.24,1.10	0,0 	0
867     	-28.11, -16.94, -9.07 	0.04, -0.06, -6.46 	0.00, 10.00 	10,48,33,658		2.22,1.64	0,0 	0
875     	-28.07, -16.93, -9.06 	0.05, -0.05, -6.46 	0.00, 10.00 	10,48,33,667		5.18,1.88	0,0 	0
884     	-28.08, -16.93, -9.08 	0.02, -0.06, -6.46 	0.00, 10.00 	10,48,33,677		1.11,3.56	0,0 	0
893     	-28.09, -16.93, -9.07 	0.03, -0.07, -6.45 	0.00, 10.00 	10,48,33,687		1.11,1.64	0,0 	0
902     	-28.09, -16.91, -9.07 	0.05, -0.10, -6.45 	0.00, 10.00 	10,48,33,697		1.24,3.29	0,0 	0
910     	-28.09, -16.90, -9.07 	0.01, -0.10, -6.45 	0.00, 10.00 	10,48,33,706		1.40,4.97	0,0 	0
919     	-28.10, -16.92, -9.06 	-0.02, -0.09, -6.46 	0.00, 10.00 	10,48,33,716		1.66,3.52	0,0 	0
928     	-28.10, -16.92, -9.06 	0.02, -0.09, -6.46 	0.00, 10.00 	10,48,33,726		0.00,4.42	0,0 	0
936     	-28.16, -16.89, -9.04 	0.00, -0.07, -6.46 	0.00, 10.00 	10,48,33,735		8.02,2.83	0,0 	0
945     	-28.22, -16.89, -9.04 	0.00, -0.04, -6.47 	0.00, 10.00 	10,48,33,745		6.66,3.71	0,0 	0
955     	-28.22, -16.87, -9.06 	0.00, -0.06, -6.47 	0.00, 10.00 	10,48,33,756		2.23,2.23	0,0 	0
962     	-28.20, -16.87, -9.05 	-0.03, -0.09, -6.48 	0.00, 10.00 	10,48,33,764		2.86,5.36	0,0 	0
971     	-28.20, -16.87, -9.07 	-0.02, -0.06, -6.48 	0.00, 10.00 	10,48,33,774		0.00,2.73	0,0 	0
980     	-28.16, -16.88, -9.07 	0.00, -0.06, -6.49 	0.00, 10.00 	10,48,33,784		4.62,2.21	0,0 	0
988     	-28.18, -16.85, -9.07 	-0.05, -0.08, -6.48 	0.00, 10.00 	10,48,33,793		4.89,6.39	0,0 	0
997     	-28.15, -16.87, -9.08 	-0.01, -0.07, -6.49 	0.00, 10.00 	10,48,33,803		4.17,4.42	0,0 	0
1006    	-28.15, -16.87, -9.08 	-0.01, -0.07, -6.50 	0.00, 10.00 	10,48,33,813		0.00,0.00	1000,1 	0
1014    	-28.17, -16.89, -9.09 	0.00, -0.09, -6.49 	0.00, 10.00 	10,48,33,822		3.73,1.85	1000,1 	0
1023    	-28.17, -16.87, -9.11 	0.01, -0.09, -6.49 	0.00, 10.00 	10,48,33,832		2.48,1.10	1000,1 	0
1032    	-28.14, -16.88, -9.10 	0.03, -0.09, -6.48 	0.00, 10.00 	10,48,33,842		3.56,2.21	1000,1 	0
1040    	-28.14, -16.87, -9.11 	0.03, -0.07, -6.49 	0.00, 10.00 	10,48,33,851		1.40,1.39	1000,1 	0
1049    	-28.16, -16.85, -9.11 	0.04, -0.10, -6.47 	0.00, 10.00 	10,48,33,861		3.34,2.69	1000,1 	0
1058    	-28.16, -16.82, -9.14 	0.03, -0.10, -6.48 	0.00, 10.00 	10,48,33,871		3.72,1.10	1000,1 	0
1066    	-28.13, -16.83, -9.13 	0.02, -0.10, -6.50 	0.00, 10.00 	10,48,33,880		4.01,1.24	1000,1 	0
1075    	-28.15, -16.83, -9.13 	0.03, -0.10, -6.50 	0.00, 10.00 	10,48,33,890		2.22,1.10	1000,1 	0
1084    	-28.14, -16.81, -9.15 	0.00, -0.09, -6.49 	0.00, 10.00 	10,48,33,900		1.66,3.52	1000,1 	0
1093    	-28.13, -16.83, -9.15 	0.00, -0.07, -6.49 	0.00, 10.00 	10,48,33,910		1.67,1.24	1000,1 	0
1101    	-28.14, -16.83, -9.14 	0.01, -0.07, -6.48 	0.00, 10.00 	10,48,33,919		1.25,1.24	1000,1 	0
1110    	-28.17, -16.80, -9.14 	0.01, -0.09, -6.48 	0.00, 10.00 	10,48,33,929		4.17,1.24	1000,1 	0
1119    	-28.15, -16.81, -9.12 	-0.02, -0.09, -6.47 	0.00, 10.00 	10,48,33,939		2.55,3.31	1000,1 	0
1127    	-28.15, -16.80, -9.15 	0.00, -0.09, -6.47 	0.00, 10.00 	10,48,33,948		1.40,2.49	1000,1 	0
1136    	-28.14, -16.83, -9.14 	0.00, -0.09, -6.47 	0.00, 10.00 	10,48,33,958		2.73,0.00	1000,1 	0
1145    	-28.15, -16.79, -9.15 	-0.03, -0.09, -6.47 	0.00, 10.00 	10,48,33,968		3.89,3.31	1000,1 	0
1153    	-28.14, -16.77, -9.18 	-0.03, -0.09, -6.47 	0.00, 10.00 	10,48,33,977		3.05,0.00	1000,1 	0
1162    	-28.15, -16.77, -9.16 	0.00, -0.10, -6.47 	0.00, 10.00 	10,48,33,987		1.11,3.52	1000,1 	0
1171    	-28.15, -16.75, -9.18 	-0.02, -0.11, -6.48 	0.00, 10.00 	10,48,33,997		2.48,2.55	1000,1 	0
1179    	-28.12, -16.77, -9.18 	-0.02, -0.11, -6.48 	0.00, 10.00 	10,48,34,6		4.69,0.00	1000,1 	0
1188    	-28.09, -16.77, -9.17 	-0.02, -0.10, -6.49 	0.00, 10.00 	10,48,34,16		3.33,1.24	1000,1 	0
1197    	-28.09, -16.76, -9.17 	-0.01, -0.11, -6.48 	0.00, 10.00 	10,48,34,26		1.24,1.64	1000,1 	0
1205    	-28.09, -16.75, -9.19 	-0.01, -0.11, -6.48 	0.00, 10.00 	10,48,34,35		1.40,0.00	1000,1 	0
1214    	-28.10, -16.75, -9.19 	-0.01, -0.11, -6.48 	0.00, 10.00 	10,48,34,45		1.11,0.00	1000,1 	0
1223    	-28.09, -16.76, -9.21 	0.01, -0.12, -6.48 	0.00, 10.00 	10,48,34,55		1.67,2.51	1000,1 	0
1231    	-28.09, -16.75, -9.21 	0.01, -0.11, -6.47 	0.00, 10.00 	10,48,34,64		1.40,1.39	1000,1 	0
1240    	-28.09, -16.75, -9.20 	0.02, -0.11, -6.48 	0.00, 10.00 	10,48,34,74		0.00,1.10	1000,1 	0
1249    	-28.07, -16.76, -9.20 	0.01, -0.10, -6.48 	0.00, 10.00 	10,48,34,84		2.55,1.64	1000,1 	0
1257    	-28.07, -16.72, -9.22 	0.01, -0.10, -6.48 	0.00, 10.00 	10,48,34,93		4.19,0.00	1000,1 	0
1266    	-28.04, -16.75, -9.22 	0.03, -0.11, -6.48 	0.00, 10.00 	10,48,34,103		4.17,2.51	1000,1 	0
1275    	-28.04, -16.76, -9.22 	0.04, -0.10, -6.49 	0.00, 10.00 	10,48,34,113		1.24,1.67	1000,1 	0
1284    	-28.01, -16.75, -9.25 	0.04, -0.12, -6.48 	0.00, 10.00 	10,48,34,123		3.55,2.47	1000,1 	0
1292    	-28.01, -16.76, -9.24 	0.04, -0.12, -6.48 	0.00, 10.00 	10,48,34,132		1.40,0.00	1000,1 	0
1301    	-27.98, -16.77, -9.24 	0.01, -0.11, -6.47 	0.00, 10.00 	10,48,34,142		3.56,3.52	1000,1 	0
1311    	-27.98, -16.79, -9.22 	0.03, -0.11, -6.47 	0.00, 10.00 	10,48,34,153		2.23,1.99	1000,1 	0
1318    	-27.98, -16.78, -9.22 	0.03, -0.11, -6.47 	0.00, 10.00 	10,48,34,161		1.60,0.00	1000,1 	0
1327    	-28.00, -16.78, -9.21 	0.03, -0.11, -6.47 	0.00, 10.00 	10,48,34,171		2.22,0.00	1000,1 	0
1336    	-27.95, -16.77, -9.23 	0.00, -0.10, -6.48 	0.00, 10.00 	10,48,34,181		5.68,3.52	1000,1 	0
1344    	-27.95, -16.77, -9.24 	0.00, -0.10, -6.49 	0.00, 10.00 	10,48,34,190		0.00,0.00	1000,1 	0
1353    	-27.96, -16.78, -9.24 	0.01, -0.09, -6.49 	0.00, 10.00 	10,48,34,200		1.66,1.67	1000,1 	0
1362    	-27.97, -16.77, -9.24 	0.01, -0.07, -6.49 	0.00, 10.00 	10,48,34,210		1.67,1.24	1000,1 	0
1370    	-27.94, -16.78, -9.23 	0.05, -0.11, -6.49 	0.00, 10.00 	10,48,34,219		4.01,6.44	1000,1 	0
1379    	-27.94, -16.76, -9.24 	0.01, -0.11, -6.46 	0.00, 10.00 	10,48,34,229		2.48,4.42	1000,1 	0
1388    	-27.94, -16.76, -9.24 	0.02, -0.12, -6.47 	0.00, 10.00 	10,48,34,239		0.00,1.64	1000,1 	0
1396    	-27.95, -16.73, -9.25 	0.03, -0.11, -6.47 	0.00, 10.00 	10,48,34,248		3.07,1.88	1000,1 	0
1406    	-27.96, -16.75, -9.25 	0.02, -0.10, -6.45 	0.00, 10.00 	10,48,34,258		1.49,1.48	1000,1 	0
1415    	-27.92, -16.80, -9.26 	-0.02, -0.10, -6.43 	0.00, 10.00 	10,48,34,268		7.66,4.42	1000,1 	0
1423    	-27.90, -16.78, -9.27 	0.03, -0.03, -6.45 	0.00, 10.00 	10,48,34,277		3.73,10.49	1000,1 	0
1432    	-27.90, -16.76, -9.28 	0.06, 0.09, -6.53 	0.00, 10.00 	10,48,34,287		2.48,14.06	1000,1 	0
1441    	-27.88, -16.76, -9.29 	0.16, 0.33, -6.70 	0.00, 10.00 	10,48,34,297		2.22,28.39	1000,1 	0
1450    	-27.91, -16.71, -9.29 	0.16, 0.58, -6.86 	0.00, 10.00 	10,48,34,307		6.00,28.45	1000,1 	0
1458    	-27.90, -16.69, -9.31 	0.31, 0.76, -6.95 	0.00, 10.00 	10,48,34,316		3.05,29.27	1000,1 	0
1467    	-27.91, -16.66, -9.29 	0.34, 0.89, -7.03 	0.00, 10.00 	10,48,34,326		3.89,14.06	1000,1 	0
1476    	-27.92, -16.67, -9.29 	0.37, 1.04, -7.09 	0.00, 10.00 	10,48,34,336		1.66,17.49	1000,1 	0
1484    	-27.89, -16.64, -9.31 	0.34, 1.16, -7.15 	0.00, 10.00 	10,48,34,345		4.66,15.69	1000,1 	0
1493    	-27.88, -16.62, -9.33 	0.31, 1.29, -7.18 	0.00, 10.00 	10,48,34,355		2.71,13.95	1000,1 	0
1503    	-27.89, -16.59, -9.34 	0.29, 1.51, -7.26 	0.00, 10.00 	10,48,34,366		3.50,22.32	1000,1 	0
1510    	-27.88, -16.57, -9.33 	0.15, 1.90, -7.31 	0.00, 10.00 	10,48,34,374		3.49,58.79	1000,1 	0
1519    	-27.88, -16.45, -9.36 	0.00, 2.65, -7.45 	0.00, 10.00 	10,48,34,384		12.41,85.45	1000,1 	0
1528    	-27.86, -16.38, -9.37 	-0.09, 3.61, -7.61 	0.00, 10.00 	10,48,34,394		8.95,106.76	1000,1 	0
1536    	-27.89, -16.27, -9.40 	-0.14, 4.01, -7.59 	0.00, 10.00 	10,48,34,403		14.20,50.37	1000,1 	0
1545    	-27.86, -16.10, -9.44 	-0.27, 4.32, -7.57 	0.00, 10.00 	10,48,34,413		18.89,37.27	1000,1 	0
1554    	-27.80, -15.90, -9.48 	-0.29, 4.70, -7.55 	0.00, 10.00 	10,48,34,423		23.27,42.07	1000,1 	0
1562    	-27.75, -15.65, -9.58 	-0.32, 5.02, -7.52 	0.00, 10.00 	10,48,34,432		31.57,40.58	1000,1 	0
1571    	-27.62, -15.44, -9.63 	-0.31, 5.36, -7.52 	0.00, 10.00 	10,48,34,442		27.56,38.38	1000,1 	0
1580    	-27.45, -15.26, -9.64 	-0.36, 5.66, -7.49 	0.00, 10.00 	10,48,34,452		27.30,33.76	1000,1 	0
1588    	-27.38, -15.05, -9.65 	-0.37, 5.99, -7.49 	0.00, 10.00 	10,48,34,461		26.98,40.35	1000,1 	0
1597    	-27.28, -14.90, -9.65 	-0.34, 6.24, -7.48 	0.00, 10.00 	10,48,34,471		20.56,28.69	1000,1 	0
1606    	-27.15, -14.74, -9.68 	-0.33, 6.50, -7.45 	0.00, 10.00 	10,48,34,481		22.51,28.49	1000,1 	0
1615    	-27.04, -14.50, -9.75 	-0.30, 6.74, -7.44 	0.00, 10.00 	10,48,34,491		29.19,27.47	1000,1 	0
1623    	-26.99, -14.31, -9.75 	-0.28, 7.02, -7.44 	0.00, 10.00 	10,48,34,500		24.50,34.92	1000,1 	0
1632    	-27.04, -14.17, -9.70 	-0.25, 7.30, -7.41 	0.00, 10.00 	10,48,34,510		17.10,31.15	1000,1 	0
1641    	-27.19, -13.95, -9.66 	-0.23, 7.51, -7.37 	0.00, 10.00 	10,48,34,520		29.38,23.54	1000,1 	0
1649    	-27.25, -13.78, -9.67 	-0.27, 7.71, -7.32 	0.00, 10.00 	10,48,34,529		22.29,25.45	1000,1 	0
1658    	-27.19, -13.64, -9.66 	-0.27, 7.91, -7.30 	0.00, 10.00 	10,48,34,539		16.27,22.26	1000,1 	0
1667    	-27.18, -13.49, -9.68 	-0.23, 8.09, -7.28 	0.00, 10.00 	10,48,34,549		17.40,20.35	1000,1 	0
1675    	-27.09, -13.38, -9.71 	-0.19, 8.27, -7.26 	0.00, 10.00 	10,48,34,558		17.87,22.89	1000,1 	0
1684    	-27.00, -13.24, -9.76 	-0.17, 8.45, -7.25 	0.00, 10.00 	10,48,34,568		18.52,19.95	1000,1 	0
1693    	-26.92, -13.11, -9.78 	-0.20, 8.62, -7.22 	0.00, 10.00 	10,48,34,578		17.29,18.79	1000,1 	0
1701    	-26.84, -12.94, -9.81 	-0.16, 8.78, -7.20 	0.00, 10.00 	10,48,34,587		23.14,21.54	1000,1 	0
1710    	-26.78, -12.84, -9.85 	-0.17, 8.97, -7.18 	0.00, 10.00 	10,48,34,597		12.97,21.04	1000,1 	0
1719    	-26.72, -12.67, -9.94 	-0.19, 9.14, -7.16 	0.00, 10.00 	10,48,34,607		20.12,18.65	1000,1 	0
1727    	-26.60, -12.59, -9.98 	-0.18, 9.26, -7.12 	0.00, 10.00 	10,48,34,616		17.84,15.38	1000,1 	0
1736    	-26.53, -12.48, -10.02 	-0.18, 9.38, -7.08 	0.00, 10.00 	10,48,34,626		14.60,13.61	1000,1 	0
1745    	-26.46, -12.41, -9.99 	-0.13, 9.45, -7.05 	0.00, 10.00 	10,48,34,636		10.73,9.32	1000,1 	0
1753    	-26.40, -12.36, -9.98 	-0.09, 9.52, -7.05 	0.00, 10.00 	10,48,34,645		9.32,9.79	1000,1 	0
1762    	-26.36, -12.34, -9.98 	-0.08, 9.56, -7.02 	0.00, 10.00 	10,48,34,655		5.07,5.09	1000,1 	0
1771    	-26.25, -12.26, -9.98 	-0.07, 9.60, -6.99 	0.00, 10.00 	10,48,34,665		14.94,3.89	1000,1 	0
1779    	-26.17, -12.21, -10.01 	-0.09, 9.65, -6.98 	0.00, 10.00 	10,48,34,674		12.15,7.35	1000,1 	0
1788    	-26.18, -12.16, -9.98 	-0.07, 9.68, -6.96 	0.00, 10.00 	10,48,34,684		4.96,3.34	1000,1 	0
1797    	-26.18, -12.08, -9.98 	-0.04, 9.72, -6.93 	0.00, 10.00 	10,48,34,694		8.69,6.00	1000,1 	0
1806    	-26.17, -12.02, -9.98 	-0.02, 9.73, -6.90 	0.00, 10.00 	10,48,34,704		7.52,2.55	1000,1 	0
1814    	-26.13, -11.96, -10.01 	0.01, 9.74, -6.86 	0.00, 10.00 	10,48,34,713		8.56,4.00	1000,1 	0
1823    	-26.11, -11.90, -10.01 	0.04, 9.75, -6.82 	0.00, 10.00 	10,48,34,723		6.58,3.56	1000,1 	0
1832    	-26.13, -11.85, -10.02 	0.07, 9.77, -6.79 	0.00, 10.00 	10,48,34,733		6.60,3.56	1000,1 	0
1840    	-26.11, -11.78, -10.04 	0.11, 9.79, -6.75 	0.00, 10.00 	10,48,34,742		8.73,5.74	1000,1 	0
1849    	-26.10, -11.74, -10.05 	0.12, 9.80, -6.74 	0.00, 10.00 	10,48,34,752		5.08,1.67	1000,1 	0
1858    	-26.09, -11.67, -10.06 	0.18, 9.79, -6.71 	0.00, 10.00 	10,48,34,762		7.52,6.72	1000,1 	0
1866    	-26.07, -11.62, -10.08 	0.20, 9.79, -6.70 	0.00, 10.00 	10,48,34,771		6.10,2.49	1000,1 	0
1875    	-26.07, -11.60, -10.08 	0.19, 9.78, -6.69 	0.00, 10.00 	10,48,34,781		2.48,1.67	1000,1 	0
1885    	-26.03, -11.57, -10.08 	0.19, 9.80, -6.70 	0.00, 10.00 	10,48,34,792		6.00,2.23	1000,1 	0
1892    	-26.00, -11.54, -10.09 	0.18, 9.80, -6.69 	0.00, 10.00 	10,48,34,800		5.32,1.42	1000,1 	0
1901    	-25.98, -11.51, -10.10 	0.20, 9.79, -6.68 	0.00, 10.00 	10,48,34,810		4.32,2.51	1000,1 	0
1911    	-25.94, -11.52, -10.10 	0.20, 9.80, -6.69 	0.00, 10.00 	10,48,34,821		4.16,1.11	1000,1 	0
1918    	-25.93, -11.51, -10.09 	0.19, 9.80, -6.68 	0.00, 10.00 	10,48,34,829		2.13,1.42	1000,1 	0
1927    	-25.93, -11.49, -10.09 	0.21, 9.81, -6.69 	0.00, 10.00 	10,48,34,839		2.48,2.55	1000,1 	0
1936    	-25.91, -11.48, -10.10 	0.21, 9.81, -6.69 	0.00, 10.00 	10,48,34,849		2.54,0.00	1000,1 	0
1944    	-25.91, -11.44, -10.12 	0.22, 9.81, -6.69 	0.00, 10.00 	10,48,34,858		4.19,1.24	1000,1 	0
1953    	-25.90, -11.43, -10.13 	0.19, 9.80, -6.68 	0.00, 10.00 	10,48,34,868		1.66,3.56	1000,1 	0
1962    	-25.92, -11.40, -10.12 	0.19, 9.79, -6.68 	0.00, 10.00 	10,48,34,878		4.35,1.24	1000,1 	0
1970    	-25.91, -11.41, -10.12 	0.22, 9.80, -6.68 	0.00, 10.00 	10,48,34,887		1.88,4.00	1000,1 	0
1979    	-25.89, -11.39, -10.15 	0.22, 9.80, -6.68 	0.00, 10.00 	10,48,34,897		3.32,0.00	1000,1 	0
1988    	-25.87, -11.41, -10.14 	0.21, 9.79, -6.68 	0.00, 10.00 	10,48,34,907		3.34,1.67	1000,1 	0
1996    	-25.87, -11.39, -10.16 	0.22, 9.78, -6.67 	0.00, 10.00 	10,48,34,916		2.79,1.85	1000,1 	0
2005    	-25.85, -11.36, -10.15 	0.22, 9.78, -6.68 	0.00, 10.00 	10,48,34,926		3.32,0.00	1000,1 	0
2014    	-25.85, -11.39, -10.14 	0.21, 9.78, -6.67 	0.00, 10.00 	10,48,34,936		2.48,1.10	1000,1 	0
2023    	-25.82, -11.38, -10.13 	0.21, 9.77, -6.67 	0.00, 10.00 	10,48,34,946		3.55,1.24	1000,1 	0
2031    	-25.84, -11.38, -10.13 	0.20, 9.77, -6.66 	0.00, 10.00 	10,48,34,955		2.50,1.24	1000,1 	0
2040    	-25.84, -11.38, -10.13 	0.19, 9.77, -6.67 	0.00, 10.00 	10,48,34,965		0.00,1.10	1000,1 	0
2049    	-25.80, -11.36, -10.14 	0.21, 9.77, -6.67 	0.00, 10.00 	10,48,34,975		4.60,2.21	1000,1 	0
2057    	-25.77, -11.34, -10.14 	0.21, 9.78, -6.66 	0.00, 10.00 	10,48,34,984		4.66,1.39	1000,1 	0
2066    	-25.76, -11.32, -10.14 	0.20, 9.78, -6.66 	0.00, 10.00 	10,48,34,994		2.71,1.10	1000,1 	0
2076    	-25.74, -11.33, -10.15 	0.21, 9.78, -6.66 	0.00, 10.00 	10,48,35,5		2.30,0.99	1000,1 	0
2083    	-25.77, -11.33, -10.14 	0.21, 9.79, -6.66 	0.00, 10.00 	10,48,35,13		4.28,1.59	1000,1 	0
2092    	-25.76, -11.32, -10.12 	0.20, 9.78, -6.66 	0.00, 10.00 	10,48,35,23		1.66,1.67	1000,1 	0
2101    	-25.76, -11.31, -10.14 	0.19, 9.78, -6.66 	0.00, 10.00 	10,48,35,33		1.24,1.10	1000,1 	0
2109    	-25.73, -11.31, -10.13 	0.19, 9.77, -6.66 	0.00, 10.00 	10,48,35,42		3.75,1.39	1000,1 	0
2118    	-25.73, -11.32, -10.12 	0.21, 9.78, -6.65 	0.00, 10.00 	10,48,35,52		1.24,2.55	1000,1 	0
2127    	-25.71, -11.31, -10.13 	0.20, 9.78, -6.65 	0.00, 10.00 	10,48,35,62		2.54,1.10	1000,1 	0
2135    	-25.70, -11.32, -10.13 	0.20, 9.78, -6.66 	0.00, 10.00 	10,48,35,71		1.88,0.00	1000,1 	0
2144    	-25.69, -11.31, -10.14 	0.20, 9.79, -6.66 	0.00, 10.00 	10,48,35,81		1.66,1.24	1000,1 	0
2153    	-25.67, -11.31, -10.13 	0.22, 9.79, -6.65 	0.00, 10.00 	10,48,35,91		2.22,2.21	1000,1 	0
2161    	-25.66, -11.33, -10.12 	0.22, 9.79, -6.65 	0.00, 10.00 	10,48,35,100		3.07,0.00	1000,1 	0
2170    	-25.68, -11.31, -10.12 	0.21, 9.78, -6.65 	0.00, 10.00 	10,48,35,110		3.34,1.67	1000,1 	0
2179    	-25.68, -11.28, -10.13 	0.20, 9.79, -6.65 	0.00, 10.00 	10,48,35,120		2.48,1.64	1000,1 	0
2187    	-25.67, -11.31, -10.13 	0.21, 9.78, -6.64 	0.00, 10.00 	10,48,35,129		3.07,1.85	1000,1 	0
2196    	-25.66, -11.32, -10.12 	0.20, 9.79, -6.64 	0.00, 10.00 	10,48,35,139		1.67,1.64	1000,1 	0
2205    	-25.67, -11.30, -10.12 	0.20, 9.78, -6.64 	0.00, 10.00 	10,48,35,149		2.73,1.24	1000,1 	0
2214    	-25.66, -11.31, -10.11 	0.22, 9.77, -6.64 	0.00, 10.00 	10,48,35,159		1.67,2.51	1000,1 	0
2222    	-25.66, -11.32, -10.11 	0.21, 9.77, -6.64 	0.00, 10.00 	10,48,35,168		1.40,1.24	1000,1 	0
2231    	-25.63, -11.33, -10.09 	0.22, 9.79, -6.64 	0.00, -0.00 	10,48,35,188		3.56,2.73	1000,1 	0
2239    	-25.62, -11.34, -10.09 	0.21, 9.78, -6.64 	0.00, -0.00 	10,48,35,197		1.67,1.67	1000,1 	0
2248    	-25.62, -11.32, -10.10 	0.21, 9.78, -6.64 	0.00, -0.00 	10,48,35,207		2.48,0.00	1000,1 	0
2258    	-25.60, -11.31, -10.11 	0.22, 9.79, -6.64 	0.00, -0.00 	10,48,35,218		2.54,1.67	1000,1 	0
2265    	-25.59, -11.29, -10.12 	0.22, 9.79, -6.64 	0.00, -0.00 	10,48,35,226		1.87,0.00	1000,1 	0
2274    	-25.57, -11.28, -10.13 	0.22, 9.78, -6.64 	0.00, -0.00 	10,48,35,236		2.54,1.24	1000,1 	0
2283    	-25.57, -11.27, -10.13 	0.22, 9.78, -6.64 	0.00, -0.00 	10,48,35,246		1.24,0.00	1000,1 	0
2291    	-25.56, -11.26, -10.14 	0.21, 9.80, -6.65 	0.00, -0.00 	10,48,35,255		1.87,3.03	1000,1 	0
2300    	-25.57, -11.26, -10.13 	0.21, 9.80, -6.64 	0.00, -0.00 	10,48,35,265		1.11,0.00	1000,1 	0
2309    	-25.55, -11.26, -10.13 	0.22, 9.79, -6.64 	0.00, -0.00 	10,48,35,275		2.22,1.64	1000,1 	0
2317    	-25.55, -11.24, -10.12 	0.21, 9.79, -6.64 	0.00, -0.00 	10,48,35,284		2.48,1.10	1000,1 	0
2326    	-25.53, -11.25, -10.13 	0.21, 9.79, -6.64 	0.00, -0.00 	10,48,35,294		2.55,0.00	1000,1 	0
2335    	-25.53, -11.25, -10.13 	0.21, 9.79, -6.64 	0.00, -0.00 	10,48,35,304		0.00,0.00	1000,1 	0
2344    	-25.53, -11.25, -10.13 	0.22, 9.79, -6.64 	0.00, -0.00 	10,48,35,314		0.00,1.10	1000,1 	0
2352    	-25.53, -11.24, -10.13 	0.21, 9.80, -6.64 	0.00, -0.00 	10,48,35,323		1.40,1.85	1000,1 	0
2361    	-25.52, -11.27, -10.12 	0.23, 9.80, -6.64 	0.00, -0.00 	10,48,35,333		3.89,2.21	1000,1 	0
2370    	-25.53, -11.27, -10.12 	0.21, 9.80, -6.64 	0.00, -0.00 	10,48,35,343		1.11,2.21	1000,1 	0
2378    	-25.52, -11.26, -10.11 	0.20, 9.79, -6.64 	0.00, -0.00 	10,48,35,352		1.87,1.88	1000,1 	0
2387    	-25.52, -11.26, -10.11 	0.20, 9.79, -6.64 	0.00, -0.00 	10,48,35,362		0.00,0.00	1000,1 	0
2396    	-25.51, -11.27, -10.11 	0.22, 9.79, -6.63 	0.00, -0.00 	10,48,35,372		1.67,2.21	1000,1 	0
2404    	-25.49, -11.27, -10.11 	0.21, 9.80, -6.64 	0.00, -0.00 	10,48,35,381		2.50,1.85	1000,1 	0
2413    	-25.51, -11.26, -10.11 	0.23, 9.79, -6.63 	0.00, -0.00 	10,48,35,391		2.55,2.51	1000,1 	0
2422    	-25.49, -11.29, -10.10 	0.22, 9.80, -6.64 	0.00, -0.00 	10,48,35,401		4.35,1.64	1000,1 	0
2430    	-25.49, -11.28, -10.10 	0.21, 9.80, -6.64 	0.00, -0.00 	10,48,35,410		1.24,1.10	1000,1 	0
2439    	-25.51, -11.25, -10.10 	0.21, 9.81, -6.64 	0.00, -0.00 	10,48,35,420		4.35,1.24	1000,1 	0
2449    	-25.50, -11.26, -10.10 	0.22, 9.80, -6.64 	0.00, -0.00 	10,48,35,431		1.67,1.64	1000,1 	0
2456    	-25.47, -11.27, -10.09 	0.22, 9.80, -6.64 	0.00, -0.00 	10,48,35,439		4.58,0.00	1000,1 	0
2465    	-25.51, -11.29, -10.07 	0.21, 9.80, -6.64 	0.00, -0.00 	10,48,35,449		5.07,1.10	1000,1 	0
2475    	-25.51, -11.29, -10.06 	0.21, 9.80, -6.64 	0.00, -0.00 	10,48,35,460		0.00,0.00	0,0 	0
2482    	-25.50, -11.32, -10.06 	0.21, 9.80, -6.65 	0.00, -0.00 	10,48,35,468		3.50,0.00	0,0 	0
2491    	-25.49, -11.32, -10.06 	0.23, 9.80, -6.64 	0.00, -0.00 	10,48,35,478		0.91,1.81	0,0 	0
2500    	-25.52, -11.29, -10.07 	0.21, 9.79, -6.64 	0.00, -0.00 	10,48,35,488		3.75,2.30	0,0 	0
2508    	-25.53, -11.29, -10.05 	0.21, 9.78, -6.63 	0.00, -0.00 	10,48,35,497		1.00,1.11	0,0 	0
2517    	-25.55, -11.32, -10.04 	0.21, 9.78, -6.64 	0.00, -0.00 	10,48,35,507		2.99,0.00	0,0 	0
2526    	-25.51, -11.34, -10.05 	0.24, 9.77, -6.64 	0.00, -0.00 	10,48,35,517		4.59,3.17	0,0 	0
2535    	-25.52, -11.35, -10.04 	0.24, 9.71, -6.65 	0.00, -0.00 	10,48,35,527		1.49,5.57	0,0 	0
2543    	-25.54, -11.36, -10.03 	0.26, 9.66, -6.67 	0.00, -0.00 	10,48,35,536		2.54,6.53	0,0 	0
2552    	-25.52, -11.38, -10.05 	0.29, 9.49, -6.71 	0.00, -0.00 	10,48,35,546		3.01,16.91	0,0 	0
2561    	-25.53, -11.39, -10.05 	0.39, 9.17, -6.79 	0.00, -0.00 	10,48,35,556		1.49,33.62	0,0 	0
2569    	-25.54, -11.44, -10.02 	0.58, 8.55, -6.93 	0.00, -0.00 	10,48,35,565		5.08,72.36	0,0 	0
2578    	-25.56, -11.41, -10.04 	0.75, 8.14, -7.02 	0.00, -0.00 	10,48,35,575		3.91,44.26	0,0 	0
2587    	-25.56, -11.41, -10.06 	0.88, 7.82, -7.12 	0.00, -0.00 	10,48,35,585		0.00,34.58	0,0 	0
2595    	-25.56, -11.44, -10.05 	0.93, 7.45, -7.21 	0.00, -0.00 	10,48,35,594		3.35,36.99	0,0 	0
2604    	-25.58, -11.48, -10.05 	0.95, 7.07, -7.30 	0.00, -0.00 	10,48,35,604		4.88,37.87	0,0 	0
2613    	-25.61, -11.53, -10.04 	0.98, 6.75, -7.39 	0.00, -0.00 	10,48,35,614		5.36,32.46	0,0 	0
2621    	-25.62, -11.60, -10.05 	1.07, 6.43, -7.51 	0.00, -0.00 	10,48,35,623		7.76,37.06	0,0 	0
2630    	-25.61, -11.70, -10.04 	1.15, 6.07, -7.62 	0.00, -0.00 	10,48,35,633		10.11,36.37	0,0 	0
2640    	-25.66, -11.80, -10.03 	1.17, 5.69, -7.64 	0.00, -0.00 	10,48,35,644		11.20,37.87	0,0 	0
2647    	-25.79, -11.93, -10.02 	1.15, 5.36, -7.68 	0.00, -0.00 	10,48,35,652		20.67,37.21	0,0 	0
2656    	-25.94, -12.12, -10.00 	1.06, 5.01, -7.71 	0.00, -0.00 	10,48,35,662		24.11,35.79	0,0 	0
2665    	-26.06, -12.37, -9.99 	1.06, 4.61, -7.77 	0.00, -0.00 	10,48,35,672		27.72,40.07	0,0 	0
2673    	-26.22, -12.62, -10.01 	0.96, 4.18, -7.75 	0.00, -0.00 	10,48,35,681		29.23,44.47	0,0 	0
2682    	-26.37, -12.89, -9.99 	0.89, 3.80, -7.73 	0.00, -0.00 	10,48,35,691		31.12,38.60	0,0 	0
2693    	-26.62, -13.14, -9.99 	0.86, 3.52, -7.76 	0.00, -0.00 	10,48,35,702		34.92,28.04	0,0 	0
2701    	-26.93, -13.33, -10.02 	0.86, 3.26, -7.78 	0.00, -0.00 	10,48,35,711		45.28,32.00	0,0 	0
2709    	-27.13, -13.54, -10.03 	0.86, 3.01, -7.78 	0.00, -0.00 	10,48,35,720		33.05,28.45	0,0 	0
2718    	-27.30, -13.81, -10.02 	0.87, 2.75, -7.78 	0.00, -0.00 	10,48,35,730		35.15,28.45	0,0 	0
2727    	-27.30, -14.09, -9.99 	0.86, 2.54, -7.78 	0.00, -0.00 	10,48,35,740		31.04,23.54	0,0 	0
2735    	-27.37, -14.34, -9.99 	0.84, 2.35, -7.76 	0.00, -0.00 	10,48,35,749		23.18,17.33	0,0 	0
2745    	-27.31, -14.57, -10.00 	0.80, 2.12, -7.73 	0.00, -0.00 	10,48,35,759		24.01,23.78	0,0 	0
2754    	-27.39, -14.76, -9.99 	0.73, 1.89, -7.70 	0.00, -0.00 	10,48,35,769		20.55,23.44	0,0 	0
2762    	-27.44, -14.91, -9.97 	0.71, 1.61, -7.64 	0.00, -0.00 	10,48,35,778		17.03,31.04	0,0 	0
2771    	-27.54, -15.07, -9.94 	0.64, 1.40, -7.59 	0.00, -0.00 	10,48,35,788		18.50,22.38	0,0 	0
2780    	-27.60, -15.21, -9.94 	0.58, 1.21, -7.53 	0.00, -0.00 	10,48,35,798		17.86,21.83	0,0 	0
2788    	-27.59, -15.34, -9.95 	0.48, 1.08, -7.49 	0.00, -0.00 	10,48,35,807		13.70,18.65	0,0 	0
2797    	-27.56, -15.49, -9.94 	0.43, 0.93, -7.48 	0.00, -0.00 	10,48,35,817		15.94,15.38	0,0 	0
2806    	-27.53, -15.58, -9.91 	0.37, 0.78, -7.44 	0.00, -0.00 	10,48,35,827		10.49,18.64	0,0 	0
2814    	-27.54, -15.70, -9.90 	0.29, 0.61, -7.40 	0.00, -0.00 	10,48,35,836		13.69,20.68	0,0 	0
