#Time 	Sensor1         Sensor2         Target          Time            Vel             
#================================================================

11      	-25.12, -19.92, -7.10 	-0.06, 0.27, -6.49 	0.00, 20.00 	10,49,55,642		0.00,0.00	0,0 	0
16      	-25.12, -19.91, -7.11 	-0.02, 0.27, -6.48 	0.00, 20.00 	10,49,55,651		2.23,7.95	0,0 	0
25      	-25.09, -19.92, -7.10 	-0.02, 0.27, -6.48 	0.00, 20.00 	10,49,55,661		3.56,0.00	0,0 	0
33      	-25.12, -19.91, -7.12 	-0.03, 0.28, -6.47 	0.00, 20.00 	10,49,55,670		4.01,1.85	0,0 	0
42      	-25.06, -19.91, -7.11 	-0.05, 0.27, -6.47 	0.00, 20.00 	10,49,55,680		6.66,2.55	0,0 	0
51      	-25.05, -19.92, -7.10 	-0.05, 0.28, -6.48 	0.00, 20.00 	10,49,55,690		1.67,1.24	0,0 	0
59      	-25.03, -19.95, -7.11 	-0.05, 0.26, -6.47 	0.00, 20.00 	10,49,55,699		3.76,2.78	0,0 	0
69      	-25.03, -19.92, -7.11 	-0.05, 0.27, -6.49 	0.00, 20.00 	10,49,55,710		2.23,1.11	0,0 	0
77      	-25.02, -19.95, -7.11 	-0.04, 0.26, -6.48 	0.00, 20.00 	10,49,55,719		3.07,1.85	0,0 	0
86      	-25.03, -19.95, -7.10 	-0.04, 0.26, -6.48 	0.00, 20.00 	10,49,55,729		1.11,0.00	0,0 	0
94      	-25.02, -19.95, -7.08 	-0.02, 0.28, -6.48 	0.00, 20.00 	10,49,55,738		1.25,3.76	0,0 	0
103     	-25.04, -19.96, -7.07 	-0.02, 0.27, -6.49 	0.00, 20.00 	10,49,55,748		2.54,1.24	0,0 	0
112     	-25.05, -19.96, -7.07 	-0.02, 0.27, -6.48 	0.00, 20.00 	10,49,55,758		1.11,0.00	0,0 	0
120     	-25.05, -19.95, -7.09 	-0.04, 0.27, -6.48 	0.00, 20.00 	10,49,55,767		1.40,2.49	0,0 	0
129     	-25.03, -19.93, -7.07 	-0.05, 0.27, -6.48 	0.00, 20.00 	10,49,55,777		2.54,1.10	0,0 	0
138     	-25.02, -19.95, -7.07 	-0.01, 0.29, -6.49 	0.00, 20.00 	10,49,55,787		1.67,5.10	0,0 	0
146     	-25.03, -19.93, -7.08 	-0.03, 0.29, -6.50 	0.00, 20.00 	10,49,55,796		1.88,2.49	0,0 	0
155     	-25.04, -19.93, -7.05 	0.05, 0.28, -6.50 	0.00, 20.00 	10,49,55,806		1.11,8.90	0,0 	0
164     	-25.00, -19.92, -7.07 	-0.02, 0.27, -6.49 	0.00, 20.00 	10,49,55,816		4.60,7.85	0,0 	0
172     	-24.98, -19.92, -7.07 	0.02, 0.27, -6.50 	0.00, 20.00 	10,49,55,825		2.50,4.97	0,0 	0
181     	-24.99, -19.92, -7.06 	0.03, 0.28, -6.50 	0.00, 20.00 	10,49,55,835		1.11,1.67	0,0 	0
190     	-25.01, -19.95, -7.04 	0.04, 0.29, -6.48 	0.00, 20.00 	10,49,55,845		3.32,1.67	0,0 	0
198     	-25.00, -19.97, -7.03 	0.03, 0.26, -6.47 	0.00, 20.00 	10,49,55,854		3.07,4.38	0,0 	0
207     	-24.99, -19.97, -7.02 	-0.01, 0.27, -6.48 	0.00, 20.00 	10,49,55,864		1.11,4.57	0,0 	0
216     	-25.02, -19.96, -7.04 	0.00, 0.28, -6.48 	0.00, 20.00 	10,49,55,874		3.56,1.67	0,0 	0
224     	-24.97, -19.98, -7.04 	0.01, 0.28, -6.47 	0.00, 20.00 	10,49,55,883		6.86,1.24	0,0 	0
233     	-24.98, -19.98, -7.02 	0.01, 0.25, -6.48 	0.00, 20.00 	10,49,55,893		1.11,3.71	0,0 	0
242     	-24.98, -20.01, -7.00 	-0.03, 0.26, -6.48 	0.00, 20.00 	10,49,55,903		3.72,4.57	0,0 	0
251     	-24.99, -20.01, -6.99 	-0.01, 0.28, -6.49 	0.00, 20.00 	10,49,55,913		1.11,3.34	0,0 	0
260     	-24.94, -20.03, -6.98 	0.03, 0.26, -6.49 	0.00, 20.00 	10,49,55,923		6.10,5.03	0,0 	0
268     	-24.93, -20.03, -6.98 	-0.01, 0.29, -6.49 	0.00, 20.00 	10,49,55,932		1.25,6.44	0,0 	0
277     	-24.94, -20.00, -7.00 	0.03, 0.27, -6.50 	0.00, 20.00 	10,49,55,942		3.89,5.03	0,0 	0
285     	-24.90, -20.01, -6.99 	0.03, 0.27, -6.49 	0.00, 20.00 	10,49,55,951		5.20,0.00	0,0 	0
294     	-24.90, -20.02, -6.99 	0.05, 0.28, -6.50 	0.00, 20.00 	10,49,55,961		1.24,2.55	0,0 	0
303     	-24.90, -20.00, -6.99 	0.07, 0.29, -6.50 	0.00, 20.00 	10,49,55,971		2.48,2.55	0,0 	0
311     	-24.90, -20.02, -6.97 	0.08, 0.26, -6.49 	0.00, 20.00 	10,49,55,980		2.79,4.34	0,0 	0
320     	-24.90, -20.01, -6.97 	0.09, 0.26, -6.49 	0.00, 20.00 	10,49,55,990		1.24,1.10	0,0 	0
329     	-24.89, -19.99, -6.96 	0.03, 0.25, -6.48 	0.00, 20.00 	10,49,56,0		2.71,6.76	0,0 	0
337     	-24.92, -20.00, -6.98 	0.09, 0.28, -6.48 	0.00, 20.00 	10,49,56,9		3.99,8.61	0,0 	0
346     	-24.87, -20.02, -6.98 	0.04, 0.25, -6.49 	0.00, 20.00 	10,49,56,19		6.10,6.71	0,0 	0
355     	-24.89, -20.03, -6.97 	0.02, 0.29, -6.48 	0.00, 20.00 	10,49,56,29		2.54,5.39	0,0 	0
363     	-24.84, -20.04, -6.98 	0.00, 0.26, -6.49 	0.00, 20.00 	10,49,56,38		6.41,4.89	0,0 	0
372     	-24.83, -20.01, -6.99 	0.04, 0.26, -6.50 	0.00, 20.00 	10,49,56,48		3.88,4.42	0,0 	0
381     	-24.84, -20.02, -6.98 	0.03, 0.28, -6.50 	0.00, 20.00 	10,49,56,58		1.66,2.69	0,0 	0
389     	-24.84, -20.00, -7.00 	0.05, 0.30, -6.50 	0.00, 20.00 	10,49,56,67		2.79,3.76	0,0 	0
398     	-24.82, -20.02, -6.98 	0.07, 0.30, -6.50 	0.00, 20.00 	10,49,56,77		3.34,2.21	0,0 	0
407     	-24.81, -20.02, -6.97 	0.09, 0.28, -6.50 	0.00, 20.00 	10,49,56,87		1.11,3.29	0,0 	0
415     	-24.83, -20.02, -6.97 	0.06, 0.26, -6.49 	0.00, 20.00 	10,49,56,96		2.50,4.69	0,0 	0
424     	-24.83, -20.02, -6.96 	0.03, 0.27, -6.50 	0.00, 20.00 	10,49,56,106		0.00,3.52	0,0 	0
433     	-24.82, -20.01, -6.98 	0.06, 0.26, -6.49 	0.00, 20.00 	10,49,56,116		1.66,3.52	0,0 	0
442     	-24.80, -20.05, -6.97 	0.05, 0.24, -6.49 	0.00, 20.00 	10,49,56,126		5.45,2.73	0,0 	0
451     	-24.82, -20.03, -6.98 	0.05, 0.27, -6.50 	0.00, 20.00 	10,49,56,136		3.34,3.71	0,0 	0
459     	-24.82, -20.02, -6.97 	0.05, 0.25, -6.49 	0.00, 20.00 	10,49,56,145		1.40,2.78	0,0 	0
468     	-24.81, -20.06, -6.96 	0.05, 0.27, -6.50 	0.00, 20.00 	10,49,56,155		3.89,2.47	0,0 	0
477     	-24.81, -20.04, -6.96 	0.03, 0.27, -6.50 	0.00, 20.00 	10,49,56,165		1.24,2.21	0,0 	0
485     	-24.79, -20.02, -6.97 	0.03, 0.24, -6.50 	0.00, 20.00 	10,49,56,174		3.73,4.17	0,0 	0
494     	-24.79, -20.02, -6.97 	0.05, 0.27, -6.50 	0.00, 20.00 	10,49,56,184		0.00,4.35	0,0 	0
502     	-24.79, -20.01, -6.97 	0.05, 0.27, -6.50 	0.00, 20.00 	10,49,56,193		1.40,0.00	0,0 	0
511     	-24.79, -20.04, -6.96 	0.04, 0.26, -6.49 	0.00, 20.00 	10,49,56,203		3.72,1.67	0,0 	0
520     	-24.79, -20.03, -6.96 	0.04, 0.27, -6.50 	0.00, 20.00 	10,49,56,213		1.24,1.24	0,0 	0
528     	-24.79, -20.02, -6.95 	0.03, 0.26, -6.50 	0.00, 20.00 	10,49,56,222		1.40,1.88	0,0 	0
537     	-24.81, -20.04, -6.93 	0.03, 0.27, -6.50 	0.00, 20.00 	10,49,56,232		3.32,1.24	0,0 	0
546     	-24.81, -20.04, -6.93 	0.03, 0.27, -6.50 	0.00, 20.00 	10,49,56,242		0.00,0.00	0,0 	0
554     	-24.82, -20.02, -6.93 	0.01, 0.27, -6.50 	0.00, 20.00 	10,49,56,251		3.07,2.49	0,0 	0
563     	-24.83, -19.99, -6.95 	0.00, 0.29, -6.50 	0.00, 20.00 	10,49,56,261		3.89,2.69	0,0 	0
572     	-24.83, -19.98, -6.95 	0.00, 0.29, -6.50 	0.00, 20.00 	10,49,56,271		1.24,0.00	0,0 	0
580     	-24.83, -19.97, -6.96 	0.02, 0.30, -6.50 	0.00, 20.00 	10,49,56,280		1.40,2.87	0,0 	0
589     	-24.83, -19.97, -6.95 	0.04, 0.28, -6.49 	0.00, 20.00 	10,49,56,290		0.00,3.29	0,0 	0
598     	-24.84, -19.99, -6.95 	0.04, 0.27, -6.49 	0.00, 20.00 	10,49,56,300		2.71,1.24	0,0 	0
606     	-24.85, -20.01, -6.93 	0.04, 0.27, -6.49 	0.00, 20.00 	10,49,56,309		3.05,0.00	0,0 	0
615     	-24.86, -20.03, -6.93 	0.03, 0.27, -6.48 	0.00, 20.00 	10,49,56,319		2.71,1.10	0,0 	0
624     	-24.83, -20.02, -6.94 	0.04, 0.27, -6.48 	0.00, 20.00 	10,49,56,329		3.55,1.10	0,0 	0
633     	-24.86, -20.02, -6.96 	0.03, 0.29, -6.50 	0.00, 20.00 	10,49,56,339		3.33,2.69	0,0 	0
641     	-24.85, -20.01, -6.96 	0.03, 0.28, -6.50 	0.00, 20.00 	10,49,56,348		1.87,1.39	0,0 	0
650     	-24.83, -20.00, -6.97 	0.03, 0.28, -6.50 	0.00, 20.00 	10,49,56,358		2.54,0.00	0,0 	0
659     	-24.83, -19.99, -6.96 	0.03, 0.28, -6.50 	0.00, 20.00 	10,49,56,368		1.24,0.00	0,0 	0
667     	-24.79, -20.03, -6.96 	0.03, 0.28, -6.50 	0.00, 20.00 	10,49,56,377		7.52,0.00	0,0 	0
676     	-24.79, -20.01, -6.97 	0.03, 0.28, -6.50 	0.00, 20.00 	10,49,56,387		2.48,0.00	0,0 	0
685     	-24.75, -20.03, -6.96 	0.03, 0.28, -6.50 	0.00, 20.00 	10,49,56,397		5.10,0.00	0,0 	0
693     	-24.75, -20.02, -6.97 	0.03, 0.28, -6.50 	0.00, 20.00 	10,49,56,406		1.40,0.00	0,0 	0
702     	-24.75, -20.02, -6.95 	0.01, 0.29, -6.50 	0.00, 20.00 	10,49,56,416		0.00,2.51	0,0 	0
711     	-24.78, -20.02, -6.95 	0.04, 0.30, -6.50 	0.00, 20.00 	10,49,56,426		3.33,3.56	0,0 	0
719     	-24.78, -20.02, -6.95 	0.04, 0.29, -6.49 	0.00, 20.00 	10,49,56,435		0.00,1.39	0,0 	0
728     	-24.81, -20.02, -6.95 	0.04, 0.29, -6.49 	0.00, 20.00 	10,49,56,445		3.33,0.00	0,0 	0
737     	-24.82, -19.99, -6.97 	0.02, 0.29, -6.49 	0.00, 20.00 	10,49,56,455		3.89,2.21	0,0 	0
745     	-24.83, -19.97, -6.98 	0.02, 0.29, -6.49 	0.00, 20.00 	10,49,56,464		3.07,0.00	0,0 	0
754     	-24.84, -19.98, -6.97 	0.02, 0.29, -6.49 	0.00, 20.00 	10,49,56,474		1.66,0.00	0,0 	0
763     	-24.80, -19.99, -6.98 	0.05, 0.28, -6.49 	0.00, 20.00 	10,49,56,484		4.62,3.52	0,0 	0
771     	-24.81, -19.99, -6.98 	0.05, 0.27, -6.49 	0.00, 20.00 	10,49,56,493		1.25,1.39	0,0 	0
780     	-24.80, -19.97, -7.00 	0.01, 0.29, -6.49 	0.00, 20.00 	10,49,56,503		2.71,5.03	0,0 	0
789     	-24.82, -19.97, -6.98 	0.01, 0.28, -6.49 	0.00, 20.00 	10,49,56,513		2.22,1.24	0,0 	0
797     	-24.80, -19.99, -6.98 	0.01, 0.27, -6.49 	0.00, 20.00 	10,49,56,522		3.76,1.39	0,0 	0
806     	-24.81, -19.97, -6.99 	0.01, 0.28, -6.49 	0.00, 20.00 	10,49,56,532		2.73,1.24	0,0 	0
815     	-24.82, -19.97, -6.97 	0.01, 0.27, -6.49 	0.00, 20.00 	10,49,56,542		1.11,1.24	0,0 	0
824     	-24.82, -19.95, -6.98 	0.01, 0.29, -6.48 	0.00, 20.00 	10,49,56,552		1.24,2.47	0,0 	0
833     	-24.81, -19.93, -7.00 	0.01, 0.30, -6.49 	0.00, 20.00 	10,49,56,562		2.71,1.24	0,0 	0
841     	-24.83, -19.94, -6.99 	0.00, 0.31, -6.49 	0.00, 20.00 	10,49,56,571		2.85,1.85	0,0 	0
850     	-24.89, -19.92, -7.00 	-0.01, 0.30, -6.48 	0.00, 20.00 	10,49,56,581		7.13,1.67	0,0 	0
858     	-24.84, -19.98, -6.98 	0.00, 0.29, -6.48 	0.00, 20.00 	10,49,56,590		9.40,1.85	0,0 	0
867     	-24.83, -19.94, -7.02 	0.01, 0.30, -6.50 	0.00, 20.00 	10,49,56,600		3.88,1.67	0,0 	0
876     	-24.81, -19.93, -7.03 	-0.01, 0.26, -6.49 	0.00, 20.00 	10,49,56,610		2.54,5.45	0,0 	0
884     	-24.86, -19.91, -7.04 	0.02, 0.27, -6.50 	0.00, 20.00 	10,49,56,619		6.86,4.00	0,0 	0
893     	-24.90, -19.89, -7.04 	0.02, 0.26, -6.48 	0.00, 20.00 	10,49,56,629		5.10,1.24	0,0 	0
902     	-24.92, -19.89, -7.04 	0.00, 0.26, -6.48 	0.00, 20.00 	10,49,56,639		2.22,2.21	0,0 	0
910     	-24.95, -19.90, -7.04 	-0.01, 0.27, -6.50 	0.00, 20.00 	10,49,56,648		3.99,1.85	0,0 	0
919     	-24.96, -19.89, -7.04 	-0.03, 0.28, -6.50 	0.00, 20.00 	10,49,56,658		1.67,2.51	0,0 	0
928     	-24.95, -19.88, -7.05 	-0.02, 0.29, -6.49 	0.00, 20.00 	10,49,56,668		1.66,1.67	0,0 	0
936     	-24.94, -19.87, -7.05 	-0.05, 0.29, -6.47 	0.00, 20.00 	10,49,56,677		1.87,3.73	0,0 	0
945     	-24.94, -19.86, -7.06 	-0.01, 0.28, -6.47 	0.00, 20.00 	10,49,56,687		1.24,4.57	0,0 	0
954     	-24.96, -19.86, -7.09 	0.00, 0.30, -6.49 	0.00, 20.00 	10,49,56,697		2.22,2.73	0,0 	0
962     	-24.95, -19.81, -7.12 	-0.05, 0.29, -6.49 	0.00, 20.00 	10,49,56,706		5.71,6.39	0,0 	0
971     	-24.94, -19.80, -7.12 	-0.06, 0.29, -6.50 	0.00, 20.00 	10,49,56,716		1.66,1.10	0,0 	0
980     	-24.94, -19.77, -7.15 	-0.02, 0.28, -6.49 	0.00, 20.00 	10,49,56,726		3.72,4.57	0,0 	0
989     	-25.01, -19.73, -7.18 	-0.01, 0.27, -6.50 	0.00, 20.00 	10,49,56,736		8.64,1.64	0,0 	0
997     	-25.01, -19.74, -7.18 	-0.01, 0.28, -6.49 	0.00, 20.00 	10,49,56,745		1.40,1.39	0,0 	0
1006    	-25.04, -19.71, -7.18 	-0.06, 0.26, -6.49 	0.00, 20.00 	10,49,56,755		5.01,6.09	1000,1 	0
1015    	-25.06, -19.70, -7.19 	-0.07, 0.28, -6.49 	0.00, 20.00 	10,49,56,765		2.55,2.69	1000,1 	0
1024    	-25.11, -19.68, -7.19 	-0.03, 0.28, -6.49 	0.00, 20.00 	10,49,56,775		6.10,4.42	1000,1 	0
1032    	-25.08, -19.69, -7.20 	-0.01, 0.28, -6.49 	0.00, 20.00 	10,49,56,784		4.01,2.49	1000,1 	0
1041    	-25.13, -19.66, -7.23 	-0.05, 0.27, -6.50 	0.00, 20.00 	10,49,56,794		6.71,4.61	1000,1 	0
1049    	-25.18, -19.62, -7.23 	-0.06, 0.26, -6.50 	0.00, 20.00 	10,49,56,803		7.54,1.88	1000,1 	0
1058    	-25.21, -19.60, -7.23 	-0.02, 0.27, -6.49 	0.00, 20.00 	10,49,56,813		4.17,4.61	1000,1 	0
1067    	-25.19, -19.58, -7.22 	-0.01, 0.25, -6.49 	0.00, 20.00 	10,49,56,823		3.32,2.69	1000,1 	0
1075    	-25.14, -19.57, -7.26 	-0.02, 0.25, -6.49 	0.00, 20.00 	10,49,56,832		6.39,1.24	1000,1 	0
1084    	-25.15, -19.51, -7.32 	-0.03, 0.27, -6.50 	0.00, 20.00 	10,49,56,842		6.31,2.69	1000,1 	0
1093    	-25.09, -19.52, -7.32 	-0.02, 0.26, -6.48 	0.00, 20.00 	10,49,56,852		6.79,1.64	1000,1 	0
1101    	-25.10, -19.48, -7.35 	-0.04, 0.28, -6.48 	0.00, 20.00 	10,49,56,861		5.73,3.70	1000,1 	0
1110    	-25.16, -19.43, -7.37 	0.01, 0.27, -6.49 	0.00, 20.00 	10,49,56,871		7.47,5.64	1000,1 	0
1119    	-25.18, -19.39, -7.42 	0.01, 0.28, -6.49 	0.00, 20.00 	10,49,56,881		5.45,1.24	1000,1 	0
1127    	-25.25, -19.36, -7.42 	0.04, 0.29, -6.49 	0.00, 20.00 	10,49,56,890		9.72,4.00	1000,1 	0
1136    	-25.21, -19.37, -7.44 	0.02, 0.29, -6.50 	0.00, 20.00 	10,49,56,900		4.62,2.21	1000,1 	0
1145    	-25.26, -19.34, -7.45 	0.02, 0.29, -6.51 	0.00, 20.00 	10,49,56,910		6.10,0.00	1000,1 	0
1153    	-25.32, -19.31, -7.43 	0.00, 0.30, -6.49 	0.00, 20.00 	10,49,56,919		8.61,2.83	1000,1 	0
1162    	-25.36, -19.28, -7.46 	0.03, 0.27, -6.48 	0.00, 20.00 	10,49,56,929		5.82,4.93	1000,1 	0
1171    	-25.39, -19.27, -7.44 	-0.01, 0.30, -6.50 	0.00, 20.00 	10,49,56,939		3.56,5.72	1000,1 	0
1180    	-25.41, -19.30, -7.44 	0.04, 0.28, -6.49 	0.00, 20.00 	10,49,56,949		4.32,6.02	1000,1 	0
1188    	-25.45, -19.29, -7.44 	0.02, 0.29, -6.50 	0.00, 20.00 	10,49,56,958		5.20,2.83	1000,1 	0
1197    	-25.46, -19.25, -7.48 	0.07, 0.29, -6.49 	0.00, 20.00 	10,49,56,968		5.09,5.52	1000,1 	0
1206    	-25.50, -19.20, -7.49 	0.01, 0.27, -6.47 	0.00, 20.00 	10,49,56,978		6.68,7.11	1000,1 	0
1215    	-25.52, -19.20, -7.49 	0.03, 0.27, -6.48 	0.00, 20.00 	10,49,56,988		2.22,2.21	1000,1 	0
1223    	-25.45, -19.22, -7.52 	0.02, 0.28, -6.47 	0.00, 20.00 	10,49,56,997		9.20,1.85	1000,1 	0
1232    	-25.43, -19.19, -7.54 	0.06, 0.24, -6.45 	0.00, 20.00 	10,49,57,7		4.32,6.58	1000,1 	0
1240    	-25.40, -19.18, -7.56 	0.06, 0.26, -6.45 	0.00, 20.00 	10,49,57,16		3.99,2.78	1000,1 	0
1249    	-25.47, -19.17, -7.55 	0.09, 0.30, -6.49 	0.00, 20.00 	10,49,57,26		7.88,6.00	1000,1 	0
1258    	-25.49, -19.12, -7.57 	0.07, 0.29, -6.47 	0.00, 20.00 	10,49,57,36		5.45,2.55	1000,1 	0
1266    	-25.45, -19.13, -7.55 	0.08, 0.30, -6.48 	0.00, 20.00 	10,49,57,45		5.20,1.88	1000,1 	0
1275    	-25.45, -19.12, -7.57 	0.10, 0.27, -6.46 	0.00, 20.00 	10,49,57,55		1.24,4.29	1000,1 	0
1284    	-25.44, -19.12, -7.58 	0.05, 0.30, -6.48 	0.00, 20.00 	10,49,57,65		1.11,6.60	1000,1 	0
1292    	-25.45, -19.11, -7.60 	0.07, 0.32, -6.48 	0.00, 20.00 	10,49,57,74		1.88,2.87	1000,1 	0
1301    	-25.50, -19.09, -7.58 	0.08, 0.32, -6.48 	0.00, 20.00 	10,49,57,84		6.10,1.10	1000,1 	0
1310    	-25.55, -19.05, -7.61 	0.12, 0.32, -6.49 	0.00, 20.00 	10,49,57,94		7.47,4.42	1000,1 	0
1318    	-25.53, -19.06, -7.60 	0.07, 0.33, -6.50 	0.00, 20.00 	10,49,57,103		2.87,6.35	1000,1 	0
1327    	-25.56, -19.03, -7.61 	0.05, 0.33, -6.49 	0.00, 20.00 	10,49,57,113		4.17,2.21	1000,1 	0
1336    	-25.54, -19.02, -7.61 	0.06, 0.32, -6.48 	0.00, 20.00 	10,49,57,123		2.54,1.64	1000,1 	0
1345    	-25.55, -18.98, -7.62 	0.04, 0.30, -6.46 	0.00, 20.00 	10,49,57,133		5.09,2.55	1000,1 	0
1353    	-25.55, -18.96, -7.62 	0.05, 0.32, -6.47 	0.00, 20.00 	10,49,57,142		2.79,1.88	1000,1 	0
1362    	-25.52, -18.97, -7.62 	0.06, 0.32, -6.47 	0.00, 20.00 	10,49,57,152		3.56,1.10	1000,1 	0
1371    	-25.58, -18.97, -7.64 	0.07, 0.30, -6.47 	0.00, 20.00 	10,49,57,162		6.66,1.64	1000,1 	0
1379    	-25.59, -18.97, -7.62 	0.06, 0.29, -6.47 	0.00, 20.00 	10,49,57,171		1.25,1.88	1000,1 	0
1388    	-25.62, -18.95, -7.63 	0.06, 0.28, -6.47 	0.00, 20.00 	10,49,57,181		4.17,1.24	1000,1 	0
1397    	-25.62, -18.93, -7.66 	0.05, 0.29, -6.47 	0.00, 20.00 	10,49,57,191		1.24,1.64	1000,1 	0
1405    	-25.60, -18.91, -7.66 	0.04, 0.30, -6.49 	0.00, 20.00 	10,49,57,200		3.73,1.85	1000,1 	0
1414    	-25.64, -18.89, -7.68 	0.03, 0.29, -6.48 	0.00, 20.00 	10,49,57,210		5.10,1.67	1000,1 	0
1423    	-25.64, -18.86, -7.68 	0.05, 0.33, -6.49 	0.00, 20.00 	10,49,57,220		3.72,4.35	1000,1 	0
1431    	-25.62, -18.89, -7.68 	0.04, 0.30, -6.48 	0.00, 20.00 	10,49,57,229		4.89,3.07	1000,1 	0
1440    	-25.66, -18.86, -7.69 	0.05, 0.30, -6.49 	0.00, 20.00 	10,49,57,239		5.82,1.10	1000,1 	0
1449    	-25.65, -18.85, -7.71 	0.09, 0.32, -6.48 	0.00, 20.00 	10,49,57,249		2.54,4.61	1000,1 	0
1457    	-25.66, -18.81, -7.73 	0.03, 0.32, -6.47 	0.00, 20.00 	10,49,57,258		4.38,7.46	1000,1 	0
1466    	-25.63, -18.83, -7.73 	0.07, 0.29, -6.45 	0.00, 20.00 	10,49,57,268		4.17,5.03	1000,1 	0
1475    	-25.61, -18.80, -7.73 	0.05, 0.29, -6.46 	0.00, 20.00 	10,49,57,278		4.32,2.21	1000,1 	0
1483    	-25.60, -18.77, -7.77 	0.02, 0.30, -6.46 	0.00, 20.00 	10,49,57,287		4.36,3.96	1000,1 	0
1492    	-25.64, -18.73, -7.77 	0.05, 0.28, -6.44 	0.00, 20.00 	10,49,57,297		5.82,4.10	1000,1 	0
1501    	-25.71, -18.67, -7.77 	0.03, 0.26, -6.40 	0.00, 20.00 	10,49,57,307		10.80,3.34	1000,1 	0
1509    	-25.74, -18.67, -7.80 	-0.03, 0.23, -6.36 	0.00, 20.00 	10,49,57,316		3.75,8.61	1000,1 	0
1518    	-25.73, -18.61, -7.82 	-0.08, 0.25, -6.32 	0.00, 20.00 	10,49,57,326		6.30,6.02	1000,1 	0
1527    	-25.79, -18.58, -7.84 	-0.05, 0.48, -6.42 	0.00, 20.00 	10,49,57,336		7.65,26.10	1000,1 	0
1536    	-25.86, -18.45, -7.89 	-0.03, 0.83, -6.58 	0.00, 20.00 	10,49,57,346		16.85,38.44	1000,1 	0
1544    	-25.92, -18.35, -7.92 	-0.03, 1.12, -6.74 	0.00, 20.00 	10,49,57,355		14.67,36.18	1000,1 	0
1553    	-25.99, -18.19, -7.99 	-0.05, 1.36, -6.83 	0.00, 20.00 	10,49,57,365		18.65,27.26	1000,1 	0
1562    	-26.00, -18.04, -8.09 	-0.11, 1.53, -6.88 	0.00, 20.00 	10,49,57,375		16.18,19.60	1000,1 	0
1570    	-25.97, -17.87, -8.20 	-0.16, 1.67, -6.92 	0.00, 20.00 	10,49,57,384		22.63,19.03	1000,1 	0
1579    	-26.05, -17.59, -8.34 	-0.15, 1.88, -6.98 	0.00, 20.00 	10,49,57,394		32.04,23.54	1000,1 	0
1588    	-26.13, -17.32, -8.46 	-0.20, 2.30, -7.11 	0.00, 20.00 	10,49,57,404		31.14,47.23	1000,1 	0
1597    	-26.21, -17.01, -8.57 	-0.30, 3.32, -7.39 	0.00, 20.00 	10,49,57,414		35.66,113.01	1000,1 	0
1605    	-26.19, -16.67, -8.71 	-0.21, 4.34, -7.64 	0.00, 20.00 	10,49,57,423		41.94,128.69	1000,1 	0
1614    	-26.11, -16.44, -8.80 	-0.26, 4.92, -7.75 	0.00, 20.00 	10,49,57,433		27.48,64.46	1000,1 	0
1622    	-26.14, -16.15, -8.92 	-0.23, 5.50, -7.89 	0.00, 20.00 	10,49,57,442		36.40,72.44	1000,1 	0
1631    	-26.21, -15.79, -9.03 	-0.31, 6.05, -8.02 	0.00, 20.00 	10,49,57,452		40.31,62.33	1000,1 	0
1640    	-26.28, -15.42, -9.16 	-0.37, 6.69, -8.13 	0.00, 20.00 	10,49,57,462		41.74,70.70	1000,1 	0
1648    	-26.26, -15.14, -9.28 	-0.43, 7.34, -8.22 	0.00, 20.00 	10,49,57,471		35.08,82.41	1000,1 	0
1657    	-26.20, -14.85, -9.39 	-0.44, 8.01, -8.31 	0.00, 20.00 	10,49,57,481		32.90,74.20	1000,1 	0
1666    	-26.15, -14.54, -9.50 	-0.45, 8.65, -8.35 	0.00, 20.00 	10,49,57,491		35.34,70.49	1000,1 	0
1674    	-26.11, -14.14, -9.60 	-0.51, 9.34, -8.39 	0.00, 20.00 	10,49,57,500		50.48,86.47	1000,1 	0
1683    	-26.04, -13.70, -9.70 	-0.52, 10.01, -8.40 	0.00, 20.00 	10,49,57,510		49.15,75.44	1000,1 	0
1692    	-25.94, -13.29, -9.84 	-0.55, 10.68, -8.38 	0.00, 20.00 	10,49,57,520		47.43,74.23	1000,1 	0
1701    	-25.85, -12.86, -9.96 	-0.57, 11.26, -8.34 	0.00, 20.00 	10,49,57,530		48.14,64.32	1000,1 	0
1709    	-25.84, -12.49, -10.05 	-0.62, 11.84, -8.29 	0.00, 20.00 	10,49,57,539		46.12,72.52	1000,1 	0
1718    	-25.78, -12.12, -10.10 	-0.56, 12.44, -8.28 	0.00, 20.00 	10,49,57,549		41.63,67.11	1000,1 	0
1727    	-25.65, -11.72, -10.20 	-0.49, 13.04, -8.28 	0.00, 20.00 	10,49,57,559		46.86,67.36	1000,1 	0
1735    	-25.54, -11.33, -10.28 	-0.47, 13.59, -8.24 	0.00, 20.00 	10,49,57,568		51.02,68.27	1000,1 	0
1744    	-25.37, -10.87, -10.39 	-0.48, 14.13, -8.19 	0.00, 20.00 	10,49,57,578		54.54,60.60	1000,1 	0
1753    	-25.10, -10.32, -10.60 	-0.51, 14.65, -8.13 	0.00, 20.00 	10,49,57,588		68.11,56.99	1000,1 	0
1761    	-24.68, -9.86, -10.89 	-0.53, 15.16, -8.07 	0.00, 20.00 	10,49,57,597		77.39,64.01	1000,1 	0
1770    	-24.28, -9.46, -11.12 	-0.52, 15.65, -7.99 	0.00, 20.00 	10,49,57,607		62.71,54.45	1000,1 	0
1779    	-23.87, -9.26, -11.21 	-0.51, 16.09, -7.91 	0.00, 20.00 	10,49,57,617		50.58,49.51	1000,1 	0
1788    	-23.56, -9.01, -11.27 	-0.45, 16.46, -7.83 	0.00, 20.00 	10,49,57,627		44.67,41.46	1000,1 	0
1796    	-23.33, -8.73, -11.32 	-0.43, 16.85, -7.75 	0.00, 20.00 	10,49,57,636		45.06,48.81	1000,1 	0
1805    	-23.27, -8.51, -11.30 	-0.39, 17.23, -7.71 	0.00, 20.00 	10,49,57,646		24.78,42.24	1000,1 	0
1813    	-23.28, -8.32, -11.25 	-0.33, 17.62, -7.67 	0.00, 20.00 	10,49,57,655		23.78,49.39	1000,1 	0
1822    	-23.28, -8.20, -11.20 	-0.34, 17.95, -7.65 	0.00, 20.00 	10,49,57,665		13.65,37.10	1000,1 	0
1831    	-23.21, -8.07, -11.16 	-0.33, 18.25, -7.61 	0.00, 20.00 	10,49,57,675		16.75,33.43	1000,1 	0
1839    	-23.09, -7.95, -11.15 	-0.35, 18.54, -7.58 	0.00, 20.00 	10,49,57,684		21.34,36.22	1000,1 	0
1848    	-22.96, -7.84, -11.14 	-0.34, 18.80, -7.56 	0.00, 20.00 	10,49,57,694		18.97,28.49	1000,1 	0
1857    	-22.85, -7.70, -11.15 	-0.30, 19.02, -7.54 	0.00, 20.00 	10,49,57,704		19.20,25.20	1000,1 	0
1865    	-22.77, -7.56, -11.17 	-0.27, 19.23, -7.51 	0.00, 20.00 	10,49,57,713		20.66,26.76	1000,1 	0
1874    	-22.74, -7.40, -11.15 	-0.22, 19.39, -7.47 	0.00, 20.00 	10,49,57,723		17.90,18.26	1000,1 	0
1883    	-22.74, -7.31, -11.14 	-0.21, 19.54, -7.43 	0.00, 20.00 	10,49,57,733		9.93,16.14	1000,1 	0
1892    	-22.73, -7.22, -11.11 	-0.18, 19.64, -7.39 	0.00, 20.00 	10,49,57,743		9.98,11.67	1000,1 	0
1900    	-22.68, -7.16, -11.08 	-0.17, 19.75, -7.36 	0.00, 20.00 	10,49,57,752		10.42,13.99	1000,1 	0
1909    	-22.60, -7.10, -11.06 	-0.14, 19.83, -7.32 	0.00, 20.00 	10,49,57,762		10.80,9.32	1000,1 	0
1918    	-22.53, -7.05, -11.04 	-0.15, 19.90, -7.28 	0.00, 20.00 	10,49,57,772		9.19,8.71	1000,1 	0
1926    	-22.45, -7.06, -11.03 	-0.11, 19.98, -7.25 	0.00, 20.00 	10,49,57,781		10.10,11.01	1000,1 	0
1935    	-22.43, -7.02, -11.00 	-0.07, 20.06, -7.21 	0.00, 20.00 	10,49,57,791		5.42,9.79	1000,1 	0
1944    	-22.38, -7.01, -10.98 	-0.06, 20.14, -7.18 	0.00, 20.00 	10,49,57,801		5.68,8.66	1000,1 	0
1952    	-22.36, -6.99, -10.95 	-0.07, 20.21, -7.13 	0.00, 20.00 	10,49,57,810		3.73,8.42	1000,1 	0
1961    	-22.33, -6.96, -10.93 	-0.10, 20.26, -7.08 	0.00, 20.00 	10,49,57,820		4.14,6.97	1000,1 	0
1970    	-22.31, -6.95, -10.91 	-0.13, 20.32, -7.02 	0.00, 20.00 	10,49,57,830		2.54,6.97	1000,1 	0
1978    	-22.27, -6.94, -10.90 	-0.14, 20.38, -6.97 	0.00, 20.00 	10,49,57,839		5.18,8.42	1000,1 	0
1987    	-22.23, -6.88, -10.90 	-0.12, 20.45, -6.93 	0.00, 20.00 	10,49,57,849		7.61,7.78	1000,1 	0
1996    	-22.18, -6.87, -10.90 	-0.06, 20.49, -6.90 	0.00, 20.00 	10,49,57,859		5.68,8.34	1000,1 	0
2004    	-22.12, -6.86, -10.91 	-0.03, 20.50, -6.89 	0.00, 20.00 	10,49,57,868		8.85,3.73	1000,1 	0
2013    	-22.10, -6.80, -10.89 	-0.04, 20.48, -6.86 	0.00, 20.00 	10,49,57,878		6.58,1.67	1000,1 	0
2022    	-22.07, -6.79, -10.89 	-0.06, 20.48, -6.86 	0.00, 20.00 	10,49,57,888		3.55,2.21	1000,1 	0
2030    	-22.03, -6.75, -10.90 	-0.07, 20.48, -6.85 	0.00, 20.00 	10,49,57,897		7.47,1.24	1000,1 	0
2039    	-21.95, -6.72, -10.91 	-0.07, 20.48, -6.85 	0.00, 20.00 	10,49,57,907		9.21,0.00	1000,1 	0
2048    	-21.91, -6.68, -10.94 	-0.07, 20.48, -6.85 	0.00, 20.00 	10,49,57,917		6.64,0.00	1000,1 	0
2056    	-21.85, -6.65, -10.94 	-0.07, 20.47, -6.85 	0.00, 20.00 	10,49,57,926		8.56,1.39	1000,1 	0
2065    	-21.82, -6.64, -10.93 	-0.06, 20.48, -6.85 	0.00, 20.00 	10,49,57,936		3.33,1.67	1000,1 	0
2074    	-21.77, -6.61, -10.92 	-0.07, 20.48, -6.86 	0.00, 20.00 	10,49,57,946		6.66,1.10	1000,1 	0
2082    	-21.73, -6.58, -10.92 	-0.07, 20.48, -6.85 	0.00, 20.00 	10,49,57,955		6.50,0.00	1000,1 	0
2091    	-21.68, -6.58, -10.89 	-0.08, 20.48, -6.85 	0.00, 20.00 	10,49,57,965		5.55,1.10	1000,1 	0
2100    	-21.69, -6.50, -10.89 	-0.08, 20.48, -6.86 	0.00, 20.00 	10,49,57,975		8.77,0.00	1000,1 	0
2109    	-21.64, -6.43, -10.92 	-0.09, 20.46, -6.86 	0.00, 20.00 	10,49,57,985		9.26,2.73	1000,1 	0
2117    	-21.62, -6.40, -10.93 	-0.10, 20.47, -6.85 	0.00, 20.00 	10,49,57,994		4.86,1.85	1000,1 	0
2126    	-21.58, -6.36, -10.94 	-0.10, 20.47, -6.85 	0.00, 20.00 	10,49,58,4		5.78,0.00	1000,1 	0
2135    	-21.57, -6.33, -10.93 	-0.08, 20.48, -6.85 	0.00, 20.00 	10,49,58,14		3.88,2.55	1000,1 	0
2143    	-21.59, -6.32, -10.91 	-0.08, 20.48, -6.85 	0.00, 20.00 	10,49,58,23		2.87,0.00	1000,1 	0
2152    	-21.57, -6.34, -10.89 	-0.07, 20.47, -6.84 	0.00, 20.00 	10,49,58,33		3.34,1.64	1000,1 	0
2161    	-21.58, -6.35, -10.89 	-0.06, 20.47, -6.84 	0.00, 20.00 	10,49,58,43		1.66,1.10	1000,1 	0
2170    	-21.60, -6.33, -10.89 	-0.06, 20.47, -6.84 	0.00, 20.00 	10,49,58,53		3.34,0.00	1000,1 	0
2178    	-21.56, -6.36, -10.89 	-0.06, 20.47, -6.84 	0.00, 20.00 	10,49,58,62		6.54,0.00	1000,1 	0
2187    	-21.58, -6.33, -10.89 	-0.06, 20.47, -6.85 	0.00, 20.00 	10,49,58,72		4.35,0.00	1000,1 	0
2195    	-21.58, -6.33, -10.89 	-0.06, 20.46, -6.84 	0.00, 20.00 	10,49,58,81		0.00,1.39	1000,1 	0
2204    	-21.58, -6.33, -10.89 	-0.07, 20.47, -6.84 	0.00, 20.00 	10,49,58,91		0.00,1.64	1000,1 	0
2213    	-21.59, -6.32, -10.88 	-0.06, 20.47, -6.84 	0.00, 20.00 	10,49,58,101		1.67,1.10	1000,1 	0
2221    	-21.54, -6.33, -10.87 	-0.06, 20.46, -6.84 	0.00, 20.00 	10,49,58,110		6.41,1.39	1000,1 	0
2230    	-21.55, -6.31, -10.87 	-0.06, 20.47, -6.85 	0.00, 20.00 	10,49,58,120		2.73,1.24	1000,1 	0
2239    	-21.57, -6.30, -10.87 	-0.06, 20.48, -6.85 	0.00, 20.00 	10,49,58,130		2.55,1.24	1000,1 	0
2247    	-21.58, -6.31, -10.87 	-0.06, 20.47, -6.85 	0.00, 20.00 	10,49,58,139		1.87,1.39	1000,1 	0
2256    	-21.57, -6.31, -10.86 	-0.07, 20.47, -6.84 	0.00, 20.00 	10,49,58,149		1.11,1.10	1000,1 	0
2265    	-21.59, -6.31, -10.85 	-0.07, 20.48, -6.84 	0.00, 20.00 	10,49,58,159		2.22,1.24	1000,1 	0
2274    	-21.59, -6.31, -10.84 	-0.07, 20.47, -6.83 	0.00, 20.00 	10,49,58,169		0.00,1.24	1000,1 	0
2282    	-21.61, -6.31, -10.83 	-0.07, 20.47, -6.84 	0.00, 20.00 	10,49,58,178		2.50,0.00	1000,1 	0
2291    	-21.60, -6.30, -10.82 	-0.07, 20.47, -6.84 	0.00, 20.00 	10,49,58,188		1.66,0.00	1000,1 	0
2300    	-21.56, -6.31, -10.83 	-0.07, 20.46, -6.84 	0.00, 20.00 	10,49,58,198		4.62,1.24	1000,1 	0
2309    	-21.55, -6.30, -10.83 	-0.06, 20.48, -6.84 	0.00, -0.00 	10,49,58,217		1.87,3.07	1000,1 	0
2318    	-21.58, -6.27, -10.83 	-0.06, 20.49, -6.85 	0.00, -0.00 	10,49,58,227		3.01,1.11	1000,1 	0
2326    	-21.55, -6.27, -10.83 	-0.07, 20.49, -6.85 	0.00, -0.00 	10,49,58,236		3.33,1.10	1000,1 	0
2335    	-21.56, -6.25, -10.83 	-0.07, 20.49, -6.85 	0.00, -0.00 	10,49,58,246		2.45,0.00	1000,1 	0
2344    	-21.56, -6.26, -10.82 	-0.07, 20.51, -6.85 	0.00, -0.00 	10,49,58,256		1.12,1.11	1000,1 	0
2352    	-21.56, -6.26, -10.81 	-0.07, 20.51, -6.85 	0.00, -0.00 	10,49,58,265		0.00,0.00	1000,1 	0
2361    	-21.56, -6.26, -10.80 	-0.07, 20.51, -6.85 	0.00, -0.00 	10,49,58,275		0.00,0.00	1000,1 	0
2370    	-21.59, -6.24, -10.81 	-0.08, 20.51, -6.85 	0.00, -0.00 	10,49,58,285		3.75,0.99	1000,1 	0
2378    	-21.58, -6.25, -10.81 	-0.07, 20.49, -6.85 	0.00, -0.00 	10,49,58,294		1.67,1.64	1000,1 	0
2387    	-21.60, -6.23, -10.81 	-0.07, 20.51, -6.85 	0.00, -0.00 	10,49,58,304		3.01,1.11	1000,1 	0
2396    	-21.59, -6.26, -10.80 	-0.07, 20.49, -6.85 	0.00, -0.00 	10,49,58,314		3.50,1.11	1000,1 	0
2404    	-21.60, -6.24, -10.79 	-0.08, 20.49, -6.85 	0.00, -0.00 	10,49,58,323		2.73,1.10	1000,1 	0
2413    	-21.61, -6.25, -10.80 	-0.07, 20.51, -6.85 	0.00, -0.00 	10,49,58,333		1.36,1.37	1000,1 	0
2422    	-21.60, -6.23, -10.79 	-0.08, 20.51, -6.85 	0.00, -0.00 	10,49,58,343		2.44,0.99	1000,1 	0
2431    	-21.60, -6.21, -10.80 	-0.07, 20.49, -6.85 	0.00, -0.00 	10,49,58,353		2.48,1.64	1000,1 	0
2439    	-21.60, -6.21, -10.80 	-0.08, 20.51, -6.85 	0.00, -0.00 	10,49,58,362		0.00,1.64	1000,1 	0
2448    	-21.58, -6.21, -10.81 	-0.07, 20.49, -6.85 	0.00, -0.00 	10,49,58,372		2.00,1.48	1000,1 	0
2457    	-21.60, -6.18, -10.81 	-0.07, 20.49, -6.85 	0.00, -0.00 	10,49,58,382		3.34,0.00	1000,1 	0
2465    	-21.58, -6.20, -10.81 	-0.07, 20.49, -6.85 	0.00, -0.00 	10,49,58,391		2.55,0.00	1000,1 	0
2474    	-21.57, -6.15, -10.81 	-0.07, 20.49, -6.85 	0.00, -0.00 	10,49,58,401		4.57,0.00	1000,1 	0
2483    	-21.54, -6.18, -10.80 	-0.07, 20.49, -6.84 	0.00, -0.00 	10,49,58,411		4.51,0.00	1000,1 	0
2491    	-21.52, -6.17, -10.81 	-0.08, 20.48, -6.84 	0.00, -0.00 	10,49,58,420		2.54,1.67	1000,1 	0
2500    	-21.49, -6.17, -10.82 	-0.07, 20.49, -6.85 	0.00, -0.00 	10,49,58,430		3.00,1.50	1000,1 	0
2509    	-21.51, -6.15, -10.82 	-0.07, 20.48, -6.85 	0.00, -0.00 	10,49,58,440		3.01,1.11	1000,1 	0
2517    	-21.53, -6.16, -10.80 	-0.08, 20.48, -6.85 	0.00, -0.00 	10,49,58,449		2.54,1.10	1000,1 	0
2526    	-21.53, -6.15, -10.80 	-0.09, 20.48, -6.84 	0.00, -0.00 	10,49,58,459		1.12,0.99	1000,1 	0
2535    	-21.56, -6.11, -10.80 	-0.10, 20.47, -6.83 	0.00, -0.00 	10,49,58,469		5.40,1.50	1000,1 	0
2543    	-21.58, -6.14, -10.78 	-0.10, 20.45, -6.82 	0.00, -0.00 	10,49,58,478		4.32,2.47	1000,1 	0
2552    	-21.62, -6.12, -10.76 	-0.08, 20.43, -6.81 	0.00, -0.00 	10,49,58,488		4.59,2.96	1000,1 	0
2561    	-21.63, -6.12, -10.75 	-0.05, 20.36, -6.81 	0.00, -0.00 	10,49,58,498		1.00,7.27	1000,1 	0
2569    	-21.64, -6.14, -10.75 	0.16, 20.01, -6.86 	0.00, -0.00 	10,49,58,507		2.71,46.10	1000,1 	0
2578    	-21.66, -6.16, -10.74 	0.45, 19.58, -6.99 	0.00, -0.00 	10,49,58,517		2.72,47.02	1000,1 	0
2587    	-21.67, -6.19, -10.73 	0.63, 19.29, -7.10 	0.00, -0.00 	10,49,58,527		2.44,33.78	1000,1 	0
2595    	-21.69, -6.16, -10.75 	0.81, 18.96, -7.19 	0.00, -0.00 	10,49,58,536		3.34,41.81	1000,1 	0
2604    	-21.70, -6.22, -10.74 	0.95, 18.57, -7.26 	0.00, -0.00 	10,49,58,546		5.67,41.49	1000,1 	0
2613    	-21.75, -6.25, -10.73 	1.10, 18.15, -7.34 	0.00, -0.00 	10,49,58,556		6.00,44.62	1000,1 	0
2622    	-21.83, -6.40, -10.68 	1.23, 17.67, -7.42 	0.00, -0.00 	10,49,58,566		18.92,54.86	1000,1 	0
2630    	-21.94, -6.53, -10.64 	1.35, 17.17, -7.50 	0.00, -0.00 	10,49,58,575		19.20,57.00	1000,1 	0
2639    	-22.12, -6.75, -10.60 	1.49, 16.64, -7.58 	0.00, -0.00 	10,49,58,585		27.73,55.24	1000,1 	0
2648    	-22.35, -6.99, -10.56 	1.63, 16.04, -7.64 	0.00, -0.00 	10,49,58,595		37.15,68.31	1000,1 	0
2656    	-22.62, -7.24, -10.49 	1.73, 15.41, -7.70 	0.00, -0.00 	10,49,58,604		41.26,71.18	1000,1 	0
2665    	-22.93, -7.50, -10.42 	1.86, 14.79, -7.77 	0.00, -0.00 	10,49,58,614		40.88,63.65	1000,1 	0
2674    	-23.19, -7.73, -10.39 	1.96, 14.15, -7.82 	0.00, -0.00 	10,49,58,624		34.15,64.06	1000,1 	0
2682    	-23.39, -7.93, -10.39 	2.05, 13.50, -7.88 	0.00, -0.00 	10,49,58,633		31.39,73.49	1000,1 	0
2691    	-23.56, -8.07, -10.43 	2.12, 12.84, -7.95 	0.00, -0.00 	10,49,58,643		22.36,66.03	1000,1 	0
2700    	-23.74, -8.25, -10.43 	2.21, 12.21, -8.01 	0.00, -0.00 	10,49,58,653		25.27,63.93	1000,1 	0
2708    	-23.95, -8.39, -10.42 	2.20, 11.53, -8.07 	0.00, -0.00 	10,49,58,662		27.58,75.47	1000,1 	0
2717    	-24.10, -8.54, -10.38 	2.14, 10.85, -8.12 	0.00, -0.00 	10,49,58,672		21.59,68.17	1000,1 	0
2726    	-24.23, -8.70, -10.34 	2.07, 10.16, -8.14 	0.00, -0.00 	10,49,58,682		20.91,69.48	1000,1 	0
2735    	-24.41, -8.89, -10.27 	2.11, 9.49, -8.19 	0.00, -0.00 	10,49,58,692		28.96,74.27	1000,1 	0
2743    	-24.62, -9.08, -10.23 	2.15, 8.87, -8.24 	0.00, -0.00 	10,49,58,701		31.34,69.33	1000,1 	0
2752    	-24.78, -9.28, -10.19 	2.16, 8.24, -8.28 	0.00, -0.00 	10,49,58,711		25.39,62.34	1000,1 	0
2760    	-24.96, -9.49, -10.16 	2.13, 7.57, -8.29 	0.00, -0.00 	10,49,58,720		30.81,75.58	1000,1 	0
2771    	-25.13, -9.76, -10.12 	2.06, 6.94, -8.31 	0.00, -0.00 	10,49,58,731		31.64,62.84	1000,1 	0
2779    	-25.35, -10.09, -10.02 	2.02, 6.36, -8.39 	0.00, -0.00 	10,49,58,740		49.49,72.61	1000,1 	0
2787    	-25.54, -10.46, -9.94 	1.90, 5.81, -8.44 	0.00, -0.00 	10,49,58,749		52.26,70.03	1000,1 	0
2796    	-25.67, -10.93, -9.80 	1.81, 5.29, -8.46 	0.00, -0.00 	10,49,58,759		53.99,58.94	1000,1 	0
2805    	-25.75, -11.54, -9.64 	1.63, 4.84, -8.46 	0.00, -0.00 	10,49,58,769		68.92,53.63	1000,1 	0
2814    	-25.78, -12.10, -9.57 	1.52, 4.49, -8.50 	0.00, -0.00 	10,49,58,779		69.95,46.79	1000,1 	0
2822    	-25.80, -12.59, -9.62 	1.40, 4.05, -8.47 	0.00, -0.00 	10,49,58,788		61.52,56.52	1000,1 	0
2831    	-25.91, -13.10, -9.67 	1.32, 3.68, -8.43 	0.00, -0.00 	10,49,58,798		57.33,41.90	1000,1 	0
2840    	-26.11, -13.57, -9.60 	1.17, 3.29, -8.37 	0.00, -0.00 	10,49,58,808		56.96,46.61	1000,1 	0
2848    	-26.24, -14.08, -9.50 	1.07, 2.94, -8.29 	0.00, -0.00 	10,49,58,817		66.45,45.09	1000,1 	0
2857    	-26.42, -14.42, -9.42 	1.04, 2.65, -8.26 	0.00, -0.00 	10,49,58,827		42.14,32.38	1000,1 	0
2866    	-26.61, -14.74, -9.29 	0.89, 2.40, -8.19 	0.00, -0.00 	10,49,58,837		42.16,33.16	1000,1 	0
2874    	-26.75, -15.05, -9.18 	0.77, 2.14, -8.13 	0.00, -0.00 	10,49,58,846		41.45,35.53	1000,1 	0
2883    	-26.81, -15.39, -9.04 	0.63, 1.91, -8.03 	0.00, -0.00 	10,49,58,856		39.20,29.39	1000,1 	0
2892    	-26.90, -15.67, -8.93 	0.57, 1.69, -7.95 	0.00, -0.00 	10,49,58,866		32.53,25.72	1000,1 	0
