#Time 	Sensor1         Sensor2         Target          Time            Vel             
#================================================================

14      	-25.55, -19.98, -8.36 	0.31, -0.44, -6.46 	0.00, 30.00 	10,47,13,950		0.00,0.00	0,0 	0
18      	-25.52, -19.95, -8.36 	0.28, -0.44, -6.46 	0.00, 30.00 	10,47,13,959		11.20,7.46	0,0 	0
27      	-25.51, -19.96, -8.36 	0.26, -0.47, -6.45 	0.00, 30.00 	10,47,13,969		1.67,4.35	0,0 	0
36      	-25.51, -19.96, -8.36 	0.26, -0.46, -6.46 	0.00, 30.00 	10,47,13,979		0.00,1.24	0,0 	0
44      	-25.53, -19.96, -8.37 	0.28, -0.45, -6.46 	0.00, 30.00 	10,47,13,988		2.50,2.87	0,0 	0
53      	-25.49, -19.98, -8.37 	0.28, -0.45, -6.45 	0.00, 30.00 	10,47,13,998		5.10,0.00	0,0 	0
62      	-25.49, -19.98, -8.37 	0.29, -0.45, -6.46 	0.00, 30.00 	10,47,14,8		0.00,1.10	0,0 	0
70      	-25.49, -19.96, -8.37 	0.29, -0.44, -6.46 	0.00, 30.00 	10,47,14,17		2.79,1.39	0,0 	0
79      	-25.48, -19.97, -8.37 	0.28, -0.44, -6.46 	0.00, 30.00 	10,47,14,27		1.67,1.10	0,0 	0
88      	-25.50, -19.97, -8.38 	0.28, -0.44, -6.46 	0.00, 30.00 	10,47,14,37		2.22,0.00	0,0 	0
96      	-25.50, -19.97, -8.38 	0.30, -0.43, -6.47 	0.00, 30.00 	10,47,14,46		0.00,2.87	0,0 	0
105     	-25.49, -19.94, -8.40 	0.30, -0.43, -6.47 	0.00, 30.00 	10,47,14,56		3.88,0.00	0,0 	0
114     	-25.49, -19.94, -8.40 	0.30, -0.45, -6.46 	0.00, 30.00 	10,47,14,66		0.00,2.47	0,0 	0
122     	-25.48, -19.93, -8.40 	0.30, -0.45, -6.46 	0.00, 30.00 	10,47,14,75		1.87,0.00	0,0 	0
132     	-25.51, -19.93, -8.40 	0.31, -0.46, -6.46 	0.00, 30.00 	10,47,14,86		3.00,1.48	0,0 	0
140     	-25.50, -19.91, -8.40 	0.31, -0.46, -6.46 	0.00, 30.00 	10,47,14,95		3.05,0.00	0,0 	0
149     	-25.45, -19.93, -8.40 	0.31, -0.45, -6.46 	0.00, 30.00 	10,47,14,105		6.10,1.24	0,0 	0
157     	-25.45, -19.90, -8.40 	0.28, -0.44, -6.46 	0.00, 30.00 	10,47,14,114		2.79,3.96	0,0 	0
166     	-25.48, -19.92, -8.37 	0.29, -0.43, -6.45 	0.00, 30.00 	10,47,14,124		3.55,1.67	0,0 	0
175     	-25.52, -19.91, -8.38 	0.29, -0.43, -6.46 	0.00, 30.00 	10,47,14,134		4.62,0.00	0,0 	0
183     	-25.52, -19.94, -8.35 	0.29, -0.43, -6.48 	0.00, 30.00 	10,47,14,143		4.19,0.00	0,0 	0
192     	-25.55, -19.92, -8.35 	0.29, -0.43, -6.48 	0.00, 30.00 	10,47,14,153		4.17,0.00	0,0 	0
201     	-25.56, -19.93, -8.33 	0.30, -0.43, -6.47 	0.00, 30.00 	10,47,14,163		1.66,1.10	0,0 	0
209     	-25.56, -19.93, -8.33 	0.30, -0.43, -6.47 	0.00, 30.00 	10,47,14,172		0.00,0.00	0,0 	0
218     	-25.54, -19.95, -8.32 	0.30, -0.43, -6.47 	0.00, 30.00 	10,47,14,182		3.34,0.00	0,0 	0
227     	-25.56, -19.95, -8.33 	0.31, -0.42, -6.47 	0.00, 30.00 	10,47,14,192		2.22,1.67	0,0 	0
235     	-25.56, -19.95, -8.33 	0.31, -0.43, -6.46 	0.00, 30.00 	10,47,14,201		0.00,1.39	0,0 	0
244     	-25.58, -19.96, -8.33 	0.31, -0.43, -6.46 	0.00, 30.00 	10,47,14,211		2.54,0.00	0,0 	0
253     	-25.59, -19.97, -8.31 	0.33, -0.42, -6.46 	0.00, 30.00 	10,47,14,221		1.66,2.55	0,0 	0
261     	-25.58, -19.96, -8.31 	0.33, -0.40, -6.46 	0.00, 30.00 	10,47,14,230		1.87,1.39	0,0 	0
270     	-25.58, -19.96, -8.31 	0.32, -0.42, -6.45 	0.00, 30.00 	10,47,14,240		0.00,1.67	0,0 	0
279     	-25.57, -19.96, -8.31 	0.32, -0.42, -6.45 	0.00, 30.00 	10,47,14,250		1.11,0.00	0,0 	0
287     	-25.57, -19.96, -8.31 	0.33, -0.39, -6.46 	0.00, 30.00 	10,47,14,259		0.00,3.07	0,0 	0
296     	-25.50, -19.97, -8.31 	0.33, -0.39, -6.46 	0.00, 30.00 	10,47,14,269		7.88,0.00	0,0 	0
305     	-25.50, -19.99, -8.31 	0.29, -0.42, -6.46 	0.00, 30.00 	10,47,14,279		2.48,5.10	0,0 	0
313     	-25.50, -19.99, -8.31 	0.29, -0.42, -6.46 	0.00, 30.00 	10,47,14,288		0.00,0.00	0,0 	0
323     	-25.50, -19.99, -8.31 	0.29, -0.42, -6.46 	0.00, 30.00 	10,47,14,299		0.00,0.00	0,0 	0
331     	-25.54, -19.97, -8.28 	0.29, -0.43, -6.44 	0.00, 30.00 	10,47,14,308		5.74,1.39	0,0 	0
340     	-25.56, -19.97, -8.28 	0.31, -0.42, -6.46 	0.00, 30.00 	10,47,14,318		2.22,2.55	0,0 	0
348     	-25.56, -19.96, -8.28 	0.32, -0.43, -6.46 	0.00, 30.00 	10,47,14,327		1.40,1.85	0,0 	0
357     	-25.56, -19.96, -8.28 	0.32, -0.43, -6.46 	0.00, 30.00 	10,47,14,337		0.00,0.00	0,0 	0
366     	-25.56, -19.95, -8.26 	0.33, -0.40, -6.47 	0.00, 30.00 	10,47,14,347		1.24,2.73	0,0 	0
374     	-25.57, -19.96, -8.26 	0.33, -0.42, -6.46 	0.00, 30.00 	10,47,14,356		1.87,1.39	0,0 	0
383     	-25.57, -19.96, -8.27 	0.33, -0.42, -6.46 	0.00, 30.00 	10,47,14,366		0.00,0.00	0,0 	0
392     	-25.57, -19.97, -8.25 	0.33, -0.43, -6.46 	0.00, 30.00 	10,47,14,376		1.24,1.24	0,0 	0
400     	-25.56, -19.97, -8.25 	0.34, -0.43, -6.46 	0.00, 30.00 	10,47,14,385		1.25,1.24	0,0 	0
409     	-25.57, -20.00, -8.24 	0.30, -0.44, -6.46 	0.00, 30.00 	10,47,14,395		2.71,4.61	0,0 	0
418     	-25.52, -19.98, -8.24 	0.32, -0.45, -6.46 	0.00, 30.00 	10,47,14,405		5.68,2.51	0,0 	0
426     	-25.52, -19.99, -8.24 	0.32, -0.44, -6.46 	0.00, 30.00 	10,47,14,414		1.40,1.39	0,0 	0
435     	-25.52, -19.96, -8.24 	0.33, -0.43, -6.45 	0.00, 30.00 	10,47,14,424		3.72,1.67	0,0 	0
444     	-25.52, -19.96, -8.24 	0.33, -0.43, -6.45 	0.00, 30.00 	10,47,14,434		0.00,0.00	0,0 	0
452     	-25.56, -19.96, -8.23 	0.34, -0.43, -6.46 	0.00, 30.00 	10,47,14,443		5.00,1.24	0,0 	0
461     	-25.61, -19.94, -8.23 	0.34, -0.43, -6.47 	0.00, 30.00 	10,47,14,453		6.10,0.00	0,0 	0
470     	-25.61, -19.94, -8.23 	0.34, -0.43, -6.47 	0.00, 30.00 	10,47,14,463		0.00,0.00	0,0 	0
478     	-25.63, -19.94, -8.23 	0.34, -0.43, -6.46 	0.00, 30.00 	10,47,14,472		2.50,0.00	0,0 	0
487     	-25.63, -19.94, -8.23 	0.34, -0.43, -6.46 	0.00, 30.00 	10,47,14,482		0.00,0.00	0,0 	0
496     	-25.63, -19.93, -8.21 	0.35, -0.44, -6.46 	0.00, 30.00 	10,47,14,492		1.24,1.64	0,0 	0
504     	-25.64, -19.92, -8.23 	0.34, -0.44, -6.46 	0.00, 30.00 	10,47,14,501		1.88,1.24	0,0 	0
514     	-25.63, -19.93, -8.23 	0.34, -0.44, -6.46 	0.00, 30.00 	10,47,14,512		1.50,0.00	0,0 	0
522     	-25.63, -19.93, -8.23 	0.34, -0.45, -6.46 	0.00, 30.00 	10,47,14,521		0.00,1.39	0,0 	0
531     	-25.63, -19.93, -8.23 	0.36, -0.45, -6.47 	0.00, 30.00 	10,47,14,531		0.00,2.21	0,0 	0
539     	-25.62, -19.94, -8.23 	0.36, -0.43, -6.48 	0.00, 30.00 	10,47,14,540		1.88,2.78	0,0 	0
548     	-25.66, -19.93, -8.23 	0.32, -0.45, -6.47 	0.00, 30.00 	10,47,14,550		4.62,5.10	0,0 	0
557     	-25.67, -19.94, -8.23 	0.34, -0.44, -6.47 	0.00, 30.00 	10,47,14,560		1.66,2.55	0,0 	0
565     	-25.62, -19.93, -8.25 	0.33, -0.45, -6.46 	0.00, 30.00 	10,47,14,569		6.39,1.88	0,0 	0
574     	-25.62, -19.93, -8.24 	0.33, -0.44, -6.47 	0.00, 30.00 	10,47,14,579		0.00,1.24	0,0 	0
583     	-25.62, -19.94, -8.24 	0.34, -0.44, -6.47 	0.00, 30.00 	10,47,14,589		1.24,1.10	0,0 	0
591     	-25.61, -19.95, -8.24 	0.34, -0.45, -6.46 	0.00, 30.00 	10,47,14,598		1.88,1.39	0,0 	0
600     	-25.61, -19.97, -8.21 	0.34, -0.44, -6.46 	0.00, 30.00 	10,47,14,608		2.48,1.24	0,0 	0
609     	-25.61, -19.97, -8.21 	0.36, -0.44, -6.46 	0.00, 30.00 	10,47,14,618		0.00,2.21	0,0 	0
617     	-25.65, -19.99, -8.21 	0.36, -0.44, -6.46 	0.00, 30.00 	10,47,14,627		5.18,0.00	0,0 	0
626     	-25.65, -19.96, -8.21 	0.38, -0.42, -6.48 	0.00, 30.00 	10,47,14,637		2.48,3.34	0,0 	0
635     	-25.65, -19.96, -8.21 	0.37, -0.44, -6.47 	0.00, 30.00 	10,47,14,647		0.00,2.73	0,0 	0
643     	-25.64, -19.97, -8.20 	0.37, -0.46, -6.47 	0.00, 30.00 	10,47,14,656		1.88,2.78	0,0 	0
652     	-25.64, -19.98, -8.20 	0.33, -0.47, -6.46 	0.00, 30.00 	10,47,14,666		1.24,4.61	0,0 	0
661     	-25.67, -19.97, -8.20 	0.33, -0.47, -6.47 	0.00, 30.00 	10,47,14,676		3.56,0.00	0,0 	0
669     	-25.67, -19.97, -8.20 	0.31, -0.45, -6.46 	0.00, 30.00 	10,47,14,685		0.00,3.70	0,0 	0
678     	-25.67, -19.96, -8.20 	0.31, -0.44, -6.48 	0.00, 30.00 	10,47,14,695		1.24,1.24	0,0 	0
687     	-25.67, -19.97, -8.20 	0.31, -0.45, -6.46 	0.00, 30.00 	10,47,14,705		1.24,1.24	0,0 	0
695     	-25.67, -19.97, -8.20 	0.33, -0.46, -6.46 	0.00, 30.00 	10,47,14,714		0.00,2.83	0,0 	0
704     	-25.67, -19.97, -8.20 	0.33, -0.44, -6.45 	0.00, 30.00 	10,47,14,724		0.00,2.47	0,0 	0
713     	-25.70, -19.97, -8.18 	0.34, -0.44, -6.46 	0.00, 30.00 	10,47,14,734		3.33,1.10	0,0 	0
722     	-25.70, -19.97, -8.18 	0.34, -0.44, -6.46 	0.00, 30.00 	10,47,14,744		0.00,0.00	0,0 	0
730     	-25.70, -19.97, -8.17 	0.34, -0.44, -6.46 	0.00, 30.00 	10,47,14,753		0.00,0.00	0,0 	0
739     	-25.70, -19.96, -8.19 	0.35, -0.45, -6.45 	0.00, 30.00 	10,47,14,763		1.24,1.64	0,0 	0
748     	-25.70, -19.96, -8.19 	0.35, -0.45, -6.45 	0.00, 30.00 	10,47,14,773		0.00,0.00	0,0 	0
756     	-25.70, -19.96, -8.20 	0.36, -0.44, -6.45 	0.00, 30.00 	10,47,14,782		0.00,1.88	0,0 	0
765     	-25.70, -19.96, -8.19 	0.36, -0.44, -6.45 	0.00, 30.00 	10,47,14,792		0.00,0.00	0,0 	0
774     	-25.71, -19.96, -8.21 	0.37, -0.43, -6.46 	0.00, 30.00 	10,47,14,802		1.11,1.67	0,0 	0
782     	-25.72, -19.96, -8.20 	0.36, -0.43, -6.46 	0.00, 30.00 	10,47,14,811		1.25,1.24	0,0 	0
791     	-25.72, -19.95, -8.21 	0.36, -0.43, -6.46 	0.00, 30.00 	10,47,14,821		1.24,0.00	0,0 	0
800     	-25.72, -19.94, -8.21 	0.36, -0.42, -6.47 	0.00, 30.00 	10,47,14,831		1.24,1.24	0,0 	0
808     	-25.77, -19.93, -8.21 	0.37, -0.40, -6.48 	0.00, 30.00 	10,47,14,840		6.41,1.88	0,0 	0
817     	-25.73, -19.94, -8.20 	0.39, -0.43, -6.48 	0.00, 30.00 	10,47,14,850		4.62,3.29	0,0 	0
826     	-25.76, -19.93, -8.19 	0.40, -0.44, -6.49 	0.00, 30.00 	10,47,14,860		3.56,1.64	0,0 	0
834     	-25.76, -19.94, -8.18 	0.37, -0.40, -6.48 	0.00, 30.00 	10,47,14,869		1.40,5.55	0,0 	0
843     	-25.75, -19.94, -8.20 	0.34, -0.43, -6.47 	0.00, 30.00 	10,47,14,879		1.11,4.17	0,0 	0
852     	-25.76, -19.93, -8.22 	0.34, -0.44, -6.46 	0.00, 30.00 	10,47,14,889		1.67,1.24	0,0 	0
860     	-25.75, -19.91, -8.22 	0.33, -0.40, -6.48 	0.00, 30.00 	10,47,14,898		3.05,4.34	0,0 	0
869     	-25.75, -19.89, -8.23 	0.33, -0.44, -6.46 	0.00, 30.00 	10,47,14,908		2.48,3.71	0,0 	0
878     	-25.75, -19.85, -8.23 	0.37, -0.45, -6.46 	0.00, 30.00 	10,47,14,918		3.72,4.57	0,0 	0
887     	-25.75, -19.84, -8.25 	0.33, -0.43, -6.47 	0.00, 30.00 	10,47,14,928		1.24,5.03	0,0 	0
896     	-25.76, -19.84, -8.24 	0.34, -0.43, -6.46 	0.00, 30.00 	10,47,14,938		1.11,1.10	0,0 	0
904     	-25.75, -19.87, -8.23 	0.34, -0.40, -6.46 	0.00, 30.00 	10,47,14,947		4.38,2.78	0,0 	0
913     	-25.75, -19.86, -8.24 	0.38, -0.42, -6.46 	0.00, 30.00 	10,47,14,957		1.24,4.57	0,0 	0
922     	-25.76, -19.87, -8.24 	0.37, -0.43, -6.48 	0.00, 30.00 	10,47,14,967		1.66,1.67	0,0 	0
930     	-25.76, -19.86, -8.26 	0.38, -0.40, -6.47 	0.00, 30.00 	10,47,14,976		1.40,3.07	0,0 	0
939     	-25.75, -19.85, -8.28 	0.37, -0.40, -6.47 	0.00, 30.00 	10,47,14,986		1.66,1.10	0,0 	0
947     	-25.71, -19.86, -8.28 	0.37, -0.39, -6.47 	0.00, 30.00 	10,47,14,995		5.20,1.39	0,0 	0
956     	-25.71, -19.84, -8.30 	0.36, -0.39, -6.49 	0.00, 30.00 	10,47,15,5		2.48,1.10	0,0 	0
965     	-25.69, -19.84, -8.30 	0.38, -0.42, -6.48 	0.00, 30.00 	10,47,15,15		2.22,3.29	0,0 	0
973     	-25.69, -19.83, -8.30 	0.38, -0.42, -6.48 	0.00, 30.00 	10,47,15,24		1.40,0.00	0,0 	0
982     	-25.69, -19.82, -8.31 	0.39, -0.44, -6.48 	0.00, 30.00 	10,47,15,34		1.24,2.69	0,0 	0
991     	-25.69, -19.83, -8.31 	0.38, -0.43, -6.48 	0.00, 30.00 	10,47,15,44		1.24,1.64	0,0 	0
999     	-25.68, -19.82, -8.31 	0.38, -0.43, -6.48 	0.00, 30.00 	10,47,15,53		1.87,0.00	0,0 	0
1008    	-25.70, -19.82, -8.30 	0.38, -0.43, -6.48 	0.00, 30.00 	10,47,15,63		2.22,0.00	1000,1 	0
1017    	-25.71, -19.82, -8.31 	0.37, -0.39, -6.48 	0.00, 30.00 	10,47,15,73		1.11,3.85	1000,1 	0
1025    	-25.70, -19.80, -8.31 	0.36, -0.40, -6.48 	0.00, 30.00 	10,47,15,82		3.05,1.88	1000,1 	0
1034    	-25.72, -19.78, -8.31 	0.36, -0.40, -6.47 	0.00, 30.00 	10,47,15,92		2.55,0.00	1000,1 	0
1043    	-25.75, -19.78, -8.31 	0.37, -0.40, -6.47 	0.00, 30.00 	10,47,15,102		3.33,1.10	1000,1 	0
1051    	-25.75, -19.76, -8.32 	0.38, -0.40, -6.47 	0.00, 30.00 	10,47,15,111		2.79,1.24	1000,1 	0
1060    	-25.76, -19.76, -8.31 	0.38, -0.42, -6.47 	0.00, 30.00 	10,47,15,121		1.11,1.24	1000,1 	0
1069    	-25.76, -19.75, -8.33 	0.39, -0.40, -6.46 	0.00, 30.00 	10,47,15,131		1.24,1.67	1000,1 	0
1078    	-25.69, -19.74, -8.35 	0.38, -0.39, -6.47 	0.00, 30.00 	10,47,15,141		7.86,1.64	1000,1 	0
1086    	-25.69, -19.74, -8.35 	0.38, -0.42, -6.47 	0.00, 30.00 	10,47,15,150		0.00,2.78	1000,1 	0
1095    	-25.69, -19.72, -8.36 	0.39, -0.40, -6.48 	0.00, 30.00 	10,47,15,160		2.48,1.67	1000,1 	0
1104    	-25.74, -19.70, -8.36 	0.40, -0.39, -6.47 	0.00, 30.00 	10,47,15,170		6.10,1.67	1000,1 	0
1112    	-25.72, -19.72, -8.36 	0.41, -0.41, -6.48 	0.00, 30.00 	10,47,15,179		3.76,3.03	1000,1 	0
1121    	-25.72, -19.72, -8.35 	0.37, -0.43, -6.47 	0.00, 30.00 	10,47,15,189		0.00,4.61	1000,1 	0
1130    	-25.69, -19.72, -8.36 	0.37, -0.40, -6.46 	0.00, 30.00 	10,47,15,199		3.33,2.47	1000,1 	0
1138    	-25.70, -19.68, -8.36 	0.36, -0.43, -6.46 	0.00, 30.00 	10,47,15,208		4.38,3.07	1000,1 	0
1147    	-25.67, -19.67, -8.37 	0.36, -0.40, -6.46 	0.00, 30.00 	10,47,15,218		3.55,2.47	1000,1 	0
1156    	-25.68, -19.64, -8.39 	0.37, -0.39, -6.47 	0.00, 30.00 	10,47,15,228		3.89,1.67	1000,1 	0
1164    	-25.68, -19.63, -8.41 	0.36, -0.42, -6.47 	0.00, 30.00 	10,47,15,237		1.40,3.07	1000,1 	0
1173    	-25.69, -19.65, -8.40 	0.36, -0.42, -6.46 	0.00, 30.00 	10,47,15,247		2.71,0.00	1000,1 	0
1182    	-25.68, -19.62, -8.42 	0.36, -0.40, -6.48 	0.00, 30.00 	10,47,15,257		3.88,1.24	1000,1 	0
1190    	-25.73, -19.59, -8.42 	0.37, -0.40, -6.46 	0.00, 30.00 	10,47,15,266		6.86,1.24	1000,1 	0
1199    	-25.73, -19.59, -8.42 	0.38, -0.42, -6.46 	0.00, 30.00 	10,47,15,276		0.00,1.64	1000,1 	0
1208    	-25.71, -19.59, -8.41 	0.40, -0.41, -6.46 	0.00, 30.00 	10,47,15,286		2.22,2.21	1000,1 	0
1216    	-25.74, -19.60, -8.40 	0.39, -0.43, -6.48 	0.00, 30.00 	10,47,15,295		3.75,1.88	1000,1 	0
1225    	-25.75, -19.58, -8.40 	0.39, -0.43, -6.46 	0.00, 30.00 	10,47,15,305		1.67,0.00	1000,1 	0
1234    	-25.80, -19.56, -8.40 	0.40, -0.41, -6.48 	0.00, 30.00 	10,47,15,315		6.10,1.67	1000,1 	0
1243    	-25.79, -19.60, -8.39 	0.34, -0.42, -6.47 	0.00, 30.00 	10,47,15,325		3.89,6.63	1000,1 	0
1251    	-25.78, -19.57, -8.39 	0.36, -0.42, -6.46 	0.00, 30.00 	10,47,15,334		3.05,2.49	1000,1 	0
1260    	-25.78, -19.57, -8.39 	0.37, -0.44, -6.45 	0.00, 30.00 	10,47,15,344		0.00,2.69	1000,1 	0
1268    	-25.78, -19.57, -8.39 	0.39, -0.40, -6.46 	0.00, 30.00 	10,47,15,353		0.00,4.89	1000,1 	0
1278    	-25.81, -19.55, -8.38 	0.38, -0.39, -6.46 	0.00, 30.00 	10,47,15,364		3.75,1.48	1000,1 	0
1286    	-25.80, -19.57, -8.38 	0.40, -0.41, -6.46 	0.00, 30.00 	10,47,15,373		3.07,3.70	1000,1 	0
1295    	-25.77, -19.53, -8.39 	0.40, -0.41, -6.47 	0.00, 30.00 	10,47,15,383		5.96,0.00	1000,1 	0
1303    	-25.80, -19.53, -8.41 	0.38, -0.40, -6.48 	0.00, 30.00 	10,47,15,392		3.75,2.83	1000,1 	0
1312    	-25.79, -19.51, -8.42 	0.36, -0.40, -6.47 	0.00, 30.00 	10,47,15,402		2.71,2.21	1000,1 	0
1321    	-25.80, -19.50, -8.42 	0.39, -0.40, -6.48 	0.00, 30.00 	10,47,15,412		1.67,3.31	1000,1 	0
1329    	-25.78, -19.49, -8.42 	0.38, -0.40, -6.47 	0.00, 30.00 	10,47,15,421		2.50,1.24	1000,1 	0
1338    	-25.78, -19.49, -8.41 	0.39, -0.42, -6.46 	0.00, 30.00 	10,47,15,431		0.00,1.64	1000,1 	0
1347    	-25.75, -19.48, -8.42 	0.38, -0.42, -6.48 	0.00, 30.00 	10,47,15,441		3.55,1.10	1000,1 	0
1355    	-25.78, -19.45, -8.43 	0.39, -0.39, -6.47 	0.00, 30.00 	10,47,15,450		5.64,3.07	1000,1 	0
1364    	-25.75, -19.45, -8.44 	0.43, -0.39, -6.46 	0.00, 30.00 	10,47,15,460		3.33,4.42	1000,1 	0
1373    	-25.79, -19.46, -8.44 	0.41, -0.38, -6.46 	0.00, 30.00 	10,47,15,470		4.60,2.51	1000,1 	0
1381    	-25.81, -19.43, -8.44 	0.39, -0.39, -6.45 	0.00, 30.00 	10,47,15,479		4.38,2.87	1000,1 	0
1390    	-25.81, -19.42, -8.46 	0.40, -0.40, -6.44 	0.00, 30.00 	10,47,15,488		1.24,1.64	1000,1 	0
1399    	-25.83, -19.37, -8.46 	0.38, -0.38, -6.45 	0.00, 30.00 	10,47,15,499		5.45,3.29	1000,1 	0
1407    	-25.84, -19.36, -8.48 	0.39, -0.34, -6.45 	0.00, 30.00 	10,47,15,508		1.88,5.72	1000,1 	0
1416    	-25.83, -19.33, -8.49 	0.31, -0.16, -6.49 	0.00, 30.00 	10,47,15,517		3.88,21.54	1000,1 	0
1425    	-25.86, -19.29, -8.49 	0.28, 0.26, -6.62 	0.00, 30.00 	10,47,15,527		5.01,47.06	1000,1 	0
1434    	-25.84, -19.18, -8.54 	0.21, 0.76, -6.80 	0.00, 30.00 	10,47,15,537		12.59,56.21	1000,1 	0
1442    	-25.83, -19.14, -8.54 	0.21, 1.20, -6.96 	0.00, 30.00 	10,47,15,546		5.71,54.27	1000,1 	0
1451    	-25.87, -18.99, -8.57 	0.13, 1.52, -7.08 	0.00, 30.00 	10,47,15,556		16.76,36.80	1000,1 	0
1460    	-25.91, -18.77, -8.62 	0.08, 1.81, -7.17 	0.00, 30.00 	10,47,15,566		25.07,32.54	1000,1 	0
1469    	-25.98, -18.49, -8.72 	0.06, 2.19, -7.30 	0.00, 30.00 	10,47,15,576		32.03,42.07	1000,1 	0
1477    	-26.00, -18.03, -8.85 	0.02, 2.95, -7.54 	0.00, 30.00 	10,47,15,585		57.26,96.11	1000,1 	0
1486    	-26.08, -17.55, -8.95 	-0.04, 4.43, -7.95 	0.00, 30.00 	10,47,15,595		53.98,164.53	1000,1 	0
1494    	-26.07, -17.03, -9.08 	-0.05, 5.27, -8.11 	0.00, 30.00 	10,47,15,604		65.62,104.35	1000,1 	0
1503    	-26.05, -16.44, -9.25 	-0.13, 6.08, -8.25 	0.00, 30.00 	10,47,15,614		65.84,90.58	1000,1 	0
1512    	-26.08, -15.73, -9.39 	-0.22, 6.92, -8.41 	0.00, 30.00 	10,47,15,624		78.20,94.36	1000,1 	0
1520    	-25.98, -15.08, -9.53 	-0.33, 7.71, -8.53 	0.00, 30.00 	10,47,15,633		82.04,99.67	1000,1 	0
1529    	-25.93, -14.46, -9.66 	-0.45, 8.52, -8.66 	0.00, 30.00 	10,47,15,643		69.77,91.04	1000,1 	0
1538    	-25.73, -13.95, -9.85 	-0.46, 9.31, -8.77 	0.00, 30.00 	10,47,15,653		60.37,87.81	1000,1 	0
1546    	-25.40, -13.48, -9.98 	-0.44, 10.15, -8.88 	0.00, 30.00 	10,47,15,662		71.45,104.39	1000,1 	0
1556    	-25.14, -12.89, -10.14 	-0.40, 11.00, -8.99 	0.00, 30.00 	10,47,15,673		64.89,84.76	1000,1 	0
1565    	-24.86, -12.36, -10.29 	-0.36, 11.91, -9.08 	0.00, 30.00 	10,47,15,682		66.44,101.59	1000,1 	0
1573    	-24.59, -11.91, -10.43 	-0.27, 12.81, -9.19 	0.00, 30.00 	10,47,15,691		65.69,113.31	1000,1 	0
1582    	-24.35, -11.45, -10.50 	-0.24, 13.67, -9.29 	0.00, 30.00 	10,47,15,701		57.80,95.35	1000,1 	0
1591    	-24.19, -11.01, -10.53 	-0.19, 14.52, -9.39 	0.00, 30.00 	10,47,15,711		51.83,94.25	1000,1 	0
1599    	-24.01, -10.52, -10.57 	-0.13, 15.42, -9.47 	0.00, 30.00 	10,47,15,721		65.27,112.98	1000,1 	0
1608    	-23.75, -9.94, -10.71 	-0.10, 16.33, -9.51 	0.00, 30.00 	10,47,15,730		70.97,101.53	1000,1 	0
1617    	-23.37, -9.27, -10.89 	-0.06, 17.29, -9.55 	0.00, 30.00 	10,47,15,740		84.82,106.53	1000,1 	0
1626    	-22.97, -8.52, -11.14 	-0.03, 18.25, -9.57 	0.00, 30.00 	10,47,15,750		95.06,106.43	1000,1 	0
1634    	-22.70, -7.94, -11.30 	-0.05, 19.19, -9.57 	0.00, 30.00 	10,47,15,759		80.37,118.26	1000,1 	0
1643    	-22.67, -7.54, -11.29 	-0.02, 20.14, -9.56 	0.00, 30.00 	10,47,15,769		44.78,105.19	1000,1 	0
1652    	-22.51, -7.24, -11.20 	-0.04, 21.07, -9.55 	0.00, 30.00 	10,47,15,779		37.27,103.88	1000,1 	0
1661    	-22.01, -6.86, -11.25 	-0.09, 22.00, -9.51 	0.00, 30.00 	10,47,15,789		70.39,102.72	1000,1 	0
1669    	-21.44, -6.43, -11.34 	-0.16, 22.88, -9.46 	0.00, 30.00 	10,47,15,798		88.51,110.21	1000,1 	0
1678    	-21.06, -6.13, -11.38 	-0.24, 23.71, -9.38 	0.00, 30.00 	10,47,15,808		53.83,93.04	1000,1 	0
1686    	-20.76, -5.84, -11.40 	-0.30, 24.52, -9.30 	0.00, 30.00 	10,47,15,817		52.00,101.73	1000,1 	0
1695    	-20.40, -5.41, -11.50 	-0.38, 25.27, -9.20 	0.00, 30.00 	10,47,15,827		62.34,83.30	1000,1 	0
1704    	-20.00, -4.94, -11.62 	-0.46, 25.97, -9.09 	0.00, 30.00 	10,47,15,837		68.97,78.28	1000,1 	0
1712    	-19.62, -4.53, -11.66 	-0.49, 26.61, -8.96 	0.00, 30.00 	10,47,15,846		68.90,80.73	1000,1 	0
1721    	-19.33, -4.20, -11.66 	-0.56, 27.17, -8.82 	0.00, 30.00 	10,47,15,856		49.79,62.33	1000,1 	0
1730    	-19.03, -3.91, -11.67 	-0.60, 27.68, -8.69 	0.00, 30.00 	10,47,15,866		46.19,56.99	1000,1 	0
1738    	-18.68, -3.68, -11.68 	-0.61, 28.10, -8.56 	0.00, 30.00 	10,47,15,875		52.48,52.87	1000,1 	0
1747    	-18.31, -3.37, -11.72 	-0.62, 28.47, -8.43 	0.00, 30.00 	10,47,15,885		52.84,40.81	1000,1 	0
1756    	-18.05, -3.12, -11.74 	-0.60, 28.76, -8.31 	0.00, 30.00 	10,47,15,895		40.41,32.27	1000,1 	0
1764    	-17.90, -2.93, -11.72 	-0.58, 29.03, -8.22 	0.00, 30.00 	10,47,15,904		30.14,33.53	1000,1 	0
1773    	-17.77, -2.77, -11.69 	-0.53, 29.25, -8.13 	0.00, 30.00 	10,47,15,914		22.51,25.44	1000,1 	0
1782    	-17.61, -2.62, -11.70 	-0.45, 29.44, -8.05 	0.00, 30.00 	10,47,15,924		25.57,22.52	1000,1 	0
1790    	-17.45, -2.47, -11.71 	-0.40, 29.62, -7.98 	0.00, 30.00 	10,47,15,933		26.91,23.21	1000,1 	0
1799    	-17.30, -2.38, -11.71 	-0.31, 29.75, -7.91 	0.00, 30.00 	10,47,15,943		19.33,18.00	1000,1 	0
1808    	-17.20, -2.24, -11.71 	-0.25, 29.89, -7.85 	0.00, 30.00 	10,47,15,953		18.52,16.36	1000,1 	0
1817    	-17.09, -2.15, -11.70 	-0.18, 30.00, -7.79 	0.00, 30.00 	10,47,15,963		16.56,14.70	1000,1 	0
1825    	-17.00, -2.06, -11.69 	-0.12, 30.12, -7.73 	0.00, 30.00 	10,47,15,972		15.79,17.14	1000,1 	0
1834    	-16.95, -1.96, -11.69 	-0.06, 30.21, -7.67 	0.00, 30.00 	10,47,15,982		12.44,12.00	1000,1 	0
1843    	-16.91, -1.87, -11.68 	-0.01, 30.31, -7.62 	0.00, 30.00 	10,47,15,992		10.85,12.51	1000,1 	0
1852    	-16.85, -1.82, -11.66 	0.03, 30.40, -7.57 	0.00, 30.00 	10,47,16,2		9.07,10.90	1000,1 	0
1860    	-16.81, -1.77, -11.63 	0.07, 30.47, -7.52 	0.00, 30.00 	10,47,16,11		7.47,9.79	1000,1 	0
1869    	-16.78, -1.71, -11.62 	0.07, 30.55, -7.48 	0.00, 30.00 	10,47,16,21		7.02,8.66	1000,1 	0
1878    	-16.78, -1.68, -11.60 	0.09, 30.60, -7.42 	0.00, 30.00 	10,47,16,31		3.72,6.60	1000,1 	0
1886    	-16.76, -1.63, -11.59 	0.08, 30.68, -7.37 	0.00, 30.00 	10,47,16,40		7.40,9.80	1000,1 	0
1895    	-16.77, -1.58, -11.58 	0.07, 30.73, -7.32 	0.00, 30.00 	10,47,16,50		4.96,5.05	1000,1 	0
1903    	-16.74, -1.55, -11.55 	0.07, 30.76, -7.26 	0.00, 30.00 	10,47,16,59		5.60,4.17	1000,1 	0
1912    	-16.68, -1.51, -11.54 	0.06, 30.78, -7.20 	0.00, 30.00 	10,47,16,69		7.61,2.69	1000,1 	0
1921    	-16.67, -1.48, -11.52 	0.04, 30.78, -7.15 	0.00, 30.00 	10,47,16,79		3.88,2.21	1000,1 	0
1929    	-16.64, -1.46, -11.52 	0.04, 30.77, -7.10 	0.00, 30.00 	10,47,16,88		4.66,1.39	1000,1 	0
1938    	-16.61, -1.38, -11.52 	0.03, 30.73, -7.07 	0.00, 30.00 	10,47,16,98		9.28,5.09	1000,1 	0
1947    	-16.58, -1.37, -11.52 	0.05, 30.70, -7.06 	0.00, 30.00 	10,47,16,108		3.55,3.29	1000,1 	0
1955    	-16.56, -1.33, -11.53 	0.06, 30.68, -7.05 	0.00, 30.00 	10,47,16,117		4.86,3.03	1000,1 	0
1964    	-16.52, -1.31, -11.52 	0.06, 30.67, -7.05 	0.00, 30.00 	10,47,16,127		5.07,1.24	1000,1 	0
1973    	-16.51, -1.28, -11.53 	0.05, 30.66, -7.04 	0.00, 30.00 	10,47,16,137		3.88,1.67	1000,1 	0
1982    	-16.50, -1.27, -11.53 	0.04, 30.64, -7.04 	0.00, 30.00 	10,47,16,147		1.66,2.73	1000,1 	0
1990    	-16.47, -1.28, -11.52 	0.04, 30.60, -7.03 	0.00, 30.00 	10,47,16,156		4.01,4.17	1000,1 	0
1999    	-16.46, -1.29, -11.52 	0.05, 30.57, -7.02 	0.00, 30.00 	10,47,16,166		1.67,3.85	1000,1 	0
2008    	-16.46, -1.29, -11.51 	0.08, 30.51, -7.02 	0.00, 30.00 	10,47,16,176		0.00,6.97	1000,1 	0
2016    	-16.46, -1.28, -11.51 	0.12, 30.47, -7.01 	0.00, 30.00 	10,47,16,185		1.40,7.40	1000,1 	0
2025    	-16.47, -1.29, -11.51 	0.16, 30.43, -7.01 	0.00, 30.00 	10,47,16,195		1.66,6.58	1000,1 	0
2034    	-16.46, -1.28, -11.50 	0.19, 30.39, -7.02 	0.00, 30.00 	10,47,16,205		1.66,4.93	1000,1 	0
2043    	-16.47, -1.28, -11.51 	0.21, 30.36, -7.02 	0.00, 30.00 	10,47,16,215		1.11,4.29	1000,1 	0
2051    	-16.46, -1.26, -11.51 	0.21, 30.33, -7.02 	0.00, 30.00 	10,47,16,224		1.87,4.34	1000,1 	0
2060    	-16.46, -1.28, -11.51 	0.21, 30.29, -7.02 	0.00, 30.00 	10,47,16,234		1.24,3.71	1000,1 	0
2068    	-16.46, -1.26, -11.51 	0.22, 30.29, -7.02 	0.00, 30.00 	10,47,16,243		1.40,1.24	1000,1 	0
2077    	-16.46, -1.28, -11.51 	0.21, 30.29, -7.02 	0.00, 30.00 	10,47,16,253		1.24,1.10	1000,1 	0
2086    	-16.45, -1.25, -11.52 	0.22, 30.29, -7.02 	0.00, 30.00 	10,47,16,263		2.71,1.10	1000,1 	0
2094    	-16.44, -1.25, -11.52 	0.21, 30.29, -7.02 	0.00, 30.00 	10,47,16,272		1.25,1.24	1000,1 	0
2103    	-16.44, -1.25, -11.52 	0.21, 30.29, -7.01 	0.00, 30.00 	10,47,16,282		0.00,0.00	1000,1 	0
2112    	-16.43, -1.25, -11.53 	0.22, 30.30, -7.01 	0.00, 30.00 	10,47,16,292		1.11,1.67	1000,1 	0
2120    	-16.42, -1.26, -11.53 	0.22, 30.29, -7.01 	0.00, 30.00 	10,47,16,301		1.88,1.39	1000,1 	0
2129    	-16.40, -1.25, -11.52 	0.22, 30.30, -7.01 	0.00, 30.00 	10,47,16,311		2.54,1.24	1000,1 	0
2138    	-16.40, -1.26, -11.52 	0.22, 30.30, -7.01 	0.00, 30.00 	10,47,16,321		1.24,0.00	1000,1 	0
2146    	-16.41, -1.26, -11.53 	0.23, 30.29, -7.01 	0.00, 30.00 	10,47,16,330		1.25,1.85	1000,1 	0
2155    	-16.41, -1.26, -11.53 	0.23, 30.30, -7.01 	0.00, 30.00 	10,47,16,340		0.00,1.24	1000,1 	0
2164    	-16.38, -1.28, -11.53 	0.23, 30.30, -7.01 	0.00, 30.00 	10,47,16,350		3.56,0.00	1000,1 	0
2173    	-16.37, -1.28, -11.53 	0.22, 30.29, -7.01 	0.00, 30.00 	10,47,16,360		1.11,1.67	1000,1 	0
2181    	-16.38, -1.29, -11.53 	0.23, 30.32, -7.01 	0.00, 30.00 	10,47,16,369		1.87,3.07	1000,1 	0
2190    	-16.37, -1.28, -11.54 	0.21, 30.30, -7.01 	0.00, 30.00 	10,47,16,379		1.66,2.55	1000,1 	0
2199    	-16.37, -1.26, -11.54 	0.23, 30.29, -7.01 	0.00, 30.00 	10,47,16,389		1.24,2.51	1000,1 	0
2207    	-16.35, -1.26, -11.54 	0.23, 30.30, -7.01 	0.00, 30.00 	10,47,16,398		2.50,1.39	1000,1 	0
2216    	-16.35, -1.26, -11.54 	0.22, 30.29, -7.01 	0.00, 30.00 	10,47,16,408		0.00,1.67	1000,1 	0
2225    	-16.34, -1.26, -11.55 	0.23, 30.29, -7.01 	0.00, 30.00 	10,47,16,418		1.11,1.10	1000,1 	0
2234    	-16.33, -1.25, -11.55 	0.23, 30.29, -7.01 	0.00, 30.00 	10,47,16,428		1.66,0.00	1000,1 	0
2242    	-16.33, -1.25, -11.55 	0.22, 30.29, -7.01 	0.00, 30.00 	10,47,16,437		0.00,1.24	1000,1 	0
2251    	-16.33, -1.25, -11.55 	0.24, 30.29, -7.01 	0.00, 30.00 	10,47,16,447		0.00,2.21	1000,1 	0
2259    	-16.31, -1.25, -11.55 	0.23, 30.29, -7.01 	0.00, 30.00 	10,47,16,456		2.50,1.24	1000,1 	0
2268    	-16.30, -1.26, -11.56 	0.23, 30.29, -7.01 	0.00, 30.00 	10,47,16,466		1.67,0.00	1000,1 	0
2277    	-16.31, -1.25, -11.56 	0.23, 30.29, -7.02 	0.00, 30.00 	10,47,16,476		1.67,0.00	1000,1 	0
2285    	-16.30, -1.26, -11.56 	0.23, 30.30, -7.02 	0.00, 30.00 	10,47,16,485		1.88,1.39	1000,1 	0
2294    	-16.29, -1.26, -11.57 	0.23, 30.30, -7.01 	0.00, -0.00 	10,47,16,505		1.11,0.00	1000,1 	0
2302    	-16.29, -1.26, -11.57 	0.22, 30.29, -7.01 	0.00, -0.00 	10,47,16,514		0.00,1.67	1000,1 	0
2311    	-16.28, -1.26, -11.56 	0.23, 30.30, -7.01 	0.00, -0.00 	10,47,16,524		1.00,1.50	1000,1 	0
2320    	-16.28, -1.26, -11.57 	0.22, 30.29, -7.01 	0.00, -0.00 	10,47,16,534		0.00,1.67	1000,1 	0
2329    	-16.28, -1.25, -11.57 	0.22, 30.30, -7.01 	0.00, -0.00 	10,47,16,544		1.24,1.24	1000,1 	0
2337    	-16.25, -1.26, -11.57 	0.23, 30.29, -7.01 	0.00, -0.00 	10,47,16,553		3.56,1.64	1000,1 	0
2346    	-16.25, -1.25, -11.58 	0.22, 30.30, -7.01 	0.00, -0.00 	10,47,16,563		1.24,1.64	1000,1 	0
2355    	-16.24, -1.25, -11.59 	0.22, 30.30, -7.01 	0.00, -0.00 	10,47,16,573		1.11,0.00	1000,1 	0
2363    	-16.22, -1.25, -11.58 	0.22, 30.30, -7.01 	0.00, -0.00 	10,47,16,582		2.22,0.00	1000,1 	0
2372    	-16.22, -1.26, -11.59 	0.22, 30.30, -7.02 	0.00, -0.00 	10,47,16,592		1.24,0.00	1000,1 	0
2381    	-16.22, -1.26, -11.59 	0.22, 30.30, -7.01 	0.00, -0.00 	10,47,16,602		0.00,0.00	1000,1 	0
2389    	-16.21, -1.28, -11.59 	0.23, 30.30, -7.01 	0.00, -0.00 	10,47,16,611		2.73,1.10	1000,1 	0
2398    	-16.22, -1.27, -11.59 	0.23, 30.30, -7.01 	0.00, -0.00 	10,47,16,621		1.67,0.00	1000,1 	0
2407    	-16.20, -1.28, -11.59 	0.22, 30.32, -7.01 	0.00, -0.00 	10,47,16,631		2.55,1.64	1000,1 	0
2416    	-16.20, -1.26, -11.60 	0.22, 30.32, -7.02 	0.00, -0.00 	10,47,16,641		2.48,0.00	1000,1 	0
2424    	-16.18, -1.26, -11.60 	0.23, 30.30, -7.01 	0.00, -0.00 	10,47,16,650		2.50,1.85	1000,1 	0
2433    	-16.18, -1.26, -11.60 	0.22, 30.30, -7.02 	0.00, -0.00 	10,47,16,660		0.00,1.10	1000,1 	0
2441    	-16.16, -1.25, -11.60 	0.23, 30.30, -7.02 	0.00, -0.00 	10,47,16,669		2.54,1.10	1000,1 	0
2450    	-16.15, -1.28, -11.59 	0.22, 30.29, -7.01 	0.00, -0.00 	10,47,16,679		3.89,1.67	1000,1 	0
2459    	-16.14, -1.26, -11.60 	0.23, 30.30, -7.02 	0.00, -0.00 	10,47,16,689		2.71,1.67	1000,1 	0
2467    	-16.14, -1.25, -11.60 	0.23, 30.29, -7.01 	0.00, -0.00 	10,47,16,698		1.24,1.24	1000,1 	0
2476    	-16.13, -1.26, -11.60 	0.23, 30.29, -7.01 	0.00, -0.00 	10,47,16,708		1.67,0.00	0,0 	0
2485    	-16.14, -1.27, -11.60 	0.23, 30.29, -7.01 	0.00, -0.00 	10,47,16,718		1.66,0.00	0,0 	0
2493    	-16.11, -1.28, -11.61 	0.22, 30.29, -7.02 	0.00, -0.00 	10,47,16,727		3.56,1.10	0,0 	0
2502    	-16.12, -1.29, -11.60 	0.23, 30.30, -7.02 	0.00, -0.00 	10,47,16,737		1.49,1.50	0,0 	0
2511    	-16.11, -1.29, -11.59 	0.23, 30.30, -7.02 	0.00, -0.00 	10,47,16,747		1.11,0.00	0,0 	0
2520    	-16.11, -1.29, -11.59 	0.22, 30.29, -7.00 	0.00, -0.00 	10,47,16,757		0.00,1.67	0,0 	0
2528    	-16.11, -1.31, -11.59 	0.21, 30.28, -7.00 	0.00, -0.00 	10,47,16,766		1.24,1.67	0,0 	0
2537    	-16.10, -1.32, -11.59 	0.21, 30.23, -6.99 	0.00, -0.00 	10,47,16,776		1.67,6.18	0,0 	0
2546    	-16.10, -1.32, -11.60 	0.24, 30.08, -6.95 	0.00, -0.00 	10,47,16,786		0.00,16.36	0,0 	0
2554    	-16.11, -1.33, -11.59 	0.30, 29.84, -6.97 	0.00, -0.00 	10,47,16,795		1.66,27.90	0,0 	0
2563    	-16.10, -1.35, -11.60 	0.36, 29.64, -7.05 	0.00, -0.00 	10,47,16,805		2.73,23.12	0,0 	0
2572    	-16.12, -1.36, -11.60 	0.44, 29.37, -7.14 	0.00, -0.00 	10,47,16,815		2.54,30.83	0,0 	0
2580    	-16.13, -1.41, -11.59 	0.56, 29.12, -7.24 	0.00, -0.00 	10,47,16,824		5.08,31.19	0,0 	0
2589    	-16.18, -1.46, -11.58 	0.72, 28.80, -7.36 	0.00, -0.00 	10,47,16,834		8.30,39.73	0,0 	0
2598    	-16.28, -1.58, -11.57 	0.91, 28.43, -7.48 	0.00, -0.00 	10,47,16,844		16.60,46.09	0,0 	0
2607    	-16.39, -1.74, -11.53 	1.13, 27.98, -7.61 	0.00, -0.00 	10,47,16,854		22.82,55.87	0,0 	0
2615    	-16.60, -1.97, -11.47 	1.39, 27.47, -7.73 	0.00, -0.00 	10,47,16,863		38.18,71.23	0,0 	0
2624    	-16.90, -2.23, -11.42 	1.62, 26.90, -7.86 	0.00, -0.00 	10,47,16,873		44.57,68.02	0,0 	0
2632    	-17.31, -2.60, -11.32 	1.90, 26.26, -7.98 	0.00, -0.00 	10,47,16,882		61.03,77.65	0,0 	0
2641    	-17.77, -2.98, -11.21 	2.14, 25.53, -8.09 	0.00, -0.00 	10,47,16,892		66.12,85.75	0,0 	0
2650    	-18.24, -3.33, -11.15 	2.40, 24.73, -8.21 	0.00, -0.00 	10,47,16,902		64.63,93.12	0,0 	0
2658    	-18.69, -3.65, -11.09 	2.64, 23.89, -8.32 	0.00, -0.00 	10,47,16,911		62.29,97.54	0,0 	0
2667    	-19.16, -4.01, -11.03 	2.89, 22.96, -8.44 	0.00, -0.00 	10,47,16,921		65.52,107.06	0,0 	0
2676    	-19.57, -4.34, -10.96 	3.13, 21.99, -8.54 	0.00, -0.00 	10,47,16,931		58.62,110.65	0,0 	0
2684    	-19.95, -4.66, -10.89 	3.33, 20.99, -8.64 	0.00, -0.00 	10,47,16,940		55.34,113.13	0,0 	0
2693    	-20.31, -5.04, -10.81 	3.45, 19.94, -8.73 	0.00, -0.00 	10,47,16,950		47.40,96.66	0,0 	0
2702    	-20.73, -5.38, -10.72 	3.64, 18.86, -8.81 	0.00, -0.00 	10,47,16,960		60.35,121.46	0,0 	0
2711    	-21.11, -5.71, -10.69 	3.72, 17.83, -8.93 	0.00, -0.00 	10,47,16,970		56.12,115.29	0,0 	0
2719    	-21.45, -6.04, -10.69 	3.82, 16.75, -8.98 	0.00, -0.00 	10,47,16,979		51.98,120.30	0,0 	0
2728    	-21.72, -6.43, -10.69 	3.82, 15.60, -9.04 	0.00, -0.00 	10,47,16,989		53.25,127.38	0,0 	0
2737    	-22.06, -6.86, -10.66 	3.83, 14.49, -9.07 	0.00, -0.00 	10,47,16,999		60.21,123.67	0,0 	0
2745    	-22.41, -7.30, -10.59 	3.72, 13.45, -9.09 	0.00, -0.00 	10,47,17,8		93.85,173.80	0,0 	0
2756    	-22.85, -7.75, -10.50 	3.63, 12.39, -9.10 	0.00, -0.00 	10,47,17,20		105.30,176.97	0,0 	0
2764    	-23.32, -8.29, -10.38 	3.57, 11.46, -9.12 	0.00, -0.00 	10,47,17,28		179.25,234.49	0,0 	0
2772    	-23.66, -8.86, -10.27 	3.45, 10.59, -9.13 	0.00, -0.00 	10,47,17,37		133.29,175.68	0,0 	0
2781    	-24.01, -9.55, -10.16 	3.24, 9.67, -9.10 	0.00, -0.00 	10,47,17,47		128.05,156.24	0,0 	0
2790    	-24.33, -10.19, -10.10 	3.05, 8.76, -9.06 	0.00, -0.00 	10,47,17,57		119.17,155.87	0,0 	0
2799    	-24.74, -10.77, -10.06 	2.86, 7.93, -8.98 	0.00, -0.00 	10,47,17,67		142.86,169.63	0,0 	0
2807    	-25.22, -11.31, -10.02 	2.63, 7.08, -8.87 	0.00, -0.00 	10,47,17,76		144.73,176.00	0,0 	0
2816    	-25.52, -11.82, -9.96 	2.36, 6.30, -8.76 	0.00, -0.00 	10,47,17,86		42.05,59.17	0,0 	0
2824    	-25.63, -12.37, -9.92 	2.13, 5.54, -8.67 	0.00, -0.00 	10,47,17,95		39.96,56.53	0,0 	0
2833    	-25.64, -12.85, -9.94 	1.91, 4.88, -8.55 	0.00, -0.00 	10,47,17,105		32.04,46.38	0,0 	0
2842    	-25.68, -13.35, -9.97 	1.68, 4.21, -8.43 	0.00, -0.00 	10,47,17,115		36.00,50.68	0,0 	0
2850    	-25.75, -13.82, -10.00 	1.43, 3.62, -8.31 	0.00, -0.00 	10,47,17,124		33.95,46.00	0,0 	0
2859    	-25.92, -14.28, -9.95 	1.15, 3.01, -8.11 	0.00, -0.00 	10,47,17,134		32.72,44.44	0,0 	0
2868    	-26.06, -14.73, -9.87 	1.06, 2.50, -7.97 	0.00, -0.00 	10,47,17,144		33.59,37.23	0,0 	0
2877    	-26.20, -15.23, -9.79 	0.90, 2.07, -7.85 	0.00, -0.00 	10,47,17,154		37.39,32.46	0,0 	0
2885    	-26.34, -15.75, -9.73 	0.82, 1.69, -7.74 	0.00, -0.00 	10,47,17,163		37.97,27.72	0,0 	0
2894    	-26.37, -16.17, -9.71 	0.67, 1.34, -7.62 	0.00, -0.00 	10,47,17,173		30.43,27.47	0,0 	0
