#Time 	Sensor1         Sensor2         Target          Time            Vel             
#================================================================

10      	-27.77, -16.32, -9.73 	0.05, 0.17, -6.48 	0.00, 10.00 	10,48,7,85		0.00,0.00	0,0 	0
18      	-27.77, -16.31, -9.71 	0.05, 0.17, -6.48 	0.00, 10.00 	10,48,7,95		1.40,0.00	0,0 	0
27      	-27.80, -16.31, -9.72 	0.05, 0.17, -6.48 	0.00, 10.00 	10,48,7,105		3.33,0.00	0,0 	0
35      	-27.77, -16.32, -9.71 	0.05, 0.17, -6.48 	0.00, 10.00 	10,48,7,114		4.01,0.00	0,0 	0
44      	-27.76, -16.32, -9.71 	0.05, 0.17, -6.48 	0.00, 10.00 	10,48,7,124		1.11,0.00	0,0 	0
53      	-27.76, -16.33, -9.71 	0.06, 0.17, -6.48 	0.00, 10.00 	10,48,7,134		1.24,1.10	0,0 	0
61      	-27.78, -16.33, -9.69 	0.06, 0.18, -6.48 	0.00, 10.00 	10,48,7,143		2.50,1.39	0,0 	0
70      	-27.78, -16.32, -9.69 	0.06, 0.18, -6.49 	0.00, 10.00 	10,48,7,153		1.24,0.00	0,0 	0
79      	-27.80, -16.31, -9.69 	0.06, 0.18, -6.48 	0.00, 10.00 	10,48,7,163		2.55,0.00	0,0 	0
87      	-27.80, -16.31, -9.68 	0.06, 0.18, -6.48 	0.00, 10.00 	10,48,7,172		0.00,0.00	0,0 	0
96      	-27.77, -16.34, -9.66 	0.05, 0.17, -6.47 	0.00, 10.00 	10,48,7,182		5.01,1.67	0,0 	0
105     	-27.78, -16.33, -9.65 	0.06, 0.20, -6.48 	0.00, 10.00 	10,48,7,192		1.67,3.89	0,0 	0
113     	-27.79, -16.35, -9.65 	0.06, 0.20, -6.48 	0.00, 10.00 	10,48,7,201		3.05,0.00	0,0 	0
122     	-27.78, -16.32, -9.66 	0.07, 0.20, -6.49 	0.00, 10.00 	10,48,7,211		3.88,1.10	0,0 	0
131     	-27.78, -16.34, -9.66 	0.07, 0.19, -6.49 	0.00, 10.00 	10,48,7,221		2.48,1.24	0,0 	0
139     	-27.79, -16.36, -9.64 	0.07, 0.17, -6.47 	0.00, 10.00 	10,48,7,230		3.05,2.78	0,0 	0
148     	-27.80, -16.35, -9.65 	0.07, 0.17, -6.47 	0.00, 10.00 	10,48,7,240		1.67,0.00	0,0 	0
158     	-27.79, -16.39, -9.62 	0.08, 0.18, -6.47 	0.00, 10.00 	10,48,7,251		3.35,1.50	0,0 	0
165     	-27.85, -16.38, -9.62 	0.10, 0.18, -6.47 	0.00, 10.00 	10,48,7,259		8.72,2.84	0,0 	0
174     	-27.84, -16.38, -9.62 	0.11, 0.17, -6.48 	0.00, 10.00 	10,48,7,269		1.11,1.64	0,0 	0
184     	-27.84, -16.38, -9.61 	0.08, 0.19, -6.48 	0.00, 10.00 	10,48,7,280		0.00,3.69	0,0 	0
191     	-27.83, -16.41, -9.62 	0.08, 0.19, -6.48 	0.00, 10.00 	10,48,7,288		5.00,0.00	0,0 	0
200     	-27.86, -16.39, -9.61 	0.10, 0.18, -6.48 	0.00, 10.00 	10,48,7,298		4.17,2.51	0,0 	0
209     	-27.86, -16.39, -9.61 	0.10, 0.20, -6.48 	0.00, 10.00 	10,48,7,308		0.00,2.47	0,0 	0
218     	-27.86, -16.40, -9.59 	0.07, 0.18, -6.47 	0.00, 10.00 	10,48,7,318		1.24,4.17	0,0 	0
226     	-27.85, -16.41, -9.58 	0.06, 0.19, -6.47 	0.00, 10.00 	10,48,7,327		1.88,1.85	0,0 	0
235     	-27.86, -16.41, -9.57 	0.05, 0.18, -6.49 	0.00, 10.00 	10,48,7,337		1.11,1.67	0,0 	0
244     	-27.88, -16.41, -9.57 	0.04, 0.19, -6.50 	0.00, 10.00 	10,48,7,347		2.22,1.64	0,0 	0
252     	-27.88, -16.41, -9.57 	0.08, 0.18, -6.48 	0.00, 10.00 	10,48,7,356		0.00,5.14	0,0 	0
261     	-27.90, -16.40, -9.58 	0.11, 0.20, -6.49 	0.00, 10.00 	10,48,7,366		2.55,4.17	0,0 	0
270     	-27.87, -16.42, -9.58 	0.12, 0.22, -6.49 	0.00, 10.00 	10,48,7,376		4.17,1.67	0,0 	0
278     	-27.86, -16.42, -9.58 	0.11, 0.20, -6.48 	0.00, 10.00 	10,48,7,385		1.25,1.88	0,0 	0
287     	-27.86, -16.41, -9.58 	0.08, 0.19, -6.48 	0.00, 10.00 	10,48,7,395		1.24,3.56	0,0 	0
296     	-27.86, -16.41, -9.57 	0.12, 0.16, -6.46 	0.00, 10.00 	10,48,7,405		0.00,5.72	0,0 	0
304     	-27.86, -16.44, -9.55 	0.12, 0.17, -6.47 	0.00, 10.00 	10,48,7,414		4.19,1.39	0,0 	0
313     	-27.89, -16.41, -9.55 	0.09, 0.17, -6.48 	0.00, 10.00 	10,48,7,424		5.01,3.31	0,0 	0
322     	-27.89, -16.42, -9.54 	0.07, 0.17, -6.48 	0.00, 10.00 	10,48,7,434		1.24,2.21	0,0 	0
330     	-27.90, -16.43, -9.53 	0.08, 0.17, -6.48 	0.00, 10.00 	10,48,7,443		1.87,1.24	0,0 	0
339     	-27.91, -16.44, -9.51 	0.09, 0.17, -6.49 	0.00, 10.00 	10,48,7,453		1.66,1.10	0,0 	0
349     	-27.89, -16.49, -9.50 	0.13, 0.16, -6.48 	0.00, 10.00 	10,48,7,464		4.91,4.11	0,0 	0
356     	-27.88, -16.45, -9.52 	0.13, 0.17, -6.48 	0.00, 10.00 	10,48,7,472		4.99,1.59	0,0 	0
365     	-27.84, -16.45, -9.53 	0.11, 0.18, -6.48 	0.00, 10.00 	10,48,7,482		4.44,2.51	0,0 	0
374     	-27.87, -16.44, -9.54 	0.11, 0.18, -6.48 	0.00, 10.00 	10,48,7,492		3.56,0.00	0,0 	0
382     	-27.86, -16.47, -9.54 	0.12, 0.19, -6.49 	0.00, 10.00 	10,48,7,501		3.07,1.88	0,0 	0
391     	-27.83, -16.49, -9.53 	0.16, 0.18, -6.47 	0.00, 10.00 	10,48,7,511		4.17,4.57	0,0 	0
400     	-27.82, -16.48, -9.52 	0.16, 0.18, -6.47 	0.00, 10.00 	10,48,7,521		1.66,0.00	0,0 	0
409     	-27.81, -16.50, -9.52 	0.15, 0.17, -6.45 	0.00, 10.00 	10,48,7,531		2.73,1.67	0,0 	0
417     	-27.82, -16.49, -9.52 	0.12, 0.16, -6.46 	0.00, 10.00 	10,48,7,540		1.88,4.00	0,0 	0
426     	-27.80, -16.44, -9.54 	0.12, 0.17, -6.46 	0.00, 10.00 	10,48,7,550		5.42,1.24	0,0 	0
435     	-27.78, -16.47, -9.54 	0.14, 0.16, -6.46 	0.00, 10.00 	10,48,7,560		3.34,2.51	0,0 	0
443     	-27.78, -16.45, -9.53 	0.14, 0.16, -6.47 	0.00, 10.00 	10,48,7,569		1.40,0.00	0,0 	0
452     	-27.74, -16.46, -9.53 	0.14, 0.17, -6.47 	0.00, 10.00 	10,48,7,579		4.62,1.24	0,0 	0
461     	-27.75, -16.48, -9.52 	0.11, 0.15, -6.47 	0.00, 10.00 	10,48,7,589		1.66,4.17	0,0 	0
469     	-27.77, -16.42, -9.53 	0.12, 0.15, -6.47 	0.00, 10.00 	10,48,7,598		7.43,1.24	0,0 	0
478     	-27.77, -16.42, -9.51 	0.12, 0.15, -6.47 	0.00, 10.00 	10,48,7,608		0.00,0.00	0,0 	0
487     	-27.76, -16.43, -9.53 	0.10, 0.16, -6.47 	0.00, 10.00 	10,48,7,618		1.67,2.51	0,0 	0
495     	-27.76, -16.43, -9.53 	0.11, 0.17, -6.48 	0.00, 10.00 	10,48,7,627		0.00,1.88	0,0 	0
504     	-27.79, -16.40, -9.53 	0.11, 0.17, -6.48 	0.00, 10.00 	10,48,7,637		5.01,0.00	0,0 	0
513     	-27.81, -16.39, -9.55 	0.10, 0.16, -6.47 	0.00, 10.00 	10,48,7,647		2.55,1.67	0,0 	0
521     	-27.86, -16.37, -9.54 	0.11, 0.16, -6.47 	0.00, 10.00 	10,48,7,656		6.86,1.24	0,0 	0
530     	-27.84, -16.38, -9.56 	0.08, 0.17, -6.48 	0.00, 10.00 	10,48,7,666		2.55,3.52	0,0 	0
540     	-27.86, -16.35, -9.54 	0.07, 0.18, -6.47 	0.00, 10.00 	10,48,7,677		2.45,1.48	0,0 	0
547     	-27.90, -16.34, -9.52 	0.07, 0.17, -6.47 	0.00, 10.00 	10,48,7,685		5.94,1.59	0,0 	0
556     	-27.90, -16.34, -9.52 	0.07, 0.17, -6.47 	0.00, 10.00 	10,48,7,695		0.00,0.00	0,0 	0
565     	-27.92, -16.34, -9.53 	0.09, 0.17, -6.48 	0.00, 10.00 	10,48,7,705		2.22,2.21	0,0 	0
574     	-27.88, -16.35, -9.53 	0.08, 0.17, -6.47 	0.00, 10.00 	10,48,7,715		4.62,1.10	0,0 	0
582     	-27.88, -16.33, -9.54 	0.08, 0.17, -6.47 	0.00, 10.00 	10,48,7,724		2.79,0.00	0,0 	0
591     	-27.89, -16.33, -9.54 	0.08, 0.15, -6.47 	0.00, 10.00 	10,48,7,734		1.11,2.47	0,0 	0
600     	-27.89, -16.32, -9.53 	0.08, 0.15, -6.46 	0.00, 10.00 	10,48,7,744		1.24,0.00	0,0 	0
608     	-27.89, -16.32, -9.51 	0.08, 0.16, -6.47 	0.00, 10.00 	10,48,7,753		0.00,1.39	0,0 	0
617     	-27.88, -16.31, -9.51 	0.08, 0.16, -6.47 	0.00, 10.00 	10,48,7,763		1.66,0.00	0,0 	0
626     	-27.88, -16.34, -9.51 	0.07, 0.15, -6.46 	0.00, 10.00 	10,48,7,773		3.72,1.67	0,0 	0
634     	-27.89, -16.34, -9.51 	0.08, 0.15, -6.48 	0.00, 10.00 	10,48,7,782		1.25,1.24	0,0 	0
643     	-27.89, -16.34, -9.51 	0.09, 0.16, -6.48 	0.00, 10.00 	10,48,7,792		0.00,1.67	0,0 	0
652     	-27.89, -16.34, -9.50 	0.09, 0.16, -6.48 	0.00, 10.00 	10,48,7,802		0.00,0.00	0,0 	0
660     	-27.89, -16.33, -9.51 	0.09, 0.16, -6.48 	0.00, 10.00 	10,48,7,811		1.40,0.00	0,0 	0
669     	-27.88, -16.31, -9.51 	0.09, 0.16, -6.48 	0.00, 10.00 	10,48,7,821		2.71,0.00	0,0 	0
678     	-27.89, -16.30, -9.51 	0.10, 0.15, -6.47 	0.00, 10.00 	10,48,7,831		1.67,1.64	0,0 	0
686     	-27.89, -16.30, -9.53 	0.12, 0.17, -6.47 	0.00, 10.00 	10,48,7,840		0.00,3.76	0,0 	0
695     	-27.90, -16.31, -9.53 	0.12, 0.16, -6.47 	0.00, 10.00 	10,48,7,850		1.66,1.24	0,0 	0
704     	-27.90, -16.30, -9.52 	0.10, 0.17, -6.47 	0.00, 10.00 	10,48,7,860		1.24,2.51	0,0 	0
712     	-27.90, -16.31, -9.52 	0.10, 0.18, -6.47 	0.00, 10.00 	10,48,7,869		1.40,1.39	0,0 	0
721     	-27.94, -16.28, -9.51 	0.11, 0.16, -6.48 	0.00, 10.00 	10,48,7,879		5.82,2.69	0,0 	0
731     	-27.94, -16.28, -9.50 	0.11, 0.14, -6.46 	0.00, 10.00 	10,48,7,890		0.00,2.23	0,0 	0
738     	-27.95, -16.29, -9.52 	0.11, 0.14, -6.46 	0.00, 10.00 	10,48,7,898		2.13,0.00	0,0 	0
747     	-27.95, -16.29, -9.52 	0.12, 0.15, -6.46 	0.00, 10.00 	10,48,7,908		0.00,1.67	0,0 	0
756     	-27.99, -16.23, -9.54 	0.09, 0.16, -6.46 	0.00, 10.00 	10,48,7,918		7.66,3.52	0,0 	0
765     	-27.97, -16.23, -9.52 	0.10, 0.16, -6.47 	0.00, 10.00 	10,48,7,928		2.22,1.10	0,0 	0
773     	-27.94, -16.23, -9.54 	0.09, 0.14, -6.47 	0.00, 10.00 	10,48,7,937		3.75,3.07	0,0 	0
782     	-27.95, -16.25, -9.53 	0.09, 0.16, -6.46 	0.00, 10.00 	10,48,7,947		2.71,2.47	0,0 	0
791     	-27.93, -16.21, -9.55 	0.09, 0.16, -6.47 	0.00, 10.00 	10,48,7,957		5.42,0.00	0,0 	0
799     	-27.99, -16.18, -9.54 	0.10, 0.14, -6.46 	0.00, 10.00 	10,48,7,966		8.61,3.03	0,0 	0
808     	-27.99, -16.15, -9.55 	0.07, 0.16, -6.46 	0.00, 10.00 	10,48,7,976		2.48,4.10	0,0 	0
817     	-28.00, -16.15, -9.54 	0.08, 0.15, -6.46 	0.00, 10.00 	10,48,7,986		1.11,1.64	0,0 	0
825     	-28.00, -16.15, -9.54 	0.08, 0.15, -6.46 	0.00, 10.00 	10,48,7,995		0.00,0.00	0,0 	0
834     	-27.98, -16.19, -9.54 	0.09, 0.16, -6.46 	0.00, 10.00 	10,48,8,5		4.35,1.67	0,0 	0
843     	-27.97, -16.18, -9.56 	0.09, 0.16, -6.46 	0.00, 10.00 	10,48,8,15		1.66,0.00	0,0 	0
851     	-27.98, -16.18, -9.54 	0.09, 0.16, -6.46 	0.00, 10.00 	10,48,8,24		1.25,0.00	0,0 	0
860     	-27.98, -16.18, -9.54 	0.09, 0.16, -6.47 	0.00, 10.00 	10,48,8,34		0.00,0.00	0,0 	0
869     	-27.95, -16.21, -9.53 	0.11, 0.16, -6.47 	0.00, 10.00 	10,48,8,44		5.01,2.21	0,0 	0
877     	-27.95, -16.19, -9.54 	0.11, 0.16, -6.47 	0.00, 10.00 	10,48,8,53		2.79,0.00	0,0 	0
886     	-27.94, -16.21, -9.53 	0.11, 0.16, -6.47 	0.00, 10.00 	10,48,8,63		2.73,0.00	0,0 	0
895     	-27.93, -16.19, -9.54 	0.11, 0.16, -6.47 	0.00, 10.00 	10,48,8,73		2.71,0.00	0,0 	0
903     	-27.92, -16.18, -9.56 	0.11, 0.16, -6.47 	0.00, 10.00 	10,48,8,82		1.87,0.00	0,0 	0
912     	-27.92, -16.16, -9.55 	0.11, 0.16, -6.47 	0.00, 10.00 	10,48,8,92		1.24,0.00	0,0 	0
922     	-27.93, -16.15, -9.56 	0.11, 0.16, -6.47 	0.00, 10.00 	10,48,8,103		1.50,0.00	0,0 	0
930     	-27.97, -16.13, -9.56 	0.11, 0.16, -6.47 	0.00, 10.00 	10,48,8,112		5.74,0.00	0,0 	0
938     	-27.98, -16.13, -9.56 	0.11, 0.16, -6.47 	0.00, 10.00 	10,48,8,121		1.25,0.00	0,0 	0
947     	-27.99, -16.12, -9.56 	0.11, 0.16, -6.47 	0.00, 10.00 	10,48,8,131		1.67,0.00	0,0 	0
956     	-27.97, -16.11, -9.57 	0.11, 0.16, -6.47 	0.00, 10.00 	10,48,8,141		2.54,0.00	0,0 	0
964     	-27.97, -16.11, -9.56 	0.10, 0.16, -6.46 	0.00, 10.00 	10,48,8,150		0.00,1.24	0,0 	0
973     	-27.97, -16.10, -9.58 	0.10, 0.15, -6.46 	0.00, 10.00 	10,48,8,160		1.24,1.24	0,0 	0
982     	-27.98, -16.11, -9.58 	0.07, 0.17, -6.46 	0.00, 10.00 	10,48,8,170		1.66,4.10	0,0 	0
990     	-27.97, -16.11, -9.56 	0.07, 0.16, -6.46 	0.00, 10.00 	10,48,8,179		1.25,1.39	0,0 	0
999     	-27.97, -16.11, -9.56 	0.06, 0.17, -6.46 	0.00, 10.00 	10,48,8,189		0.00,1.64	0,0 	0
1008    	-27.98, -16.10, -9.56 	0.06, 0.17, -6.46 	0.00, 10.00 	10,48,8,199		1.67,0.00	1000,1 	0
1016    	-27.97, -16.08, -9.57 	0.06, 0.18, -6.47 	0.00, 10.00 	10,48,8,208		3.05,1.39	1000,1 	0
1025    	-27.97, -16.08, -9.57 	0.10, 0.18, -6.47 	0.00, 10.00 	10,48,8,218		0.00,4.42	1000,1 	0
1034    	-27.96, -16.10, -9.58 	0.08, 0.18, -6.47 	0.00, 10.00 	10,48,8,228		2.73,2.21	1000,1 	0
1042    	-27.97, -16.08, -9.60 	0.08, 0.18, -6.47 	0.00, 10.00 	10,48,8,237		3.07,0.00	1000,1 	0
1051    	-27.98, -16.08, -9.59 	0.08, 0.18, -6.47 	0.00, 10.00 	10,48,8,247		1.11,0.00	1000,1 	0
1060    	-27.95, -16.06, -9.58 	0.08, 0.18, -6.47 	0.00, 10.00 	10,48,8,257		3.55,0.00	1000,1 	0
1068    	-27.95, -16.05, -9.60 	0.08, 0.18, -6.47 	0.00, 10.00 	10,48,8,266		1.40,0.00	1000,1 	0
1077    	-27.95, -16.04, -9.60 	0.08, 0.18, -6.47 	0.00, 10.00 	10,48,8,276		1.24,0.00	1000,1 	0
1086    	-27.95, -16.02, -9.61 	0.08, 0.18, -6.47 	0.00, 10.00 	10,48,8,286		2.48,0.00	1000,1 	0
1094    	-27.93, -16.02, -9.60 	0.07, 0.17, -6.46 	0.00, 10.00 	10,48,8,295		2.50,1.88	1000,1 	0
1103    	-27.94, -15.99, -9.62 	0.07, 0.17, -6.48 	0.00, 10.00 	10,48,8,305		3.89,0.00	1000,1 	0
1113    	-27.95, -15.99, -9.61 	0.09, 0.16, -6.47 	0.00, 10.00 	10,48,8,316		1.00,2.26	1000,1 	0
1121    	-27.95, -15.99, -9.61 	0.09, 0.17, -6.47 	0.00, 10.00 	10,48,8,325		0.00,1.39	1000,1 	0
1129    	-27.94, -15.96, -9.63 	0.09, 0.17, -6.47 	0.00, 10.00 	10,48,8,334		3.05,0.00	1000,1 	0
1138    	-27.96, -15.98, -9.63 	0.09, 0.17, -6.47 	0.00, 10.00 	10,48,8,344		2.54,0.00	1000,1 	0
1147    	-27.96, -15.98, -9.64 	0.09, 0.17, -6.47 	0.00, 10.00 	10,48,8,354		0.00,0.00	1000,1 	0
1155    	-27.94, -15.95, -9.65 	0.09, 0.17, -6.47 	0.00, 10.00 	10,48,8,363		3.73,0.00	1000,1 	0
1164    	-27.93, -15.95, -9.67 	0.09, 0.17, -6.47 	0.00, 10.00 	10,48,8,373		1.11,0.00	1000,1 	0
1173    	-27.89, -15.97, -9.66 	0.10, 0.18, -6.47 	0.00, 10.00 	10,48,8,383		5.10,1.67	1000,1 	0
1181    	-27.90, -15.96, -9.67 	0.08, 0.17, -6.46 	0.00, 10.00 	10,48,8,392		1.88,2.87	1000,1 	0
1190    	-27.88, -15.95, -9.69 	0.08, 0.16, -6.47 	0.00, 10.00 	10,48,8,402		2.54,1.24	1000,1 	0
1199    	-27.87, -15.94, -9.70 	0.08, 0.16, -6.47 	0.00, 10.00 	10,48,8,412		1.66,0.00	1000,1 	0
1207    	-27.90, -15.92, -9.69 	0.08, 0.17, -6.48 	0.00, 10.00 	10,48,8,421		4.69,1.39	1000,1 	0
1216    	-27.91, -15.93, -9.69 	0.09, 0.18, -6.48 	0.00, 10.00 	10,48,8,431		1.66,1.67	1000,1 	0
1225    	-27.93, -15.94, -9.69 	0.08, 0.17, -6.47 	0.00, 10.00 	10,48,8,441		2.54,1.67	1000,1 	0
1233    	-27.91, -15.92, -9.69 	0.11, 0.16, -6.46 	0.00, 10.00 	10,48,8,450		3.73,3.96	1000,1 	0
1242    	-27.92, -15.93, -9.68 	0.11, 0.17, -6.46 	0.00, 10.00 	10,48,8,460		1.66,1.24	1000,1 	0
1251    	-27.92, -15.92, -9.68 	0.09, 0.16, -6.46 	0.00, 10.00 	10,48,8,470		1.24,2.55	1000,1 	0
1259    	-27.90, -15.91, -9.67 	0.07, 0.19, -6.47 	0.00, 10.00 	10,48,8,479		2.85,4.82	1000,1 	0
1268    	-27.91, -15.93, -9.66 	0.07, 0.17, -6.48 	0.00, 10.00 	10,48,8,489		2.71,2.47	1000,1 	0
1277    	-27.91, -15.91, -9.68 	0.07, 0.17, -6.48 	0.00, 10.00 	10,48,8,499		2.48,0.00	1000,1 	0
1285    	-27.91, -15.90, -9.67 	0.07, 0.19, -6.48 	0.00, 10.00 	10,48,8,508		1.40,2.78	1000,1 	0
1294    	-27.90, -15.87, -9.69 	0.07, 0.19, -6.48 	0.00, 10.00 	10,48,8,518		2.71,0.00	1000,1 	0
1304    	-27.88, -15.89, -9.69 	0.06, 0.19, -6.47 	0.00, 10.00 	10,48,8,529		2.30,0.99	1000,1 	0
1312    	-27.90, -15.92, -9.71 	0.06, 0.19, -6.47 	0.00, 10.00 	10,48,8,538		4.86,0.00	1000,1 	0
1320    	-27.85, -15.92, -9.71 	0.06, 0.19, -6.47 	0.00, 10.00 	10,48,8,547		6.25,0.00	1000,1 	0
1329    	-27.86, -15.92, -9.70 	0.09, 0.18, -6.47 	0.00, 10.00 	10,48,8,557		1.11,3.52	1000,1 	0
1338    	-27.86, -15.92, -9.70 	0.09, 0.18, -6.46 	0.00, 10.00 	10,48,8,567		0.00,0.00	1000,1 	0
1346    	-27.87, -15.94, -9.70 	0.07, 0.20, -6.47 	0.00, 10.00 	10,48,8,576		3.05,3.70	1000,1 	0
1355    	-27.86, -15.92, -9.73 	0.07, 0.20, -6.47 	0.00, 10.00 	10,48,8,586		2.71,0.00	1000,1 	0
1364    	-27.90, -15.90, -9.72 	0.06, 0.19, -6.48 	0.00, 10.00 	10,48,8,596		5.10,1.67	1000,1 	0
1372    	-27.88, -15.90, -9.72 	0.06, 0.20, -6.47 	0.00, 10.00 	10,48,8,605		2.50,1.39	1000,1 	0
1381    	-27.86, -15.90, -9.73 	0.06, 0.19, -6.47 	0.00, 10.00 	10,48,8,615		2.22,1.24	1000,1 	0
1390    	-27.86, -15.92, -9.73 	0.09, 0.19, -6.48 	0.00, 10.00 	10,48,8,625		2.48,3.31	1000,1 	0
1398    	-27.84, -15.88, -9.74 	0.08, 0.19, -6.47 	0.00, 10.00 	10,48,8,634		4.86,1.24	1000,1 	0
1407    	-27.84, -15.90, -9.74 	0.08, 0.19, -6.48 	0.00, 10.00 	10,48,8,644		1.24,0.00	1000,1 	0
1416    	-27.82, -15.88, -9.75 	0.06, 0.18, -6.47 	0.00, 10.00 	10,48,8,654		2.54,2.55	1000,1 	0
1424    	-27.80, -15.87, -9.76 	0.06, 0.20, -6.48 	0.00, 10.00 	10,48,8,663		2.85,2.78	1000,1 	0
1433    	-27.84, -15.85, -9.76 	0.09, 0.30, -6.50 	0.00, 10.00 	10,48,8,673		5.10,11.67	1000,1 	0
1442    	-27.83, -15.85, -9.76 	0.08, 0.37, -6.53 	0.00, 10.00 	10,48,8,683		1.11,7.48	1000,1 	0
1450    	-27.81, -15.84, -9.77 	0.07, 0.49, -6.59 	0.00, 10.00 	10,48,8,692		2.85,15.34	1000,1 	0
1459    	-27.81, -15.81, -9.78 	0.11, 0.61, -6.64 	0.00, 10.00 	10,48,8,702		3.72,12.86	1000,1 	0
1468    	-27.84, -15.78, -9.78 	0.06, 0.72, -6.69 	0.00, 10.00 	10,48,8,712		4.17,13.46	1000,1 	0
1477    	-27.81, -15.77, -9.80 	0.06, 0.91, -6.75 	0.00, 10.00 	10,48,8,722		3.55,21.03	1000,1 	0
1485    	-27.80, -15.74, -9.83 	0.03, 1.29, -6.88 	0.00, 10.00 	10,48,8,731		4.86,48.78	1000,1 	0
1495    	-27.80, -15.72, -9.83 	0.04, 2.13, -7.11 	0.00, 10.00 	10,48,8,742		2.23,83.51	1000,1 	0
1503    	-27.78, -15.66, -9.86 	0.01, 3.33, -7.41 	0.00, 10.00 	10,48,8,751		7.40,150.28	1000,1 	0
1511    	-27.78, -15.62, -9.87 	0.05, 3.83, -7.51 	0.00, 10.00 	10,48,8,760		5.58,62.90	1000,1 	0
1520    	-27.77, -15.54, -9.87 	-0.04, 4.23, -7.56 	0.00, 10.00 	10,48,8,770		8.75,45.46	1000,1 	0
1529    	-27.71, -15.46, -9.88 	-0.12, 4.69, -7.63 	0.00, 10.00 	10,48,8,780		10.91,51.33	1000,1 	0
1537    	-27.68, -15.34, -9.89 	-0.23, 5.16, -7.70 	0.00, 10.00 	10,48,8,789		15.78,61.42	1000,1 	0
1546    	-27.66, -15.12, -9.91 	-0.27, 5.61, -7.75 	0.00, 10.00 	10,48,8,799		23.79,49.60	1000,1 	0
1555    	-27.66, -14.84, -9.98 	-0.28, 6.02, -7.80 	0.00, 10.00 	10,48,8,809		31.03,45.76	1000,1 	0
1563    	-27.72, -14.55, -10.01 	-0.32, 6.43, -7.79 	0.00, 10.00 	10,48,8,818		36.88,51.64	1000,1 	0
1572    	-27.66, -14.33, -10.03 	-0.38, 6.83, -7.77 	0.00, 10.00 	10,48,8,828		25.66,44.91	1000,1 	0
1581    	-27.67, -14.05, -10.01 	-0.35, 7.25, -7.75 	0.00, 10.00 	10,48,8,838		31.05,45.94	1000,1 	0
1589    	-27.63, -13.78, -10.03 	-0.30, 7.58, -7.69 	0.00, 10.00 	10,48,8,847		34.04,42.12	1000,1 	0
1598    	-27.54, -13.46, -10.05 	-0.24, 7.85, -7.62 	0.00, 10.00 	10,48,8,857		37.29,30.52	1000,1 	0
1607    	-27.46, -13.19, -10.08 	-0.17, 8.08, -7.60 	0.00, 10.00 	10,48,8,867		31.35,27.22	1000,1 	0
1615    	-27.33, -12.94, -10.09 	-0.11, 8.31, -7.58 	0.00, 10.00 	10,48,8,876		34.65,28.93	1000,1 	0
1624    	-27.17, -12.75, -10.13 	-0.07, 8.51, -7.56 	0.00, 10.00 	10,48,8,886		28.21,22.77	1000,1 	0
1633    	-27.08, -12.53, -10.18 	-0.06, 8.68, -7.54 	0.00, 10.00 	10,48,8,896		26.69,19.84	1000,1 	0
1642    	-26.97, -12.30, -10.24 	-0.02, 8.83, -7.48 	0.00, 10.00 	10,48,8,906		27.59,16.75	1000,1 	0
1650    	-26.95, -12.13, -10.23 	0.02, 8.94, -7.41 	0.00, 10.00 	10,48,8,915		21.25,14.85	1000,1 	0
1659    	-26.88, -11.97, -10.24 	0.08, 9.04, -7.35 	0.00, 10.00 	10,48,8,925		20.12,13.05	1000,1 	0
1668    	-26.79, -11.86, -10.27 	0.12, 9.17, -7.29 	0.00, 10.00 	10,48,8,935		14.94,14.37	1000,1 	0
1676    	-26.65, -11.75, -10.30 	0.15, 9.24, -7.22 	0.00, 10.00 	10,48,8,944		22.30,10.49	1000,1 	0
1685    	-26.51, -11.62, -10.33 	0.25, 9.36, -7.15 	0.00, 10.00 	10,48,8,954		21.46,16.72	1000,1 	0
1694    	-26.38, -11.53, -10.35 	0.31, 9.42, -7.06 	0.00, 10.00 	10,48,8,964		18.39,10.03	1000,1 	0
1702    	-26.30, -11.44, -10.36 	0.33, 9.48, -6.98 	0.00, 10.00 	10,48,8,973		14.94,7.43	1000,1 	0
1711    	-26.31, -11.35, -10.37 	0.33, 9.57, -6.91 	0.00, 10.00 	10,48,8,983		10.00,9.89	1000,1 	0
1720    	-26.28, -11.27, -10.39 	0.32, 9.62, -6.83 	0.00, 10.00 	10,48,8,993		9.28,6.26	1000,1 	0
1728    	-26.26, -11.23, -10.37 	0.28, 9.72, -6.76 	0.00, 10.00 	10,48,9,2		4.86,13.40	1000,1 	0
1737    	-26.23, -11.20, -10.36 	0.30, 9.86, -6.72 	0.00, 10.00 	10,48,9,12		4.98,15.04	1000,1 	0
1746    	-26.26, -11.14, -10.36 	0.32, 9.88, -6.68 	0.00, 10.00 	10,48,9,22		7.06,3.34	1000,1 	0
1754    	-26.23, -11.10, -10.37 	0.33, 9.85, -6.68 	0.00, 10.00 	10,48,9,31		6.70,4.34	1000,1 	0
1763    	-26.23, -11.01, -10.38 	0.35, 9.80, -6.68 	0.00, 10.00 	10,48,9,41		9.93,5.39	1000,1 	0
1772    	-26.21, -10.99, -10.38 	0.34, 9.80, -6.68 	0.00, 10.00 	10,48,9,51		3.32,1.10	1000,1 	0
1780    	-26.23, -10.93, -10.39 	0.35, 9.79, -6.67 	0.00, 10.00 	10,48,9,60		7.10,1.85	1000,1 	0
1789    	-26.26, -10.92, -10.36 	0.35, 9.79, -6.67 	0.00, 10.00 	10,48,9,70		3.56,0.00	1000,1 	0
1798    	-26.21, -10.91, -10.36 	0.36, 9.77, -6.67 	0.00, 10.00 	10,48,9,80		5.68,2.69	1000,1 	0
1806    	-26.20, -10.88, -10.37 	0.37, 9.78, -6.67 	0.00, 10.00 	10,48,9,89		4.36,1.88	1000,1 	0
1815    	-26.13, -10.88, -10.38 	0.37, 9.77, -6.67 	0.00, 10.00 	10,48,9,99		7.77,1.24	1000,1 	0
1824    	-26.15, -10.85, -10.37 	0.37, 9.78, -6.66 	0.00, 10.00 	10,48,9,109		3.34,1.24	1000,1 	0
1833    	-26.12, -10.86, -10.37 	0.37, 9.78, -6.67 	0.00, 10.00 	10,48,9,119		3.56,0.00	1000,1 	0
1841    	-26.13, -10.85, -10.35 	0.37, 9.77, -6.67 	0.00, 10.00 	10,48,9,128		1.88,1.39	1000,1 	0
1850    	-26.13, -10.85, -10.35 	0.39, 9.77, -6.66 	0.00, 10.00 	10,48,9,138		0.00,2.21	1000,1 	0
1859    	-26.15, -10.83, -10.36 	0.38, 9.77, -6.66 	0.00, 10.00 	10,48,9,148		3.34,1.10	1000,1 	0
1867    	-26.16, -10.80, -10.37 	0.38, 9.76, -6.67 	0.00, 10.00 	10,48,9,157		4.38,1.39	1000,1 	0
1877    	-26.15, -10.85, -10.35 	0.37, 9.76, -6.67 	0.00, 10.00 	10,48,9,168		5.68,0.99	1000,1 	0
1885    	-26.14, -10.82, -10.36 	0.35, 9.77, -6.67 	0.00, 10.00 	10,48,9,177		4.36,2.83	1000,1 	0
1893    	-26.13, -10.84, -10.36 	0.37, 9.78, -6.67 	0.00, 10.00 	10,48,9,186		3.07,2.87	1000,1 	0
1902    	-26.15, -10.81, -10.35 	0.38, 9.77, -6.67 	0.00, 10.00 	10,48,9,196		4.35,1.64	1000,1 	0
1911    	-26.13, -10.80, -10.36 	0.40, 9.78, -6.67 	0.00, 10.00 	10,48,9,206		2.54,2.55	1000,1 	0
1919    	-26.14, -10.79, -10.34 	0.38, 9.77, -6.67 	0.00, 10.00 	10,48,9,215		1.88,2.87	1000,1 	0
1928    	-26.11, -10.80, -10.34 	0.36, 9.76, -6.66 	0.00, 10.00 	10,48,9,225		3.56,2.55	1000,1 	0
1937    	-26.11, -10.80, -10.34 	0.39, 9.76, -6.67 	0.00, 10.00 	10,48,9,235		0.00,3.31	1000,1 	0
1945    	-26.09, -10.79, -10.35 	0.38, 9.75, -6.66 	0.00, 10.00 	10,48,9,244		2.85,1.88	1000,1 	0
1954    	-26.06, -10.79, -10.36 	0.36, 9.77, -6.67 	0.00, 10.00 	10,48,9,254		3.33,3.29	1000,1 	0
1963    	-26.05, -10.77, -10.36 	0.37, 9.76, -6.66 	0.00, 10.00 	10,48,9,264		1.66,1.64	1000,1 	0
1971    	-26.03, -10.79, -10.36 	0.38, 9.75, -6.65 	0.00, 10.00 	10,48,9,273		2.87,1.85	1000,1 	0
1980    	-26.05, -10.79, -10.35 	0.37, 9.76, -6.65 	0.00, 10.00 	10,48,9,283		2.22,1.64	1000,1 	0
1989    	-26.04, -10.76, -10.35 	0.37, 9.75, -6.65 	0.00, 10.00 	10,48,9,293		2.71,1.24	1000,1 	0
1997    	-26.05, -10.77, -10.35 	0.37, 9.74, -6.65 	0.00, 10.00 	10,48,9,302		1.87,1.39	1000,1 	0
2006    	-26.08, -10.75, -10.34 	0.37, 9.74, -6.65 	0.00, 10.00 	10,48,9,312		4.17,0.00	1000,1 	0
2015    	-26.07, -10.76, -10.34 	0.37, 9.74, -6.65 	0.00, 10.00 	10,48,9,322		1.67,0.00	1000,1 	0
2024    	-26.04, -10.76, -10.36 	0.38, 9.73, -6.65 	0.00, 10.00 	10,48,9,332		3.33,1.64	1000,1 	0
2032    	-26.01, -10.77, -10.36 	0.40, 9.73, -6.65 	0.00, 10.00 	10,48,9,341		4.01,2.49	1000,1 	0
2041    	-25.99, -10.75, -10.37 	0.41, 9.74, -6.65 	0.00, 10.00 	10,48,9,351		3.32,1.67	1000,1 	0
2050    	-25.98, -10.75, -10.37 	0.41, 9.73, -6.65 	0.00, 10.00 	10,48,9,361		1.11,1.24	1000,1 	0
2058    	-25.98, -10.75, -10.37 	0.41, 9.73, -6.66 	0.00, 10.00 	10,48,9,370		0.00,0.00	1000,1 	0
2068    	-25.95, -10.75, -10.38 	0.42, 9.73, -6.64 	0.00, 10.00 	10,48,9,381		3.00,0.99	1000,1 	0
2076    	-25.93, -10.76, -10.38 	0.43, 9.71, -6.64 	0.00, 10.00 	10,48,9,390		2.87,1.85	1000,1 	0
2085    	-25.94, -10.75, -10.37 	0.42, 9.71, -6.64 	0.00, -0.00 	10,48,9,409		1.88,1.24	1000,1 	0
2094    	-25.94, -10.75, -10.37 	0.42, 9.71, -6.64 	0.00, -0.00 	10,48,9,419		0.00,0.00	1000,1 	0
2102    	-25.94, -10.73, -10.37 	0.42, 9.73, -6.64 	0.00, -0.00 	10,48,9,428		3.19,1.59	1000,1 	0
2111    	-25.92, -10.73, -10.39 	0.42, 9.73, -6.64 	0.00, -0.00 	10,48,9,438		2.50,0.00	1000,1 	0
2120    	-25.92, -10.72, -10.39 	0.41, 9.73, -6.64 	0.00, -0.00 	10,48,9,448		1.40,1.24	1000,1 	0
2128    	-25.91, -10.71, -10.39 	0.41, 9.73, -6.64 	0.00, -0.00 	10,48,9,457		2.13,0.00	1000,1 	0
2137    	-25.90, -10.71, -10.39 	0.40, 9.73, -6.64 	0.00, -0.00 	10,48,9,467		1.25,1.24	1000,1 	0
2146    	-25.89, -10.69, -10.38 	0.40, 9.73, -6.65 	0.00, -0.00 	10,48,9,477		1.87,0.00	1000,1 	0
2154    	-25.88, -10.69, -10.38 	0.42, 9.71, -6.64 	0.00, -0.00 	10,48,9,486		1.43,3.23	1000,1 	0
2163    	-25.88, -10.69, -10.38 	0.42, 9.73, -6.65 	0.00, -0.00 	10,48,9,496		0.00,1.39	1000,1 	0
2172    	-25.85, -10.69, -10.37 	0.42, 9.73, -6.64 	0.00, -0.00 	10,48,9,506		3.75,0.00	1000,1 	0
2180    	-25.84, -10.68, -10.38 	0.42, 9.74, -6.64 	0.00, -0.00 	10,48,9,515		2.13,1.59	1000,1 	0
2189    	-25.84, -10.68, -10.38 	0.42, 9.74, -6.64 	0.00, -0.00 	10,48,9,525		0.00,0.00	1000,1 	0
2198    	-25.83, -10.67, -10.39 	0.41, 9.71, -6.64 	0.00, -0.00 	10,48,9,535		1.87,3.07	1000,1 	0
2207    	-25.84, -10.68, -10.38 	0.42, 9.73, -6.63 	0.00, -0.00 	10,48,9,545		1.87,1.88	1000,1 	0
2215    	-25.83, -10.68, -10.38 	0.42, 9.74, -6.64 	0.00, -0.00 	10,48,9,554		1.43,1.59	1000,1 	0
2224    	-25.82, -10.65, -10.38 	0.42, 9.74, -6.64 	0.00, -0.00 	10,48,9,564		4.36,0.00	1000,1 	0
2233    	-25.83, -10.65, -10.38 	0.43, 9.73, -6.63 	0.00, -0.00 	10,48,9,574		1.11,1.64	1000,1 	0
2241    	-25.83, -10.66, -10.38 	0.46, 9.74, -6.64 	0.00, -0.00 	10,48,9,583		1.60,4.57	1000,1 	0
2251    	-25.85, -10.64, -10.38 	0.46, 9.73, -6.64 	0.00, -0.00 	10,48,9,594		3.76,1.39	1000,1 	0
2259    	-25.83, -10.65, -10.38 	0.44, 9.74, -6.64 	0.00, -0.00 	10,48,9,603		3.28,3.23	1000,1 	0
2267    	-25.85, -10.65, -10.38 	0.45, 9.73, -6.64 	0.00, -0.00 	10,48,9,612		2.86,2.11	1000,1 	0
2276    	-25.83, -10.63, -10.38 	0.45, 9.74, -6.64 	0.00, -0.00 	10,48,9,622		3.73,1.39	1000,1 	0
2285    	-25.82, -10.64, -10.38 	0.46, 9.74, -6.64 	0.00, -0.00 	10,48,9,632		1.88,1.24	1000,1 	0
2293    	-25.82, -10.65, -10.38 	0.46, 9.74, -6.63 	0.00, -0.00 	10,48,9,641		1.60,0.00	1000,1 	0
2302    	-25.82, -10.64, -10.38 	0.46, 9.73, -6.64 	0.00, -0.00 	10,48,9,651		1.40,1.39	1000,1 	0
2311    	-25.82, -10.64, -10.38 	0.46, 9.74, -6.64 	0.00, -0.00 	10,48,9,661		0.00,1.39	1000,1 	0
2319    	-25.81, -10.63, -10.39 	0.45, 9.74, -6.64 	0.00, -0.00 	10,48,9,670		2.13,1.42	1000,1 	0
2328    	-25.80, -10.60, -10.39 	0.44, 9.74, -6.64 	0.00, -0.00 	10,48,9,680		3.05,1.24	1000,1 	0
2337    	-25.81, -10.62, -10.40 	0.43, 9.75, -6.65 	0.00, -0.00 	10,48,9,690		1.87,1.85	1000,1 	0
2345    	-25.79, -10.60, -10.39 	0.45, 9.74, -6.65 	0.00, -0.00 	10,48,9,699		2.85,2.83	1000,1 	0
2354    	-25.79, -10.59, -10.38 	0.45, 9.74, -6.65 	0.00, -0.00 	10,48,9,709		1.24,0.00	1000,1 	0
2363    	-25.80, -10.59, -10.38 	0.45, 9.74, -6.64 	0.00, -0.00 	10,48,9,719		1.25,0.00	1000,1 	0
2371    	-25.78, -10.60, -10.38 	0.45, 9.75, -6.65 	0.00, -0.00 	10,48,9,728		2.87,1.39	1000,1 	0
2380    	-25.78, -10.59, -10.39 	0.44, 9.75, -6.64 	0.00, -0.00 	10,48,9,738		1.24,1.10	1000,1 	0
2389    	-25.77, -10.60, -10.38 	0.44, 9.75, -6.65 	0.00, -0.00 	10,48,9,748		1.88,0.00	1000,1 	0
2398    	-25.80, -10.59, -10.38 	0.46, 9.75, -6.65 	0.00, -0.00 	10,48,9,758		4.01,2.49	1000,1 	0
2406    	-25.80, -10.59, -10.37 	0.45, 9.73, -6.65 	0.00, -0.00 	10,48,9,767		0.00,3.07	1000,1 	0
2415    	-25.79, -10.58, -10.38 	0.46, 9.70, -6.65 	0.00, -0.00 	10,48,9,777		1.49,2.42	1000,1 	0
2424    	-25.81, -10.60, -10.36 	0.46, 9.68, -6.64 	0.00, -0.00 	10,48,9,787		3.73,2.78	1000,1 	0
2432    	-25.81, -10.62, -10.35 	0.50, 9.60, -6.65 	0.00, -0.00 	10,48,9,796		1.40,10.86	1000,1 	0
2442    	-25.83, -10.62, -10.35 	0.51, 9.48, -6.67 	0.00, -0.00 	10,48,9,807		2.22,13.63	1000,1 	0
2450    	-25.81, -10.64, -10.36 	0.54, 9.24, -6.68 	0.00, -0.00 	10,48,9,816		4.30,35.17	1000,1 	0
2458    	-25.78, -10.65, -10.37 	0.62, 8.87, -6.71 	0.00, -0.00 	10,48,9,825		4.01,46.82	1000,1 	0
2467    	-25.78, -10.65, -10.38 	0.66, 8.49, -6.76 	0.00, -0.00 	10,48,9,835		0.00,42.32	1000,1 	0
2476    	-25.82, -10.64, -10.37 	0.67, 8.26, -6.82 	0.00, -0.00 	10,48,9,845		5.20,29.23	0,0 	0
2484    	-25.83, -10.68, -10.37 	0.62, 8.08, -6.87 	0.00, -0.00 	10,48,9,854		5.71,23.21	0,0 	0
2493    	-25.85, -10.72, -10.36 	0.59, 7.92, -6.90 	0.00, -0.00 	10,48,9,864		4.32,17.68	0,0 	0
2502    	-25.91, -10.73, -10.37 	0.63, 7.79, -6.93 	0.00, -0.00 	10,48,9,874		7.62,17.34	0,0 	0
2510    	-25.93, -10.76, -10.36 	0.64, 7.64, -6.97 	0.00, -0.00 	10,48,9,883		4.86,19.50	0,0 	0
2519    	-26.02, -10.80, -10.35 	0.65, 7.46, -7.01 	0.00, -0.00 	10,48,9,893		10.64,19.80	0,0 	0
2528    	-26.15, -10.91, -10.33 	0.66, 7.26, -7.04 	0.00, -0.00 	10,48,9,903		21.34,25.06	0,0 	0
2536    	-26.22, -11.00, -10.29 	0.63, 7.08, -7.09 	0.00, -0.00 	10,48,9,912		14.94,22.63	0,0 	0
2547    	-26.33, -11.10, -10.27 	0.61, 6.89, -7.12 	0.00, -0.00 	10,48,9,923		16.50,21.18	0,0 	0
2555    	-26.39, -11.25, -10.28 	0.50, 6.70, -7.14 	0.00, -0.00 	10,48,9,932		22.39,31.45	0,0 	0
2564    	-26.44, -11.47, -10.26 	0.38, 6.51, -7.15 	0.00, -0.00 	10,48,9,941		32.65,32.20	0,0 	0
2573    	-26.54, -11.62, -10.22 	0.33, 6.29, -7.19 	0.00, -0.00 	10,48,9,951		25.93,32.70	0,0 	0
2582    	-26.60, -11.77, -10.23 	0.30, 6.04, -7.21 	0.00, -0.00 	10,48,9,961		23.87,35.31	0,0 	0
2591    	-26.71, -11.99, -10.21 	0.24, 5.77, -7.25 	0.00, -0.00 	10,48,9,971		39.72,45.78	0,0 	0
2599    	-26.82, -12.18, -10.18 	0.16, 5.49, -7.28 	0.00, -0.00 	10,48,9,980		37.32,48.00	0,0 	0
2609    	-26.85, -12.42, -10.14 	0.16, 5.18, -7.30 	0.00, -0.00 	10,48,9,990		30.92,38.96	0,0 	0
2617    	-26.99, -12.64, -10.14 	0.13, 4.85, -7.29 	0.00, -0.00 	10,48,9,999		50.68,67.15	0,0 	0
2625    	-27.08, -12.81, -10.14 	0.07, 4.45, -7.29 	0.00, -0.00 	10,48,10,9		32.42,67.69	0,0 	0
2634    	-27.16, -13.01, -10.14 	0.05, 4.09, -7.29 	0.00, -0.00 	10,48,10,19		30.84,51.01	0,0 	0
2643    	-27.26, -13.23, -10.09 	-0.01, 3.78, -7.31 	0.00, -0.00 	10,48,10,28		40.68,53.05	0,0 	0
2651    	-27.38, -13.48, -10.01 	0.06, 3.44, -7.33 	0.00, -0.00 	10,48,10,37		46.20,56.67	0,0 	0
2660    	-27.50, -13.68, -9.96 	0.08, 3.12, -7.35 	0.00, -0.00 	10,48,10,47		33.34,46.16	0,0 	0
2669    	-27.52, -13.90, -9.96 	0.05, 2.75, -7.37 	0.00, -0.00 	10,48,10,58		37.36,61.37	0,0 	0
