#Time 	Sensor1         Sensor2         Target          Time            Vel             
#================================================================

16      	-0.34, 0.50, -6.85 	-22950.07, 17480.24, -6.73 	0.00, 30.00 	14,25,38,461		0.00,0.00	0,0 	0
25      	-0.36, 0.48, -6.85 	-22980.68, 17503.57, -6.72 	0.00, 30.00 	14,25,38,470		2.60,4276.73	0,0 	0
34      	-0.36, 0.49, -6.85 	-22973.93, 17498.43, -6.71 	0.00, 30.00 	14,25,38,480		1.18,943.03	0,0 	0
43      	-0.36, 0.49, -6.85 	-22960.30, 17488.05, -6.71 	0.00, 30.00 	14,25,38,490		0.00,1902.88	0,0 	0
52      	-0.36, 0.49, -6.84 	-22984.06, 17506.13, -6.71 	0.00, 30.00 	14,25,38,499		0.00,3317.18	0,0 	0
61      	-0.36, 0.49, -6.84 	-22956.82, 17485.38, -6.71 	0.00, 30.00 	14,25,38,509		0.00,3805.15	0,0 	0
70      	-0.36, 0.49, -6.86 	-22950.07, 17480.24, -6.71 	0.00, 30.00 	14,25,38,519		0.00,942.86	0,0 	0
79      	-0.36, 0.50, -6.86 	-22922.93, 17459.59, -6.71 	0.00, 30.00 	14,25,38,529		1.18,3788.46	0,0 	0
88      	-0.37, 0.50, -6.85 	-22922.93, 17459.59, -6.71 	0.00, 30.00 	14,25,38,538		1.49,0.00	0,0 	0
97      	-0.37, 0.51, -6.85 	-22977.30, 17501.00, -6.71 	0.00, 30.00 	14,25,38,548		1.18,7593.61	0,0 	0
106     	-0.38, 0.50, -6.84 	-22970.55, 17495.87, -6.71 	0.00, 30.00 	14,25,38,558		1.44,943.03	0,0 	0
115     	-0.38, 0.50, -6.83 	-22967.17, 17493.30, -6.71 	0.00, 30.00 	14,25,38,567		0.00,471.45	0,0 	0
124     	-0.34, 0.50, -6.83 	-22939.93, 17472.54, -6.71 	0.00, 30.00 	14,25,38,577		3.73,3805.15	0,0 	0
133     	-0.34, 0.50, -6.83 	-22933.17, 17467.41, -6.71 	0.00, 30.00 	14,25,38,587		0.00,942.86	0,0 	0
142     	-0.34, 0.52, -6.83 	-22922.93, 17459.59, -6.71 	0.00, 30.00 	14,25,38,596		1.18,1431.12	0,0 	0
151     	-0.36, 0.51, -6.83 	-22946.69, 17477.68, -6.71 	0.00, 30.00 	14,25,38,606		2.24,3317.01	0,0 	0
160     	-0.36, 0.51, -6.83 	-22946.69, 17477.68, -6.71 	0.00, 30.00 	14,25,38,616		0.00,0.00	0,0 	0
169     	-0.36, 0.51, -6.83 	-22946.69, 17477.68, -6.71 	0.00, 30.00 	14,25,38,625		0.00,0.00	0,0 	0
178     	-0.38, 0.52, -6.83 	-22936.55, 17469.97, -6.71 	0.00, 30.00 	14,25,38,635		1.84,1414.44	0,0 	0
187     	-0.36, 0.52, -6.83 	-22950.07, 17480.24, -6.71 	0.00, 30.00 	14,25,38,645		1.49,1885.89	0,0 	0
196     	-0.36, 0.52, -6.83 	-22950.07, 17480.24, -6.71 	0.00, 30.00 	14,25,38,654		0.00,0.00	0,0 	0
205     	-0.36, 0.52, -6.82 	-22939.93, 17472.54, -6.71 	0.00, 30.00 	14,25,38,664		0.00,1414.48	0,0 	0
214     	-0.38, 0.51, -6.82 	-22953.45, 17482.81, -6.72 	0.00, 30.00 	14,25,38,674		1.96,1886.06	0,0 	0
223     	-0.38, 0.52, -6.82 	-22929.69, 17464.73, -6.73 	0.00, 30.00 	14,25,38,683		1.18,3317.01	0,0 	0
232     	-0.38, 0.51, -6.82 	-22929.69, 17464.73, -6.73 	0.00, 30.00 	14,25,38,693		1.18,0.00	0,0 	0
241     	-0.38, 0.51, -6.82 	-22939.93, 17472.54, -6.72 	0.00, 30.00 	14,25,38,703		0.00,1430.95	0,0 	0
250     	-0.38, 0.54, -6.85 	-22933.07, 17467.30, -6.72 	0.00, 30.00 	14,25,38,712		3.54,959.37	0,0 	0
259     	-0.38, 0.52, -6.83 	-22912.69, 17451.78, -6.72 	0.00, 30.00 	14,25,38,722		2.52,2845.60	0,0 	0
268     	-0.38, 0.52, -6.83 	-22909.32, 17449.21, -6.72 	0.00, 30.00 	14,25,38,732		0.00,471.41	0,0 	0
277     	-0.38, 0.52, -6.84 	-22919.45, 17456.92, -6.72 	0.00, 30.00 	14,25,38,742		0.00,1414.44	0,0 	0
286     	-0.38, 0.52, -6.84 	-22919.45, 17456.92, -6.73 	0.00, 30.00 	14,25,38,751		0.00,0.00	0,0 	0
295     	-0.39, 0.54, -6.85 	-22939.83, 17472.43, -6.74 	0.00, 30.00 	14,25,38,761		2.43,2845.43	0,0 	0
304     	-0.39, 0.53, -6.86 	-22936.45, 17469.86, -6.73 	0.00, 30.00 	14,25,38,771		1.18,471.58	0,0 	0
313     	-0.37, 0.52, -6.86 	-22970.44, 17495.76, -6.72 	0.00, 30.00 	14,25,38,780		2.46,4748.00	0,0 	0
322     	-0.38, 0.53, -6.86 	-22967.06, 17493.19, -6.75 	0.00, 30.00 	14,25,38,790		1.35,471.45	0,0 	0
331     	-0.37, 0.56, -6.87 	-22909.11, 17449.00, -6.75 	0.00, 30.00 	14,25,38,800		2.87,8098.09	0,0 	0
340     	-0.39, 0.60, -6.88 	-22739.03, 17319.43, -6.79 	0.00, 30.00 	14,25,38,809		5.09,23756.36	0,0 	0
349     	-0.42, 0.70, -6.91 	-22528.00, 17158.61, -6.86 	0.00, 30.00 	14,25,38,819		11.98,29480.77	0,0 	0
358     	-0.44, 0.86, -6.95 	-22044.80, 16790.43, -6.93 	0.00, 30.00 	14,25,38,829		17.66,67498.01	0,0 	0
367     	-0.46, 1.16, -7.04 	-21452.76, 16339.33, -7.00 	0.00, 30.00 	14,25,38,838		34.17,82701.09	0,0 	0
376     	-0.49, 1.63, -7.13 	-20860.52, 15888.02, -7.04 	0.00, 30.00 	14,25,38,848		51.91,82734.46	0,0 	0
385     	-0.58, 2.33, -7.21 	-20315.57, 15472.64, -7.12 	0.00, 30.00 	14,25,38,858		78.88,76133.64	0,0 	0
394     	-0.67, 3.26, -7.32 	-19818.13, 15093.44, -7.24 	0.00, 30.00 	14,25,38,867		103.62,69499.57	0,0 	0
403     	-0.69, 4.16, -7.55 	-19317.20, 14711.55, -7.35 	0.00, 30.00 	14,25,38,877		99.48,69987.78	0,0 	0
412     	-0.61, 4.79, -7.73 	-18717.89, 14254.77, -7.46 	0.00, 30.00 	14,25,38,887		70.39,83726.97	0,0 	0
421     	-0.50, 5.45, -7.86 	-17928.22, 13653.02, -7.55 	0.00, 30.00 	14,25,38,896		74.83,110312.52	0,0 	0
430     	-0.54, 6.11, -8.00 	-17026.23, 12965.66, -7.61 	0.00, 30.00 	14,25,38,906		73.14,126004.24	0,0 	0
439     	-0.55, 6.79, -8.09 	-16031.87, 12207.79, -7.68 	0.00, 30.00 	14,25,38,916		75.75,138916.54	0,0 	0
448     	-0.61, 7.49, -8.09 	-15200.31, 11573.81, -7.79 	0.00, 30.00 	14,25,38,925		77.78,116185.49	0,0 	0
457     	-0.62, 8.19, -8.10 	-14386.06, 10953.10, -7.96 	0.00, 30.00 	14,25,38,935		78.11,113762.06	0,0 	0
466     	-0.62, 8.89, -8.17 	-13446.17, 10236.75, -8.09 	0.00, 30.00 	14,25,38,945		78.28,131306.41	0,0 	0
475     	-0.58, 9.64, -8.23 	-12367.04, 9414.36, -8.11 	0.00, 30.00 	14,25,38,955		82.59,150753.32	0,0 	0
484     	-0.56, 10.39, -8.27 	-11355.89, 8643.76, -8.13 	0.00, 30.00 	14,25,38,964		83.39,141257.38	0,0 	0
493     	-0.54, 11.15, -8.32 	-10344.54, 7872.94, -8.22 	0.00, 30.00 	14,25,38,974		84.46,141290.57	0,0 	0
502     	-0.54, 11.90, -8.42 	-9411.30, 7161.60, -8.34 	0.00, 30.00 	14,25,38,984		84.17,130379.95	0,0 	0
511     	-0.54, 12.69, -8.50 	-8426.98, 6411.33, -8.44 	0.00, 30.00 	14,25,38,993		87.79,137518.44	0,0 	0
520     	-0.54, 13.48, -8.53 	-7466.72, 5679.45, -8.49 	0.00, 30.00 	14,25,38,3		87.88,134152.00	0,0 	0
529     	-0.51, 14.23, -8.57 	-6503.08, 4945.01, -8.54 	0.00, 30.00 	14,25,39,13		82.34,134623.39	0,0 	0
538     	-0.49, 15.02, -8.66 	-5539.44, 4210.57, -8.57 	0.00, 30.00 	14,25,39,22		88.09,134623.43	0,0 	0
547     	-0.48, 15.74, -8.73 	-4657.51, 3538.41, -8.57 	0.00, 30.00 	14,25,39,32		80.72,123208.27	0,0 	0
556     	-0.50, 16.44, -8.72 	-3799.34, 2884.32, -8.60 	0.00, 30.00 	14,25,39,42		76.93,119891.38	0,0 	0
565     	-0.54, 17.14, -8.68 	-2913.93, 2209.48, -8.64 	0.00, 30.00 	14,25,39,51		77.82,123696.35	0,0 	0
574     	-0.57, 17.84, -8.68 	-2018.17, 1526.72, -8.68 	0.00, 30.00 	14,25,39,61		78.04,125143.94	0,0 	0
583     	-0.52, 18.59, -8.69 	-1098.67, 825.87, -8.70 	0.00, 30.00 	14,25,39,71		83.90,128460.93	0,0 	0
592     	-0.44, 19.29, -8.71 	-206.39, 145.79, -8.70 	0.00, 30.00 	14,25,39,80		78.69,124655.89	0,0 	0
601     	-0.37, 19.95, -8.75 	627.92, -490.11, -8.70 	0.00, 30.00 	14,25,39,90		73.53,116557.81	0,0 	0
610     	-0.34, 20.61, -8.79 	1421.49, -1094.97, -8.71 	0.00, 30.00 	14,25,39,100		72.95,110866.82	0,0 	0
619     	-0.32, 21.21, -8.78 	2211.57, -1697.16, -8.71 	0.00, 30.00 	14,25,39,109		66.71,110378.80	0,0 	0
628     	-0.32, 21.82, -8.76 	2960.90, -2268.33, -8.72 	0.00, 30.00 	14,25,39,119		67.68,104687.80	0,0 	0
637     	-0.34, 22.41, -8.75 	3710.23, -2839.49, -8.73 	0.00, 30.00 	14,25,39,129		66.18,104687.79	0,0 	0
646     	-0.35, 23.01, -8.73 	4452.59, -3405.30, -8.71 	0.00, 30.00 	14,25,39,138		66.32,103711.73	0,0 	0
655     	-0.35, 23.58, -8.71 	5160.86, -3945.11, -8.69 	0.00, 30.00 	14,25,39,148		62.87,98947.17	0,0 	0
664     	-0.34, 24.12, -8.67 	5848.64, -4469.29, -8.66 	0.00, 30.00 	14,25,39,158		60.52,96085.16	0,0 	0
673     	-0.36, 24.64, -8.64 	6556.91, -5009.10, -8.64 	0.00, 30.00 	14,25,39,167		57.99,98947.10	0,0 	0
682     	-0.36, 25.15, -8.59 	7214.18, -5510.07, -8.60 	0.00, 30.00 	14,25,39,177		56.90,91825.18	0,0 	0
691     	-0.38, 25.62, -8.53 	7847.60, -5992.85, -8.56 	0.00, 30.00 	14,25,39,187		51.96,88491.59	0,0 	0
700     	-0.39, 26.07, -8.48 	8474.05, -6470.28, -8.51 	0.00, 30.00 	14,25,39,197		49.67,87515.57	0,0 	0
709     	-0.42, 26.50, -8.46 	9069.78, -6924.27, -8.46 	0.00, 30.00 	14,25,39,206		48.37,83222.49	0,0 	0
718     	-0.46, 26.91, -8.43 	9597.42, -7326.37, -8.41 	0.00, 30.00 	14,25,39,216		45.94,73709.93	0,0 	0
727     	-0.48, 27.31, -8.38 	10121.68, -7725.90, -8.36 	0.00, 30.00 	14,25,39,226		43.61,73238.48	0,0 	0
736     	-0.51, 27.66, -8.32 	10611.94, -8099.54, -8.31 	0.00, 30.00 	14,25,39,235		38.89,68490.38	0,0 	0
745     	-0.57, 27.99, -8.27 	11074.97, -8452.42, -8.27 	0.00, 30.00 	14,25,39,245		37.70,64685.39	0,0 	0
754     	-0.63, 28.30, -8.20 	11527.76, -8797.49, -8.22 	0.00, 30.00 	14,25,39,255		35.44,63254.41	0,0 	0
763     	-0.67, 28.60, -8.13 	11949.83, -9119.12, -8.17 	0.00, 30.00 	14,25,39,264		32.98,58961.39	0,0 	0
772     	-0.70, 28.88, -8.09 	12371.90, -9440.76, -8.12 	0.00, 30.00 	14,25,39,274		31.81,58961.24	0,0 	0
781     	-0.72, 29.19, -8.06 	12776.97, -9749.45, -8.07 	0.00, 30.00 	14,25,39,284		34.21,56587.32	0,0 	0
790     	-0.73, 29.47, -8.01 	13171.80, -10050.33, -8.02 	0.00, 30.00 	14,25,39,293		31.85,55156.33	0,0 	0
799     	-0.74, 29.75, -7.94 	13508.89, -10307.23, -7.96 	0.00, 30.00 	14,25,39,303		30.80,47091.29	0,0 	0
808     	-0.73, 30.04, -7.85 	13862.97, -10577.08, -7.89 	0.00, 30.00 	14,25,39,313		32.07,49465.40	0,0 	0
817     	-0.72, 30.31, -7.76 	14213.78, -10844.47, -7.81 	0.00, 30.00 	14,25,39,322		29.96,49010.33	0,0 	0
826     	-0.67, 30.57, -7.66 	14520.35, -11078.16, -7.73 	0.00, 30.00 	14,25,39,332		29.51,42831.25	0,0 	0
835     	-0.58, 30.83, -7.55 	14810.03, -11299.01, -7.63 	0.00, 30.00 	14,25,39,342		30.01,40474.02	0,0 	0
844     	-0.50, 31.05, -7.44 	15089.57, -11512.16, -7.52 	0.00, 30.00 	14,25,39,351		26.75,39059.35	0,0 	0
853     	-0.41, 31.23, -7.33 	15331.74, -11696.84, -7.40 	0.00, 30.00 	14,25,39,361		22.15,33839.81	0,0 	0
862     	-0.36, 31.36, -7.24 	15529.68, -11847.83, -7.28 	0.00, 30.00 	14,25,39,371		14.99,27660.94	0,0 	0
871     	-0.34, 31.41, -7.18 	15655.94, -11944.13, -7.19 	0.00, 30.00 	14,25,39,380		6.44,17643.74	0,0 	0
880     	-0.35, 31.47, -7.15 	15700.28, -11977.94, -7.13 	0.00, 30.00 	14,25,39,390		5.90,6195.51	0,0 	0
889     	-0.34, 31.50, -7.14 	15724.03, -11996.02, -7.10 	0.00, 30.00 	14,25,39,400		3.66,3317.01	0,0 	0
898     	-0.34, 31.51, -7.14 	15741.03, -12008.97, -7.08 	0.00, 30.00 	14,25,39,410		1.44,2373.94	0,0 	0
907     	-0.34, 31.51, -7.14 	15734.27, -12003.83, -7.07 	0.00, 30.00 	14,25,39,419		0.00,942.94	0,0 	0
916     	-0.34, 31.49, -7.13 	15700.28, -11977.94, -7.07 	0.00, 30.00 	14,25,39,429		2.52,4748.00	0,0 	0
925     	-0.35, 31.46, -7.13 	15683.28, -11965.00, -7.08 	0.00, 30.00 	14,25,39,438		3.66,2373.85	0,0 	0
934     	-0.35, 31.43, -7.12 	15642.42, -11933.86, -7.08 	0.00, 30.00 	14,25,39,448		2.36,5707.63	0,0 	0
943     	-0.34, 31.40, -7.11 	15608.33, -11907.86, -7.07 	0.00, 30.00 	14,25,39,458		3.54,4764.58	0,0 	0
952     	-0.33, 31.36, -7.11 	15570.85, -11879.29, -7.06 	0.00, 30.00 	14,25,39,468		4.73,5236.05	0,0 	0
961     	-0.33, 31.34, -7.10 	15557.23, -11868.91, -7.06 	0.00, 30.00 	14,25,39,477		2.36,1902.42	0,0 	0
970     	-0.33, 31.32, -7.10 	15516.37, -11837.77, -7.06 	0.00, 30.00 	14,25,39,487		2.36,5707.63	0,0 	0
979     	-0.32, 31.29, -7.09 	15492.51, -11819.58, -7.05 	0.00, 30.00 	14,25,39,497		3.57,3333.55	0,0 	0
988     	-0.32, 31.23, -7.08 	15455.04, -11791.01, -7.05 	0.00, 30.00 	14,25,39,506		5.90,5236.03	0,0 	0
997     	-0.31, 31.20, -7.08 	15400.56, -11749.50, -7.04 	0.00, 30.00 	14,25,39,516		3.57,7610.04	0,0 	0
1006    	-0.30, 31.16, -7.08 	15359.71, -11718.36, -7.03 	0.00, 30.00 	14,25,39,526		4.86,5707.57	1000,1 	0
1015    	-0.28, 31.13, -7.08 	15305.24, -11676.85, -7.04 	0.00, 30.00 	14,25,39,535		3.75,7610.01	1000,1 	0
1024    	-0.27, 31.10, -7.08 	15250.76, -11635.33, -7.04 	0.00, 30.00 	14,25,39,545		3.57,7609.90	1000,1 	0
1033    	-0.27, 31.06, -7.08 	15206.53, -11601.63, -7.04 	0.00, 30.00 	14,25,39,555		4.72,6179.22	1000,1 	0
1042    	-0.27, 31.03, -7.07 	15186.15, -11586.11, -7.05 	0.00, 30.00 	14,25,39,564		3.66,2845.43	1000,1 	0
1051    	-0.26, 30.99, -7.06 	15158.91, -11565.36, -7.05 	0.00, 30.00 	14,25,39,574		4.86,3805.06	1000,1 	0
1060    	-0.25, 30.97, -7.07 	15107.82, -11526.41, -7.04 	0.00, 30.00 	14,25,39,584		2.43,7138.45	1000,1 	0
1069    	-0.24, 30.97, -7.08 	15090.72, -11513.35, -7.03 	0.00, 30.00 	14,25,39,593		1.49,2390.60	1000,1 	0
1078    	-0.22, 30.97, -7.09 	15073.72, -11500.41, -7.03 	0.00, 30.00 	14,25,39,603		2.24,2374.15	1000,1 	0
1087    	-0.22, 30.97, -7.10 	15049.86, -11482.22, -7.03 	0.00, 30.00 	14,25,39,613		0.00,3333.41	1000,1 	0
1096    	-0.22, 30.97, -7.10 	15036.24, -11471.84, -7.04 	0.00, 30.00 	14,25,39,622		0.75,1902.47	1000,1 	0
1105    	-0.23, 30.96, -7.09 	15032.87, -11469.27, -7.04 	0.00, 30.00 	14,25,39,632		1.44,471.52	1000,1 	0
1114    	-0.24, 30.94, -7.08 	15012.49, -11453.76, -7.04 	0.00, 30.00 	14,25,39,642		2.52,2845.37	1000,1 	0
1123    	-0.24, 30.94, -7.08 	15026.11, -11464.13, -7.04 	0.00, 30.00 	14,25,39,652		0.00,1902.42	1000,1 	0
1132    	-0.23, 30.95, -7.08 	15015.87, -11456.32, -7.04 	0.00, 30.00 	14,25,39,661		1.44,1431.08	1000,1 	0
1141    	-0.23, 30.94, -7.08 	15015.87, -11456.32, -7.04 	0.00, 30.00 	14,25,39,671		1.18,0.00	1000,1 	0
1150    	-0.23, 30.94, -7.08 	15015.87, -11456.32, -7.04 	0.00, 30.00 	14,25,39,681		0.00,0.00	1000,1 	0
1159    	-0.23, 30.94, -7.08 	15012.49, -11453.76, -7.04 	0.00, 30.00 	14,25,39,690		0.00,471.34	1000,1 	0
1168    	-0.23, 30.94, -7.08 	15012.49, -11453.76, -7.04 	0.00, 30.00 	14,25,39,700		0.00,0.00	1000,1 	0
1177    	-0.22, 30.95, -7.08 	15026.11, -11464.13, -7.04 	0.00, 30.00 	14,25,39,710		1.44,1902.42	1000,1 	0
1186    	-0.22, 30.95, -7.08 	15029.49, -11466.70, -7.04 	0.00, 30.00 	14,25,39,719		0.00,471.43	1000,1 	0
1195    	-0.22, 30.95, -7.08 	15015.87, -11456.32, -7.04 	0.00, 30.00 	14,25,39,729		0.00,1902.51	1000,1 	0
1204    	-0.22, 30.94, -7.08 	15015.87, -11456.32, -7.04 	0.00, 30.00 	14,25,39,739		1.18,0.00	1000,1 	0
1213    	-0.22, 30.95, -7.08 	15015.87, -11456.32, -7.04 	0.00, 30.00 	14,25,39,748		1.18,0.00	1000,1 	0
1222    	-0.22, 30.95, -7.08 	15015.87, -11456.32, -7.04 	0.00, 30.00 	14,25,39,758		0.00,0.00	1000,1 	0
1231    	-0.23, 30.94, -7.08 	15015.87, -11456.32, -7.04 	0.00, 30.00 	14,25,39,768		1.44,0.00	1000,1 	0
1240    	-0.23, 30.95, -7.08 	15015.87, -11456.32, -7.04 	0.00, 30.00 	14,25,39,777		1.18,0.00	1000,1 	0
1249    	-0.23, 30.95, -7.08 	15015.87, -11456.32, -7.04 	0.00, 30.00 	14,25,39,787		0.00,0.00	1000,1 	0
1258    	-0.23, 30.95, -7.08 	15015.87, -11456.32, -7.04 	0.00, 30.00 	14,25,39,797		0.00,0.00	1000,1 	0
1267    	-0.22, 30.94, -7.08 	15015.87, -11456.32, -7.04 	0.00, 30.00 	14,25,39,806		1.35,0.00	1000,1 	0
1276    	-0.22, 30.94, -7.08 	14988.63, -11435.57, -7.05 	0.00, 30.00 	14,25,39,816		0.00,3804.95	1000,1 	0
1285    	-0.22, 30.93, -7.08 	14964.77, -11417.38, -7.05 	0.00, 30.00 	14,25,39,826		1.18,3333.55	1000,1 	0
1294    	-0.22, 30.89, -7.08 	14920.54, -11383.67, -7.04 	0.00, 30.00 	14,25,39,835		3.54,6179.08	1000,1 	0
1303    	-0.22, 30.86, -7.07 	14879.68, -11352.54, -7.04 	0.00, 30.00 	14,25,39,845		3.54,5707.46	1000,1 	0
1312    	-0.21, 30.82, -7.07 	14879.68, -11352.54, -7.04 	0.00, 30.00 	14,25,39,855		4.73,0.00	1000,1 	0
1321    	-0.21, 30.79, -7.07 	14849.07, -11329.21, -7.04 	0.00, 30.00 	14,25,39,865		3.66,4276.58	1000,1 	0
1330    	-0.21, 30.78, -7.07 	14835.45, -11318.83, -7.05 	0.00, 30.00 	14,25,39,874		1.35,1902.64	1000,1 	0
1339    	-0.21, 30.77, -7.07 	14821.83, -11308.45, -7.05 	0.00, 30.00 	14,25,39,884		1.44,1902.34	1000,1 	0
1348    	-0.21, 30.77, -7.07 	14808.21, -11298.07, -7.04 	0.00, 30.00 	14,25,39,894		0.75,1902.42	1000,1 	0
1357    	-0.20, 30.76, -7.08 	14808.21, -11298.07, -7.04 	0.00, 30.00 	14,25,39,903		1.35,0.00	1000,1 	0
1366    	-0.20, 30.76, -7.08 	14784.35, -11279.88, -7.04 	0.00, 30.00 	14,25,39,913		0.00,3333.55	1000,1 	0
1375    	-0.20, 30.76, -7.08 	14787.73, -11282.45, -7.04 	0.00, 30.00 	14,25,39,923		0.75,471.34	1000,1 	0
1384    	-0.20, 30.76, -7.08 	14801.35, -11292.83, -7.04 	0.00, 30.00 	14,25,39,932		0.00,1902.51	1000,1 	0
1393    	-0.21, 30.77, -7.08 	14787.73, -11282.45, -7.04 	0.00, 30.00 	14,25,39,942		1.18,1902.51	1000,1 	0
1402    	-0.21, 30.77, -7.08 	14787.73, -11282.45, -7.04 	0.00, 30.00 	14,25,39,952		0.00,0.00	1000,1 	0
1411    	-0.21, 30.77, -7.07 	14784.35, -11279.88, -7.04 	0.00, 30.00 	14,25,39,961		0.00,471.34	1000,1 	0
1420    	-0.20, 30.76, -7.07 	14784.35, -11279.88, -7.04 	0.00, 30.00 	14,25,39,971		1.18,0.00	1000,1 	0
1429    	-0.21, 30.77, -7.07 	14784.35, -11279.88, -7.04 	0.00, 30.00 	14,25,39,981		1.18,0.00	1000,1 	0
1438    	-0.21, 30.76, -7.08 	14787.73, -11282.45, -7.04 	0.00, 30.00 	14,25,39,990		1.44,471.34	1000,1 	0
1447    	-0.21, 30.77, -7.08 	14787.73, -11282.45, -7.04 	0.00, 30.00 	14,25,39,0		1.44,0.00	1000,1 	0
1456    	-0.21, 30.76, -7.08 	14787.73, -11282.45, -7.04 	0.00, 30.00 	14,25,40,10		1.44,0.00	1000,1 	0
1465    	-0.21, 30.76, -7.07 	14787.73, -11282.45, -7.04 	0.00, 30.00 	14,25,40,19		0.00,0.00	1000,1 	0
1474    	-0.20, 30.75, -7.07 	14787.73, -11282.45, -7.04 	0.00, 30.00 	14,25,40,29		1.35,0.00	1000,1 	0
1483    	-0.21, 30.75, -7.07 	14787.73, -11282.45, -7.04 	0.00, 30.00 	14,25,40,39		0.75,0.00	1000,1 	0
1492    	-0.21, 30.75, -7.07 	14774.11, -11272.07, -7.04 	0.00, 30.00 	14,25,40,48		0.00,1902.40	1000,1 	0
1501    	-0.20, 30.74, -7.07 	14774.11, -11272.07, -7.04 	0.00, 30.00 	14,25,40,58		1.35,0.00	1000,1 	0
1510    	-0.21, 30.71, -7.07 	14774.11, -11272.07, -7.04 	0.00, 30.00 	14,25,40,68		2.52,0.00	1000,1 	0
1519    	-0.21, 30.65, -7.06 	14729.88, -11238.37, -7.04 	0.00, 30.00 	14,25,40,77		7.08,6179.22	1000,1 	0
1528    	-0.22, 30.60, -7.05 	14672.03, -11194.29, -7.04 	0.00, 30.00 	14,25,40,87		6.18,8081.40	1000,1 	0
1537    	-0.21, 30.54, -7.05 	14583.46, -11126.77, -7.03 	0.00, 30.00 	14,25,40,97		5.90,12374.49	1000,1 	0
1546    	-0.20, 30.52, -7.06 	14549.36, -11100.77, -7.03 	0.00, 30.00 	14,25,40,107		2.43,4764.69	1000,1 	0
1555    	-0.21, 30.50, -7.07 	14511.88, -11072.20, -7.02 	0.00, 30.00 	14,25,40,116		2.52,5236.12	1000,1 	0
1564    	-0.22, 30.48, -7.07 	14457.41, -11030.68, -7.02 	0.00, 30.00 	14,25,40,126		2.52,7609.95	1000,1 	0
1573    	-0.22, 30.46, -7.06 	14443.79, -11020.30, -7.03 	0.00, 30.00 	14,25,40,136		2.52,1902.57	1000,1 	0
1582    	-0.22, 30.42, -7.05 	14426.79, -11007.36, -7.04 	0.00, 30.00 	14,25,40,145		3.54,2373.92	1000,1 	0
1591    	-0.23, 30.42, -7.05 	14423.41, -11004.79, -7.04 	0.00, 30.00 	14,25,40,155		0.75,471.52	1000,1 	0
1600    	-0.22, 30.41, -7.05 	14399.55, -10986.60, -7.03 	0.00, 30.00 	14,25,40,165		1.35,3333.48	1000,1 	0
1609    	-0.22, 30.40, -7.05 	14372.32, -10965.84, -7.03 	0.00, 30.00 	14,25,40,174		1.18,3805.06	1000,1 	0
1618    	-0.22, 30.39, -7.05 	14358.70, -10955.46, -7.03 	0.00, 30.00 	14,25,40,184		1.44,1902.57	1000,1 	0
1627    	-0.22, 30.38, -7.06 	14348.46, -10947.65, -7.03 	0.00, 30.00 	14,25,40,194		1.35,1430.97	1000,1 	0
1636    	-0.22, 30.38, -7.05 	14334.84, -10937.27, -7.03 	0.00, 30.00 	14,25,40,203		0.00,1902.57	1000,1 	0
1645    	-0.22, 30.36, -7.06 	14331.46, -10934.71, -7.03 	0.00, 30.00 	14,25,40,213		2.52,471.43	1000,1 	0
1654    	-0.21, 30.35, -7.06 	14293.98, -10906.14, -7.03 	0.00, 30.00 	14,25,40,223		1.84,5236.03	1000,1 	0
1663    	-0.21, 30.33, -7.06 	14280.37, -10895.76, -7.03 	0.00, 30.00 	14,25,40,232		2.52,1902.57	1000,1 	0
1672    	-0.21, 30.31, -7.06 	14256.51, -10877.57, -7.03 	0.00, 30.00 	14,25,40,242		2.36,3333.48	1000,1 	0
1681    	-0.21, 30.29, -7.06 	14212.27, -10843.86, -7.03 	0.00, 30.00 	14,25,40,252		2.36,6179.13	1000,1 	0
1690    	-0.22, 30.28, -7.06 	14171.42, -10812.73, -7.03 	0.00, 30.00 	14,25,40,261		1.44,5707.40	1000,1 	0
1699    	-0.22, 30.25, -7.06 	14168.04, -10810.16, -7.03 	0.00, 30.00 	14,25,40,271		2.52,471.60	1000,1 	0
1708    	-0.22, 30.24, -7.06 	14154.42, -10799.78, -7.03 	0.00, 30.00 	14,25,40,281		1.18,1902.49	1000,1 	0
1717    	-0.21, 30.22, -7.05 	14140.80, -10789.40, -7.02 	0.00, 30.00 	14,25,40,290		2.43,1902.40	1000,1 	0
1726    	-0.21, 30.21, -7.05 	14116.94, -10771.21, -7.03 	0.00, 30.00 	14,25,40,300		1.35,3333.72	1000,1 	0
1735    	-0.21, 30.20, -7.06 	14103.33, -10760.83, -7.02 	0.00, 30.00 	14,25,40,310		1.18,1902.40	1000,1 	0
1744    	-0.21, 30.19, -7.06 	14103.33, -10760.83, -7.03 	0.00, 30.00 	14,25,40,320		1.44,0.00	1000,1 	0
1753    	-0.21, 30.18, -7.06 	14079.47, -10742.64, -7.02 	0.00, 30.00 	14,25,40,329		1.18,3333.55	1000,1 	0
1762    	-0.21, 30.17, -7.06 	14062.47, -10729.70, -7.03 	0.00, 30.00 	14,25,40,339		1.18,2374.00	1000,1 	0
1771    	-0.21, 30.15, -7.06 	14038.61, -10711.51, -7.02 	0.00, 30.00 	14,25,40,349		2.36,3333.48	1000,1 	0
1780    	-0.21, 30.13, -7.05 	14014.75, -10693.32, -7.02 	0.00, 30.00 	14,25,40,358		2.52,3333.55	1000,1 	0
1789    	-0.22, 30.10, -7.05 	13990.89, -10675.12, -7.02 	0.00, 30.00 	14,25,40,368		2.52,3333.55	1000,1 	0
1798    	-0.22, 30.07, -7.05 	13950.04, -10643.99, -7.02 	0.00, 30.00 	14,25,40,378		3.54,5707.57	1000,1 	0
1807    	-0.22, 30.06, -7.06 	13933.04, -10631.04, -7.03 	0.00, 30.00 	14,25,40,387		1.44,2373.92	1000,1 	0
1816    	-0.23, 30.03, -7.06 	13919.42, -10620.66, -7.02 	0.00, 30.00 	14,25,40,397		3.66,1902.64	1000,1 	0
1825    	-0.23, 30.01, -7.05 	13892.19, -10599.91, -7.02 	0.00, 30.00 	14,25,40,407		2.52,3805.06	1000,1 	0
1834    	-0.24, 29.99, -7.05 	13881.95, -10592.09, -7.02 	0.00, 30.00 	14,25,40,416		1.44,1430.97	1000,1 	0
1843    	-0.23, 29.99, -7.06 	13844.47, -10563.53, -7.02 	0.00, 30.00 	14,25,40,426		1.35,5236.05	1000,1 	0
1852    	-0.23, 29.98, -7.07 	13820.61, -10545.33, -7.02 	0.00, 30.00 	14,25,40,436		1.35,3333.55	1000,1 	0
1861    	-0.23, 29.94, -7.07 	13803.61, -10532.39, -7.03 	0.00, 30.00 	14,25,40,445		3.66,2373.92	1000,1 	0
1870    	-0.24, 29.93, -7.06 	13769.62, -10506.50, -7.03 	0.00, 30.00 	14,25,40,455		1.44,4748.09	1000,1 	0
1879    	-0.24, 29.91, -7.06 	13752.62, -10493.55, -7.03 	0.00, 30.00 	14,25,40,465		2.36,2373.92	1000,1 	0
1888    	-0.24, 29.90, -7.05 	13725.39, -10472.79, -7.03 	0.00, 30.00 	14,25,40,474		1.44,3805.06	1000,1 	0
1897    	-0.24, 29.90, -7.06 	13715.15, -10464.98, -7.03 	0.00, 30.00 	14,25,40,484		0.00,1430.99	1000,1 	0
1906    	-0.24, 29.88, -7.05 	13687.91, -10444.22, -7.03 	0.00, 30.00 	14,25,40,494		2.36,3805.13	1000,1 	0
1915    	-0.24, 29.87, -7.06 	13691.29, -10446.79, -7.02 	0.00, 30.00 	14,25,40,503		1.18,471.52	1000,1 	0
1924    	-0.23, 29.87, -7.06 	13677.67, -10436.41, -7.03 	0.00, 30.00 	14,25,40,513		0.75,1902.49	1000,1 	0
1933    	-0.23, 29.87, -7.06 	13677.67, -10436.41, -7.03 	0.00, 30.00 	14,25,40,523		0.00,0.00	1000,1 	0
1942    	-0.23, 29.86, -7.06 	13674.29, -10433.84, -7.03 	0.00, 30.00 	14,25,40,532		1.18,471.52	1000,1 	0
1951    	-0.24, 29.85, -7.06 	13664.05, -10426.03, -7.03 	0.00, 30.00 	14,25,40,542		1.44,1431.06	1000,1 	0
1960    	-0.22, 29.84, -7.06 	13650.43, -10415.65, -7.03 	0.00, 30.00 	14,25,40,552		1.84,1902.42	1000,1 	0
1969    	-0.23, 29.83, -7.05 	13640.19, -10407.84, -7.03 	0.00, 30.00 	14,25,40,562		1.44,1431.06	1000,1 	0
1978    	-0.24, 29.80, -7.06 	13609.58, -10384.52, -7.02 	0.00, 30.00 	14,25,40,571		2.52,4276.49	1000,1 	0
1987    	-0.24, 29.79, -7.05 	13599.34, -10376.71, -7.02 	0.00, 30.00 	14,25,40,581		1.18,1430.97	1000,1 	0
1996    	-0.23, 29.78, -7.05 	13599.34, -10376.71, -7.02 	0.00, 30.00 	14,25,40,591		1.18,0.00	1000,1 	0
2005    	-0.23, 29.75, -7.05 	13548.24, -10337.76, -7.02 	0.00, -0.00 	14,25,40,610		3.54,7138.61	1000,1 	0
2014    	-0.24, 29.75, -7.05 	13538.00, -10329.95, -7.02 	0.00, -0.00 	14,25,40,620		0.67,1287.82	1000,1 	0
2023    	-0.23, 29.74, -7.05 	13538.00, -10329.95, -7.02 	0.00, -0.00 	14,25,40,629		1.22,0.00	1000,1 	0
2032    	-0.23, 29.73, -7.05 	13524.38, -10319.57, -7.02 	0.00, -0.00 	14,25,40,639		1.06,1712.32	1000,1 	0
2041    	-0.24, 29.72, -7.05 	13510.76, -10309.19, -7.02 	0.00, -0.00 	14,25,40,649		1.29,1712.32	1000,1 	0
2050    	-0.24, 29.71, -7.05 	13510.76, -10309.19, -7.02 	0.00, -0.00 	14,25,40,658		1.06,0.00	1000,1 	0
2059    	-0.24, 29.69, -7.05 	13493.77, -10296.24, -7.03 	0.00, -0.00 	14,25,40,668		2.27,2136.60	1000,1 	0
2068    	-0.25, 29.66, -7.05 	13469.91, -10278.05, -7.02 	0.00, -0.00 	14,25,40,678		2.27,3000.19	1000,1 	0
2077    	-0.24, 29.64, -7.05 	13429.05, -10246.92, -7.02 	0.00, -0.00 	14,25,40,687		2.19,5136.72	1000,1 	0
2086    	-0.23, 29.62, -7.05 	13401.82, -10226.16, -7.02 	0.00, -0.00 	14,25,40,697		2.19,3424.50	1000,1 	0
2095    	-0.24, 29.59, -7.05 	13377.96, -10207.97, -7.02 	0.00, -0.00 	14,25,40,707		3.30,3000.25	1000,1 	0
2104    	-0.24, 29.57, -7.05 	13333.72, -10174.26, -7.01 	0.00, -0.00 	14,25,40,716		2.12,5561.10	1000,1 	0
2113    	-0.23, 29.54, -7.05 	13309.87, -10156.07, -7.02 	0.00, -0.00 	14,25,40,726		3.21,3000.19	1000,1 	0
2122    	-0.23, 29.54, -7.05 	13286.01, -10137.88, -7.02 	0.00, -0.00 	14,25,40,736		0.67,3000.19	1000,1 	0
2131    	-0.23, 29.51, -7.04 	13245.15, -10106.75, -7.02 	0.00, -0.00 	14,25,40,745		3.21,5136.79	1000,1 	0
2140    	-0.24, 29.48, -7.05 	13228.16, -10093.80, -7.02 	0.00, -0.00 	14,25,40,755		2.58,2136.52	1000,1 	0
2149    	-0.24, 29.47, -7.05 	13183.92, -10060.10, -7.02 	0.00, -0.00 	14,25,40,765		1.06,5561.18	1000,1 	0
2158    	-0.23, 29.44, -7.05 	13156.68, -10039.34, -7.02 	0.00, -0.00 	14,25,40,775		3.19,3424.54	1000,1 	0
2167    	-0.24, 29.43, -7.05 	13156.68, -10039.34, -7.02 	0.00, -0.00 	14,25,40,784		1.29,0.00	1000,1 	0
2176    	-0.24, 29.42, -7.04 	13129.45, -10018.58, -7.02 	0.00, -0.00 	14,25,40,794		1.06,3424.55	1000,1 	0
2185    	-0.24, 29.41, -7.04 	13115.83, -10008.20, -7.02 	0.00, -0.00 	14,25,40,804		1.06,1712.18	1000,1 	0
2194    	-0.23, 29.39, -7.04 	13119.21, -10010.77, -7.02 	0.00, -0.00 	14,25,40,813		2.19,424.36	1000,1 	0
2203    	-0.23, 29.38, -7.04 	13081.73, -9982.20, -7.02 	0.00, -0.00 	14,25,40,823		1.06,4712.51	1000,1 	0
2212    	-0.23, 29.37, -7.05 	13057.87, -9964.01, -7.02 	0.00, -0.00 	14,25,40,833		1.06,3000.19	1000,1 	0
2221    	-0.24, 29.35, -7.05 	13054.49, -9961.44, -7.02 	0.00, -0.00 	14,25,40,842		1.29,424.36	1000,1 	0
2230    	-0.24, 29.34, -7.05 	13037.50, -9948.50, -7.02 	0.00, -0.00 	14,25,40,852		1.06,2136.52	1000,1 	0
2239    	-0.24, 29.34, -7.05 	13027.25, -9940.69, -7.01 	0.00, -0.00 	14,25,40,862		0.00,1288.03	1000,1 	0
2248    	-0.24, 29.33, -7.05 	13013.64, -9930.31, -7.02 	0.00, -0.00 	14,25,40,871		1.06,1712.16	1000,1 	0
2257    	-0.24, 29.33, -7.05 	13000.02, -9919.93, -7.01 	0.00, -0.00 	14,25,40,881		0.67,1712.26	1000,1 	0
2266    	-0.24, 29.32, -7.04 	12989.78, -9912.12, -7.02 	0.00, -0.00 	14,25,40,891		1.06,1287.95	1000,1 	0
2275    	-0.24, 29.31, -7.05 	13000.02, -9919.93, -7.02 	0.00, -0.00 	14,25,40,900		1.06,1287.95	1000,1 	0
2284    	-0.24, 29.31, -7.05 	13000.02, -9919.93, -7.02 	0.00, -0.00 	14,25,40,910		0.00,0.00	1000,1 	0
2293    	-0.24, 29.31, -7.05 	12986.40, -9909.55, -7.02 	0.00, -0.00 	14,25,40,920		0.00,1712.24	1000,1 	0
2302    	-0.24, 29.31, -7.04 	12989.78, -9912.12, -7.03 	0.00, -0.00 	14,25,40,929		0.00,424.29	1000,1 	0
2311    	-0.24, 29.30, -7.05 	12986.40, -9909.55, -7.02 	0.00, -0.00 	14,25,40,939		1.06,424.29	1000,1 	0
2320    	-0.24, 29.31, -7.05 	12976.16, -9901.74, -7.02 	0.00, -0.00 	14,25,40,949		1.06,1287.95	1000,1 	0
2329    	-0.24, 29.31, -7.05 	12979.54, -9904.31, -7.02 	0.00, -0.00 	14,25,40,958		0.00,424.29	1000,1 	0
2338    	-0.24, 29.31, -7.05 	12976.16, -9901.74, -7.02 	0.00, -0.00 	14,25,40,968		0.00,424.29	1000,1 	0
2347    	-0.24, 29.31, -7.05 	12976.16, -9901.74, -7.02 	0.00, -0.00 	14,25,40,978		0.00,0.00	1000,1 	0
2356    	-0.24, 29.31, -7.04 	12972.78, -9899.17, -7.03 	0.00, -0.00 	14,25,40,987		0.00,424.36	1000,1 	0
2365    	-0.24, 29.31, -7.04 	12965.92, -9893.93, -7.02 	0.00, -0.00 	14,25,40,997		0.00,863.59	1000,1 	0
2374    	-0.24, 29.30, -7.05 	12962.54, -9891.36, -7.02 	0.00, -0.00 	14,25,41,7		1.06,424.29	1000,1 	0
2383    	-0.23, 29.31, -7.05 	12976.16, -9901.74, -7.02 	0.00, -0.00 	14,25,41,17		1.29,1712.24	1000,1 	0
2392    	-0.24, 29.31, -7.06 	12993.16, -9914.68, -7.02 	0.00, -0.00 	14,25,41,26		0.67,2136.60	1000,1 	0
2401    	-0.24, 29.31, -7.06 	12976.16, -9901.74, -7.01 	0.00, -0.00 	14,25,41,36		0.00,2136.60	1000,1 	0
2410    	-0.24, 29.30, -7.06 	12979.54, -9904.31, -7.01 	0.00, -0.00 	14,25,41,46		1.06,424.29	1000,1 	0
2419    	-0.24, 29.30, -7.05 	12982.92, -9906.87, -7.00 	0.00, -0.00 	14,25,41,55		0.00,424.36	1000,1 	0
2428    	-0.24, 29.31, -7.05 	12993.16, -9914.68, -7.01 	0.00, -0.00 	14,25,41,65		1.06,1287.95	1000,1 	0
2437    	-0.23, 29.31, -7.05 	12993.16, -9914.68, -7.01 	0.00, -0.00 	14,25,41,75		0.67,0.00	1000,1 	0
2446    	-0.24, 29.32, -7.05 	13017.02, -9932.88, -7.01 	0.00, -0.00 	14,25,41,84		1.22,3000.19	1000,1 	0
2455    	-0.24, 29.32, -7.06 	13023.88, -9938.12, -7.02 	0.00, -0.00 	14,25,41,94		0.00,863.53	1000,1 	0
2464    	-0.24, 29.31, -7.06 	13037.50, -9948.50, -7.02 	0.00, -0.00 	14,25,41,104		1.06,1712.32	1000,1 	0
2473    	-0.24, 29.31, -7.06 	13051.11, -9958.88, -7.02 	0.00, -0.00 	14,25,41,113		0.00,1712.16	1000,1 	0
2482    	-0.23, 29.32, -7.06 	13054.49, -9961.44, -7.03 	0.00, -0.00 	14,25,41,123		1.29,424.36	1000,1 	0
2491    	-0.23, 29.32, -7.06 	13040.87, -9951.06, -7.04 	0.00, -0.00 	14,25,41,133		0.00,1712.24	1000,1 	0
2500    	-0.23, 29.32, -7.06 	13051.11, -9958.88, -7.04 	0.00, -0.00 	14,25,41,142		0.00,1287.88	1000,1 	0
2509    	-0.22, 29.31, -7.06 	13037.50, -9948.50, -7.04 	0.00, -0.00 	14,25,41,152		1.66,1712.16	1000,1 	0
2518    	-0.20, 29.28, -7.06 	13020.50, -9935.55, -7.04 	0.00, -0.00 	14,25,41,162		3.66,2136.68	1000,1 	0
2527    	-0.17, 29.17, -7.08 	12908.38, -9850.17, -7.05 	0.00, -0.00 	14,25,41,171		11.81,14092.61	1000,1 	0
2536    	-0.16, 29.03, -7.11 	12765.44, -9741.25, -7.07 	0.00, -0.00 	14,25,41,181		13.86,17971.29	1000,1 	0
2545    	-0.17, 28.85, -7.19 	12595.16, -9611.46, -7.11 	0.00, -0.00 	14,25,41,191		18.29,21410.70	1000,1 	0
2554    	-0.20, 28.67, -7.32 	12414.53, -9473.75, -7.18 	0.00, -0.00 	14,25,41,200		18.57,22713.54	1000,1 	0
2563    	-0.23, 28.44, -7.46 	12152.19, -9273.76, -7.29 	0.00, -0.00 	14,25,41,210		23.08,32987.05	1000,1 	0
2572    	-0.27, 28.18, -7.60 	11889.85, -9073.78, -7.42 	0.00, -0.00 	14,25,41,220		26.56,32987.12	1000,1 	0
2581    	-0.32, 27.86, -7.76 	11603.65, -8855.61, -7.58 	0.00, -0.00 	14,25,41,229		31.93,35987.18	1000,1 	0
2590    	-0.38, 27.53, -7.94 	11232.26, -8572.48, -7.74 	0.00, -0.00 	14,25,41,239		33.35,46700.15	1000,1 	0
2599    	-0.43, 27.13, -8.12 	10820.02, -8258.22, -7.91 	0.00, -0.00 	14,25,41,249		40.28,51836.79	1000,1 	0
2608    	-0.46, 26.70, -8.30 	10360.05, -7907.58, -8.09 	0.00, -0.00 	14,25,41,258		43.15,57837.19	1000,1 	0
2617    	-0.54, 26.22, -8.48 	9849.10, -7518.11, -8.27 	0.00, -0.00 	14,25,41,268		48.60,64247.07	1000,1 	0
2626    	-0.61, 25.70, -8.64 	9341.52, -7131.20, -8.47 	0.00, -0.00 	14,25,41,278		52.58,63822.63	1000,1 	0
2635    	-0.67, 25.17, -8.83 	8731.86, -6666.50, -8.67 	0.00, -0.00 	14,25,41,287		53.62,76657.18	1000,1 	0
2644    	-0.73, 24.58, -9.00 	8088.10, -6175.80, -8.84 	0.00, -0.00 	14,25,41,297		58.69,80945.26	1000,1 	0
2653    	-0.76, 23.98, -9.19 	7410.24, -5659.10, -9.01 	0.00, -0.00 	14,25,41,307		60.15,85233.33	1000,1 	0
2662    	-0.78, 23.35, -9.38 	6667.57, -5092.96, -9.19 	0.00, -0.00 	14,25,41,317		63.22,93385.28	1000,1 	0
2671    	-0.79, 22.68, -9.56 	5863.66, -4480.17, -9.36 	0.00, -0.00 	14,25,41,326		67.45,101082.96	1000,1 	0
2680    	-0.85, 21.94, -9.69 	5008.76, -3828.55, -9.54 	0.00, -0.00 	14,25,41,336		73.67,107492.74	1000,1 	0
2689    	-0.92, 21.10, -9.80 	4123.24, -3153.59, -9.71 	0.00, -0.00 	14,25,41,346		84.32,111341.62	1000,1 	0
2698    	-1.03, 20.27, -9.91 	3200.36, -2450.18, -9.86 	0.00, -0.00 	14,25,41,355		84.34,116039.15	1000,1 	0
2707    	-1.07, 19.39, -10.00 	2178.66, -1671.44, -9.97 	0.00, -0.00 	14,25,41,365		88.06,128464.23	1000,1 	0
2716    	-1.11, 18.51, -10.07 	1088.76, -840.70, -10.05 	0.00, -0.00 	14,25,41,375		88.17,137040.44	1000,1 	0
2725    	-1.09, 17.58, -10.17 	-42.10, 21.29, -10.11 	0.00, -0.00 	14,25,41,384		92.72,142192.10	1000,1 	0
2734    	-1.10, 16.67, -10.25 	-1241.04, 935.17, -10.15 	0.00, -0.00 	14,25,41,394		90.84,150753.40	1000,1 	0
2743    	-1.14, 15.66, -10.24 	-2334.32, 1768.48, -10.18 	0.00, -0.00 	14,25,41,404		100.85,137464.77	1000,1 	0
2752    	-1.17, 14.69, -10.19 	-3488.93, 2648.55, -10.22 	0.00, -0.00 	14,25,41,413		97.67,145177.40	1000,1 	0
2761    	-1.21, 13.67, -10.13 	-4639.85, 3525.73, -10.24 	0.00, -0.00 	14,25,41,423		102.01,144708.34	1000,1 	0
2770    	-1.26, 12.70, -10.16 	-5845.55, 4444.74, -10.21 	0.00, -0.00 	14,25,41,433		96.73,151602.12	1000,1 	0
2779    	-1.23, 11.73, -10.15 	-7092.12, 5394.90, -10.16 	0.00, -0.00 	14,25,41,442		96.83,156738.85	1000,1 	0
2788    	-1.15, 10.76, -10.11 	-8294.65, 6311.56, -10.09 	0.00, -0.00 	14,25,41,452		97.57,151207.55	1000,1 	0
2797    	-1.16, 9.78, -10.08 	-9564.97, 7279.80, -10.01 	0.00, -0.00 	14,25,41,462		98.43,159724.09	1000,1 	0
2806    	-1.22, 8.84, -9.97 	-10838.35, 8250.28, -9.90 	0.00, -0.00 	14,25,41,471		93.68,160103.88	1000,1 	0
2815    	-1.25, 7.92, -9.80 	-12077.21, 9194.32, -9.86 	0.00, -0.00 	14,25,41,481		92.28,155756.18	1000,1 	0
2824    	-1.20, 6.99, -9.64 	-13176.72, 10032.22, -9.83 	0.00, -0.00 	14,25,41,491		93.48,138238.88	1000,1 	0
2833    	-1.13, 6.08, -9.54 	-14263.03, 10860.17, -9.73 	0.00, -0.00 	14,25,41,500		91.20,136586.36	1000,1 	0
2842    	-1.04, 5.31, -9.50 	-15319.04, 11665.13, -9.55 	0.00, -0.00 	14,25,41,510		77.35,132782.11	1000,1 	0
2851    	-0.93, 4.59, -9.45 	-16408.94, 12495.88, -9.33 	0.00, -0.00 	14,25,41,520		73.14,137040.39	1000,1 	0
2860    	-0.86, 3.83, -9.36 	-17362.13, 13222.29, -9.23 	0.00, -0.00 	14,25,41,529		76.32,119843.46	1000,1 	0
2869    	-0.87, 3.12, -9.28 	-18291.35, 13930.40, -9.18 	0.00, -0.00 	14,25,41,539		70.53,116828.24	1000,1 	0
2878    	-0.87, 2.41, -9.05 	-19173.18, 14602.45, -9.08 	0.00, -0.00 	14,25,41,549		70.53,110872.63	1000,1 	0
2887    	-0.90, 1.81, -8.75 	-20106.10, 15313.46, -8.89 	0.00, -0.00 	14,25,41,559		60.26,117297.28	1000,1 	0
2896    	-0.85, 1.19, -8.57 	-20923.31, 15936.30, -8.66 	0.00, -0.00 	14,25,41,568		62.57,102750.49	1000,1 	0
2905    	-0.79, 0.61, -8.51 	-21754.14, 16569.52, -8.39 	0.00, -0.00 	14,25,41,578		58.29,104462.96	1000,1 	0
2914    	-0.79, 0.16, -8.44 	-22346.60, 17021.05, -8.27 	0.00, -0.00 	14,25,41,588		44.85,74490.62	1000,1 	0
2923    	-0.80, -0.26, -8.20 	-22942.43, 17475.15, -8.20 	0.00, -0.00 	14,25,41,597		41.76,74915.20	1000,1 	0
2932    	-0.82, -0.60, -8.03 	-23425.84, 17843.55, -8.16 	0.00, -0.00 	14,25,41,607		34.47,60777.66	1000,1 	0
2941    	-0.80, -0.90, -7.97 	-23902.38, 18206.70, -8.00 	0.00, -0.00 	14,25,41,617		29.73,59914.22	1000,1 	0
2950    	-0.76, -1.03, -7.90 	-24239.67, 18463.82, -7.85 	0.00, -0.00 	14,25,41,626		13.99,42412.00	1000,1 	0
2959    	-0.67, -1.17, -7.83 	-24614.23, 18749.29, -7.65 	0.00, -0.00 	14,25,41,636		16.45,47094.77	1000,1 	0
2968    	-0.65, -1.34, -7.76 	-25063.33, 19091.47, -7.53 	0.00, -0.00 	14,25,41,646		16.95,56459.98	1000,1 	0
2977    	-0.67, -1.52, -7.66 	-25553.39, 19464.89, -7.36 	0.00, -0.00 	14,25,41,655		18.57,61611.52	1000,1 	0
2986    	-0.72, -1.61, -7.52 	-25995.73, 19801.93, -7.20 	0.00, -0.00 	14,25,41,665		9.97,55611.26	1000,1 	0
2995    	-0.80, -1.70, -7.35 	-26152.39, 19921.34, -7.13 	0.00, -0.00 	14,25,41,675		12.35,19698.48	1000,1 	0
3004    	-0.81, -1.76, -7.28 	-26125.16, 19900.58, -7.13 	0.00, -0.00 	14,25,41,684		6.59,3424.63	1000,1 	0
3013    	-0.78, -1.85, -7.26 	-26067.20, 19856.39, -7.10 	0.00, -0.00 	14,25,41,694		9.92,7288.28	1000,1 	0
3022    	-0.71, -1.79, -7.26 	-25958.36, 19773.47, -7.07 	0.00, -0.00 	14,25,41,704		8.82,13683.05	1000,1 	0
3031    	-0.65, -1.77, -7.27 	-25873.27, 19708.63, -7.01 	0.00, -0.00 	14,25,41,713		6.86,10698.05	1000,1 	0
3040    	-0.61, -1.71, -7.24 	-25668.99, 19552.95, -7.00 	0.00, -0.00 	14,25,41,723		7.75,25683.85	1000,1 	0
3049    	-0.64, -1.69, -7.22 	-25549.80, 19462.10, -6.99 	0.00, -0.00 	14,25,41,733		3.31,14986.08	1000,1 	0
3058    	-0.71, -1.68, -7.11 	-25488.46, 19415.34, -6.93 	0.00, -0.00 	14,25,41,742		7.55,7712.70	1000,1 	0
3067    	-0.72, -1.62, -7.05 	-25444.34, 19381.75, -6.82 	0.00, -0.00 	14,25,41,752		5.31,5546.08	1000,1 	0
3076    	-0.76, -1.57, -7.00 	-25468.19, 19399.94, -6.74 	0.00, -0.00 	14,25,41,762		6.10,3000.05	1000,1 	0
3085    	-0.76, -1.57, -6.95 	-25417.21, 19361.10, -6.70 	0.00, -0.00 	14,25,41,772		0.00,6409.51	1000,1 	0
3094    	-0.79, -1.57, -6.90 	-25369.59, 19324.83, -6.70 	0.00, -0.00 	14,25,41,781		3.45,5985.52	1000,1 	0
3103    	-0.77, -1.55, -6.87 	-25342.35, 19304.07, -6.72 	0.00, -0.00 	14,25,41,791		2.95,3424.63	1000,1 	0
3112    	-0.82, -1.59, -6.83 	-25338.87, 19301.39, -6.68 	0.00, -0.00 	14,25,41,801		7.01,439.17	1000,1 	0
3121    	-0.83, -1.61, -6.82 	-25318.50, 19285.88, -6.66 	0.00, -0.00 	14,25,41,810		1.29,2561.01	1000,1 	0
3130    	-0.84, -1.57, -6.81 	-25236.89, 19223.71, -6.65 	0.00, -0.00 	14,25,41,820		3.21,10258.72	1000,1 	0
3139    	-0.84, -1.57, -6.83 	-25162.14, 19166.79, -6.62 	0.00, -0.00 	14,25,41,830		0.00,9394.98	1000,1 	0
3148    	-0.80, -1.57, -6.85 	-25148.63, 19156.53, -6.61 	0.00, -0.00 	14,25,41,839		4.03,1697.46	1000,1 	0
3157    	-0.79, -1.54, -6.84 	-25182.62, 19182.42, -6.61 	0.00, -0.00 	14,25,41,849		3.54,4273.20	1000,1 	0
3166    	-0.80, -1.52, -6.83 	-25186.00, 19184.98, -6.62 	0.00, -0.00 	14,25,41,859		2.44,424.30	1000,1 	0
3175    	-0.80, -1.52, -6.83 	-25192.76, 19190.12, -6.63 	0.00, -0.00 	14,25,41,868		0.00,848.69	1000,1 	0
3184    	-0.81, -1.53, -6.83 	-25189.38, 19187.55, -6.61 	0.00, -0.00 	14,25,41,878		1.76,424.42	1000,1 	0
3193    	-0.81, -1.53, -6.83 	-25189.38, 19187.55, -6.61 	0.00, -0.00 	14,25,41,888		0.00,0.00	1000,1 	0
3202    	-0.83, -1.52, -6.82 	-25199.62, 19195.36, -6.62 	0.00, -0.00 	14,25,41,897		1.66,1288.05	1000,1 	0
3211    	-0.82, -1.52, -6.82 	-25169.00, 19172.04, -6.61 	0.00, -0.00 	14,25,41,907		0.67,3848.94	1000,1 	0
3220    	-0.82, -1.52, -6.82 	-25196.14, 19192.69, -6.62 	0.00, -0.00 	14,25,41,917		0.00,3409.62	1000,1 	0
3229    	-0.82, -1.52, -6.82 	-25209.75, 19203.07, -6.60 	0.00, -0.00 	14,25,41,926		0.00,1712.16	1000,1 	0
3238    	-0.82, -1.52, -6.82 	-25203.00, 19197.93, -6.60 	0.00, -0.00 	14,25,41,936		0.00,848.42	1000,1 	0
3247    	-0.83, -1.51, -6.83 	-25186.00, 19184.98, -6.61 	0.00, -0.00 	14,25,41,946		1.22,2136.74	1000,1 	0
3256    	-0.83, -1.51, -6.83 	-25192.86, 19190.23, -6.60 	0.00, -0.00 	14,25,41,955		0.00,863.44	1000,1 	0
3265    	-0.83, -1.51, -6.83 	-25182.62, 19182.42, -6.60 	0.00, -0.00 	14,25,41,965		0.00,1287.74	1000,1 	0
3274    	-0.83, -1.52, -6.82 	-25196.24, 19192.80, -6.60 	0.00, -0.00 	14,25,41,975		1.06,1712.16	1000,1 	0
3283    	-0.83, -1.52, -6.82 	-25182.62, 19182.42, -6.60 	0.00, -0.00 	14,25,41,985		0.00,1712.16	1000,1 	0
3292    	-0.83, -1.52, -6.82 	-25172.49, 19174.71, -6.59 	0.00, -0.00 	14,25,41,994		0.00,1273.15	1000,1 	0
3301    	-0.83, -1.52, -6.82 	-25186.11, 19185.09, -6.60 	0.00, -0.00 	14,25,41,4		0.00,1712.47	1000,1 	0
3310    	-0.83, -1.52, -6.82 	-25186.11, 19185.09, -6.59 	0.00, -0.00 	14,25,42,14		0.00,0.00	1000,1 	0
3319    	-0.82, -1.52, -6.82 	-25175.87, 19177.28, -6.60 	0.00, -0.00 	14,25,42,23		0.67,1288.05	1000,1 	0
3328    	-0.82, -1.53, -6.82 	-25172.49, 19174.71, -6.60 	0.00, -0.00 	14,25,42,33		1.06,424.42	1000,1 	0
3337    	-0.81, -1.53, -6.82 	-25135.01, 19146.15, -6.57 	0.00, -0.00 	14,25,42,43		0.67,4712.22	1000,1 	0
3346    	-0.81, -1.53, -6.82 	-25148.63, 19156.53, -6.58 	0.00, -0.00 	14,25,42,52		0.00,1712.16	1000,1 	0
3355    	-0.81, -1.53, -6.82 	-25152.11, 19159.20, -6.60 	0.00, -0.00 	14,25,42,62		0.00,439.17	1000,1 	0
3364    	-0.81, -1.53, -6.82 	-25203.00, 19197.93, -6.59 	0.00, -0.00 	14,25,42,72		0.00,6395.08	1000,1 	0
3373    	-0.84, -1.53, -6.82 	-25206.38, 19200.50, -6.58 	0.00, -0.00 	14,25,42,81		2.69,424.30	1000,1 	0
3382    	-0.82, -1.55, -6.81 	-25179.24, 19179.85, -6.59 	0.00, -0.00 	14,25,42,91		2.83,3409.77	1000,1 	0
3391    	-0.82, -1.54, -6.81 	-25179.24, 19179.85, -6.60 	0.00, -0.00 	14,25,42,101		1.06,0.00	1000,1 	0
3400    	-0.84, -1.53, -6.81 	-25152.01, 19159.09, -6.60 	0.00, -0.00 	14,25,42,110		2.22,3424.48	1000,1 	0
3409    	-0.82, -1.53, -6.82 	-25148.52, 19156.42, -6.59 	0.00, -0.00 	14,25,42,120		2.01,439.33	1000,1 	0
3418    	-0.81, -1.53, -6.82 	-25141.66, 19151.17, -6.60 	0.00, -0.00 	14,25,42,130		1.34,863.59	1000,1 	0
3427    	-0.84, -1.52, -6.82 	-25138.39, 19148.71, -6.62 	0.00, -0.00 	14,25,42,139		2.82,409.26	1000,1 	0
3436    	-0.80, -1.48, -6.84 	-25050.13, 19081.52, -6.60 	0.00, -0.00 	14,25,42,149		5.29,11092.43	1000,1 	0
3445    	-0.77, -1.44, -6.85 	-25009.27, 19050.39, -6.58 	0.00, -0.00 	14,25,42,159		5.17,5136.95	1000,1 	0
3454    	-0.78, -1.42, -6.84 	-24941.18, 18998.49, -6.58 	0.00, -0.00 	14,25,42,168		2.19,8561.27	1000,1 	0
3463    	-0.80, -1.40, -6.84 	-24947.73, 19003.41, -6.59 	0.00, -0.00 	14,25,42,178		2.44,818.98	1000,1 	0
3472    	-0.78, -1.35, -6.80 	-24991.76, 19036.89, -6.60 	0.00, -0.00 	14,25,42,188		4.54,5531.37	1000,1 	0
3481    	-0.77, -1.32, -6.77 	-24994.93, 19039.25, -6.64 	0.00, -0.00 	14,25,42,197		3.88,394.54	1000,1 	0
3490    	-0.75, -1.30, -6.76 	-24964.21, 19015.81, -6.67 	0.00, -0.00 	14,25,42,207		2.58,3863.92	1000,1 	0
3499    	-0.74, -1.28, -6.77 	-24960.72, 19013.13, -6.69 	0.00, -0.00 	14,25,42,217		1.76,439.17	1000,1 	0
3508    	-0.74, -1.26, -6.80 	-24909.73, 18974.30, -6.70 	0.00, -0.00 	14,25,42,227		2.27,6409.67	1000,1 	0
3517    	-0.72, -1.27, -6.79 	-24889.36, 18958.78, -6.71 	0.00, -0.00 	14,25,42,236		2.22,2560.89	1000,1 	0
3526    	-0.72, -1.24, -6.81 	-24899.49, 18966.49, -6.73 	0.00, -0.00 	14,25,42,246		3.19,1272.99	1000,1 	0
3535    	-0.72, -1.24, -6.81 	-24896.11, 18963.92, -6.71 	0.00, -0.00 	14,25,42,256		0.67,424.42	1000,1 	0
3544    	-0.70, -1.25, -6.81 	-24902.87, 18969.05, -6.71 	0.00, -0.00 	14,25,42,265		2.22,848.73	1000,1 	0
3553    	-0.71, -1.25, -6.81 	-24926.62, 18987.13, -6.71 	0.00, -0.00 	14,25,42,275		0.67,2985.19	1000,1 	0
3562    	-0.71, -1.26, -6.79 	-24930.11, 18989.81, -6.70 	0.00, -0.00 	14,25,42,285		1.06,439.29	1000,1 	0
3571    	-0.70, -1.28, -6.80 	-24994.72, 19039.03, -6.67 	0.00, -0.00 	14,25,42,294		2.19,8121.99	1000,1 	0
3580    	-0.74, -1.26, -6.80 	-24977.93, 19026.30, -6.67 	0.00, -0.00 	14,25,42,304		3.85,2106.71	1000,1 	0
3589    	-0.74, -1.27, -6.80 	-24998.20, 19041.70, -6.67 	0.00, -0.00 	14,25,42,314		1.29,2546.03	1000,1 	0
3598    	-0.70, -1.28, -6.79 	-25004.96, 19046.84, -6.68 	0.00, -0.00 	14,25,42,323		4.75,848.85	1000,1 	0
3607    	-0.71, -1.29, -6.80 	-25011.92, 19052.19, -6.71 	0.00, -0.00 	14,25,42,333		1.76,878.19	1000,1 	0
3616    	-0.71, -1.31, -6.80 	-25076.64, 19101.52, -6.65 	0.00, -0.00 	14,25,42,343		2.12,8137.12	1000,1 	0
3625    	-0.70, -1.35, -6.83 	-25107.36, 19124.95, -6.63 	0.00, -0.00 	14,25,42,352		4.26,3863.80	1000,1 	0
3634    	-0.68, -1.38, -6.84 	-25144.73, 19153.41, -6.65 	0.00, -0.00 	14,25,42,362		3.38,4697.47	1000,1 	0
3643    	-0.71, -1.43, -6.84 	-25229.82, 19218.25, -6.64 	0.00, -0.00 	14,25,42,372		5.17,10697.89	1000,1 	0
3652    	-0.69, -1.46, -6.82 	-25304.56, 19275.17, -6.68 	0.00, -0.00 	14,25,42,381		3.38,9395.13	1000,1 	0
3661    	-0.71, -1.50, -6.81 	-25362.31, 19319.15, -6.68 	0.00, -0.00 	14,25,42,391		4.82,7258.36	1000,1 	0
3670    	-0.67, -1.55, -6.79 	-25379.21, 19331.99, -6.66 	0.00, -0.00 	14,25,42,401		6.10,2121.88	1000,1 	0
3679    	-0.68, -1.61, -6.80 	-25402.96, 19350.07, -6.65 	0.00, -0.00 	14,25,42,410		5.39,2985.35	1000,1 	0
3688    	-0.68, -1.60, -6.82 	-25430.30, 19370.93, -6.64 	0.00, -0.00 	14,25,42,420		1.06,3439.34	1000,1 	0
3697    	-0.68, -1.65, -6.81 	-25457.64, 19391.80, -6.64 	0.00, -0.00 	14,25,42,430		5.39,3439.34	1000,1 	0
3706    	-0.67, -1.66, -6.80 	-25450.78, 19386.56, -6.64 	0.00, -0.00 	14,25,42,440		1.66,863.44	1000,1 	0
3715    	-0.66, -1.66, -6.82 	-25461.02, 19394.37, -6.64 	0.00, -0.00 	14,25,42,449		0.67,1287.74	1000,1 	0
3724    	-0.66, -1.67, -6.82 	-25488.26, 19415.12, -6.65 	0.00, -0.00 	14,25,42,459		1.06,3424.48	1000,1 	0
3733    	-0.66, -1.70, -6.80 	-25488.26, 19415.12, -6.65 	0.00, -0.00 	14,25,42,469		3.19,0.00	1000,1 	0
3742    	-0.64, -1.69, -6.82 	-25467.78, 19399.50, -6.65 	0.00, -0.00 	14,25,42,478		2.34,2575.75	1000,1 	0
3751    	-0.65, -1.68, -6.82 	-25542.63, 19456.53, -6.64 	0.00, -0.00 	14,25,42,488		1.66,9410.12	1000,1 	0
3760    	-0.64, -1.70, -6.82 	-25539.14, 19453.86, -6.66 	0.00, -0.00 	14,25,42,498		2.44,439.29	1000,1 	0
3769    	-0.63, -1.72, -6.80 	-25549.38, 19461.67, -6.66 	0.00, -0.00 	14,25,42,507		2.19,1287.86	1000,1 	0
3778    	-0.63, -1.70, -6.81 	-25569.87, 19477.29, -6.65 	0.00, -0.00 	14,25,42,517		2.12,2575.94	1000,1 	0
3787    	-0.63, -1.74, -6.82 	-25583.38, 19487.56, -6.67 	0.00, -0.00 	14,25,42,527		4.34,1697.42	1000,1 	0
3796    	-0.60, -1.72, -6.84 	-25556.24, 19466.91, -6.66 	0.00, -0.00 	14,25,42,536		4.09,3409.89	1000,1 	0
3805    	-0.61, -1.72, -6.85 	-25603.86, 19503.18, -6.66 	0.00, -0.00 	14,25,42,546		0.67,5985.52	1000,1 	0
3814    	-0.61, -1.74, -6.83 	-25654.85, 19542.02, -6.64 	0.00, -0.00 	14,25,42,556		2.12,6409.94	1000,1 	0
3823    	-0.61, -1.74, -6.84 	-25637.85, 19529.07, -6.66 	0.00, -0.00 	14,25,42,565		0.67,2136.58	1000,1 	0
3832    	-0.62, -1.76, -6.82 	-25688.95, 19568.02, -6.65 	0.00, -0.00 	14,25,42,575		2.27,6424.81	1000,1 	0
3841    	-0.56, -1.76, -6.82 	-25729.70, 19599.05, -6.69 	0.00, -0.00 	14,25,42,585		6.07,5121.78	1000,1 	0
3850    	-0.55, -1.82, -6.83 	-25763.59, 19624.83, -6.68 	0.00, -0.00 	14,25,42,594		5.31,4258.19	1000,1 	0
3859    	-0.53, -1.85, -6.82 	-25831.47, 19676.51, -6.69 	0.00, -0.00 	14,25,42,604		3.38,8531.66	1000,1 	0
3868    	-0.54, -1.92, -6.81 	-25824.82, 19671.48, -6.68 	0.00, -0.00 	14,25,42,614		7.51,833.83	1000,1 	0
3877    	-0.50, -1.93, -6.82 	-25862.09, 19699.84, -6.66 	0.00, -0.00 	14,25,42,623		4.10,4682.61	1000,1 	0
3886    	-0.49, -1.96, -6.83 	-25923.42, 19746.60, -6.68 	0.00, -0.00 	14,25,42,633		3.19,7712.54	1000,1 	0
3895    	-0.47, -2.00, -6.85 	-25920.04, 19744.03, -6.69 	0.00, -0.00 	14,25,42,643		4.58,424.42	1000,1 	0
3904    	-0.46, -2.05, -6.81 	-25984.86, 19793.46, -6.65 	0.00, -0.00 	14,25,42,652		5.39,8152.02	1000,1 	0
3913    	-0.43, -2.07, -6.81 	-26022.23, 19821.92, -6.66 	0.00, -0.00 	14,25,42,662		3.31,4697.47	1000,1 	0
3922    	-0.41, -2.13, -6.84 	-26158.31, 19925.60, -6.66 	0.00, -0.00 	14,25,42,672		6.43,17107.68	1000,1 	0
3931    	-0.41, -2.17, -6.83 	-26249.95, 19995.36, -6.68 	0.00, -0.00 	14,25,42,682		4.25,11516.86	1000,1 	0
3940    	-0.38, -2.22, -6.81 	-26273.81, 20013.55, -6.69 	0.00, -0.00 	14,25,42,691		5.79,3000.21	1000,1 	0
3949    	-0.40, -2.26, -6.79 	-26386.14, 20099.15, -6.65 	0.00, -0.00 	14,25,42,701		3.88,14122.52	1000,1 	0
3958    	-0.37, -2.25, -6.78 	-26420.13, 20125.04, -6.66 	0.00, -0.00 	14,25,42,711		2.69,4273.05	1000,1 	0
3967    	-0.37, -2.27, -6.79 	-26488.12, 20176.83, -6.65 	0.00, -0.00 	14,25,42,720		2.27,8546.41	1000,1 	0
3976    	-0.35, -2.28, -6.79 	-26494.88, 20181.96, -6.66 	0.00, -0.00 	14,25,42,730		2.22,848.73	1000,1 	0
3985    	-0.34, -2.32, -6.82 	-26508.50, 20192.34, -6.67 	0.00, -0.00 	14,25,42,740		4.26,1712.28	1000,1 	0
3994    	-0.35, -2.29, -6.85 	-26518.74, 20200.15, -6.68 	0.00, -0.00 	14,25,42,749		3.21,1287.89	1000,1 	0
4003    	-0.36, -2.34, -6.84 	-26559.49, 20231.18, -6.68 	0.00, -0.00 	14,25,42,759		4.34,5121.93	1000,1 	0
4012    	-0.31, -2.35, -6.85 	-26542.49, 20218.23, -6.70 	0.00, -0.00 	14,25,42,769		5.03,2136.47	1000,1 	0
4021    	-0.30, -2.34, -6.84 	-26552.73, 20226.04, -6.70 	0.00, -0.00 	14,25,42,778		1.29,1287.74	1000,1 	0
4030    	-0.31, -2.37, -6.84 	-26552.73, 20226.04, -6.70 	0.00, -0.00 	14,25,42,788		3.30,0.00	1000,1 	0
4039    	-0.31, -2.41, -6.82 	-26617.45, 20275.37, -6.69 	0.00, -0.00 	14,25,42,798		3.19,8137.00	1000,1 	0
4048    	-0.31, -2.39, -6.82 	-26593.59, 20257.18, -6.68 	0.00, -0.00 	14,25,42,807		1.06,3000.05	1000,1 	0
4057    	-0.31, -2.39, -6.82 	-26648.06, 20298.70, -6.68 	0.00, -0.00 	14,25,42,817		0.00,6848.80	1000,1 	0
4066    	-0.31, -2.42, -6.80 	-26647.96, 20298.59, -6.70 	0.00, -0.00 	14,25,42,827		2.12,15.06	1000,1 	0
4075    	-0.31, -2.41, -6.82 	-26644.47, 20295.91, -6.69 	0.00, -0.00 	14,25,42,836		1.06,439.17	1000,1 	0
4084    	-0.27, -2.40, -6.83 	-26698.84, 20337.32, -6.68 	0.00, -0.00 	14,25,42,846		3.36,6834.25	1000,1 	0
4093    	-0.27, -2.41, -6.81 	-26712.46, 20347.70, -6.70 	0.00, -0.00 	14,25,42,856		1.06,1712.16	1000,1 	0
4102    	-0.28, -2.43, -6.82 	-26736.32, 20365.89, -6.68 	0.00, -0.00 	14,25,42,865		2.27,3000.05	1000,1 	0
4111    	-0.26, -2.43, -6.84 	-26753.32, 20378.83, -6.68 	0.00, -0.00 	14,25,42,875		2.01,2136.89	1000,1 	0
4120    	-0.26, -2.43, -6.84 	-26709.08, 20345.13, -6.68 	0.00, -0.00 	14,25,42,885		0.00,5561.10	1000,1 	0
4129    	-0.26, -2.45, -6.83 	-26736.32, 20365.89, -6.70 	0.00, -0.00 	14,25,42,895		2.27,3424.20	1000,1 	0
4138    	-0.26, -2.45, -6.84 	-26770.31, 20391.78, -6.68 	0.00, -0.00 	14,25,42,904		0.67,4273.36	1000,1 	0
4147    	-0.26, -2.45, -6.83 	-26766.94, 20389.21, -6.70 	0.00, -0.00 	14,25,42,914		0.00,424.30	1000,1 	0
4156    	-0.28, -2.47, -6.82 	-26811.27, 20423.03, -6.65 	0.00, -0.00 	14,25,42,924		2.34,5575.96	1000,1 	0
4165    	-0.28, -2.47, -6.83 	-26831.75, 20438.65, -6.63 	0.00, -0.00 	14,25,42,933		0.00,2575.91	1000,1 	0
4174    	-0.26, -2.49, -6.83 	-26787.52, 20404.94, -6.65 	0.00, -0.00 	14,25,42,943		2.44,5561.37	1000,1 	0
4183    	-0.26, -2.46, -6.85 	-26801.04, 20415.21, -6.66 	0.00, -0.00 	14,25,42,953		2.12,1697.61	1000,1 	0
4192    	-0.26, -2.48, -6.83 	-26872.40, 20469.57, -6.68 	0.00, -0.00 	14,25,42,962		2.19,8970.83	1000,1 	0
4201    	-0.28, -2.44, -6.86 	-26896.16, 20487.65, -6.64 	0.00, -0.00 	14,25,42,972		4.58,2985.31	1000,1 	0
4210    	-0.22, -2.44, -6.87 	-26926.67, 20510.87, -6.63 	0.00, -0.00 	14,25,42,982		5.37,3833.88	1000,1 	0
4219    	-0.21, -2.46, -6.86 	-27025.27, 20585.97, -6.60 	0.00, -0.00 	14,25,42,991		2.44,12395.19	1000,1 	0
4228    	-0.24, -2.51, -6.86 	-27120.18, 20658.19, -6.60 	0.00, -0.00 	14,25,42,1		6.46,11926.42	1000,1 	0
4237    	-0.18, -2.54, -6.85 	-27221.85, 20735.54, -6.66 	0.00, -0.00 	14,25,43,11		6.65,12774.83	1000,1 	0
4246    	-0.16, -2.53, -6.83 	-27211.61, 20727.73, -6.57 	0.00, -0.00 	14,25,43,20		2.34,1287.89	1000,1 	0
4255    	-0.12, -2.53, -6.83 	-27133.70, 20668.46, -6.46 	0.00, -0.00 	14,25,43,30		3.45,9789.64	1000,1 	0
4264    	-0.06, -2.48, -6.89 	-26994.55, 20562.54, -6.40 	0.00, -0.00 	14,25,43,40		8.17,17487.51	1000,1 	0
4273    	-0.05, -2.43, -6.93 	-26899.64, 20490.32, -6.39 	0.00, -0.00 	14,25,43,49		5.56,11926.11	1000,1 	0
4282    	-0.02, -2.42, -6.92 	-26882.54, 20477.27, -6.44 	0.00, -0.00 	14,25,43,59		2.69,2151.64	1000,1 	0
4291    	-0.01, -2.42, -6.92 	-26912.84, 20500.27, -6.59 	0.00, -0.00 	14,25,43,69		1.34,3804.32	1000,1 	0
4300    	-0.04, -2.39, -6.90 	-26943.35, 20523.48, -6.63 	0.00, -0.00 	14,25,43,78		4.03,3833.88	1000,1 	0
4309    	-0.03, -2.40, -6.89 	-26922.66, 20507.64, -6.58 	0.00, -0.00 	14,25,43,88		1.22,2605.52	1000,1 	0
4318    	-0.04, -2.40, -6.90 	-26922.46, 20507.43, -6.49 	0.00, -0.00 	14,25,43,98		1.34,30.12	1000,1 	0
4327    	-0.07, -2.39, -6.89 	-26888.46, 20481.53, -6.40 	0.00, -0.00 	14,25,43,107		2.83,4273.36	1000,1 	0
4336    	-0.07, -2.39, -6.88 	-26861.22, 20460.78, -6.39 	0.00, -0.00 	14,25,43,117		0.00,3424.36	1000,1 	0
4345    	-0.03, -2.40, -6.88 	-26864.60, 20463.34, -6.38 	0.00, -0.00 	14,25,43,127		3.85,424.30	1000,1 	0
4354    	-0.04, -2.40, -6.88 	-26895.22, 20486.67, -6.39 	0.00, -0.00 	14,25,43,137		1.34,3848.90	1000,1 	0
4363    	-0.06, -2.40, -6.88 	-26830.61, 20437.45, -6.39 	0.00, -0.00 	14,25,43,146		1.66,8122.10	1000,1 	0
4372    	-0.04, -2.37, -6.87 	-26796.61, 20411.56, -6.44 	0.00, -0.00 	14,25,43,156		3.02,4273.20	1000,1 	0
4381    	-0.07, -2.35, -6.87 	-26844.22, 20447.83, -6.42 	0.00, -0.00 	14,25,43,166		3.31,5985.36	1000,1 	0
4390    	-0.09, -2.36, -6.87 	-26786.69, 20404.07, -6.46 	0.00, -0.00 	14,25,43,175		2.69,7228.64	1000,1 	0
4399    	-0.09, -2.37, -6.86 	-26667.60, 20313.34, -6.48 	0.00, -0.00 	14,25,43,185		1.06,14971.06	1000,1 	0
4408    	-0.12, -2.33, -6.86 	-26650.71, 20300.50, -6.51 	0.00, -0.00 	14,25,43,195		4.58,2121.60	1000,1 	0
4417    	-0.07, -2.33, -6.85 	-26667.71, 20313.45, -6.55 	0.00, -0.00 	14,25,43,204		4.75,2136.47	1000,1 	0
4426    	-0.14, -2.34, -6.84 	-26633.71, 20287.56, -6.57 	0.00, -0.00 	14,25,43,214		6.71,4273.36	1000,1 	0
4435    	-0.17, -2.29, -6.86 	-26576.07, 20243.69, -6.61 	0.00, -0.00 	14,25,43,224		5.79,7243.50	1000,1 	0
4444    	-0.16, -2.31, -6.87 	-26467.33, 20160.88, -6.63 	0.00, -0.00 	14,25,43,233		2.12,13668.30	1000,1 	0
4453    	-0.15, -2.30, -6.89 	-26477.46, 20168.58, -6.62 	0.00, -0.00 	14,25,43,243		1.76,1272.84	1000,1 	0
4462    	-0.13, -2.28, -6.90 	-26389.21, 20101.39, -6.62 	0.00, -0.00 	14,25,43,253		3.02,11092.28	1000,1 	0
4471    	-0.17, -2.29, -6.91 	-26379.17, 20093.80, -6.62 	0.00, -0.00 	14,25,43,262		3.58,1258.14	1000,1 	0
4480    	-0.17, -2.26, -6.92 	-26355.21, 20075.50, -6.67 	0.00, -0.00 	14,25,43,272		3.19,3015.07	1000,1 	0
4489    	-0.19, -2.24, -6.91 	-26409.58, 20116.90, -6.66 	0.00, -0.00 	14,25,43,282		2.83,6834.09	1000,1 	0
4498    	-0.22, -2.23, -6.90 	-26406.31, 20114.45, -6.66 	0.00, -0.00 	14,25,43,291		3.45,409.41	1000,1 	0
4507    	-0.19, -2.24, -6.90 	-26396.17, 20106.74, -6.68 	0.00, -0.00 	14,25,43,301		3.45,1273.15	1000,1 	0
4516    	-0.21, -2.28, -6.91 	-26351.94, 20073.04, -6.64 	0.00, -0.00 	14,25,43,311		3.88,5560.94	1000,1 	0
4525    	-0.20, -2.25, -6.91 	-26402.93, 20111.88, -6.64 	0.00, -0.00 	14,25,43,320		2.27,6409.79	1000,1 	0
4534    	-0.20, -2.25, -6.91 	-26385.93, 20098.93, -6.65 	0.00, -0.00 	14,25,43,330		0.00,2136.74	1000,1 	0
4543    	-0.21, -2.26, -6.90 	-26368.83, 20085.88, -6.67 	0.00, -0.00 	14,25,43,340		1.29,2151.48	1000,1 	0
4552    	-0.19, -2.26, -6.90 	-26341.80, 20065.34, -6.68 	0.00, -0.00 	14,25,43,350		1.34,3394.87	1000,1 	0
4561    	-0.21, -2.27, -6.90 	-26358.70, 20078.17, -6.69 	0.00, -0.00 	14,25,43,359		2.01,2122.03	1000,1 	0
4570    	-0.17, -2.25, -6.90 	-26382.45, 20096.26, -6.65 	0.00, -0.00 	14,25,43,369		4.23,2985.16	1000,1 	0
4579    	-0.19, -2.25, -6.90 	-26379.17, 20093.80, -6.65 	0.00, -0.00 	14,25,43,379		1.34,409.41	1000,1 	0
4588    	-0.19, -2.25, -6.90 	-26399.65, 20109.42, -6.68 	0.00, -0.00 	14,25,43,388		0.67,2575.91	1000,1 	0
4597    	-0.21, -2.28, -6.87 	-26474.40, 20166.34, -6.65 	0.00, -0.00 	14,25,43,398		3.02,9395.13	1000,1 	0
4606    	-0.23, -2.27, -6.85 	-26515.25, 20197.48, -6.65 	0.00, -0.00 	14,25,43,408		2.22,5136.64	1000,1 	0
4615    	-0.23, -2.30, -6.84 	-26518.63, 20200.04, -6.67 	0.00, -0.00 	14,25,43,417		3.19,424.30	1000,1 	0
4624    	-0.25, -2.32, -6.85 	-26511.77, 20194.80, -6.66 	0.00, -0.00 	14,25,43,427		3.02,863.47	1000,1 	0
4633    	-0.24, -2.35, -6.87 	-26532.15, 20210.31, -6.66 	0.00, -0.00 	14,25,43,437		3.38,2560.77	1000,1 	0
4642    	-0.21, -2.36, -6.90 	-26532.25, 20210.42, -6.66 	0.00, -0.00 	14,25,43,446		2.82,15.20	1000,1 	0
4651    	-0.21, -2.35, -6.88 	-26590.00, 20254.40, -6.64 	0.00, -0.00 	14,25,43,456		1.06,7258.55	1000,1 	0
4660    	-0.24, -2.36, -6.88 	-26569.62, 20238.88, -6.63 	0.00, -0.00 	14,25,43,466		2.95,2560.89	1000,1 	0
4669    	-0.26, -2.36, -6.86 	-26586.72, 20251.94, -6.63 	0.00, -0.00 	14,25,43,475		2.82,2151.33	1000,1 	0
4678    	-0.25, -2.39, -6.84 	-26658.09, 20306.29, -6.63 	0.00, -0.00 	14,25,43,485		3.38,8970.83	1000,1 	0
4687    	-0.25, -2.41, -6.85 	-26661.47, 20308.86, -6.64 	0.00, -0.00 	14,25,43,495		2.12,424.30	1000,1 	0
4696    	-0.22, -2.41, -6.85 	-26712.57, 20347.81, -6.64 	0.00, -0.00 	14,25,43,504		2.69,6424.81	1000,1 	0
4705    	-0.22, -2.44, -6.83 	-26746.56, 20373.70, -6.63 	0.00, -0.00 	14,25,43,514		3.30,4273.20	1000,1 	0
4714    	-0.22, -2.43, -6.82 	-26729.56, 20360.75, -6.65 	0.00, -0.00 	14,25,43,524		1.06,2136.74	1000,1 	0
4723    	-0.23, -2.45, -6.84 	-26729.46, 20360.64, -6.65 	0.00, -0.00 	14,25,43,533		2.27,15.06	1000,1 	0
4732    	-0.22, -2.49, -6.82 	-26739.70, 20368.46, -6.64 	0.00, -0.00 	14,25,43,543		4.26,1287.86	1000,1 	0
4741    	-0.22, -2.48, -6.84 	-26729.56, 20360.75, -6.65 	0.00, -0.00 	14,25,43,553		1.06,1272.99	1000,1 	0
4750    	-0.17, -2.48, -6.84 	-26770.42, 20391.89, -6.64 	0.00, -0.00 	14,25,43,562		5.41,5136.79	1000,1 	0
4759    	-0.19, -2.50, -6.86 	-26767.04, 20389.32, -6.66 	0.00, -0.00 	14,25,43,572		2.95,424.42	1000,1 	0
4768    	-0.17, -2.48, -6.88 	-26770.42, 20391.89, -6.67 	0.00, -0.00 	14,25,43,582		2.34,424.42	1000,1 	0
4777    	-0.19, -2.50, -6.85 	-26868.92, 20466.89, -6.68 	0.00, -0.00 	14,25,43,592		2.34,12380.45	1000,1 	0
4786    	-0.19, -2.52, -6.84 	-26865.54, 20464.32, -6.69 	0.00, -0.00 	14,25,43,601		2.19,424.42	1000,1 	0
4795    	-0.13, -2.53, -6.84 	-26868.92, 20466.89, -6.66 	0.00, -0.00 	14,25,43,611		5.65,424.42	1000,1 	0
4804    	-0.15, -2.55, -6.84 	-26879.16, 20474.70, -6.64 	0.00, -0.00 	14,25,43,621		2.34,1287.86	1000,1 	0
4813    	-0.11, -2.56, -6.82 	-26872.40, 20469.57, -6.63 	0.00, -0.00 	14,25,43,630		4.43,848.53	1000,1 	0
4822    	-0.07, -2.58, -6.85 	-26899.64, 20490.32, -6.64 	0.00, -0.00 	14,25,43,640		3.85,3424.48	1000,1 	0
4831    	-0.09, -2.58, -6.86 	-26923.39, 20508.41, -6.67 	0.00, -0.00 	14,25,43,650		1.34,2985.16	1000,1 	0
4840    	-0.10, -2.57, -6.89 	-26964.04, 20539.32, -6.68 	0.00, -0.00 	14,25,43,659		1.22,5107.07	1000,1 	0
4849    	-0.08, -2.57, -6.87 	-26991.28, 20560.08, -6.67 	0.00, -0.00 	14,25,43,669		2.01,3424.48	1000,1 	0
4858    	-0.06, -2.58, -6.87 	-26970.90, 20544.57, -6.68 	0.00, -0.00 	14,25,43,679		1.66,2561.04	1000,1 	0
4867    	-0.02, -2.56, -6.89 	-26994.65, 20562.65, -6.66 	0.00, -0.00 	14,25,43,688		4.23,2985.47	1000,1 	0
4876    	-0.04, -2.59, -6.85 	-26991.17, 20559.97, -6.66 	0.00, -0.00 	14,25,43,698		3.02,439.33	1000,1 	0
4885    	-0.01, -2.58, -6.85 	-27028.44, 20588.32, -6.67 	0.00, -0.00 	14,25,43,708		2.69,4682.80	1000,1 	0
4894    	-0.05, -2.57, -6.85 	-27055.68, 20609.08, -6.69 	0.00, -0.00 	14,25,43,717		3.85,3424.44	1000,1 	0
4903    	-0.05, -2.58, -6.85 	-27062.33, 20614.11, -6.68 	0.00, -0.00 	14,25,43,727		1.29,833.87	1000,1 	0
4912    	-0.03, -2.55, -6.84 	-27021.47, 20582.97, -6.70 	0.00, -0.00 	14,25,43,737		3.53,5136.79	1000,1 	0
4921    	0.00, -2.55, -6.84 	-27001.20, 20567.57, -6.66 	0.00, -0.00 	14,25,43,746		3.36,2546.15	1000,1 	0
4930    	-0.01, -2.54, -6.87 	-26963.72, 20539.00, -6.65 	0.00, -0.00 	14,25,43,756		1.66,4712.53	1000,1 	0
4939    	-0.02, -2.53, -6.89 	-27001.10, 20567.46, -6.65 	0.00, -0.00 	14,25,43,766		1.22,4697.78	1000,1 	0
4948    	-0.01, -2.53, -6.88 	-26963.72, 20539.00, -6.66 	0.00, -0.00 	14,25,43,775		0.67,4697.78	1000,1 	0
4957    	-0.01, -2.48, -6.86 	-27004.37, 20569.92, -6.67 	0.00, -0.00 	14,25,43,785		5.31,5107.03	1000,1 	0
4966    	0.00, -2.51, -6.86 	-26946.52, 20525.83, -6.65 	0.00, -0.00 	14,25,43,795		3.38,7273.22	1000,1 	0
4975    	-0.00, -2.46, -6.87 	-26949.69, 20528.18, -6.57 	0.00, -0.00 	14,25,43,805		4.25,394.42	1000,1 	0
4984    	0.05, -2.47, -6.87 	-26905.35, 20494.37, -6.50 	0.00, -0.00 	14,25,43,814		4.75,5575.96	1000,1 	0
4993    	0.09, -2.38, -6.86 	-26854.36, 20455.53, -6.47 	0.00, -0.00 	14,25,43,824		9.97,6409.94	1000,1 	0
5002    	0.13, -2.35, -6.89 	-26789.75, 20406.31, -6.46 	0.00, -0.00 	14,25,43,834		4.67,8121.99	1000,1 	0
5011    	0.14, -2.23, -6.86 	-26714.80, 20349.18, -6.47 	0.00, -0.00 	14,25,43,843		11.98,9424.86	1000,1 	0
5020    	0.19, -2.11, -6.85 	-26697.70, 20336.12, -6.51 	0.00, -0.00 	14,25,43,853		13.49,2151.48	1000,1 	0
5029    	0.20, -2.09, -6.86 	-26701.08, 20338.69, -6.51 	0.00, -0.00 	14,25,43,863		2.27,424.58	1000,1 	0
5038    	0.24, -2.03, -6.89 	-26598.88, 20260.79, -6.50 	0.00, -0.00 	14,25,43,872		7.31,12849.49	1000,1 	0
5047    	0.25, -1.98, -6.90 	-26612.19, 20270.85, -6.48 	0.00, -0.00 	14,25,43,882		4.54,1667.55	1000,1 	0
5056    	0.25, -1.95, -6.88 	-26628.98, 20283.57, -6.49 	0.00, -0.00 	14,25,43,892		3.19,2106.71	1000,1 	0
5065    	0.24, -1.96, -6.84 	-26642.39, 20293.74, -6.55 	0.00, -0.00 	14,25,43,901		1.29,1682.56	1000,1 	0
5074    	0.25, -1.99, -6.85 	-26577.57, 20244.30, -6.57 	0.00, -0.00 	14,25,43,911		3.21,8151.83	1000,1 	0
5083    	0.23, -1.98, -6.82 	-26611.56, 20270.19, -6.58 	0.00, -0.00 	14,25,43,921		2.83,4273.20	1000,1 	0
5092    	0.25, -2.01, -6.82 	-26625.18, 20280.57, -6.57 	0.00, -0.00 	14,25,43,930		3.38,1712.16	1000,1 	0
5101    	0.22, -1.97, -6.83 	-26581.05, 20246.98, -6.57 	0.00, -0.00 	14,25,43,940		4.58,5546.08	1000,1 	0
5110    	0.27, -1.98, -6.84 	-26598.05, 20259.92, -6.57 	0.00, -0.00 	14,25,43,950		5.03,2136.47	1000,1 	0
5119    	0.28, -1.97, -6.84 	-26557.30, 20228.89, -6.58 	0.00, -0.00 	14,25,43,959		1.29,5121.78	1000,1 	0
5128    	0.24, -1.99, -6.84 	-26564.06, 20234.03, -6.58 	0.00, -0.00 	14,25,43,969		4.23,848.73	1000,1 	0
5137    	0.23, -1.98, -6.83 	-26550.44, 20223.65, -6.59 	0.00, -0.00 	14,25,43,979		1.22,1712.47	1000,1 	0
5146    	0.25, -1.99, -6.83 	-26604.81, 20265.06, -6.60 	0.00, -0.00 	14,25,43,988		2.83,6834.25	1000,1 	0
5155    	0.22, -2.00, -6.83 	-26587.81, 20252.11, -6.60 	0.00, -0.00 	14,25,43,998		3.36,2136.47	1000,1 	0
5164    	0.21, -1.99, -6.86 	-26594.67, 20257.35, -6.62 	0.00, -0.00 	14,25,44,8		1.66,863.32	1000,1 	0
5173    	0.25, -2.04, -6.85 	-26635.63, 20288.60, -6.60 	0.00, -0.00 	14,25,44,17		6.45,5151.81	1000,1 	0
5182    	0.21, -2.05, -6.85 	-26628.77, 20283.36, -6.60 	0.00, -0.00 	14,25,44,27		4.23,863.59	1000,1 	0
5191    	0.19, -2.10, -6.84 	-26615.36, 20273.20, -6.62 	0.00, -0.00 	14,25,44,37		5.17,1682.44	1000,1 	0
5200    	0.13, -2.12, -6.83 	-26656.21, 20304.33, -6.65 	0.00, -0.00 	14,25,44,47		5.54,5136.79	1000,1 	0
5209    	0.12, -2.17, -6.84 	-26731.38, 20361.69, -6.65 	0.00, -0.00 	14,25,44,56		5.80,9454.51	1000,1 	0
5218    	0.09, -2.23, -6.88 	-26728.21, 20359.34, -6.66 	0.00, -0.00 	14,25,44,66		6.10,394.42	1000,1 	0
5227    	0.02, -2.32, -6.87 	-26745.41, 20372.50, -6.67 	0.00, -0.00 	14,25,44,76		12.08,2166.31	1000,1 	0
5236    	0.01, -2.36, -6.87 	-26837.36, 20442.59, -6.65 	0.00, -0.00 	14,25,44,85		3.54,11561.48	1000,1 	0
5245    	-0.04, -2.44, -6.87 	-26861.22, 20460.78, -6.67 	0.00, -0.00 	14,25,44,95		9.44,3000.33	1000,1 	0
5254    	-0.08, -2.48, -6.85 	-26939.45, 20520.37, -6.68 	0.00, -0.00 	14,25,44,105		6.04,9834.30	1000,1 	0
5263    	-0.13, -2.49, -6.84 	-26939.66, 20520.59, -6.69 	0.00, -0.00 	14,25,44,114		4.70,29.98	1000,1 	0
5272    	-0.14, -2.53, -6.83 	-26905.88, 20494.92, -6.68 	0.00, -0.00 	14,25,44,124		4.82,4243.17	1000,1 	0
5281    	-0.16, -2.54, -6.84 	-26861.64, 20461.21, -6.70 	0.00, -0.00 	14,25,44,134		2.01,5561.22	1000,1 	0
5290    	-0.16, -2.55, -6.85 	-26861.85, 20461.43, -6.68 	0.00, -0.00 	14,25,44,143		1.06,30.12	1000,1 	0
5299    	-0.18, -2.57, -6.86 	-26858.57, 20458.97, -6.68 	0.00, -0.00 	14,25,44,153		2.58,409.41	1000,1 	0
5308    	-0.24, -2.55, -6.85 	-26865.44, 20464.21, -6.68 	0.00, -0.00 	14,25,44,163		6.65,863.59	1000,1 	0
5317    	-0.24, -2.58, -6.88 	-26872.30, 20469.46, -6.68 	0.00, -0.00 	14,25,44,172		3.30,863.47	1000,1 	0
5326    	-0.24, -2.56, -6.87 	-26858.78, 20459.19, -6.68 	0.00, -0.00 	14,25,44,182		2.27,1697.46	1000,1 	0
5335    	-0.25, -2.57, -6.86 	-26838.41, 20443.68, -6.68 	0.00, -0.00 	14,25,44,192		1.76,2560.77	1000,1 	0
5344    	-0.28, -2.57, -6.85 	-26869.23, 20467.22, -6.67 	0.00, -0.00 	14,25,44,201		2.69,3878.55	1000,1 	0
5353    	-0.28, -2.60, -6.85 	-26879.47, 20475.03, -6.67 	0.00, -0.00 	14,25,44,211		3.30,1288.01	1000,1 	0
5362    	-0.33, -2.61, -6.82 	-26838.72, 20444.00, -6.67 	0.00, -0.00 	14,25,44,221		5.37,5121.93	1000,1 	0
5371    	-0.38, -2.62, -6.82 	-26831.96, 20438.87, -6.66 	0.00, -0.00 	14,25,44,230		4.70,848.57	1000,1 	0
5380    	-0.40, -2.59, -6.83 	-26832.07, 20438.97, -6.65 	0.00, -0.00 	14,25,44,240		3.66,14.92	1000,1 	0
5389    	-0.44, -2.61, -6.84 	-26798.28, 20413.30, -6.65 	0.00, -0.00 	14,25,44,250		4.67,4243.17	1000,1 	0
5398    	-0.43, -2.63, -6.86 	-26825.62, 20434.17, -6.62 	0.00, -0.00 	14,25,44,260		2.44,3439.07	1000,1 	0
5407    	-0.50, -2.60, -6.87 	-26761.01, 20384.95, -6.63 	0.00, -0.00 	14,25,44,269		7.71,8121.99	1000,1 	0
5416    	-0.52, -2.59, -6.86 	-26713.61, 20348.89, -6.63 	0.00, -0.00 	14,25,44,279		2.82,5955.60	1000,1 	0
5425    	-0.57, -2.59, -6.84 	-26693.23, 20333.38, -6.63 	0.00, -0.00 	14,25,44,289		4.75,2561.04	1000,1 	0
5434    	-0.57, -2.59, -6.82 	-26706.85, 20343.76, -6.62 	0.00, -0.00 	14,25,44,298		0.00,1712.32	1000,1 	0
5443    	-0.60, -2.59, -6.81 	-26713.71, 20349.00, -6.61 	0.00, -0.00 	14,25,44,308		2.69,863.75	1000,1 	0
5452    	-0.63, -2.62, -6.79 	-26679.93, 20323.33, -6.62 	0.00, -0.00 	14,25,44,318		4.09,4243.76	1000,1 	0
5461    	-0.66, -2.59, -6.82 	-26632.21, 20286.95, -6.60 	0.00, -0.00 	14,25,44,327		4.48,6000.38	1000,1 	0
5470    	-0.67, -2.58, -6.81 	-26618.80, 20276.79, -6.61 	0.00, -0.00 	14,25,44,337		1.06,1682.29	1000,1 	0
5479    	-0.68, -2.59, -6.80 	-26605.29, 20266.52, -6.60 	0.00, -0.00 	14,25,44,347		2.34,1697.30	1000,1 	0
5488    	-0.69, -2.56, -6.82 	-26632.42, 20287.17, -6.62 	0.00, -0.00 	14,25,44,356		3.21,3409.46	1000,1 	0
5497    	-0.70, -2.56, -6.80 	-26601.70, 20263.73, -6.61 	0.00, -0.00 	14,25,44,366		0.67,3863.76	1000,1 	0
5506    	-0.72, -2.53, -6.79 	-26608.56, 20268.98, -6.62 	0.00, -0.00 	14,25,44,376		3.38,863.55	1000,1 	0
5515    	-0.70, -2.51, -6.81 	-26543.95, 20219.76, -6.61 	0.00, -0.00 	14,25,44,385		3.02,8121.95	1000,1 	0
5524    	-0.72, -2.50, -6.79 	-26503.10, 20188.62, -6.62 	0.00, -0.00 	14,25,44,395		2.22,5136.79	1000,1 	0
5533    	-0.76, -2.48, -6.80 	-26455.48, 20152.35, -6.63 	0.00, -0.00 	14,25,44,405		4.43,5985.52	1000,1 	0
5542    	-0.77, -2.44, -6.79 	-26401.11, 20110.94, -6.63 	0.00, -0.00 	14,25,44,414		4.26,6834.25	1000,1 	0
5551    	-0.77, -2.38, -6.77 	-26339.78, 20064.18, -6.63 	0.00, -0.00 	14,25,44,424		6.37,7712.54	1000,1 	0
5560    	-0.82, -2.32, -6.79 	-26247.93, 19994.21, -6.63 	0.00, -0.00 	14,25,44,434		7.31,11546.46	1000,1 	0
5569    	-0.82, -2.30, -6.80 	-26152.60, 19921.56, -6.62 	0.00, -0.00 	14,25,44,443		2.12,11985.90	1000,1 	0
5578    	-0.84, -2.19, -6.83 	-26077.86, 19864.64, -6.58 	0.00, -0.00 	14,25,44,453		10.62,9395.13	1000,1 	0
5587    	-0.81, -2.15, -6.81 	-26006.38, 19810.17, -6.59 	0.00, -0.00 	14,25,44,463		5.58,8985.69	1000,1 	0
5596    	-0.84, -2.07, -6.82 	-25901.03, 19729.93, -6.60 	0.00, -0.00 	14,25,44,472		8.93,13243.76	1000,1 	0
5605    	-0.87, -2.01, -6.81 	-25812.45, 19662.41, -6.64 	0.00, -0.00 	14,25,44,482		6.75,11137.33	1000,1 	0
5614    	-0.91, -2.00, -6.80 	-25853.31, 19693.55, -6.65 	0.00, -0.00 	14,25,44,492		4.10,5136.95	1000,1 	0
5623    	-0.91, -1.99, -6.79 	-25747.74, 19613.08, -6.66 	0.00, -0.00 	14,25,44,502		1.06,13273.92	1000,1 	0
5632    	-0.88, -1.94, -6.80 	-25720.61, 19592.44, -6.67 	0.00, -0.00 	14,25,44,511		5.58,3409.62	1000,1 	0
5641    	-0.90, -1.94, -6.81 	-25727.47, 19597.68, -6.64 	0.00, -0.00 	14,25,44,521		1.34,863.59	1000,1 	0
5650    	-0.93, -1.96, -6.80 	-25693.47, 19571.79, -6.64 	0.00, -0.00 	14,25,44,531		3.58,4273.36	1000,1 	0
5659    	-0.93, -1.96, -6.79 	-25639.00, 19530.27, -6.64 	0.00, -0.00 	14,25,44,540		0.00,6848.80	1000,1 	0
5668    	-0.94, -1.96, -6.78 	-25659.48, 19545.89, -6.63 	0.00, -0.00 	14,25,44,550		1.34,2575.75	1000,1 	0
5677    	-0.94, -1.97, -6.77 	-25645.86, 19535.52, -6.61 	0.00, -0.00 	14,25,44,560		1.22,1712.16	1000,1 	0
5686    	-0.93, -1.96, -6.78 	-25608.49, 19507.05, -6.61 	0.00, -0.00 	14,25,44,569		1.29,4697.78	1000,1 	0
5695    	-0.94, -1.96, -6.76 	-25622.11, 19517.44, -6.62 	0.00, -0.00 	14,25,44,579		1.34,1712.59	1000,1 	0
5704    	-0.94, -1.96, -6.76 	-25628.86, 19522.57, -6.61 	0.00, -0.00 	14,25,44,589		0.00,848.57	1000,1 	0
5713    	-0.96, -1.96, -6.79 	-25628.86, 19522.57, -6.62 	0.00, -0.00 	14,25,44,598		1.34,0.00	1000,1 	0
5722    	-0.94, -1.96, -6.79 	-25639.10, 19530.38, -6.60 	0.00, -0.00 	14,25,44,608		2.01,1287.89	1000,1 	0
5731    	-0.97, -1.99, -6.78 	-25632.35, 19525.25, -6.60 	0.00, -0.00 	14,25,44,618		4.09,848.73	1000,1 	0
5740    	-1.00, -1.98, -6.77 	-25591.60, 19494.22, -6.62 	0.00, -0.00 	14,25,44,627		2.82,5121.78	1000,1 	0
5749    	-0.97, -1.95, -6.78 	-25611.97, 19509.73, -6.60 	0.00, -0.00 	14,25,44,637		3.53,2560.89	1000,1 	0
5758    	-1.01, -1.91, -6.80 	-25547.46, 19460.62, -6.60 	0.00, -0.00 	14,25,44,647		6.45,8107.24	1000,1 	0
5767    	-1.02, -1.91, -6.80 	-25496.58, 19421.89, -6.59 	0.00, -0.00 	14,25,44,656		0.67,6394.93	1000,1 	0
5776    	-1.00, -1.87, -6.81 	-25442.21, 19380.49, -6.59 	0.00, -0.00 	14,25,44,666		3.88,6834.09	1000,1 	0
5785    	-1.04, -1.85, -6.80 	-25418.46, 19362.40, -6.60 	0.00, -0.00 	14,25,44,676		3.85,2985.31	1000,1 	0
5794    	-1.06, -1.82, -6.79 	-25391.11, 19341.54, -6.63 	0.00, -0.00 	14,25,44,685		4.58,3439.38	1000,1 	0
5803    	-1.09, -1.81, -6.79 	-25370.63, 19325.92, -6.63 	0.00, -0.00 	14,25,44,695		3.45,2575.75	1000,1 	0
5812    	-1.08, -1.83, -6.80 	-25360.39, 19318.10, -6.64 	0.00, -0.00 	14,25,44,705		2.44,1288.17	1000,1 	0
5821    	-1.11, -1.81, -6.79 	-25380.87, 19333.73, -6.63 	0.00, -0.00 	14,25,44,715		3.31,2576.02	1000,1 	0
5830    	-1.09, -1.83, -6.79 	-25411.38, 19356.94, -6.64 	0.00, -0.00 	14,25,44,724		2.83,3833.92	1000,1 	0
5839    	-1.08, -1.83, -6.79 	-25397.87, 19346.67, -6.63 	0.00, -0.00 	14,25,44,734		0.67,1697.46	1000,1 	0
5848    	-1.10, -1.85, -6.79 	-25370.74, 19326.02, -6.64 	0.00, -0.00 	14,25,44,744		3.02,3409.58	1000,1 	0
5857    	-1.13, -1.88, -6.78 	-25370.84, 19326.13, -6.63 	0.00, -0.00 	14,25,44,753		4.09,15.06	1000,1 	0
5866    	-1.13, -1.90, -6.79 	-25347.19, 19308.16, -6.63 	0.00, -0.00 	14,25,44,763		2.27,2970.33	1000,1 	0
5875    	-1.15, -1.90, -6.79 	-25418.77, 19362.73, -6.60 	0.00, -0.00 	14,25,44,773		2.01,9000.59	1000,1 	0
5884    	-1.14, -1.90, -6.77 	-25435.87, 19375.79, -6.60 	0.00, -0.00 	14,25,44,782		1.34,2151.33	1000,1 	0
5893    	-1.18, -1.96, -6.78 	-25500.58, 19425.11, -6.61 	0.00, -0.00 	14,25,44,792		6.87,8137.16	1000,1 	0
5902    	-1.16, -1.99, -6.77 	-25575.54, 19482.25, -6.61 	0.00, -0.00 	14,25,44,802		3.38,9424.86	1000,1 	0
5911    	-1.22, -2.09, -6.75 	-25687.97, 19567.96, -6.59 	0.00, -0.00 	14,25,44,811		12.03,14137.23	1000,1 	0
5920    	-1.23, -2.26, -6.76 	-25814.02, 19664.04, -6.59 	0.00, -0.00 	14,25,44,821		17.13,15849.70	1000,1 	0
5929    	-1.27, -2.48, -6.75 	-25913.04, 19739.59, -6.58 	0.00, -0.00 	14,25,44,831		22.24,12454.68	1000,1 	0
5938    	-1.24, -2.67, -6.78 	-26137.79, 19910.90, -6.57 	0.00, -0.00 	14,25,44,840		19.07,28259.87	1000,1 	0
5947    	-1.28, -2.82, -6.81 	-26267.43, 20009.77, -6.55 	0.00, -0.00 	14,25,44,850		15.87,16303.58	1000,1 	0
5956    	-1.30, -2.97, -6.77 	-26485.53, 20176.05, -6.53 	0.00, -0.00 	14,25,44,860		14.23,27425.89	1000,1 	0
5965    	-1.30, -3.06, -6.76 	-26669.44, 20316.21, -6.54 	0.00, -0.00 	14,25,44,869		9.62,23123.12	1000,1 	0
5974    	-1.28, -3.17, -6.75 	-26819.24, 20430.38, -6.54 	0.00, -0.00 	14,25,44,879		10.62,18834.70	1000,1 	0
5983    	-1.23, -3.29, -6.74 	-27002.93, 20570.33, -6.52 	0.00, -0.00 	14,25,44,889		13.29,23093.35	1000,1 	0
5992    	-1.22, -3.36, -6.69 	-27071.03, 20622.23, -6.51 	0.00, -0.00 	14,25,44,898		7.43,8561.31	1000,1 	0
6001    	-1.23, -3.43, -6.68 	-27180.08, 20705.37, -6.47 	0.00, -0.00 	14,25,44,908		6.59,13712.93	1000,1 	0
6010    	-1.24, -3.47, -6.67 	-27319.54, 20811.61, -6.45 	0.00, -0.00 	14,25,44,918		4.34,17531.98	1000,1 	0
6019    	-1.19, -3.55, -6.67 	-27322.92, 20814.18, -6.48 	0.00, -0.00 	14,25,44,927		9.44,424.42	1000,1 	0
6028    	-1.18, -3.59, -6.68 	-27448.76, 20910.05, -6.48 	0.00, -0.00 	14,25,44,937		4.26,15819.82	1000,1 	0
6037    	-1.16, -3.61, -6.68 	-27455.62, 20915.29, -6.50 	0.00, -0.00 	14,25,44,947		2.83,863.71	1000,1 	0
6046    	-1.16, -3.60, -6.71 	-27513.26, 20959.16, -6.53 	0.00, -0.00 	14,25,44,957		1.06,7243.38	1000,1 	0
6055    	-1.14, -3.65, -6.72 	-27543.77, 20982.38, -6.53 	0.00, -0.00 	14,25,44,966		5.39,3833.88	1000,1 	0
6064    	-1.11, -3.63, -6.75 	-27533.53, 20974.56, -6.53 	0.00, -0.00 	14,25,44,976		3.53,1287.74	1000,1 	0
6073    	-1.08, -3.62, -6.73 	-27608.28, 21031.48, -6.53 	0.00, -0.00 	14,25,44,986		3.36,9395.13	1000,1 	0
6082    	-1.09, -3.62, -6.75 	-27598.04, 21023.67, -6.55 	0.00, -0.00 	14,25,44,995		0.67,1288.01	1000,1 	0
6091    	-1.04, -3.65, -6.72 	-27649.13, 21062.62, -6.55 	0.00, -0.00 	14,25,45,5		5.50,6424.81	1000,1 	0
6100    	-1.01, -3.68, -6.73 	-27676.16, 21083.16, -6.55 	0.00, -0.00 	14,25,45,15		4.03,3394.87	1000,1 	0
6109    	-1.00, -3.66, -6.74 	-27716.91, 21114.19, -6.54 	0.00, -0.00 	14,25,45,24		2.27,5121.78	1000,1 	0
6118    	-0.98, -3.66, -6.71 	-27703.19, 21103.70, -6.54 	0.00, -0.00 	14,25,45,34		2.82,1727.34	1000,1 	0
6127    	-0.93, -3.64, -6.77 	-27692.85, 21095.78, -6.54 	0.00, -0.00 	14,25,45,44		5.28,1302.60	1000,1 	0
6136    	-0.86, -3.62, -6.73 	-27726.63, 21121.46, -6.58 	0.00, -0.00 	14,25,45,53		7.53,4243.33	1000,1 	0
6145    	-0.85, -3.51, -6.75 	-27729.59, 21123.59, -6.63 	0.00, -0.00 	14,25,45,63		10.79,364.91	1000,1 	0
6154    	-0.76, -3.42, -6.79 	-27654.64, 21066.45, -6.63 	0.00, -0.00 	14,25,45,73		12.89,9425.02	1000,1 	0
6163    	-0.69, -3.32, -6.82 	-27555.51, 20990.79, -6.60 	0.00, -0.00 	14,25,45,82		12.45,12469.70	1000,1 	0
6172    	-0.56, -3.12, -6.86 	-27490.59, 20941.25, -6.63 	0.00, -0.00 	14,25,45,92		23.61,8166.58	1000,1 	0
6181    	-0.49, -2.95, -6.88 	-27418.50, 20886.14, -6.65 	0.00, -0.00 	14,25,45,102		18.30,9074.99	1000,1 	0
6190    	-0.43, -2.83, -6.90 	-27234.18, 20745.53, -6.68 	0.00, -0.00 	14,25,45,111		13.84,23182.73	1000,1 	0
6199    	-0.40, -2.67, -6.88 	-27049.96, 20605.04, -6.70 	0.00, -0.00 	14,25,45,121		15.45,23167.55	1000,1 	0
6208    	-0.31, -2.52, -6.86 	-26875.78, 20472.13, -6.76 	0.00, -0.00 	14,25,45,131		17.60,21909.61	1000,1 	0
6217    	-0.32, -2.36, -6.90 	-26661.16, 20308.53, -6.76 	0.00, -0.00 	14,25,45,140		15.98,26986.72	1000,1 	0
6226    	-0.30, -2.22, -6.94 	-26460.47, 20155.63, -6.75 	0.00, -0.00 	14,25,45,150		14.23,25229.66	1000,1 	0
6235    	-0.26, -2.02, -7.00 	-26270.02, 20010.55, -6.71 	0.00, -0.00 	14,25,45,160		21.01,23941.77	1000,1 	0
6244    	-0.23, -1.83, -7.00 	-26099.63, 19880.65, -6.74 	0.00, -0.00 	14,25,45,170		18.74,21425.78	1000,1 	0
6253    	-0.26, -1.66, -6.97 	-25908.97, 19735.35, -6.76 	0.00, -0.00 	14,25,45,179		16.95,23971.53	1000,1 	0
6262    	-0.31, -1.52, -6.94 	-25738.58, 19605.45, -6.76 	0.00, -0.00 	14,25,45,189		15.30,21425.66	1000,1 	0
6271    	-0.35, -1.40, -6.90 	-25568.40, 19475.77, -6.76 	0.00, -0.00 	14,25,45,199		12.85,21395.90	1000,1 	0
6280    	-0.31, -1.31, -6.86 	-25387.99, 19338.27, -6.72 	0.00, -0.00 	14,25,45,208		9.63,22683.48	1000,1 	0
6289    	-0.35, -1.17, -6.86 	-25255.29, 19237.16, -6.69 	0.00, -0.00 	14,25,45,218		13.99,16683.37	1000,1 	0
6298    	-0.38, -1.08, -6.86 	-25088.48, 19110.05, -6.68 	0.00, -0.00 	14,25,45,228		9.64,20971.48	1000,1 	0
6307    	-0.47, -0.98, -6.86 	-24887.69, 18957.04, -6.71 	0.00, -0.00 	14,25,45,237		13.30,25244.84	1000,1 	0
6316    	-0.49, -0.85, -6.80 	-24700.41, 18814.30, -6.71 	0.00, -0.00 	14,25,45,247		13.78,23547.23	1000,1 	0
6325    	-0.53, -0.75, -6.80 	-24601.60, 18738.98, -6.69 	0.00, -0.00 	14,25,45,257		10.93,12425.07	1000,1 	0
6334    	-0.55, -0.62, -6.79 	-24418.01, 18599.13, -6.68 	0.00, -0.00 	14,25,45,266		12.73,23078.34	1000,1 	0
6343    	-0.54, -0.47, -6.81 	-24268.31, 18485.08, -6.66 	0.00, -0.00 	14,25,45,276		15.01,18819.99	1000,1 	0
