#Time 	Sensor1         Sensor2         Target          Time            Vel             
#================================================================

14      	24.80, -26.96, -6.61 	-0.04, -0.32, -6.78 	0.00, 20.00 	10,32,15,138		0.00,0.00	0,0 	0
18      	24.84, -26.93, -6.61 	-0.03, -0.33, -6.77 	0.00, 20.00 	10,32,15,146		13.04,3.75	0,0 	0
27      	24.81, -26.94, -6.60 	-0.03, -0.30, -6.79 	0.00, 20.00 	10,32,15,156		3.56,3.73	0,0 	0
36      	24.80, -26.95, -6.60 	-0.03, -0.31, -6.79 	0.00, 20.00 	10,32,15,166		1.67,1.24	0,0 	0
45      	24.76, -26.95, -6.60 	-0.03, -0.31, -6.79 	0.00, 20.00 	10,32,15,176		4.45,0.00	0,0 	0
53      	24.77, -26.97, -6.61 	-0.04, -0.32, -6.79 	0.00, 20.00 	10,32,15,185		3.08,1.87	0,0 	0
62      	24.85, -26.95, -6.61 	-0.05, -0.32, -6.79 	0.00, 20.00 	10,32,15,195		9.23,1.11	0,0 	0
71      	24.80, -26.99, -6.60 	-0.04, -0.33, -6.78 	0.00, 20.00 	10,32,15,205		6.69,1.67	0,0 	0
79      	24.79, -27.00, -6.58 	-0.01, -0.32, -6.79 	0.00, 20.00 	10,32,15,214		1.87,3.98	0,0 	0
89      	24.84, -27.00, -6.57 	-0.02, -0.33, -6.79 	0.00, 20.00 	10,32,15,225		5.01,1.50	0,0 	0
97      	24.78, -27.00, -6.58 	-0.03, -0.34, -6.79 	0.00, 20.00 	10,32,15,234		7.51,1.87	0,0 	0
105     	24.84, -27.01, -6.56 	-0.03, -0.32, -6.80 	0.00, 20.00 	10,32,15,243		7.65,2.80	0,0 	0
114     	24.83, -27.00, -6.57 	-0.02, -0.32, -6.79 	0.00, 20.00 	10,32,15,253		1.68,1.11	0,0 	0
123     	24.85, -27.01, -6.57 	-0.02, -0.31, -6.79 	0.00, 20.00 	10,32,15,263		2.56,1.24	0,0 	0
132     	24.81, -27.03, -6.55 	-0.03, -0.32, -6.79 	0.00, 20.00 	10,32,15,272		5.09,1.66	0,0 	0
141     	24.82, -27.05, -6.56 	-0.05, -0.32, -6.79 	0.00, 20.00 	10,32,15,282		2.74,2.21	0,0 	0
150     	24.85, -27.02, -6.56 	-0.05, -0.32, -6.79 	0.00, 20.00 	10,32,15,292		5.00,0.00	0,0 	0
158     	24.80, -27.03, -6.57 	-0.04, -0.32, -6.77 	0.00, 20.00 	10,32,15,301		6.41,1.24	0,0 	0
167     	24.80, -27.04, -6.55 	-0.04, -0.32, -6.78 	0.00, 20.00 	10,32,15,311		1.25,0.00	0,0 	0
176     	24.80, -27.03, -6.55 	-0.03, -0.32, -6.79 	0.00, 20.00 	10,32,15,321		1.25,1.11	0,0 	0
184     	24.79, -27.02, -6.56 	-0.03, -0.32, -6.80 	0.00, 20.00 	10,32,15,330		1.89,0.00	0,0 	0
193     	24.80, -27.04, -6.51 	-0.02, -0.31, -6.79 	0.00, 20.00 	10,32,15,340		2.74,1.66	0,0 	0
202     	24.82, -27.05, -6.52 	-0.02, -0.30, -6.79 	0.00, 20.00 	10,32,15,350		2.56,1.24	0,0 	0
211     	24.75, -27.09, -6.52 	-0.01, -0.31, -6.78 	0.00, 20.00 	10,32,15,360		8.62,1.67	0,0 	0
219     	24.75, -27.10, -6.50 	-0.01, -0.32, -6.77 	0.00, 20.00 	10,32,15,369		1.40,1.40	0,0 	0
228     	24.70, -27.10, -6.50 	-0.01, -0.33, -6.78 	0.00, 20.00 	10,32,15,379		5.56,1.24	0,0 	0
237     	24.74, -27.07, -6.49 	-0.02, -0.33, -6.78 	0.00, 20.00 	10,32,15,389		5.09,1.11	0,0 	0
245     	24.73, -27.07, -6.49 	-0.01, -0.34, -6.78 	0.00, 20.00 	10,32,15,398		1.25,1.88	0,0 	0
254     	24.74, -27.10, -6.46 	-0.01, -0.31, -6.78 	0.00, 20.00 	10,32,15,408		2.74,3.73	0,0 	0
263     	24.74, -27.10, -6.46 	-0.04, -0.32, -6.79 	0.00, 20.00 	10,32,15,418		0.00,3.54	0,0 	0
271     	24.73, -27.09, -6.48 	-0.03, -0.32, -6.79 	0.00, 20.00 	10,32,15,427		1.89,1.24	0,0 	0
280     	24.69, -27.08, -6.48 	-0.02, -0.33, -6.78 	0.00, 20.00 	10,32,15,437		4.45,1.67	0,0 	0
289     	24.68, -27.08, -6.47 	-0.03, -0.32, -6.78 	0.00, 20.00 	10,32,15,447		1.11,1.67	0,0 	0
297     	24.67, -27.07, -6.48 	-0.05, -0.33, -6.78 	0.00, 20.00 	10,32,15,456		1.89,2.85	0,0 	0
306     	24.66, -27.12, -6.47 	-0.04, -0.33, -6.77 	0.00, 20.00 	10,32,15,466		5.10,1.11	0,0 	0
315     	24.62, -27.14, -6.46 	-0.06, -0.34, -6.77 	0.00, 20.00 	10,32,15,476		5.09,2.53	0,0 	0
323     	24.61, -27.13, -6.47 	-0.06, -0.34, -6.76 	0.00, 20.00 	10,32,15,485		1.89,0.00	0,0 	0
332     	24.61, -27.13, -6.47 	-0.05, -0.33, -6.77 	0.00, 20.00 	10,32,15,495		0.00,1.66	0,0 	0
341     	24.62, -27.16, -6.46 	-0.06, -0.35, -6.76 	0.00, 20.00 	10,32,15,505		3.91,2.72	0,0 	0
349     	24.59, -27.14, -6.45 	-0.03, -0.32, -6.78 	0.00, 20.00 	10,32,15,514		4.70,5.61	0,0 	0
358     	24.60, -27.15, -6.45 	-0.02, -0.33, -6.76 	0.00, 20.00 	10,32,15,524		1.68,1.67	0,0 	0
367     	24.64, -27.14, -6.45 	-0.01, -0.35, -6.77 	0.00, 20.00 	10,32,15,534		4.62,2.73	0,0 	0
375     	24.67, -27.12, -6.46 	-0.05, -0.35, -6.77 	0.00, 20.00 	10,32,15,543		4.67,4.98	0,0 	0
384     	24.62, -27.09, -6.46 	-0.04, -0.32, -6.76 	0.00, 20.00 	10,32,15,553		6.11,3.89	0,0 	0
393     	24.60, -27.09, -6.46 	-0.02, -0.33, -6.76 	0.00, 20.00 	10,32,15,563		2.23,2.54	0,0 	0
402     	24.59, -27.07, -6.47 	-0.03, -0.30, -6.76 	0.00, 20.00 	10,32,15,573		2.74,3.89	0,0 	0
410     	24.63, -27.05, -6.46 	-0.02, -0.31, -6.77 	0.00, 20.00 	10,32,15,582		5.72,1.88	0,0 	0
419     	24.63, -27.05, -6.46 	-0.03, -0.30, -6.78 	0.00, 20.00 	10,32,15,592		0.00,1.67	0,0 	0
428     	24.63, -27.05, -6.46 	-0.04, -0.30, -6.77 	0.00, 20.00 	10,32,15,602		0.00,1.11	0,0 	0
436     	24.67, -27.03, -6.47 	-0.03, -0.29, -6.78 	0.00, 20.00 	10,32,15,611		5.72,1.87	0,0 	0
445     	24.69, -26.99, -6.45 	-0.04, -0.32, -6.78 	0.00, 20.00 	10,32,15,621		4.34,3.89	0,0 	0
454     	24.69, -27.03, -6.45 	-0.05, -0.32, -6.78 	0.00, 20.00 	10,32,15,631		3.74,1.11	0,0 	0
462     	24.69, -27.02, -6.45 	-0.02, -0.34, -6.78 	0.00, 20.00 	10,32,15,640		1.40,4.67	0,0 	0
472     	24.65, -27.05, -6.44 	-0.01, -0.33, -6.77 	0.00, 20.00 	10,32,15,651		5.22,1.50	0,0 	0
480     	24.65, -27.04, -6.42 	-0.03, -0.32, -6.78 	0.00, 20.00 	10,32,15,660		1.40,2.86	0,0 	0
488     	24.66, -27.06, -6.42 	-0.02, -0.32, -6.78 	0.00, 20.00 	10,32,15,669		3.08,1.24	0,0 	0
497     	24.66, -27.06, -6.42 	-0.02, -0.34, -6.79 	0.00, 20.00 	10,32,15,679		0.00,2.49	0,0 	0
506     	24.66, -27.06, -6.42 	-0.01, -0.33, -6.78 	0.00, 20.00 	10,32,15,689		0.00,1.66	0,0 	0
514     	24.62, -27.07, -6.44 	-0.01, -0.32, -6.77 	0.00, 20.00 	10,32,15,698		5.19,1.40	0,0 	0
523     	24.62, -27.07, -6.43 	-0.00, -0.32, -6.79 	0.00, 20.00 	10,32,15,708		0.00,1.11	0,0 	0
532     	24.62, -27.09, -6.42 	-0.02, -0.33, -6.79 	0.00, 20.00 	10,32,15,718		2.49,2.53	0,0 	0
540     	24.62, -27.09, -6.42 	-0.02, -0.33, -6.78 	0.00, 20.00 	10,32,15,727		0.00,0.00	0,0 	0
549     	24.67, -27.08, -6.43 	-0.02, -0.33, -6.78 	0.00, 20.00 	10,32,15,737		5.69,0.00	0,0 	0
558     	24.64, -27.09, -6.43 	-0.00, -0.32, -6.77 	0.00, 20.00 	10,32,15,747		3.56,2.53	0,0 	0
566     	24.65, -27.12, -6.42 	-0.01, -0.31, -6.79 	0.00, 20.00 	10,32,15,756		3.08,1.88	0,0 	0
575     	24.64, -27.12, -6.42 	-0.02, -0.31, -6.78 	0.00, 20.00 	10,32,15,766		1.11,1.11	0,0 	0
584     	24.61, -27.12, -6.43 	-0.01, -0.32, -6.77 	0.00, 20.00 	10,32,15,776		3.34,1.67	0,0 	0
593     	24.62, -27.13, -6.42 	-0.02, -0.31, -6.77 	0.00, 20.00 	10,32,15,786		1.68,1.67	0,0 	0
601     	24.62, -27.13, -6.42 	-0.01, -0.32, -6.79 	0.00, 20.00 	10,32,15,795		0.00,1.88	0,0 	0
610     	24.63, -27.15, -6.40 	-0.00, -0.33, -6.78 	0.00, 20.00 	10,32,15,805		2.74,1.67	0,0 	0
619     	24.66, -27.15, -6.40 	-0.00, -0.30, -6.77 	0.00, 20.00 	10,32,15,815		3.34,3.73	0,0 	0
627     	24.63, -27.15, -6.40 	-0.01, -0.29, -6.79 	0.00, 20.00 	10,32,15,824		3.76,1.88	0,0 	0
636     	24.63, -27.16, -6.40 	-0.01, -0.29, -6.79 	0.00, 20.00 	10,32,15,834		1.25,0.00	0,0 	0
645     	24.58, -27.16, -6.39 	-0.00, -0.27, -6.79 	0.00, 20.00 	10,32,15,844		5.56,1.66	0,0 	0
653     	24.58, -27.18, -6.39 	-0.00, -0.29, -6.79 	0.00, 20.00 	10,32,15,853		2.81,1.40	0,0 	0
662     	24.57, -27.16, -6.39 	0.01, -0.29, -6.79 	0.00, 20.00 	10,32,15,863		2.74,1.11	0,0 	0
671     	24.56, -27.15, -6.39 	-0.01, -0.30, -6.79 	0.00, 20.00 	10,32,15,873		1.68,2.53	0,0 	0
679     	24.55, -27.13, -6.39 	-0.01, -0.30, -6.79 	0.00, 20.00 	10,32,15,882		3.08,0.00	0,0 	0
688     	24.59, -27.12, -6.38 	-0.01, -0.30, -6.79 	0.00, 20.00 	10,32,15,892		4.62,0.00	0,0 	0
697     	24.58, -27.12, -6.38 	-0.00, -0.30, -6.78 	0.00, 20.00 	10,32,15,902		1.11,1.11	0,0 	0
705     	24.58, -27.13, -6.40 	-0.00, -0.27, -6.79 	0.00, 20.00 	10,32,15,911		1.40,2.80	0,0 	0
714     	24.57, -27.12, -6.40 	-0.01, -0.29, -6.79 	0.00, 20.00 	10,32,15,921		1.68,1.66	0,0 	0
723     	24.58, -27.14, -6.39 	-0.02, -0.29, -6.79 	0.00, 20.00 	10,32,15,931		2.74,1.11	0,0 	0
731     	24.56, -27.13, -6.40 	-0.02, -0.29, -6.79 	0.00, 20.00 	10,32,15,940		2.88,0.00	0,0 	0
740     	24.59, -27.14, -6.40 	-0.02, -0.29, -6.79 	0.00, 20.00 	10,32,15,950		3.57,0.00	0,0 	0
749     	24.59, -27.15, -6.40 	-0.04, -0.28, -6.79 	0.00, 20.00 	10,32,15,960		1.25,2.21	0,0 	0
757     	24.59, -27.15, -6.40 	-0.05, -0.30, -6.79 	0.00, 20.00 	10,32,15,969		0.00,1.87	0,0 	0
766     	24.58, -27.14, -6.40 	-0.03, -0.30, -6.78 	0.00, 20.00 	10,32,15,979		1.68,2.21	0,0 	0
775     	24.55, -27.14, -6.41 	-0.06, -0.32, -6.79 	0.00, 20.00 	10,32,15,989		3.34,4.14	0,0 	0
784     	24.54, -27.15, -6.41 	-0.05, -0.32, -6.79 	0.00, 20.00 	10,32,15,999		1.67,1.11	0,0 	0
792     	24.55, -27.17, -6.39 	-0.08, -0.33, -6.79 	0.00, 20.00 	10,32,16,8		3.08,3.98	0,0 	0
801     	24.52, -27.17, -6.39 	-0.06, -0.33, -6.79 	0.00, 20.00 	10,32,16,18		3.34,2.21	0,0 	0
810     	24.55, -27.16, -6.39 	-0.06, -0.33, -6.79 	0.00, 20.00 	10,32,16,28		3.56,0.00	0,0 	0
818     	24.52, -27.18, -6.40 	-0.06, -0.33, -6.79 	0.00, 20.00 	10,32,16,37		4.67,0.00	0,0 	0
827     	24.56, -27.15, -6.40 	-0.04, -0.32, -6.78 	0.00, 20.00 	10,32,16,47		5.80,2.53	0,0 	0
836     	24.55, -27.14, -6.41 	-0.06, -0.32, -6.77 	0.00, 20.00 	10,32,16,57		1.68,2.21	0,0 	0
844     	24.55, -27.14, -6.40 	-0.06, -0.33, -6.78 	0.00, 20.00 	10,32,16,66		0.00,1.40	0,0 	0
854     	24.55, -27.14, -6.40 	-0.05, -0.32, -6.78 	0.00, 20.00 	10,32,16,77		0.00,1.50	0,0 	0
862     	24.54, -27.14, -6.39 	-0.04, -0.33, -6.78 	0.00, 20.00 	10,32,16,86		1.25,1.88	0,0 	0
870     	24.55, -27.15, -6.39 	-0.05, -0.30, -6.80 	0.00, 20.00 	10,32,16,95		1.89,4.38	0,0 	0
879     	24.54, -27.14, -6.40 	0.01, -0.30, -6.80 	0.00, 20.00 	10,32,16,105		1.68,6.64	0,0 	0
888     	24.56, -27.12, -6.39 	0.01, -0.29, -6.80 	0.00, 20.00 	10,32,16,115		3.33,1.24	0,0 	0
896     	24.57, -27.13, -6.38 	-0.01, -0.30, -6.79 	0.00, 20.00 	10,32,16,124		1.89,2.85	0,0 	0
905     	24.56, -27.12, -6.38 	-0.02, -0.30, -6.79 	0.00, 20.00 	10,32,16,134		1.68,1.11	0,0 	0
914     	24.56, -27.12, -6.38 	-0.02, -0.30, -6.79 	0.00, 20.00 	10,32,16,144		0.00,0.00	0,0 	0
922     	24.57, -27.16, -6.36 	-0.04, -0.31, -6.79 	0.00, 20.00 	10,32,16,153		5.76,2.85	0,0 	0
931     	24.59, -27.17, -6.35 	-0.06, -0.32, -6.79 	0.00, 20.00 	10,32,16,163		2.56,2.53	0,0 	0
940     	24.54, -27.17, -6.35 	-0.04, -0.31, -6.78 	0.00, 20.00 	10,32,16,173		5.56,2.53	0,0 	0
949     	24.54, -27.17, -6.35 	-0.05, -0.34, -6.78 	0.00, 20.00 	10,32,16,183		0.00,3.89	0,0 	0
957     	24.54, -27.17, -6.35 	-0.04, -0.33, -6.78 	0.00, 20.00 	10,32,16,192		0.00,1.87	0,0 	0
966     	24.54, -27.17, -6.35 	-0.04, -0.33, -6.78 	0.00, 20.00 	10,32,16,202		0.00,0.00	0,0 	0
975     	24.54, -27.19, -6.34 	-0.04, -0.33, -6.78 	0.00, 20.00 	10,32,16,212		2.49,0.00	0,0 	0
983     	24.54, -27.19, -6.34 	-0.04, -0.34, -6.78 	0.00, 20.00 	10,32,16,221		0.00,1.40	0,0 	0
992     	24.54, -27.18, -6.33 	-0.04, -0.34, -6.79 	0.00, 20.00 	10,32,16,231		1.25,0.00	0,0 	0
1001    	24.54, -27.18, -6.33 	-0.06, -0.34, -6.77 	0.00, 20.00 	10,32,16,241		0.00,2.21	1000,1 	0
1009    	24.54, -27.18, -6.33 	-0.06, -0.34, -6.77 	0.00, 20.00 	10,32,16,250		0.00,0.00	1000,1 	0
1018    	24.53, -27.17, -6.35 	-0.02, -0.34, -6.77 	0.00, 20.00 	10,32,16,260		1.68,4.43	1000,1 	0
1027    	24.53, -27.17, -6.34 	-0.02, -0.34, -6.77 	0.00, 20.00 	10,32,16,270		0.00,0.00	1000,1 	0
1035    	24.55, -27.19, -6.35 	-0.03, -0.34, -6.77 	0.00, 20.00 	10,32,16,279		3.77,1.24	1000,1 	0
1044    	24.54, -27.18, -6.36 	-0.03, -0.34, -6.77 	0.00, 20.00 	10,32,16,289		1.68,0.00	1000,1 	0
1053    	24.51, -27.16, -6.37 	-0.04, -0.34, -6.77 	0.00, 20.00 	10,32,16,299		4.18,1.11	1000,1 	0
1061    	24.50, -27.16, -6.37 	-0.04, -0.34, -6.78 	0.00, 20.00 	10,32,16,308		1.25,0.00	1000,1 	0
1070    	24.51, -27.16, -6.37 	-0.04, -0.35, -6.78 	0.00, 20.00 	10,32,16,318		1.11,1.24	1000,1 	0
1079    	24.51, -27.17, -6.36 	-0.04, -0.34, -6.78 	0.00, 20.00 	10,32,16,328		1.25,1.24	1000,1 	0
1087    	24.50, -27.16, -6.35 	-0.04, -0.35, -6.78 	0.00, 20.00 	10,32,16,337		1.89,1.40	1000,1 	0
1096    	24.51, -27.16, -6.35 	-0.04, -0.33, -6.77 	0.00, 20.00 	10,32,16,347		1.11,2.49	1000,1 	0
1105    	24.55, -27.15, -6.35 	-0.04, -0.33, -6.77 	0.00, 20.00 	10,32,16,357		4.61,0.00	1000,1 	0
1114    	24.55, -27.15, -6.35 	-0.04, -0.33, -6.77 	0.00, 20.00 	10,32,16,367		0.00,0.00	1000,1 	0
1122    	24.56, -27.16, -6.35 	-0.02, -0.36, -6.78 	0.00, 20.00 	10,32,16,376		1.89,4.89	1000,1 	0
1131    	24.59, -27.14, -6.33 	-0.05, -0.36, -6.78 	0.00, 20.00 	10,32,16,386		4.15,3.32	1000,1 	0
1140    	24.59, -27.15, -6.33 	-0.05, -0.36, -6.78 	0.00, 20.00 	10,32,16,396		1.25,0.00	1000,1 	0
1148    	24.61, -27.13, -6.37 	-0.04, -0.35, -6.78 	0.00, 20.00 	10,32,16,405		3.75,1.87	1000,1 	0
1157    	24.55, -27.10, -6.37 	-0.04, -0.35, -6.78 	0.00, 20.00 	10,32,16,415		7.14,0.00	1000,1 	0
1166    	24.49, -27.12, -6.37 	-0.03, -0.33, -6.78 	0.00, 20.00 	10,32,16,425		7.11,2.72	1000,1 	0
1174    	24.53, -27.15, -6.37 	-0.05, -0.34, -6.77 	0.00, 20.00 	10,32,16,434		5.76,2.85	1000,1 	0
1183    	24.53, -27.17, -6.35 	-0.04, -0.34, -6.79 	0.00, 20.00 	10,32,16,444		2.49,1.11	1000,1 	0
1192    	24.49, -27.16, -6.37 	-0.06, -0.34, -6.77 	0.00, 20.00 	10,32,16,454		4.63,2.21	1000,1 	0
1200    	24.52, -27.16, -6.39 	-0.03, -0.32, -6.77 	0.00, 20.00 	10,32,16,463		3.76,4.66	1000,1 	0
1210    	24.54, -27.16, -6.39 	-0.06, -0.32, -6.78 	0.00, 20.00 	10,32,16,474		2.00,2.99	1000,1 	0
1218    	24.50, -27.16, -6.39 	-0.03, -0.31, -6.76 	0.00, 20.00 	10,32,16,483		5.01,3.98	1000,1 	0
1226    	24.63, -27.12, -6.42 	-0.06, -0.26, -6.77 	0.00, 20.00 	10,32,16,492		17.18,6.74	1000,1 	0
1235    	24.70, -27.14, -6.49 	-0.05, -0.23, -6.77 	0.00, 20.00 	10,32,16,502		8.19,3.89	1000,1 	0
1244    	24.76, -27.05, -6.54 	-0.05, -0.14, -6.81 	0.00, 20.00 	10,32,16,512		11.97,9.95	1000,1 	0
1252    	24.71, -27.06, -6.58 	0.01, -0.03, -6.80 	0.00, 20.00 	10,32,16,521		6.41,15.83	1000,1 	0
1261    	24.68, -26.93, -6.65 	-0.01, 0.11, -6.82 	0.00, 20.00 	10,32,16,531		15.35,15.30	1000,1 	0
1270    	24.71, -26.74, -6.73 	0.10, 0.26, -6.84 	0.00, 20.00 	10,32,16,541		21.30,21.20	1000,1 	0
1278    	24.84, -26.51, -6.81 	0.18, 0.57, -6.87 	0.00, 20.00 	10,32,16,550		32.35,40.09	1000,1 	0
1287    	24.89, -26.27, -6.93 	0.27, 0.94, -6.95 	0.00, 20.00 	10,32,16,560		27.96,41.94	1000,1 	0
1296    	24.93, -26.05, -6.99 	0.39, 1.41, -6.99 	0.00, 20.00 	10,32,16,570		25.14,53.58	1000,1 	0
1305    	24.93, -25.85, -7.02 	0.41, 1.95, -7.02 	0.00, 20.00 	10,32,16,580		21.20,60.93	1000,1 	0
1313    	24.94, -25.57, -7.06 	0.44, 2.48, -7.04 	0.00, 20.00 	10,32,16,589		35.09,65.78	1000,1 	0
1322    	24.99, -25.38, -7.08 	0.55, 3.06, -7.10 	0.00, 20.00 	10,32,16,599		21.64,65.56	1000,1 	0
1331    	25.01, -25.20, -7.14 	0.67, 3.59, -7.09 	0.00, 20.00 	10,32,16,609		20.06,60.66	1000,1 	0
1339    	25.08, -24.98, -7.19 	0.70, 4.01, -7.03 	0.00, 20.00 	10,32,16,618		29.34,51.81	1000,1 	0
1348    	25.14, -24.78, -7.27 	0.77, 4.34, -6.98 	0.00, 20.00 	10,32,16,628		23.09,38.07	1000,1 	0
1357    	25.21, -24.58, -7.35 	0.79, 4.65, -7.02 	0.00, 20.00 	10,32,16,638		23.71,34.83	1000,1 	0
1365    	25.23, -24.33, -7.46 	0.82, 4.98, -7.07 	0.00, 20.00 	10,32,16,647		30.95,40.63	1000,1 	0
1374    	25.20, -24.18, -7.52 	0.94, 5.32, -7.15 	0.00, 20.00 	10,32,16,657		17.80,40.38	1000,1 	0
1383    	25.26, -23.93, -7.56 	1.00, 5.66, -7.22 	0.00, 20.00 	10,32,16,667		27.96,39.09	1000,1 	0
1391    	25.19, -23.79, -7.60 	1.06, 6.04, -7.29 	0.00, 20.00 	10,32,16,676		19.03,47.94	1000,1 	0
1400    	25.16, -23.59, -7.63 	1.04, 6.37, -7.33 	0.00, 20.00 	10,32,16,686		22.72,36.22	1000,1 	0
1409    	25.19, -23.32, -7.71 	1.07, 6.75, -7.40 	0.00, 20.00 	10,32,16,696		30.00,42.33	1000,1 	0
1417    	25.14, -23.12, -7.79 	1.14, 7.12, -7.48 	0.00, 20.00 	10,32,16,705		26.06,46.73	1000,1 	0
1427    	25.11, -22.82, -7.83 	1.21, 7.47, -7.51 	0.00, 20.00 	10,32,16,716		30.47,36.46	1000,1 	0
1435    	24.99, -22.60, -7.89 	1.20, 7.82, -7.55 	0.00, 20.00 	10,32,16,725		31.32,43.44	1000,1 	0
1443    	24.90, -22.36, -7.91 	1.25, 8.23, -7.59 	0.00, 20.00 	10,32,16,734		31.61,51.98	1000,1 	0
1452    	24.82, -22.09, -7.94 	1.25, 8.62, -7.65 	0.00, 20.00 	10,32,16,744		31.28,43.54	1000,1 	0
1461    	24.71, -21.81, -7.98 	1.24, 9.01, -7.70 	0.00, 20.00 	10,32,16,754		34.00,42.34	1000,1 	0
1469    	24.63, -21.50, -8.04 	1.19, 9.38, -7.74 	0.00, 20.00 	10,32,16,763		39.25,46.79	1000,1 	0
1478    	24.57, -21.10, -8.06 	1.14, 9.77, -7.77 	0.00, 20.00 	10,32,16,773		45.62,44.05	1000,1 	0
1487    	24.50, -20.73, -8.11 	1.13, 10.16, -7.79 	0.00, 20.00 	10,32,16,783		41.94,43.58	1000,1 	0
1496    	24.46, -20.46, -8.17 	1.14, 10.54, -7.79 	0.00, 20.00 	10,32,16,793		30.48,42.28	1000,1 	0
1504    	24.39, -20.14, -8.21 	1.14, 10.92, -7.82 	0.00, 20.00 	10,32,16,802		40.31,47.56	1000,1 	0
1513    	24.17, -19.91, -8.21 	1.13, 11.29, -7.83 	0.00, 20.00 	10,32,16,812		35.06,41.10	1000,1 	0
1522    	24.08, -19.61, -8.24 	1.14, 11.67, -7.84 	0.00, 20.00 	10,32,16,822		35.53,42.28	1000,1 	0
1530    	24.01, -19.32, -8.27 	1.16, 12.06, -7.84 	0.00, 20.00 	10,32,16,831		36.21,48.97	1000,1 	0
1539    	23.93, -19.09, -8.34 	1.16, 12.44, -7.82 	0.00, 20.00 	10,32,16,841		28.10,42.29	1000,1 	0
1548    	23.78, -18.88, -8.38 	1.17, 12.78, -7.80 	0.00, 20.00 	10,32,16,851		28.06,37.30	1000,1 	0
1556    	23.61, -18.63, -8.44 	1.15, 13.13, -7.78 	0.00, 20.00 	10,32,16,860		37.60,43.54	1000,1 	0
1565    	23.56, -18.33, -8.51 	1.13, 13.49, -7.77 	0.00, 20.00 	10,32,16,870		34.37,39.86	1000,1 	0
1574    	23.48, -18.04, -8.62 	1.12, 13.87, -7.77 	0.00, 20.00 	10,32,16,880		32.48,42.34	1000,1 	0
1582    	23.44, -17.76, -8.70 	1.13, 14.15, -7.74 	0.00, 20.00 	10,32,16,889		35.46,34.97	1000,1 	0
1592    	23.31, -17.57, -8.72 	1.12, 14.43, -7.73 	0.00, 20.00 	10,32,16,900		23.75,28.05	1000,1 	0
1600    	23.22, -17.44, -8.77 	1.08, 14.70, -7.71 	0.00, 20.00 	10,32,16,909		19.17,33.96	1000,1 	0
1608    	23.12, -17.25, -8.83 	1.06, 14.98, -7.68 	0.00, 20.00 	10,32,16,918		27.01,35.18	1000,1 	0
1618    	23.03, -17.04, -8.87 	1.02, 15.18, -7.65 	0.00, 20.00 	10,32,16,929		23.21,20.55	1000,1 	0
1626    	22.97, -16.84, -8.89 	0.96, 15.41, -7.63 	0.00, 20.00 	10,32,16,938		25.46,29.33	1000,1 	0
1634    	22.92, -16.72, -8.91 	0.91, 15.64, -7.62 	0.00, 20.00 	10,32,16,947		16.69,30.05	1000,1 	0
1643    	22.82, -16.57, -8.91 	0.86, 15.89, -7.62 	0.00, 20.00 	10,32,16,957		19.72,28.17	1000,1 	0
1652    	22.67, -16.40, -8.95 	0.82, 16.07, -7.62 	0.00, 20.00 	10,32,16,967		25.15,20.67	1000,1 	0
1660    	22.53, -16.24, -8.97 	0.77, 16.28, -7.62 	0.00, 20.00 	10,32,16,976		26.41,27.32	1000,1 	0
1669    	22.49, -16.03, -9.02 	0.73, 16.46, -7.60 	0.00, 20.00 	10,32,16,986		24.38,20.40	1000,1 	0
1678    	22.35, -15.83, -9.08 	0.68, 16.64, -7.58 	0.00, 20.00 	10,32,16,996		26.39,21.00	1000,1 	0
1687    	22.27, -15.68, -9.07 	0.60, 16.80, -7.56 	0.00, 20.00 	10,32,17,6		18.55,19.56	1000,1 	0
1695    	22.16, -15.57, -9.10 	0.58, 16.97, -7.55 	0.00, 20.00 	10,32,17,15		19.72,21.33	1000,1 	0
1704    	22.06, -15.46, -9.10 	0.52, 17.13, -7.54 	0.00, 20.00 	10,32,17,25		16.77,18.65	1000,1 	0
1713    	22.01, -15.26, -9.12 	0.47, 17.30, -7.53 	0.00, 20.00 	10,32,17,35		22.27,19.82	1000,1 	0
1721    	21.94, -15.09, -9.15 	0.44, 17.46, -7.52 	0.00, 20.00 	10,32,17,44		22.85,19.95	1000,1 	0
1730    	21.88, -14.93, -9.17 	0.39, 17.59, -7.51 	0.00, 20.00 	10,32,17,54		18.73,15.93	1000,1 	0
1739    	21.87, -14.79, -9.19 	0.36, 17.75, -7.49 	0.00, 20.00 	10,32,17,64		16.26,17.98	1000,1 	0
1747    	21.91, -14.56, -9.24 	0.30, 17.91, -7.48 	0.00, 20.00 	10,32,17,73		28.29,20.99	1000,1 	0
1756    	21.82, -14.43, -9.27 	0.28, 18.08, -7.45 	0.00, 20.00 	10,32,17,83		18.06,18.79	1000,1 	0
1765    	21.79, -14.24, -9.30 	0.26, 18.23, -7.43 	0.00, 20.00 	10,32,17,93		21.48,17.73	1000,1 	0
1773    	21.69, -14.10, -9.33 	0.23, 18.37, -7.40 	0.00, 20.00 	10,32,17,102		21.04,17.21	1000,1 	0
1782    	21.61, -14.00, -9.36 	0.19, 18.48, -7.36 	0.00, 20.00 	10,32,17,112		14.37,13.21	1000,1 	0
1791    	21.59, -13.84, -9.40 	0.17, 18.58, -7.33 	0.00, 20.00 	10,32,17,122		17.80,11.68	1000,1 	0
1799    	21.51, -13.73, -9.43 	0.14, 18.69, -7.29 	0.00, 20.00 	10,32,17,131		17.29,13.15	1000,1 	0
1808    	21.48, -13.61, -9.47 	0.14, 18.80, -7.27 	0.00, 20.00 	10,32,17,141		12.93,12.43	1000,1 	0
1817    	21.50, -13.51, -9.49 	0.16, 18.91, -7.25 	0.00, 20.00 	10,32,17,151		11.43,12.62	1000,1 	0
1825    	21.51, -13.42, -9.51 	0.16, 19.00, -7.22 	0.00, 20.00 	10,32,17,160		11.29,11.26	1000,1 	0
1834    	21.46, -13.34, -9.53 	0.15, 19.09, -7.20 	0.00, 20.00 	10,32,17,170		10.38,10.01	1000,1 	0
1843    	21.44, -13.29, -9.54 	0.13, 19.17, -7.17 	0.00, 20.00 	10,32,17,180		6.63,8.99	1000,1 	0
1852    	21.34, -13.26, -9.54 	0.14, 19.26, -7.13 	0.00, 20.00 	10,32,17,190		11.42,10.00	1000,1 	0
1860    	21.34, -13.22, -9.53 	0.14, 19.35, -7.11 	0.00, 20.00 	10,32,17,199		5.76,11.19	1000,1 	0
1869    	21.32, -13.21, -9.53 	0.15, 19.46, -7.09 	0.00, 20.00 	10,32,17,209		2.56,12.43	1000,1 	0
1878    	21.30, -13.09, -9.54 	0.17, 19.54, -7.08 	0.00, 20.00 	10,32,17,219		12.68,8.97	1000,1 	0
1886    	21.30, -13.08, -9.53 	0.19, 19.61, -7.06 	0.00, 20.00 	10,32,17,228		1.40,10.09	1000,1 	0
1895    	21.22, -13.05, -9.53 	0.19, 19.69, -7.04 	0.00, 20.00 	10,32,17,238		9.68,8.70	1000,1 	0
1904    	21.18, -13.01, -9.53 	0.18, 19.76, -7.03 	0.00, 20.00 	10,32,17,248		5.83,7.55	1000,1 	0
1912    	21.14, -12.98, -9.54 	0.17, 19.81, -7.01 	0.00, 20.00 	10,32,17,257		6.56,7.11	1000,1 	0
1921    	21.08, -12.98, -9.54 	0.19, 19.88, -7.00 	0.00, 20.00 	10,32,17,267		6.68,7.54	1000,1 	0
1930    	21.06, -12.95, -9.54 	0.22, 19.97, -7.01 	0.00, 20.00 	10,32,17,277		3.35,10.47	1000,1 	0
1938    	21.05, -12.91, -9.54 	0.24, 20.04, -7.01 	0.00, 20.00 	10,32,17,286		5.76,8.75	1000,1 	0
1947    	21.04, -12.89, -9.56 	0.26, 20.13, -7.02 	0.00, 20.00 	10,32,17,296		2.74,10.18	1000,1 	0
1956    	21.02, -12.77, -9.57 	0.27, 20.20, -7.03 	0.00, 20.00 	10,32,17,306		12.68,8.77	1000,1 	0
1964    	20.98, -12.73, -9.56 	0.28, 20.27, -7.03 	0.00, 20.00 	10,32,17,315		7.55,8.48	1000,1 	0
1973    	20.99, -12.66, -9.57 	0.31, 20.34, -7.03 	0.00, 20.00 	10,32,17,325		7.56,7.77	1000,1 	0
1982    	20.96, -12.61, -9.57 	0.34, 20.39, -7.03 	0.00, 20.00 	10,32,17,335		6.02,7.04	1000,1 	0
1990    	20.95, -12.60, -9.58 	0.37, 20.44, -7.03 	0.00, 20.00 	10,32,17,344		1.89,6.71	1000,1 	0
2000    	20.93, -12.56, -9.59 	0.39, 20.48, -7.03 	0.00, 20.00 	10,32,17,355		4.93,4.89	1000,1 	0
2008    	20.94, -12.54, -9.60 	0.41, 20.51, -7.04 	0.00, 20.00 	10,32,17,364		3.07,4.87	1000,1 	0
2016    	20.96, -12.49, -9.60 	0.41, 20.56, -7.04 	0.00, 20.00 	10,32,17,373		5.74,5.60	1000,1 	0
2025    	20.95, -12.48, -9.61 	0.41, 20.57, -7.03 	0.00, 20.00 	10,32,17,383		1.68,1.24	1000,1 	0
2034    	20.94, -12.43, -9.59 	0.41, 20.59, -7.04 	0.00, 20.00 	10,32,17,393		5.12,2.49	1000,1 	0
2043    	20.93, -12.46, -9.58 	0.41, 20.60, -7.03 	0.00, 20.00 	10,32,17,403		2.72,1.24	1000,1 	0
2051    	20.92, -12.40, -9.59 	0.41, 20.61, -7.03 	0.00, 20.00 	10,32,17,412		7.13,1.40	1000,1 	0
2060    	20.89, -12.38, -9.62 	0.41, 20.63, -7.02 	0.00, 20.00 	10,32,17,422		4.18,1.24	1000,1 	0
2069    	20.87, -12.37, -9.61 	0.41, 20.64, -7.02 	0.00, 20.00 	10,32,17,432		2.56,1.24	1000,1 	0
2077    	20.87, -12.38, -9.60 	0.41, 20.64, -7.02 	0.00, 20.00 	10,32,17,441		1.40,0.00	1000,1 	0
2086    	20.90, -12.33, -9.61 	0.40, 20.64, -7.02 	0.00, 20.00 	10,32,17,451		5.98,1.11	1000,1 	0
2095    	20.87, -12.33, -9.60 	0.40, 20.64, -7.02 	0.00, 20.00 	10,32,17,461		3.34,0.00	1000,1 	0
2103    	20.84, -12.27, -9.62 	0.40, 20.65, -7.02 	0.00, 20.00 	10,32,17,470		7.98,1.40	1000,1 	0
2112    	20.86, -12.24, -9.60 	0.39, 20.65, -7.01 	0.00, 20.00 	10,32,17,480		4.34,1.11	1000,1 	0
2121    	20.82, -12.23, -9.62 	0.37, 20.65, -7.01 	0.00, 20.00 	10,32,17,490		4.63,2.21	1000,1 	0
2129    	20.78, -12.22, -9.62 	0.34, 20.64, -7.00 	0.00, 20.00 	10,32,17,499		5.21,3.98	1000,1 	0
2138    	20.79, -12.20, -9.61 	0.31, 20.63, -7.00 	0.00, 20.00 	10,32,17,509		2.72,3.54	1000,1 	0
2147    	20.73, -12.15, -9.60 	0.29, 20.60, -7.00 	0.00, 20.00 	10,32,17,519		8.36,4.33	1000,1 	0
2155    	20.71, -12.16, -9.58 	0.26, 20.57, -7.00 	0.00, 20.00 	10,32,17,528		2.86,4.66	1000,1 	0
2164    	20.67, -12.11, -9.60 	0.22, 20.54, -7.01 	0.00, 20.00 	10,32,17,538		6.71,5.78	1000,1 	0
2173    	20.62, -12.07, -9.59 	0.20, 20.50, -7.01 	0.00, 20.00 	10,32,17,548		7.50,5.44	1000,1 	0
2181    	20.66, -12.05, -9.60 	0.17, 20.44, -7.00 	0.00, 20.00 	10,32,17,557		5.72,7.92	1000,1 	0
2190    	20.65, -11.99, -9.58 	0.16, 20.40, -6.99 	0.00, 20.00 	10,32,17,567		6.34,5.09	1000,1 	0
2199    	20.60, -12.00, -9.56 	0.17, 20.36, -6.99 	0.00, 20.00 	10,32,17,577		5.69,3.89	1000,1 	0
2207    	20.60, -12.02, -9.55 	0.16, 20.34, -6.99 	0.00, 20.00 	10,32,17,586		2.81,3.06	1000,1 	0
2216    	20.58, -12.00, -9.54 	0.16, 20.33, -6.99 	0.00, 20.00 	10,32,17,596		3.35,1.24	1000,1 	0
2225    	20.59, -12.01, -9.54 	0.17, 20.29, -6.99 	0.00, 20.00 	10,32,17,606		1.68,5.10	1000,1 	0
2234    	20.61, -12.02, -9.54 	0.16, 20.26, -6.99 	0.00, 20.00 	10,32,17,616		2.56,2.72	1000,1 	0
2242    	20.62, -12.01, -9.54 	0.14, 20.23, -6.99 	0.00, 20.00 	10,32,17,625		1.87,4.37	1000,1 	0
2251    	20.60, -12.03, -9.54 	0.14, 20.17, -6.98 	0.00, 20.00 	10,32,17,635		3.33,6.22	1000,1 	0
2260    	20.60, -12.07, -9.54 	0.12, 20.15, -6.99 	0.00, 20.00 	10,32,17,645		3.74,3.32	1000,1 	0
2268    	20.61, -12.09, -9.53 	0.12, 20.11, -6.99 	0.00, 20.00 	10,32,17,654		3.08,5.60	1000,1 	0
2277    	20.61, -12.10, -9.52 	0.10, 20.05, -6.99 	0.00, 20.00 	10,32,17,664		1.25,6.59	1000,1 	0
2285    	20.62, -12.14, -9.52 	0.09, 19.97, -6.99 	0.00, -0.00 	10,32,17,683		3.91,8.77	1000,1 	0
2294    	20.63, -12.15, -9.52 	0.08, 19.94, -6.99 	0.00, -0.00 	10,32,17,693		1.51,3.50	1000,1 	0
2303    	20.63, -12.16, -9.51 	0.08, 19.92, -6.99 	0.00, -0.00 	10,32,17,703		1.25,2.49	1000,1 	0
2311    	20.61, -12.16, -9.51 	0.08, 19.91, -7.00 	0.00, -0.00 	10,32,17,712		2.23,1.24	1000,1 	0
2320    	20.61, -12.15, -9.51 	0.09, 19.91, -7.00 	0.00, -0.00 	10,32,17,722		1.12,1.00	1000,1 	0
2329    	20.66, -12.14, -9.51 	0.09, 19.91, -7.00 	0.00, -0.00 	10,32,17,732		5.69,0.00	1000,1 	0
2337    	20.63, -12.16, -9.51 	0.10, 19.90, -7.00 	0.00, -0.00 	10,32,17,741		4.15,1.67	1000,1 	0
2346    	20.64, -12.15, -9.50 	0.09, 19.91, -7.00 	0.00, -0.00 	10,32,17,751		1.50,1.50	1000,1 	0
2355    	20.65, -12.16, -9.50 	0.09, 19.90, -7.00 	0.00, -0.00 	10,32,17,761		1.68,1.24	1000,1 	0
2363    	20.65, -12.18, -9.51 	0.09, 19.91, -7.00 	0.00, -0.00 	10,32,17,770		2.49,1.24	1000,1 	0
2372    	20.62, -12.18, -9.51 	0.10, 19.91, -7.00 	0.00, -0.00 	10,32,17,780		3.00,1.00	1000,1 	0
2381    	20.64, -12.17, -9.51 	0.11, 19.91, -7.00 	0.00, -0.00 	10,32,17,790		2.54,1.11	1000,1 	0
2390    	20.68, -12.17, -9.51 	0.11, 19.89, -7.00 	0.00, -0.00 	10,32,17,800		4.45,1.24	1000,1 	0
2398    	20.67, -12.18, -9.50 	0.11, 19.89, -7.00 	0.00, -0.00 	10,32,17,809		1.67,0.00	1000,1 	0
2407    	20.71, -12.18, -9.51 	0.11, 19.91, -7.00 	0.00, -0.00 	10,32,17,819		4.45,1.24	1000,1 	0
2416    	20.70, -12.18, -9.51 	0.11, 19.91, -7.00 	0.00, -0.00 	10,32,17,829		1.11,0.00	1000,1 	0
2424    	20.71, -12.18, -9.50 	0.10, 19.91, -7.00 	0.00, -0.00 	10,32,17,838		1.11,1.11	1000,1 	0
2433    	20.68, -12.19, -9.50 	0.12, 19.91, -7.00 	0.00, -0.00 	10,32,17,848		3.56,2.21	1000,1 	0
2442    	20.71, -12.20, -9.51 	0.11, 19.91, -7.00 	0.00, -0.00 	10,32,17,858		3.57,1.11	1000,1 	0
2450    	20.71, -12.23, -9.50 	0.11, 19.91, -7.01 	0.00, -0.00 	10,32,17,867		2.49,0.00	1000,1 	0
2459    	20.70, -12.20, -9.49 	0.11, 19.89, -7.01 	0.00, -0.00 	10,32,17,877		3.52,1.60	1000,1 	0
2468    	20.68, -12.23, -9.49 	0.10, 19.90, -7.01 	0.00, -0.00 	10,32,17,887		3.75,1.24	1000,1 	0
2476    	20.67, -12.24, -9.49 	0.11, 19.89, -7.01 	0.00, -0.00 	10,32,17,896		2.50,1.66	1000,1 	0
2485    	20.69, -12.24, -9.49 	0.11, 19.89, -7.01 	0.00, -0.00 	10,32,17,906		2.86,0.00	1000,1 	0
2494    	20.72, -12.25, -9.49 	0.11, 19.89, -7.01 	0.00, -0.00 	10,32,17,916		4.59,0.00	1000,1 	0
2502    	20.71, -12.26, -9.49 	0.11, 19.88, -7.00 	0.00, -0.00 	10,32,17,925		2.50,1.86	1000,1 	0
2511    	20.72, -12.28, -9.49 	0.12, 19.85, -7.00 	0.00, -0.00 	10,32,17,935		3.52,5.01	1000,1 	0
2520    	20.72, -12.26, -9.50 	0.14, 19.73, -7.01 	0.00, -0.00 	10,32,17,945		3.21,18.11	1000,1 	0
2528    	20.73, -12.28, -9.49 	0.23, 19.34, -6.99 	0.00, -0.00 	10,32,17,954		4.11,65.61	1000,1 	0
2538    	20.74, -12.28, -9.49 	0.25, 19.11, -6.97 	0.00, -0.00 	10,32,17,965		1.43,33.70	1000,1 	0
2546    	20.78, -12.28, -9.49 	0.23, 18.92, -6.98 	0.00, -0.00 	10,32,17,974		6.68,31.74	1000,1 	0
2554    	20.78, -12.31, -9.47 	0.20, 18.72, -7.00 	0.00, -0.00 	10,32,17,983		3.74,33.92	1000,1 	0
2563    	20.79, -12.32, -9.48 	0.13, 18.48, -7.05 	0.00, -0.00 	10,32,17,993		2.16,34.61	1000,1 	0
2572    	20.80, -12.32, -9.47 	0.03, 18.20, -7.11 	0.00, -0.00 	10,32,18,3		1.43,43.88	1000,1 	0
2581    	20.83, -12.39, -9.47 	-0.08, 17.85, -7.16 	0.00, -0.00 	10,32,18,13		12.32,60.09	1000,1 	0
2589    	20.88, -12.42, -9.47 	-0.16, 17.53, -7.24 	0.00, -0.00 	10,32,18,22		7.57,41.46	1000,1 	0
2598    	20.96, -12.52, -9.46 	-0.20, 17.21, -7.33 	0.00, -0.00 	10,32,18,32		16.98,40.85	1000,1 	0
2607    	21.05, -12.65, -9.47 	-0.24, 16.88, -7.43 	0.00, -0.00 	10,32,18,42		21.91,46.54	1000,1 	0
2615    	21.23, -12.79, -9.46 	-0.29, 16.54, -7.53 	0.00, -0.00 	10,32,18,51		32.25,49.86	1000,1 	0
2624    	21.41, -13.05, -9.44 	-0.29, 16.16, -7.61 	0.00, -0.00 	10,32,18,61		39.48,47.58	1000,1 	0
2633    	21.67, -13.39, -9.36 	-0.33, 15.76, -7.69 	0.00, -0.00 	10,32,18,71		54.15,49.09	1000,1 	0
2641    	21.99, -13.81, -9.27 	-0.35, 15.38, -7.80 	0.00, -0.00 	10,32,18,80		75.17,54.37	1000,1 	0
2650    	22.35, -14.23, -9.22 	-0.30, 15.01, -7.90 	0.00, -0.00 	10,32,18,90		68.75,46.60	1000,1 	0
2659    	22.70, -14.64, -9.15 	-0.25, 14.65, -8.00 	0.00, -0.00 	10,32,18,100		59.62,40.36	1000,1 	0
2667    	22.92, -15.06, -9.11 	-0.16, 14.33, -8.08 	0.00, -0.00 	10,32,18,109		68.03,48.55	1000,1 	0
2676    	23.17, -15.48, -9.07 	-0.10, 13.99, -8.15 	0.00, -0.00 	10,32,18,119		60.79,42.89	1000,1 	0
2685    	23.36, -15.89, -9.01 	-0.03, 13.61, -8.19 	0.00, -0.00 	10,32,18,129		56.52,48.63	1000,1 	0
2693    	23.52, -16.16, -9.00 	0.05, 13.20, -8.22 	0.00, -0.00 	10,32,18,138		44.90,59.01	1000,1 	0
2702    	23.66, -16.35, -8.97 	0.16, 12.83, -8.27 	0.00, -0.00 	10,32,18,148		40.60,64.76	1000,1 	0
2711    	23.86, -16.57, -8.97 	0.28, 12.46, -8.31 	0.00, -0.00 	10,32,18,158		48.92,65.30	1000,1 	0
2719    	24.04, -16.76, -8.93 	0.43, 12.09, -8.35 	0.00, -0.00 	10,32,18,167		43.89,65.42	1000,1 	0
2728    	24.10, -17.06, -8.89 	0.52, 11.75, -8.36 	0.00, -0.00 	10,32,18,177		50.10,59.77	1000,1 	0
2737    	24.19, -17.35, -8.81 	0.71, 11.39, -8.37 	0.00, -0.00 	10,32,18,187		51.00,66.78	1000,1 	0
2747    	24.29, -17.65, -8.72 	0.88, 11.05, -8.37 	0.00, -0.00 	10,32,18,198		51.52,63.53	1000,1 	0
2754    	24.44, -18.00, -8.62 	1.06, 10.72, -8.37 	0.00, -0.00 	10,32,18,206		96.00,94.07	1000,1 	0
2763    	24.50, -18.33, -8.59 	1.28, 10.42, -8.36 	0.00, -0.00 	10,32,18,216		57.07,63.31	1000,1 	0
2772    	24.57, -18.66, -8.52 	1.45, 10.05, -8.31 	0.00, -0.00 	10,32,18,226		55.95,66.84	1000,1 	0
2780    	24.69, -18.93, -8.47 	1.63, 9.70, -8.30 	0.00, -0.00 	10,32,18,235		59.14,79.16	1000,1 	0
2789    	24.79, -19.33, -8.43 	1.77, 9.35, -8.22 	0.00, -0.00 	10,32,18,245		68.11,62.39	1000,1 	0
2798    	24.95, -19.64, -8.41 	1.94, 9.01, -8.18 	0.00, -0.00 	10,32,18,255		57.29,63.53	1000,1 	0
2806    	25.17, -20.02, -8.37 	2.09, 8.73, -8.16 	0.00, -0.00 	10,32,18,264		89.40,64.50	1000,1 	0
2815    	25.27, -20.41, -8.32 	2.23, 8.42, -8.12 	0.00, -0.00 	10,32,18,274		65.86,56.26	1000,1 	0
2824    	25.34, -20.71, -8.27 	2.33, 8.06, -8.08 	0.00, -0.00 	10,32,18,284		52.33,62.48	1000,1 	0
2832    	25.36, -21.01, -8.22 	2.44, 7.72, -8.04 	0.00, -0.00 	10,32,18,293		60.77,71.36	1000,1 	0
2841    	25.43, -21.31, -8.16 	2.51, 7.37, -7.98 	0.00, -0.00 	10,32,18,303		50.10,59.02	1000,1 	0
2850    	25.44, -21.60, -8.08 	2.59, 7.04, -7.94 	0.00, -0.00 	10,32,18,313		48.77,56.17	1000,1 	0
2858    	25.42, -21.91, -8.02 	2.64, 6.63, -7.88 	0.00, -0.00 	10,32,18,322		62.96,83.71	1000,1 	0
2867    	25.45, -22.17, -7.95 	2.67, 6.26, -7.82 	0.00, -0.00 	10,32,18,332		43.58,61.93	1000,1 	0
2876    	25.52, -22.38, -7.87 	2.69, 5.92, -7.77 	0.00, -0.00 	10,32,18,342		35.71,56.19	1000,1 	0
2884    	25.48, -22.58, -7.82 	2.66, 5.59, -7.73 	0.00, -0.00 	10,32,18,351		34.29,56.04	1000,1 	0
2893    	25.51, -22.79, -7.74 	2.55, 5.19, -7.66 	0.00, -0.00 	10,32,18,361		36.21,69.51	1000,1 	0
2902    	25.63, -22.95, -7.70 	2.47, 4.76, -7.60 	0.00, -0.00 	10,32,18,371		33.07,71.78	1000,1 	0
2910    	25.68, -23.12, -7.66 	2.39, 4.40, -7.56 	0.00, -0.00 	10,32,18,380		29.33,62.59	1000,1 	0
2919    	25.76, -23.30, -7.64 	2.31, 4.05, -7.51 	0.00, -0.00 	10,32,18,390		28.16,50.51	1000,1 	0
2928    	25.80, -23.46, -7.59 	2.18, 3.71, -7.48 	0.00, -0.00 	10,32,18,400		27.07,61.08	1000,1 	0
2936    	25.76, -23.69, -7.53 	2.05, 3.36, -7.47 	0.00, -0.00 	10,32,18,409		39.57,61.64	1000,1 	0
2945    	25.78, -23.92, -7.43 	1.89, 3.03, -7.46 	0.00, -0.00 	10,32,18,419		37.59,61.15	1000,1 	0
2954    	25.74, -24.04, -7.40 	1.76, 2.75, -7.42 	0.00, -0.00 	10,32,18,429		21.59,52.35	1000,1 	0
2963    	25.80, -24.12, -7.40 	1.61, 2.42, -7.36 	0.00, -0.00 	10,32,18,439		16.54,59.46	1000,1 	0
2971    	25.79, -24.30, -7.39 	1.48, 2.10, -7.29 	0.00, -0.00 	10,32,18,448		35.92,69.08	1000,1 	0
2980    	25.68, -24.46, -7.37 	1.34, 1.80, -7.22 	0.00, -0.00 	10,32,18,458		31.89,54.71	1000,1 	0
2989    	25.59, -24.64, -7.30 	1.23, 1.54, -7.16 	0.00, -0.00 	10,32,18,468		35.09,48.28	1000,1 	0
2997    	25.53, -24.70, -7.29 	1.09, 1.30, -7.12 	0.00, -0.00 	10,32,18,477		16.39,55.54	1000,1 	0
3006    	25.44, -24.85, -7.27 	0.92, 1.04, -7.06 	0.00, -0.00 	10,32,18,487		29.32,51.25	1000,1 	0
