#Time 	Sensor1         Sensor2         Target          Time            Vel             
#================================================================

11      	25.33, -26.61, -6.52 	-0.66, -0.01, -6.74 	0.00, 20.00 	10,30,40,811		0.00,0.00	0,0 	0
16      	25.32, -26.63, -6.50 	-0.63, -0.01, -6.75 	0.00, 20.00 	10,30,40,821		3.00,5.97	0,0 	0
24      	25.27, -26.64, -6.49 	-0.62, -0.02, -6.75 	0.00, 20.00 	10,30,40,830		6.41,1.88	0,0 	0
33      	25.27, -26.65, -6.49 	-0.60, -0.05, -6.73 	0.00, 20.00 	10,30,40,840		1.25,3.34	0,0 	0
42      	25.23, -26.68, -6.51 	-0.61, -0.06, -6.73 	0.00, 20.00 	10,30,40,850		5.80,1.66	0,0 	0
50      	25.27, -26.70, -6.48 	-0.62, -0.05, -6.75 	0.00, 20.00 	10,30,40,859		5.76,1.88	0,0 	0
59      	25.25, -26.69, -6.49 	-0.61, -0.07, -6.74 	0.00, 20.00 	10,30,40,869		2.56,2.73	0,0 	0
68      	25.25, -26.74, -6.46 	-0.64, -0.08, -6.75 	0.00, 20.00 	10,30,40,879		4.99,3.54	0,0 	0
76      	25.22, -26.74, -6.45 	-0.63, -0.08, -6.74 	0.00, 20.00 	10,30,40,888		3.76,1.24	0,0 	0
85      	25.20, -26.74, -6.46 	-0.63, -0.08, -6.75 	0.00, 20.00 	10,30,40,898		2.23,0.00	0,0 	0
94      	25.20, -26.76, -6.45 	-0.60, -0.08, -6.75 	0.00, 20.00 	10,30,40,908		2.49,3.32	0,0 	0
102     	25.22, -26.72, -6.45 	-0.63, -0.10, -6.73 	0.00, 20.00 	10,30,40,917		4.88,4.66	0,0 	0
111     	25.22, -26.72, -6.46 	-0.62, -0.10, -6.76 	0.00, 20.00 	10,30,40,927		0.00,1.11	0,0 	0
120     	25.26, -26.71, -6.46 	-0.60, -0.12, -6.75 	0.00, 20.00 	10,30,40,937		4.62,3.34	0,0 	0
128     	25.22, -26.74, -6.46 	-0.56, -0.10, -6.74 	0.00, 20.00 	10,30,40,946		5.72,5.70	0,0 	0
137     	25.21, -26.74, -6.45 	-0.60, -0.12, -6.74 	0.00, 20.00 	10,30,40,956		1.11,5.07	0,0 	0
146     	25.21, -26.74, -6.45 	-0.61, -0.10, -6.73 	0.00, 20.00 	10,30,40,966		0.00,2.73	0,0 	0
155     	25.21, -26.76, -6.43 	-0.61, -0.11, -6.73 	0.00, 20.00 	10,30,40,976		2.49,1.24	0,0 	0
163     	25.22, -26.76, -6.42 	-0.63, -0.12, -6.74 	0.00, 20.00 	10,30,40,985		1.25,2.85	0,0 	0
172     	25.17, -26.77, -6.43 	-0.61, -0.12, -6.74 	0.00, 20.00 	10,30,40,995		5.69,2.21	0,0 	0
181     	25.19, -26.75, -6.42 	-0.60, -0.12, -6.74 	0.00, 20.00 	10,30,41,5		3.33,1.11	0,0 	0
189     	25.18, -26.76, -6.43 	-0.64, -0.16, -6.72 	0.00, 20.00 	10,30,41,14		1.87,5.61	0,0 	0
198     	25.17, -26.79, -6.42 	-0.63, -0.15, -6.72 	0.00, 20.00 	10,30,41,24		3.90,1.66	0,0 	0
207     	25.16, -26.79, -6.42 	-0.61, -0.16, -6.71 	0.00, 20.00 	10,30,41,34		1.11,2.54	0,0 	0
215     	25.15, -26.78, -6.41 	-0.60, -0.17, -6.71 	0.00, 20.00 	10,30,41,43		1.89,1.88	0,0 	0
224     	25.11, -26.80, -6.39 	-0.63, -0.17, -6.71 	0.00, 20.00 	10,30,41,53		5.09,3.32	0,0 	0
233     	25.08, -26.81, -6.39 	-0.63, -0.15, -6.73 	0.00, 20.00 	10,30,41,63		3.56,2.49	0,0 	0
241     	25.12, -26.80, -6.39 	-0.62, -0.16, -6.73 	0.00, 20.00 	10,30,41,72		5.19,1.88	0,0 	0
250     	25.08, -26.80, -6.39 	-0.61, -0.17, -6.72 	0.00, 20.00 	10,30,41,82		4.45,1.67	0,0 	0
259     	25.03, -26.82, -6.39 	-0.59, -0.14, -6.74 	0.00, 20.00 	10,30,41,92		6.08,4.33	0,0 	0
267     	25.07, -26.83, -6.37 	-0.59, -0.14, -6.74 	0.00, 20.00 	10,30,41,101		5.21,0.00	0,0 	0
276     	25.06, -26.84, -6.37 	-0.57, -0.15, -6.75 	0.00, 20.00 	10,30,41,111		1.67,2.54	0,0 	0
285     	25.09, -26.82, -6.37 	-0.58, -0.15, -6.74 	0.00, 20.00 	10,30,41,121		4.15,1.11	0,0 	0
293     	25.08, -26.82, -6.37 	-0.58, -0.17, -6.74 	0.00, 20.00 	10,30,41,130		1.25,2.80	0,0 	0
302     	25.12, -26.80, -6.36 	-0.59, -0.17, -6.72 	0.00, 20.00 	10,30,41,140		5.09,1.11	0,0 	0
311     	25.12, -26.83, -6.35 	-0.56, -0.15, -6.74 	0.00, 20.00 	10,30,41,150		3.74,4.14	0,0 	0
321     	25.06, -26.81, -6.34 	-0.59, -0.14, -6.74 	0.00, 20.00 	10,30,41,161		6.43,3.19	0,0 	0
328     	25.05, -26.80, -6.34 	-0.57, -0.15, -6.73 	0.00, 20.00 	10,30,41,169		2.16,3.27	0,0 	0
337     	25.06, -26.82, -6.35 	-0.57, -0.16, -6.73 	0.00, 20.00 	10,30,41,179		2.74,1.24	0,0 	0
346     	25.06, -26.82, -6.35 	-0.57, -0.16, -6.72 	0.00, 20.00 	10,30,41,189		0.00,0.00	0,0 	0
354     	25.05, -26.81, -6.34 	-0.55, -0.15, -6.73 	0.00, 20.00 	10,30,41,198		1.89,2.85	0,0 	0
363     	25.00, -26.83, -6.32 	-0.54, -0.16, -6.74 	0.00, 20.00 	10,30,41,208		6.08,1.67	0,0 	0
372     	25.00, -26.83, -6.35 	-0.55, -0.16, -6.73 	0.00, 20.00 	10,30,41,218		0.00,1.11	0,0 	0
380     	25.00, -26.83, -6.35 	-0.53, -0.16, -6.74 	0.00, 20.00 	10,30,41,227		0.00,2.49	0,0 	0
389     	24.94, -26.82, -6.35 	-0.52, -0.17, -6.74 	0.00, 20.00 	10,30,41,237		6.80,1.67	0,0 	0
398     	24.94, -26.84, -6.35 	-0.52, -0.17, -6.74 	0.00, 20.00 	10,30,41,247		2.49,0.00	0,0 	0
406     	24.98, -26.83, -6.34 	-0.51, -0.18, -6.72 	0.00, 20.00 	10,30,41,256		5.19,1.88	0,0 	0
415     	24.98, -26.83, -6.34 	-0.50, -0.19, -6.72 	0.00, 20.00 	10,30,41,266		0.00,1.67	0,0 	0
424     	24.93, -26.83, -6.35 	-0.51, -0.19, -6.72 	0.00, 20.00 	10,30,41,276		5.56,1.11	0,0 	0
432     	24.97, -26.85, -6.36 	-0.53, -0.22, -6.72 	0.00, 20.00 	10,30,41,285		5.76,3.74	0,0 	0
441     	24.97, -26.87, -6.34 	-0.55, -0.19, -6.72 	0.00, 20.00 	10,30,41,295		1.25,3.34	0,0 	0
450     	24.98, -26.87, -6.34 	-0.54, -0.16, -6.73 	0.00, 20.00 	10,30,41,305		1.11,3.89	0,0 	0
458     	24.96, -26.84, -6.34 	-0.55, -0.17, -6.71 	0.00, 20.00 	10,30,41,314		3.77,1.87	0,0 	0
467     	24.96, -26.85, -6.34 	-0.53, -0.15, -6.72 	0.00, 20.00 	10,30,41,324		1.25,3.32	0,0 	0
476     	24.95, -26.84, -6.33 	-0.53, -0.16, -6.73 	0.00, 20.00 	10,30,41,334		1.68,1.24	0,0 	0
484     	24.96, -26.84, -6.31 	-0.54, -0.16, -6.74 	0.00, 20.00 	10,30,41,343		1.25,1.24	0,0 	0
493     	24.95, -26.82, -6.32 	-0.54, -0.16, -6.75 	0.00, 20.00 	10,30,41,353		2.74,0.00	0,0 	0
502     	24.95, -26.82, -6.32 	-0.54, -0.15, -6.75 	0.00, 20.00 	10,30,41,363		0.00,1.24	0,0 	0
512     	24.95, -26.83, -6.32 	-0.52, -0.15, -6.75 	0.00, 20.00 	10,30,41,374		1.12,1.99	0,0 	0
519     	24.99, -26.82, -6.31 	-0.53, -0.16, -6.74 	0.00, 20.00 	10,30,41,382		5.93,2.14	0,0 	0
528     	25.00, -26.85, -6.30 	-0.51, -0.16, -6.74 	0.00, 20.00 	10,30,41,392		3.91,2.21	0,0 	0
537     	24.99, -26.85, -6.30 	-0.50, -0.17, -6.75 	0.00, 20.00 	10,30,41,402		1.11,1.67	0,0 	0
545     	24.94, -26.86, -6.31 	-0.49, -0.17, -6.75 	0.00, 20.00 	10,30,41,411		6.41,1.24	0,0 	0
554     	24.91, -26.88, -6.32 	-0.50, -0.17, -6.75 	0.00, 20.00 	10,30,41,421		3.56,1.11	0,0 	0
563     	24.94, -26.90, -6.29 	-0.51, -0.17, -6.76 	0.00, 20.00 	10,30,41,431		5.12,1.11	0,0 	0
571     	24.94, -26.90, -6.29 	-0.51, -0.16, -6.76 	0.00, 20.00 	10,30,41,440		0.00,1.40	0,0 	0
580     	24.88, -26.90, -6.30 	-0.51, -0.17, -6.76 	0.00, 20.00 	10,30,41,450		6.68,1.24	0,0 	0
589     	24.85, -26.91, -6.28 	-0.51, -0.17, -6.75 	0.00, 20.00 	10,30,41,460		3.56,0.00	0,0 	0
597     	24.82, -26.91, -6.29 	-0.53, -0.16, -6.75 	0.00, 20.00 	10,30,41,469		3.76,2.86	0,0 	0
606     	24.82, -26.92, -6.29 	-0.53, -0.17, -6.76 	0.00, 20.00 	10,30,41,479		1.25,1.24	0,0 	0
615     	24.82, -26.92, -6.29 	-0.53, -0.16, -6.76 	0.00, 20.00 	10,30,41,489		0.00,1.24	0,0 	0
623     	24.83, -26.93, -6.28 	-0.52, -0.17, -6.75 	0.00, 20.00 	10,30,41,498		1.89,1.88	0,0 	0
632     	24.83, -26.95, -6.26 	-0.52, -0.17, -6.75 	0.00, 20.00 	10,30,41,508		2.49,0.00	0,0 	0
641     	24.88, -26.95, -6.25 	-0.52, -0.17, -6.75 	0.00, 20.00 	10,30,41,518		5.56,0.00	0,0 	0
649     	24.87, -26.95, -6.25 	-0.51, -0.17, -6.74 	0.00, 20.00 	10,30,41,527		1.25,1.24	0,0 	0
658     	24.88, -26.95, -6.25 	-0.51, -0.17, -6.74 	0.00, 20.00 	10,30,41,537		1.11,0.00	0,0 	0
667     	24.82, -26.95, -6.24 	-0.54, -0.18, -6.74 	0.00, 20.00 	10,30,41,547		6.68,3.54	0,0 	0
675     	24.82, -26.96, -6.24 	-0.55, -0.18, -6.74 	0.00, 20.00 	10,30,41,556		1.40,1.24	0,0 	0
684     	24.82, -26.96, -6.24 	-0.54, -0.18, -6.74 	0.00, 20.00 	10,30,41,566		0.00,1.11	0,0 	0
693     	24.82, -26.97, -6.22 	-0.55, -0.18, -6.74 	0.00, 20.00 	10,30,41,576		1.25,1.11	0,0 	0
701     	24.82, -26.96, -6.24 	-0.54, -0.18, -6.74 	0.00, 20.00 	10,30,41,585		1.40,1.24	0,0 	0
710     	24.79, -26.97, -6.25 	-0.54, -0.18, -6.74 	0.00, 20.00 	10,30,41,595		3.56,0.00	0,0 	0
719     	24.79, -26.97, -6.25 	-0.54, -0.18, -6.74 	0.00, 20.00 	10,30,41,605		0.00,0.00	0,0 	0
728     	24.78, -26.95, -6.24 	-0.54, -0.18, -6.74 	0.00, 20.00 	10,30,41,615		2.74,0.00	0,0 	0
736     	24.81, -26.96, -6.25 	-0.53, -0.17, -6.75 	0.00, 20.00 	10,30,41,624		4.02,1.87	0,0 	0
745     	24.80, -26.94, -6.26 	-0.50, -0.17, -6.75 	0.00, 20.00 	10,30,41,634		2.74,3.32	0,0 	0
754     	24.79, -26.94, -6.26 	-0.50, -0.17, -6.75 	0.00, 20.00 	10,30,41,644		1.11,0.00	0,0 	0
762     	24.82, -26.91, -6.27 	-0.50, -0.18, -6.76 	0.00, 20.00 	10,30,41,653		5.62,1.40	0,0 	0
771     	24.81, -26.91, -6.26 	-0.49, -0.18, -6.75 	0.00, 20.00 	10,30,41,663		1.11,1.11	0,0 	0
780     	24.84, -26.91, -6.26 	-0.50, -0.18, -6.75 	0.00, 20.00 	10,30,41,673		3.34,1.11	0,0 	0
788     	24.83, -26.90, -6.25 	-0.49, -0.18, -6.75 	0.00, 20.00 	10,30,41,682		1.89,1.24	0,0 	0
797     	24.86, -26.89, -6.27 	-0.51, -0.17, -6.75 	0.00, 20.00 	10,30,41,692		3.56,2.54	0,0 	0
806     	24.86, -26.90, -6.25 	-0.50, -0.17, -6.75 	0.00, 20.00 	10,30,41,702		1.25,1.11	0,0 	0
814     	24.84, -26.92, -6.24 	-0.50, -0.17, -6.75 	0.00, 20.00 	10,30,41,711		3.75,0.00	0,0 	0
823     	24.82, -26.91, -6.24 	-0.50, -0.17, -6.75 	0.00, 20.00 	10,30,41,721		2.56,0.00	0,0 	0
832     	24.81, -26.91, -6.24 	-0.52, -0.19, -6.74 	0.00, 20.00 	10,30,41,731		1.11,3.32	0,0 	0
840     	24.81, -26.90, -6.25 	-0.52, -0.20, -6.75 	0.00, 20.00 	10,30,41,740		1.40,1.40	0,0 	0
849     	24.77, -26.94, -6.23 	-0.52, -0.20, -6.75 	0.00, 20.00 	10,30,41,750		6.66,0.00	0,0 	0
858     	24.77, -26.96, -6.22 	-0.52, -0.20, -6.73 	0.00, 20.00 	10,30,41,760		2.49,0.00	0,0 	0
867     	24.74, -26.95, -6.23 	-0.52, -0.20, -6.73 	0.00, 20.00 	10,30,41,770		3.57,0.00	0,0 	0
875     	24.73, -26.95, -6.23 	-0.52, -0.20, -6.73 	0.00, 20.00 	10,30,41,779		1.25,0.00	0,0 	0
884     	24.69, -26.95, -6.22 	-0.52, -0.20, -6.72 	0.00, 20.00 	10,30,41,789		4.45,0.00	0,0 	0
894     	24.68, -26.96, -6.22 	-0.52, -0.20, -6.73 	0.00, 20.00 	10,30,41,800		1.50,0.00	0,0 	0
901     	24.71, -26.89, -6.24 	-0.53, -0.19, -6.74 	0.00, 20.00 	10,30,41,808		10.51,2.14	0,0 	0
910     	24.72, -26.89, -6.24 	-0.53, -0.19, -6.74 	0.00, 20.00 	10,30,41,818		1.11,0.00	0,0 	0
919     	24.72, -26.88, -6.24 	-0.51, -0.17, -6.75 	0.00, 20.00 	10,30,41,828		1.25,3.32	0,0 	0
927     	24.73, -26.87, -6.24 	-0.50, -0.17, -6.73 	0.00, 20.00 	10,30,41,837		1.87,1.24	0,0 	0
936     	24.74, -26.89, -6.24 	-0.50, -0.17, -6.73 	0.00, 20.00 	10,30,41,847		2.74,0.00	0,0 	0
945     	24.74, -26.87, -6.25 	-0.52, -0.17, -6.73 	0.00, 20.00 	10,30,41,857		2.49,2.21	0,0 	0
953     	24.70, -26.87, -6.26 	-0.51, -0.17, -6.75 	0.00, 20.00 	10,30,41,866		5.01,1.24	0,0 	0
962     	24.71, -26.89, -6.26 	-0.50, -0.18, -6.75 	0.00, 20.00 	10,30,41,876		2.74,1.67	0,0 	0
971     	24.71, -26.91, -6.26 	-0.49, -0.18, -6.76 	0.00, 20.00 	10,30,41,886		1.25,1.11	0,0 	0
979     	24.71, -26.91, -6.26 	-0.50, -0.17, -6.77 	0.00, 20.00 	10,30,41,895		0.00,1.88	0,0 	0
988     	24.71, -26.91, -6.26 	-0.50, -0.17, -6.77 	0.00, 20.00 	10,30,41,905		0.00,0.00	0,0 	0
997     	24.71, -26.91, -6.26 	-0.49, -0.17, -6.75 	0.00, 20.00 	10,30,41,915		0.00,1.11	0,0 	0
1005    	24.72, -26.94, -6.25 	-0.51, -0.17, -6.75 	0.00, 20.00 	10,30,41,924		4.40,2.49	1000,1 	0
1014    	24.71, -26.93, -6.24 	-0.51, -0.19, -6.74 	0.00, 20.00 	10,30,41,934		1.68,2.49	1000,1 	0
1023    	24.68, -26.94, -6.28 	-0.50, -0.19, -6.75 	0.00, 20.00 	10,30,41,944		3.56,1.11	1000,1 	0
1031    	24.68, -26.93, -6.28 	-0.51, -0.19, -6.75 	0.00, 20.00 	10,30,41,953		1.40,1.24	1000,1 	0
1040    	24.68, -26.94, -6.30 	-0.51, -0.21, -6.75 	0.00, 20.00 	10,30,41,963		1.25,1.24	1000,1 	0
1049    	24.66, -26.93, -6.29 	-0.51, -0.22, -6.75 	0.00, 20.00 	10,30,41,973		2.56,1.24	1000,1 	0
1058    	24.66, -26.93, -6.29 	-0.51, -0.21, -6.75 	0.00, 20.00 	10,30,41,983		0.00,1.24	1000,1 	0
1066    	24.67, -26.95, -6.28 	-0.53, -0.23, -6.75 	0.00, 20.00 	10,30,41,992		3.08,3.74	1000,1 	0
1075    	24.67, -26.95, -6.28 	-0.53, -0.23, -6.75 	0.00, 20.00 	10,30,42,2		0.00,0.00	1000,1 	0
1084    	24.68, -26.96, -6.28 	-0.50, -0.22, -6.75 	0.00, 20.00 	10,30,42,12		1.68,3.54	1000,1 	0
1092    	24.68, -26.97, -6.28 	-0.50, -0.22, -6.75 	0.00, 20.00 	10,30,42,21		1.40,0.00	1000,1 	0
1101    	24.68, -26.96, -6.28 	-0.50, -0.22, -6.75 	0.00, 20.00 	10,30,42,31		1.25,0.00	1000,1 	0
1110    	24.67, -26.95, -6.31 	-0.50, -0.21, -6.76 	0.00, 20.00 	10,30,42,41		1.68,1.24	1000,1 	0
1118    	24.67, -26.97, -6.28 	-0.50, -0.22, -6.75 	0.00, 20.00 	10,30,42,50		2.81,1.40	1000,1 	0
1127    	24.72, -26.97, -6.28 	-0.50, -0.22, -6.75 	0.00, 20.00 	10,30,42,60		5.56,0.00	1000,1 	0
1136    	24.65, -26.99, -6.27 	-0.50, -0.22, -6.75 	0.00, 20.00 	10,30,42,70		8.16,0.00	1000,1 	0
1144    	24.66, -27.02, -6.27 	-0.51, -0.21, -6.75 	0.00, 20.00 	10,30,42,79		3.08,1.88	1000,1 	0
1153    	24.66, -27.02, -6.27 	-0.50, -0.23, -6.75 	0.00, 20.00 	10,30,42,89		0.00,2.73	1000,1 	0
1162    	24.65, -27.00, -6.27 	-0.52, -0.23, -6.75 	0.00, 20.00 	10,30,42,99		1.68,2.21	1000,1 	0
1170    	24.61, -27.02, -6.28 	-0.52, -0.23, -6.75 	0.00, 20.00 	10,30,42,108		5.19,0.00	1000,1 	0
1179    	24.64, -26.97, -6.27 	-0.52, -0.23, -6.75 	0.00, 20.00 	10,30,42,118		5.98,0.00	1000,1 	0
1188    	24.70, -26.96, -6.27 	-0.53, -0.24, -6.75 	0.00, 20.00 	10,30,42,128		6.78,1.66	1000,1 	0
1196    	24.70, -26.96, -6.27 	-0.54, -0.23, -6.74 	0.00, 20.00 	10,30,42,137		0.00,1.88	1000,1 	0
1205    	24.74, -26.95, -6.27 	-0.53, -0.23, -6.76 	0.00, 20.00 	10,30,42,147		4.62,1.11	1000,1 	0
1214    	24.74, -26.95, -6.31 	-0.51, -0.21, -6.75 	0.00, 20.00 	10,30,42,157		0.00,3.32	1000,1 	0
1222    	24.74, -26.95, -6.31 	-0.51, -0.21, -6.75 	0.00, 20.00 	10,30,42,166		0.00,0.00	1000,1 	0
1231    	24.74, -26.95, -6.31 	-0.51, -0.21, -6.75 	0.00, 20.00 	10,30,42,176		0.00,0.00	1000,1 	0
1240    	24.77, -26.97, -6.29 	-0.51, -0.21, -6.75 	0.00, 20.00 	10,30,42,186		4.18,0.00	1000,1 	0
1249    	24.73, -27.00, -6.29 	-0.50, -0.21, -6.76 	0.00, 20.00 	10,30,42,196		5.09,1.11	1000,1 	0
1257    	24.73, -26.97, -6.31 	-0.51, -0.21, -6.77 	0.00, 20.00 	10,30,42,205		2.81,1.24	1000,1 	0
1266    	24.73, -26.96, -6.31 	-0.50, -0.19, -6.76 	0.00, 20.00 	10,30,42,215		1.25,1.66	1000,1 	0
1276    	24.73, -26.97, -6.32 	-0.51, -0.18, -6.75 	0.00, 20.00 	10,30,42,226		1.12,1.50	1000,1 	0
1283    	24.72, -26.95, -6.31 	-0.52, -0.18, -6.76 	0.00, 20.00 	10,30,42,234		3.52,1.42	1000,1 	0
1292    	24.68, -26.95, -6.33 	-0.50, -0.19, -6.75 	0.00, 20.00 	10,30,42,244		4.45,2.54	1000,1 	0
1301    	24.68, -26.95, -6.34 	-0.49, -0.19, -6.74 	0.00, 20.00 	10,30,42,254		0.00,1.11	1000,1 	0
1309    	24.72, -26.94, -6.33 	-0.51, -0.18, -6.75 	0.00, 20.00 	10,30,42,263		5.19,2.86	1000,1 	0
1318    	24.78, -26.94, -6.32 	-0.53, -0.17, -6.75 	0.00, 20.00 	10,30,42,273		6.68,2.54	1000,1 	0
1327    	24.69, -26.97, -6.36 	-0.54, -0.20, -6.73 	0.00, 20.00 	10,30,42,283		10.67,3.89	1000,1 	0
1335    	24.63, -26.95, -6.36 	-0.53, -0.23, -6.72 	0.00, 20.00 	10,30,42,292		8.04,3.07	1000,1 	0
1344    	24.71, -26.94, -6.33 	-0.55, -0.22, -6.71 	0.00, 20.00 	10,30,42,302		8.98,2.54	1000,1 	0
1353    	24.74, -26.91, -6.38 	-0.53, -0.24, -6.73 	0.00, 20.00 	10,30,42,312		5.00,3.34	1000,1 	0
1361    	24.77, -26.91, -6.36 	-0.51, -0.25, -6.71 	0.00, 20.00 	10,30,42,321		3.76,2.86	1000,1 	0
1370    	24.83, -26.90, -6.39 	-0.54, -0.24, -6.72 	0.00, 20.00 	10,30,42,331		6.78,3.55	1000,1 	0
1379    	24.92, -26.82, -6.43 	-0.59, -0.20, -6.75 	0.00, 20.00 	10,30,42,341		12.43,6.68	1000,1 	0
1387    	25.00, -26.81, -6.45 	-0.59, -0.20, -6.75 	0.00, 20.00 	10,30,42,350		10.10,0.00	1000,1 	0
1396    	25.06, -26.74, -6.52 	-0.59, -0.15, -6.79 	0.00, 20.00 	10,30,42,360		10.00,6.22	1000,1 	0
1405    	25.12, -26.66, -6.60 	-0.60, 0.03, -6.84 	0.00, 20.00 	10,30,42,370		11.97,20.03	1000,1 	0
1414    	25.21, -26.58, -6.65 	-0.61, 0.17, -6.84 	0.00, 20.00 	10,30,42,380		13.24,14.97	1000,1 	0
1422    	25.17, -26.58, -6.71 	-0.60, 0.32, -6.83 	0.00, 20.00 	10,30,42,389		5.01,19.58	1000,1 	0
1431    	25.15, -26.55, -6.80 	-0.67, 0.50, -6.82 	0.00, 20.00 	10,30,42,399		3.35,21.38	1000,1 	0
1440    	25.27, -26.55, -6.89 	-0.70, 0.72, -6.81 	0.00, 20.00 	10,30,42,409		13.40,24.05	1000,1 	0
1448    	25.41, -26.48, -7.03 	-0.71, 0.95, -6.85 	0.00, 20.00 	10,30,42,418		19.40,29.41	1000,1 	0
1457    	25.47, -26.39, -7.15 	-0.70, 1.21, -6.88 	0.00, 20.00 	10,30,42,428		11.97,28.60	1000,1 	0
1467    	25.66, -26.27, -7.26 	-0.75, 1.45, -6.91 	0.00, 20.00 	10,30,42,439		22.62,24.04	1000,1 	0
1474    	25.79, -26.19, -7.36 	-0.74, 1.75, -6.94 	0.00, 20.00 	10,30,42,447		21.37,43.16	1000,1 	0
1483    	25.94, -26.12, -7.47 	-0.69, 2.14, -6.96 	0.00, 20.00 	10,30,42,457		18.25,43.73	1000,1 	0
1492    	26.15, -25.95, -7.58 	-0.65, 2.60, -6.97 	0.00, 20.00 	10,30,42,467		30.63,51.07	1000,1 	0
1500    	26.17, -25.89, -7.62 	-0.59, 3.19, -6.99 	0.00, 20.00 	10,30,42,476		7.43,74.37	1000,1 	0
1509    	26.22, -25.79, -7.69 	-0.49, 3.84, -7.03 	0.00, 20.00 	10,30,42,486		12.50,72.62	1000,1 	0
1518    	26.15, -25.55, -7.74 	-0.47, 4.37, -7.07 	0.00, 20.00 	10,30,42,496		27.72,59.69	1000,1 	0
1526    	26.05, -25.14, -7.77 	-0.54, 4.80, -7.13 	0.00, 20.00 	10,30,42,505		53.48,54.12	1000,1 	0
1535    	26.02, -24.74, -7.87 	-0.56, 5.20, -7.19 	0.00, 20.00 	10,30,42,515		43.91,44.90	1000,1 	0
1544    	26.10, -24.44, -7.94 	-0.58, 5.57, -7.26 	0.00, 20.00 	10,30,42,525		34.78,41.18	1000,1 	0
1552    	26.06, -24.17, -8.01 	-0.60, 6.03, -7.33 	0.00, 20.00 	10,30,42,534		34.29,57.49	1000,1 	0
1561    	26.03, -23.95, -8.07 	-0.60, 6.47, -7.45 	0.00, 20.00 	10,30,42,544		25.19,48.51	1000,1 	0
1570    	25.92, -23.64, -8.13 	-0.57, 6.95, -7.57 	0.00, 20.00 	10,30,42,554		35.90,53.50	1000,1 	0
1578    	25.81, -23.25, -8.18 	-0.56, 7.43, -7.68 	0.00, 20.00 	10,30,42,563		51.44,60.15	1000,1 	0
1587    	25.77, -22.78, -8.25 	-0.54, 7.87, -7.78 	0.00, 20.00 	10,30,42,573		51.47,48.50	1000,1 	0
1596    	25.72, -22.28, -8.34 	-0.58, 8.33, -7.88 	0.00, 20.00 	10,30,42,583		56.43,51.30	1000,1 	0
1605    	25.67, -21.79, -8.35 	-0.65, 8.81, -7.96 	0.00, 20.00 	10,30,42,593		54.08,54.23	1000,1 	0
1613    	25.63, -21.37, -8.43 	-0.73, 9.24, -8.02 	0.00, 20.00 	10,30,42,602		53.72,54.36	1000,1 	0
1622    	25.58, -20.97, -8.50 	-0.83, 9.64, -8.09 	0.00, 20.00 	10,30,42,612		44.04,46.43	1000,1 	0
1631    	25.47, -20.70, -8.51 	-0.83, 10.12, -8.17 	0.00, 20.00 	10,30,42,622		32.41,53.48	1000,1 	0
1639    	25.40, -20.43, -8.56 	-0.82, 10.58, -8.24 	0.00, 20.00 	10,30,42,631		35.19,57.35	1000,1 	0
1648    	25.18, -20.25, -8.60 	-0.80, 11.03, -8.31 	0.00, 20.00 	10,30,42,641		31.68,49.74	1000,1 	0
1658    	25.05, -20.03, -8.64 	-0.78, 11.47, -8.32 	0.00, 20.00 	10,30,42,652		25.06,43.65	1000,1 	0
1665    	24.89, -19.80, -8.68 	-0.75, 11.87, -8.33 	0.00, 20.00 	10,30,42,660		40.37,57.61	1000,1 	0
1674    	24.72, -19.51, -8.72 	-0.72, 12.29, -8.33 	0.00, 20.00 	10,30,42,670		37.65,47.29	1000,1 	0
1683    	24.65, -19.20, -8.76 	-0.73, 12.70, -8.34 	0.00, 20.00 	10,30,42,680		34.61,44.83	1000,1 	0
1691    	24.57, -18.88, -8.79 	-0.76, 13.10, -8.32 	0.00, 20.00 	10,30,42,689		42.29,50.62	1000,1 	0
1700    	24.53, -18.53, -8.82 	-0.78, 13.47, -8.32 	0.00, 20.00 	10,30,42,699		38.95,41.18	1000,1 	0
1709    	24.54, -18.25, -8.87 	-0.76, 13.87, -8.31 	0.00, 20.00 	10,30,42,709		31.18,44.77	1000,1 	0
1717    	24.45, -17.95, -8.87 	-0.76, 14.28, -8.27 	0.00, 20.00 	10,30,42,718		38.25,50.38	1000,1 	0
1726    	24.37, -17.68, -8.89 	-0.75, 14.61, -8.22 	0.00, 20.00 	10,30,42,728		31.62,37.30	1000,1 	0
1735    	24.25, -17.49, -8.90 	-0.79, 14.92, -8.15 	0.00, 20.00 	10,30,42,738		25.13,33.88	1000,1 	0
1743    	24.10, -17.34, -8.90 	-0.80, 15.25, -8.09 	0.00, 20.00 	10,30,42,747		26.26,42.05	1000,1 	0
1752    	23.96, -17.23, -8.94 	-0.82, 15.58, -8.01 	0.00, 20.00 	10,30,42,757		19.26,36.22	1000,1 	0
1761    	23.78, -17.11, -8.96 	-0.81, 15.89, -7.95 	0.00, 20.00 	10,30,42,767		24.35,34.82	1000,1 	0
1769    	23.70, -16.95, -9.00 	-0.81, 16.18, -7.86 	0.00, 20.00 	10,30,42,776		22.71,36.37	1000,1 	0
1778    	23.65, -16.76, -9.04 	-0.78, 16.43, -7.78 	0.00, 20.00 	10,30,42,786		21.95,27.44	1000,1 	0
1787    	23.64, -16.53, -9.10 	-0.76, 16.67, -7.71 	0.00, 20.00 	10,30,42,796		24.97,27.37	1000,1 	0
1796    	23.59, -16.37, -9.12 	-0.76, 16.92, -7.62 	0.00, 20.00 	10,30,42,806		18.36,27.35	1000,1 	0
1804    	23.55, -16.22, -9.13 	-0.73, 17.15, -7.56 	0.00, 20.00 	10,30,42,815		20.65,29.47	1000,1 	0
1813    	23.52, -16.02, -9.16 	-0.69, 17.38, -7.50 	0.00, 20.00 	10,30,42,825		21.48,25.24	1000,1 	0
1822    	23.47, -15.87, -9.17 	-0.69, 17.58, -7.42 	0.00, 20.00 	10,30,42,835		18.36,22.41	1000,1 	0
1830    	23.43, -15.69, -9.19 	-0.65, 17.80, -7.36 	0.00, 20.00 	10,30,42,844		23.03,28.40	1000,1 	0
1839    	23.31, -15.53, -9.20 	-0.60, 17.98, -7.30 	0.00, 20.00 	10,30,42,854		22.75,20.36	1000,1 	0
1849    	23.22, -15.43, -9.21 	-0.57, 18.16, -7.25 	0.00, 20.00 	10,30,42,865		12.76,18.14	1000,1 	0
1856    	23.08, -15.34, -9.19 	-0.55, 18.29, -7.19 	0.00, 20.00 	10,30,42,873		23.86,19.38	1000,1 	0
1865    	23.03, -15.27, -9.19 	-0.53, 18.43, -7.15 	0.00, 20.00 	10,30,42,883		9.35,16.20	1000,1 	0
1874    	22.92, -15.19, -9.22 	-0.51, 18.58, -7.11 	0.00, 20.00 	10,30,42,893		15.08,16.31	1000,1 	0
1882    	22.81, -15.10, -9.23 	-0.45, 18.70, -7.10 	0.00, 20.00 	10,30,42,902		17.82,17.08	1000,1 	0
1891    	22.78, -15.05, -9.24 	-0.45, 18.79, -7.07 	0.00, 20.00 	10,30,42,912		6.02,9.95	1000,1 	0
1900    	22.77, -15.01, -9.27 	-0.42, 18.88, -7.05 	0.00, 20.00 	10,30,42,922		5.12,10.18	1000,1 	0
1908    	22.77, -14.94, -9.26 	-0.39, 18.98, -7.05 	0.00, 20.00 	10,30,42,931		8.42,13.12	1000,1 	0
1917    	22.76, -14.90, -9.26 	-0.38, 19.08, -7.05 	0.00, 20.00 	10,30,42,941		5.12,11.24	1000,1 	0
1927    	22.72, -14.86, -9.25 	-0.35, 19.16, -7.07 	0.00, 20.00 	10,30,42,951		5.25,8.37	1000,1 	0
1935    	22.68, -14.83, -9.25 	-0.32, 19.23, -7.08 	0.00, 20.00 	10,30,42,960		6.56,10.47	1000,1 	0
1944    	22.66, -14.76, -9.28 	-0.29, 19.31, -7.10 	0.00, 20.00 	10,30,42,970		8.21,9.30	1000,1 	0
1953    	22.62, -14.69, -9.30 	-0.25, 19.39, -7.10 	0.00, 20.00 	10,30,42,980		8.73,9.30	1000,1 	0
1962    	22.62, -14.66, -9.31 	-0.22, 19.48, -7.10 	0.00, 20.00 	10,30,42,990		3.74,10.47	1000,1 	0
1970    	22.59, -14.57, -9.32 	-0.18, 19.59, -7.10 	0.00, 20.00 	10,30,42,999		11.86,14.83	1000,1 	0
1979    	22.51, -14.51, -9.35 	-0.12, 19.70, -7.11 	0.00, 20.00 	10,30,43,9		10.90,14.07	1000,1 	0
1988    	22.53, -14.47, -9.34 	-0.02, 19.83, -7.11 	0.00, 20.00 	10,30,43,19		5.45,17.91	1000,1 	0
1996    	22.50, -14.41, -9.35 	0.07, 19.97, -7.11 	0.00, 20.00 	10,30,43,28		7.98,21.32	1000,1 	0
2005    	22.48, -14.37, -9.35 	0.18, 20.07, -7.12 	0.00, 20.00 	10,30,43,38		4.37,16.50	1000,1 	0
2014    	22.46, -14.33, -9.35 	0.23, 20.14, -7.11 	0.00, 20.00 	10,30,43,48		5.48,9.27	1000,1 	0
2022    	22.41, -14.31, -9.35 	0.27, 20.17, -7.10 	0.00, 20.00 	10,30,43,57		6.88,6.50	1000,1 	0
2031    	22.40, -14.26, -9.35 	0.29, 20.18, -7.10 	0.00, 20.00 	10,30,43,67		5.12,2.53	1000,1 	0
2040    	22.40, -14.27, -9.35 	0.30, 20.19, -7.09 	0.00, 20.00 	10,30,43,77		1.25,1.66	1000,1 	0
2048    	22.36, -14.23, -9.35 	0.30, 20.19, -7.09 	0.00, 20.00 	10,30,43,86		7.55,0.00	1000,1 	0
2057    	22.34, -14.20, -9.35 	0.30, 20.18, -7.09 	0.00, 20.00 	10,30,43,96		3.35,1.24	1000,1 	0
2066    	22.34, -14.19, -9.35 	0.29, 20.18, -7.09 	0.00, 20.00 	10,30,43,106		1.25,1.11	1000,1 	0
2074    	22.31, -14.18, -9.36 	0.29, 20.17, -7.08 	0.00, 20.00 	10,30,43,115		4.02,1.40	1000,1 	0
2083    	22.29, -14.15, -9.35 	0.29, 20.17, -7.08 	0.00, 20.00 	10,30,43,125		4.37,0.00	1000,1 	0
2092    	22.29, -14.12, -9.36 	0.29, 20.17, -7.08 	0.00, 20.00 	10,30,43,135		2.49,0.00	1000,1 	0
2100    	22.27, -14.13, -9.36 	0.30, 20.17, -7.08 	0.00, 20.00 	10,30,43,144		2.86,1.24	1000,1 	0
2109    	22.32, -14.11, -9.36 	0.30, 20.17, -7.08 	0.00, 20.00 	10,30,43,154		6.08,0.00	1000,1 	0
2118    	22.29, -14.11, -9.35 	0.29, 20.16, -7.08 	0.00, 20.00 	10,30,43,164		3.34,1.66	1000,1 	0
2126    	22.30, -14.11, -9.36 	0.26, 20.13, -7.08 	0.00, 20.00 	10,30,43,173		1.25,5.61	1000,1 	0
2135    	22.29, -14.06, -9.38 	0.24, 20.07, -7.06 	0.00, 20.00 	10,30,43,183		6.63,6.59	1000,1 	0
2144    	22.26, -14.07, -9.36 	0.18, 19.99, -7.04 	0.00, 20.00 	10,30,43,193		2.54,10.93	1000,1 	0
2153    	22.28, -14.06, -9.37 	0.11, 19.91, -7.01 	0.00, 20.00 	10,30,43,203		1.67,12.58	1000,1 	0
2161    	22.24, -14.03, -9.37 	0.06, 19.85, -6.99 	0.00, 20.00 	10,30,43,212		5.76,9.34	1000,1 	0
2170    	22.25, -14.03, -9.37 	0.03, 19.82, -6.98 	0.00, 20.00 	10,30,43,222		1.11,4.98	1000,1 	0
2179    	22.24, -14.04, -9.36 	0.02, 19.81, -6.98 	0.00, 20.00 	10,30,43,232		1.67,1.66	1000,1 	0
2187    	22.25, -14.02, -9.36 	0.01, 19.81, -6.98 	0.00, 20.00 	10,30,43,241		3.07,1.24	1000,1 	0
2196    	22.25, -14.07, -9.35 	-0.01, 19.80, -6.98 	0.00, 20.00 	10,30,43,251		5.12,1.66	1000,1 	0
2205    	22.24, -14.03, -9.35 	0.00, 19.80, -6.97 	0.00, 20.00 	10,30,43,261		4.37,1.11	1000,1 	0
2213    	22.26, -14.01, -9.36 	0.00, 19.80, -6.97 	0.00, 20.00 	10,30,43,270		3.75,0.00	1000,1 	0
2222    	22.26, -14.00, -9.36 	0.00, 19.79, -6.97 	0.00, 20.00 	10,30,43,279		1.25,1.24	1000,1 	0
2232    	22.27, -14.00, -9.36 	0.00, 19.80, -6.98 	0.00, 20.00 	10,30,43,290		1.00,1.12	1000,1 	0
2239    	22.27, -14.01, -9.35 	0.00, 19.80, -6.98 	0.00, 20.00 	10,30,43,299		1.60,0.00	1000,1 	0
2248    	22.25, -14.01, -9.36 	0.00, 19.79, -6.97 	0.00, 20.00 	10,30,43,308		2.23,1.24	1000,1 	0
2257    	22.21, -14.01, -9.37 	0.00, 19.79, -6.98 	0.00, 20.00 	10,30,43,318		4.45,0.00	1000,1 	0
2265    	22.22, -14.00, -9.37 	-0.01, 19.80, -6.97 	0.00, 20.00 	10,30,43,327		1.87,1.88	1000,1 	0
2274    	22.22, -13.98, -9.37 	-0.02, 19.81, -6.97 	0.00, 20.00 	10,30,43,337		2.49,2.54	1000,1 	0
2283    	22.23, -14.00, -9.37 	-0.02, 19.83, -6.97 	0.00, 20.00 	10,30,43,348		2.74,2.49	1000,1 	0
2291    	22.23, -13.95, -9.36 	-0.04, 19.85, -6.97 	0.00, 20.00 	10,30,43,356		5.61,3.75	1000,1 	0
2300    	22.20, -13.98, -9.36 	-0.03, 19.90, -6.97 	0.00, 20.00 	10,30,43,366		4.15,5.09	1000,1 	0
2309    	22.21, -13.94, -9.37 	0.01, 19.93, -6.97 	0.00, 20.00 	10,30,43,376		3.90,5.78	1000,1 	0
2317    	22.18, -13.92, -9.39 	0.03, 19.98, -6.98 	0.00, 20.00 	10,30,43,385		4.70,6.12	1000,1 	0
2326    	22.21, -13.92, -9.39 	0.02, 20.00, -6.98 	0.00, 20.00 	10,30,43,395		3.34,2.73	1000,1 	0
2335    	22.21, -13.94, -9.37 	0.01, 20.03, -6.99 	0.00, 20.00 	10,30,43,405		2.49,3.89	1000,1 	0
2344    	22.21, -13.94, -9.37 	0.02, 20.05, -6.99 	0.00, 20.00 	10,30,43,415		0.00,2.72	1000,1 	0
2352    	22.20, -13.91, -9.38 	0.01, 20.08, -7.00 	0.00, 20.00 	10,30,43,424		4.40,3.07	1000,1 	0
2361    	22.18, -13.94, -9.38 	0.01, 20.09, -6.99 	0.00, 20.00 	10,30,43,434		4.34,1.24	1000,1 	0
2370    	22.16, -13.95, -9.38 	-0.01, 20.10, -6.98 	0.00, 20.00 	10,30,43,444		2.54,2.54	1000,1 	0
2378    	22.15, -13.95, -9.38 	0.00, 20.11, -6.97 	0.00, 20.00 	10,30,43,453		1.25,1.87	1000,1 	0
2387    	22.19, -13.95, -9.38 	-0.04, 20.12, -6.97 	0.00, 20.00 	10,30,43,463		4.45,4.60	1000,1 	0
2396    	22.19, -13.93, -9.39 	-0.05, 20.11, -6.97 	0.00, 20.00 	10,30,43,473		2.49,1.66	1000,1 	0
2404    	22.19, -13.92, -9.37 	-0.06, 20.09, -6.97 	0.00, 20.00 	10,30,43,482		1.40,3.06	1000,1 	0
2413    	22.17, -13.91, -9.37 	-0.06, 20.10, -6.96 	0.00, 20.00 	10,30,43,492		2.56,1.24	1000,1 	0
2423    	22.16, -13.89, -9.38 	-0.04, 20.10, -6.97 	0.00, 20.00 	10,30,43,503		2.46,1.99	1000,1 	0
2430    	22.17, -13.86, -9.37 	-0.03, 20.09, -6.97 	0.00, 20.00 	10,30,43,511		3.50,2.14	1000,1 	0
2439    	22.16, -13.89, -9.38 	-0.02, 20.11, -6.98 	0.00, 20.00 	10,30,43,521		2.72,2.72	1000,1 	0
2447    	22.15, -13.85, -9.39 	-0.01, 20.11, -6.99 	0.00, -0.00 	10,30,43,540		3.91,1.11	1000,1 	0
2456    	22.17, -13.86, -9.39 	-0.01, 20.10, -6.99 	0.00, -0.00 	10,30,43,550		1.77,0.86	1000,1 	0
2465    	22.17, -13.89, -9.39 	-0.01, 20.11, -6.99 	0.00, -0.00 	10,30,43,560		1.73,0.86	1000,1 	0
2473    	22.15, -13.86, -9.40 	-0.01, 20.11, -6.99 	0.00, -0.00 	10,30,43,569		2.32,0.00	1000,1 	0
2482    	22.17, -13.85, -9.41 	-0.01, 20.10, -7.00 	0.00, -0.00 	10,30,43,579		1.76,0.86	1000,1 	0
2491    	22.16, -13.87, -9.41 	-0.01, 20.10, -7.00 	0.00, -0.00 	10,30,43,589		1.89,0.00	1000,1 	0
2499    	22.13, -13.84, -9.42 	-0.01, 20.11, -6.99 	0.00, -0.00 	10,30,43,598		3.48,0.86	1000,1 	0
2508    	22.13, -13.84, -9.42 	-0.01, 20.11, -7.00 	0.00, -0.00 	10,30,43,608		0.00,0.00	1000,1 	0
2517    	22.14, -13.86, -9.41 	-0.01, 20.13, -7.00 	0.00, -0.00 	10,30,43,618		1.90,1.72	1000,1 	0
2526    	22.12, -13.85, -9.39 	0.01, 20.11, -7.00 	0.00, -0.00 	10,30,43,628		1.77,2.31	1000,1 	0
2534    	22.12, -13.86, -9.39 	0.02, 20.12, -7.01 	0.00, -0.00 	10,30,43,637		0.86,1.15	1000,1 	0
2543    	22.15, -13.82, -9.41 	0.02, 20.12, -7.01 	0.00, -0.00 	10,30,43,647		4.14,0.00	1000,1 	0
2552    	22.15, -13.82, -9.40 	0.02, 20.12, -7.01 	0.00, -0.00 	10,30,43,657		0.00,0.00	1000,1 	0
2560    	22.12, -13.82, -9.40 	0.02, 20.11, -7.01 	0.00, -0.00 	10,30,43,666		2.31,0.86	1000,1 	0
2569    	22.13, -13.81, -9.40 	0.02, 20.11, -7.01 	0.00, -0.00 	10,30,43,676		1.15,0.00	1000,1 	0
2578    	22.11, -13.82, -9.40 	0.01, 20.10, -7.01 	0.00, -0.00 	10,30,43,686		1.76,1.15	1000,1 	0
2586    	22.10, -13.83, -9.39 	0.01, 20.09, -7.00 	0.00, -0.00 	10,30,43,695		1.15,0.86	1000,1 	0
2595    	22.13, -13.83, -9.39 	0.00, 20.09, -7.00 	0.00, -0.00 	10,30,43,705		2.15,0.71	1000,1 	0
2605    	22.11, -13.85, -9.39 	-0.01, 20.07, -7.00 	0.00, -0.00 	10,30,43,716		2.31,1.88	1000,1 	0
2612    	22.11, -13.85, -9.39 	-0.02, 20.07, -6.99 	0.00, -0.00 	10,30,43,724		0.00,0.83	1000,1 	0
2621    	22.11, -13.84, -9.40 	-0.01, 20.05, -6.99 	0.00, -0.00 	10,30,43,734		0.86,1.15	1000,1 	0
2630    	22.12, -13.84, -9.39 	-0.01, 20.07, -7.00 	0.00, -0.00 	10,30,43,744		0.77,0.86	1000,1 	0
2638    	22.13, -13.87, -9.39 	0.00, 20.07, -7.01 	0.00, -0.00 	10,30,43,753		2.71,0.77	1000,1 	0
2647    	22.12, -13.87, -9.40 	0.00, 20.07, -7.02 	0.00, -0.00 	10,30,43,763		0.77,0.00	1000,1 	0
2656    	22.09, -13.87, -9.40 	0.01, 20.07, -7.02 	0.00, -0.00 	10,30,43,773		2.31,0.77	1000,1 	0
2664    	22.10, -13.88, -9.40 	0.02, 20.05, -7.02 	0.00, -0.00 	10,30,43,782		1.16,1.15	1000,1 	0
2673    	22.10, -13.88, -9.40 	-0.00, 20.01, -7.00 	0.00, -0.00 	10,30,43,792		0.00,3.49	1000,1 	0
2682    	22.10, -13.87, -9.40 	-0.02, 19.93, -6.97 	0.00, -0.00 	10,30,43,802		0.86,6.21	1000,1 	0
2691    	22.11, -13.87, -9.40 	-0.04, 19.84, -6.95 	0.00, -0.00 	10,30,43,812		0.77,7.05	1000,1 	0
2699    	22.12, -13.91, -9.39 	-0.05, 19.74, -6.94 	0.00, -0.00 	10,30,43,821		2.71,7.75	1000,1 	0
2708    	22.13, -13.92, -9.40 	-0.07, 19.62, -6.93 	0.00, -0.00 	10,30,43,831		1.16,9.59	1000,1 	0
2717    	22.12, -13.92, -9.40 	-0.13, 19.46, -6.92 	0.00, -0.00 	10,30,43,841		0.77,12.88	1000,1 	0
2725    	22.13, -13.94, -9.40 	-0.24, 19.17, -6.90 	0.00, -0.00 	10,30,43,850		1.90,24.44	1000,1 	0
2734    	22.13, -13.94, -9.40 	-0.42, 18.69, -6.87 	0.00, -0.00 	10,30,43,860		0.00,39.19	1000,1 	0
2743    	22.15, -13.94, -9.40 	-0.53, 18.37, -6.86 	0.00, -0.00 	10,30,43,870		1.54,26.08	1000,1 	0
2751    	22.18, -13.93, -9.40 	-0.63, 18.03, -6.84 	0.00, -0.00 	10,30,43,879		2.46,26.91	1000,1 	0
2760    	22.20, -13.99, -9.41 	-0.71, 17.69, -6.84 	0.00, -0.00 	10,30,43,889		4.59,27.20	1000,1 	0
2769    	22.21, -14.01, -9.40 	-0.76, 17.31, -6.83 	0.00, -0.00 	10,30,43,899		1.90,29.42	1000,1 	0
2777    	22.28, -14.08, -9.41 	-0.83, 16.91, -6.83 	0.00, -0.00 	10,30,43,908		8.08,31.31	1000,1 	0
2786    	22.28, -14.13, -9.43 	-0.94, 16.49, -6.83 	0.00, -0.00 	10,30,43,918		4.01,31.17	1000,1 	0
2795    	22.31, -14.24, -9.43 	-1.02, 16.01, -6.81 	0.00, -0.00 	10,30,43,928		8.12,37.38	1000,1 	0
2803    	22.38, -14.38, -9.41 	-1.13, 15.57, -6.81 	0.00, -0.00 	10,30,43,937		12.48,34.41	1000,1 	0
2812    	22.48, -14.55, -9.39 	-1.25, 15.10, -6.79 	0.00, -0.00 	10,30,43,947		15.11,37.93	1000,1 	0
2821    	22.58, -14.80, -9.40 	-1.36, 14.62, -6.80 	0.00, -0.00 	10,30,43,957		20.85,37.77	1000,1 	0
2829    	22.75, -15.02, -9.36 	-1.43, 14.14, -6.83 	0.00, -0.00 	10,30,43,966		21.06,37.28	1000,1 	0
2838    	22.94, -15.34, -9.34 	-1.51, 13.69, -6.86 	0.00, -0.00 	10,30,43,976		28.34,34.83	1000,1 	0
2847    	23.11, -15.71, -9.33 	-1.60, 13.20, -6.89 	0.00, -0.00 	10,30,43,986		31.77,38.35	1000,1 	0
2855    	23.27, -16.05, -9.26 	-1.69, 12.70, -6.91 	0.00, -0.00 	10,30,43,995		28.76,39.20	1000,1 	0
2864    	23.48, -16.37, -9.24 	-1.74, 12.20, -6.96 	0.00, -0.00 	10,30,44,5		27.50,36.07	0,0 	0
2873    	23.71, -16.69, -9.21 	-1.81, 11.71, -6.99 	0.00, -0.00 	10,30,44,15		30.06,38.05	0,0 	0
2882    	23.86, -16.97, -9.16 	-1.85, 11.19, -7.01 	0.00, -0.00 	10,30,44,25		24.55,39.66	0,0 	0
2890    	23.95, -17.21, -9.15 	-1.87, 10.68, -7.03 	0.00, -0.00 	10,30,44,34		19.75,39.60	0,0 	0
2899    	24.11, -17.44, -9.10 	-1.83, 10.16, -7.07 	0.00, -0.00 	10,30,44,44		21.28,39.80	0,0 	0
2910    	24.24, -17.67, -9.05 	-1.86, 9.67, -7.10 	0.00, -0.00 	10,30,44,56		17.35,32.85	0,0 	0
2917    	24.38, -17.97, -9.02 	-1.86, 9.20, -7.13 	0.00, -0.00 	10,30,44,64		28.26,39.18	0,0 	0
2926    	24.60, -18.29, -8.97 	-1.81, 8.75, -7.19 	0.00, -0.00 	10,30,44,73		29.61,34.76	0,0 	0
2935    	24.82, -18.66, -8.89 	-1.70, 8.39, -7.29 	0.00, -0.00 	10,30,44,83		32.92,29.07	0,0 	0
2943    	24.98, -18.97, -8.85 	-1.62, 8.01, -7.36 	0.00, -0.00 	10,30,44,92		27.21,30.09	0,0 	0
2952    	25.10, -19.39, -8.75 	-1.49, 7.52, -7.38 	0.00, -0.00 	10,30,44,102		33.54,38.58	0,0 	0
2961    	25.31, -19.74, -8.69 	-1.39, 7.06, -7.39 	0.00, -0.00 	10,30,44,112		31.36,36.32	0,0 	0
2969    	25.45, -20.14, -8.65 	-1.22, 6.68, -7.41 	0.00, -0.00 	10,30,44,121		32.42,32.40	0,0 	0
2978    	25.56, -20.50, -8.61 	-1.03, 6.32, -7.47 	0.00, -0.00 	10,30,44,131		26.88,28.62	0,0 	0
2988    	25.72, -20.90, -8.53 	-0.94, 5.89, -7.47 	0.00, -0.00 	10,30,44,142		33.01,34.46	0,0 	0
2995    	25.78, -21.26, -8.45 	-0.88, 5.48, -7.45 	0.00, -0.00 	10,30,44,150		30.38,34.09	0,0 	0
3004    	25.92, -21.60, -8.37 	-0.71, 5.14, -7.42 	0.00, -0.00 	10,30,44,160		28.43,29.32	0,0 	0
3013    	26.01, -21.87, -8.35 	-0.52, 4.86, -7.41 	0.00, -0.00 	10,30,44,170		21.89,26.46	0,0 	0
3021    	26.08, -22.16, -8.32 	-0.31, 4.63, -7.39 	0.00, -0.00 	10,30,44,179		23.32,24.14	0,0 	0
3030    	26.22, -22.49, -8.26 	-0.15, 4.33, -7.37 	0.00, -0.00 	10,30,44,189		27.33,25.56	0,0 	0
3039    	26.37, -22.73, -8.21 	-0.02, 4.01, -7.32 	0.00, -0.00 	10,30,44,199		21.56,26.42	0,0 	0
3048    	26.44, -23.03, -8.23 	0.11, 3.71, -7.30 	0.00, -0.00 	10,30,44,209		24.15,25.63	0,0 	0
3056    	26.43, -23.36, -8.18 	0.24, 3.38, -7.24 	0.00, -0.00 	10,30,44,218		25.05,27.21	0,0 	0
3065    	26.45, -23.73, -8.15 	0.32, 3.03, -7.19 	0.00, -0.00 	10,30,44,228		28.60,27.59	0,0 	0
3074    	26.45, -24.13, -8.07 	0.38, 2.66, -7.09 	0.00, -0.00 	10,30,44,238		31.08,28.79	0,0 	0
3082    	26.44, -24.54, -8.01 	0.48, 2.35, -7.02 	0.00, -0.00 	10,30,44,247		31.08,24.75	0,0 	0
3091    	26.48, -24.97, -7.95 	0.66, 2.06, -6.98 	0.00, -0.00 	10,30,44,257		32.97,26.74	0,0 	0
3100    	26.52, -25.26, -7.92 	0.82, 1.72, -6.93 	0.00, -0.00 	10,30,44,267		22.80,28.97	0,0 	0
3108    	26.66, -25.51, -7.90 	0.81, 1.40, -6.86 	0.00, -0.00 	10,30,44,276		21.90,24.10	0,0 	0
3117    	26.64, -25.56, -7.85 	0.85, 1.14, -6.83 	0.00, -0.00 	10,30,44,286		4.57,20.90	0,0 	0
3126    	26.59, -25.59, -7.77 	0.86, 0.93, -6.82 	0.00, -0.00 	10,30,44,296		4.21,15.58	0,0 	0
3134    	26.44, -25.54, -7.77 	0.87, 0.72, -6.86 	0.00, -0.00 	10,30,44,305		12.08,16.38	0,0 	0
3143    	26.40, -25.56, -7.73 	0.85, 0.54, -6.86 	0.00, -0.00 	10,30,44,315		3.52,13.79	0,0 	0
3152    	26.33, -25.54, -7.74 	0.86, 0.37, -6.86 	0.00, -0.00 	10,30,44,325		5.67,12.94	0,0 	0
3160    	26.26, -25.62, -7.71 	0.86, 0.18, -6.87 	0.00, -0.00 	10,30,44,334		8.74,14.63	0,0 	0
3169    	26.27, -25.59, -7.69 	0.86, 0.05, -6.90 	0.00, -0.00 	10,30,44,344		2.51,9.62	0,0 	0
3179    	26.30, -25.55, -7.70 	0.87, -0.07, -6.91 	0.00, -0.00 	10,30,44,355		4.14,9.50	0,0 	0
3186    	26.17, -25.60, -7.65 	0.86, -0.14, -6.96 	0.00, -0.00 	10,30,44,363		11.79,5.65	0,0 	0
3195    	26.09, -25.65, -7.61 	0.87, -0.25, -6.94 	0.00, -0.00 	10,30,44,373		6.89,8.65	0,0 	0
3204    	26.08, -25.62, -7.60 	0.84, -0.36, -6.93 	0.00, -0.00 	10,30,44,383		2.71,8.74	0,0 	0
3212    	26.03, -25.63, -7.57 	0.73, -0.42, -6.93 	0.00, -0.00 	10,30,44,392		3.94,9.45	0,0 	0
3221    	25.99, -25.62, -7.60 	0.73, -0.50, -6.91 	0.00, -0.00 	10,30,44,402		2.98,5.60	0,0 	0
3230    	26.05, -25.69, -7.56 	0.73, -0.54, -6.87 	0.00, -0.00 	10,30,44,412		6.96,3.44	0,0 	0
3239    	26.01, -25.70, -7.51 	0.73, -0.55, -6.86 	0.00, -0.00 	10,30,44,422		3.20,0.86	0,0 	0
3247    	26.00, -25.69, -7.52 	0.67, -0.56, -6.83 	0.00, -0.00 	10,30,44,431		1.16,4.67	0,0 	0
3256    	25.99, -25.69, -7.54 	0.63, -0.55, -6.79 	0.00, -0.00 	10,30,44,441		0.77,3.19	0,0 	0
3265    	25.95, -25.73, -7.55 	0.64, -0.55, -6.79 	0.00, -0.00 	10,30,44,451		4.61,0.77	0,0 	0
3273    	25.96, -25.81, -7.51 	0.59, -0.53, -6.79 	0.00, -0.00 	10,30,44,460		9.91,6.83	0,0 	0
3282    	25.98, -25.76, -7.52 	0.60, -0.45, -6.78 	0.00, -0.00 	10,30,44,470		5.45,8.77	0,0 	0
