#Time 	Sensor1         Sensor2         Target          Time            Vel             
#================================================================

11      	24.89, -24.81, -6.35 	-0.16, 0.70, -6.79 	0.00, 10.00 	10,33,13,336		0.00,0.00	0,0 	0
16      	24.94, -24.80, -6.34 	-0.16, 0.70, -6.79 	0.00, 10.00 	10,33,13,346		10.25,0.00	0,0 	0
25      	24.90, -24.81, -6.34 	-0.16, 0.70, -6.79 	0.00, 10.00 	10,33,13,355		4.62,0.00	0,0 	0
33      	24.93, -24.80, -6.34 	-0.15, 0.70, -6.79 	0.00, 10.00 	10,33,13,364		4.00,1.24	0,0 	0
42      	24.92, -24.81, -6.33 	-0.15, 0.69, -6.79 	0.00, 10.00 	10,33,13,374		1.67,1.24	0,0 	0
51      	24.91, -24.81, -6.33 	-0.17, 0.71, -6.81 	0.00, 10.00 	10,33,13,384		1.11,3.34	0,0 	0
59      	24.91, -24.83, -6.32 	-0.17, 0.69, -6.81 	0.00, 10.00 	10,33,13,393		2.81,2.80	0,0 	0
68      	24.97, -24.79, -6.31 	-0.17, 0.70, -6.81 	0.00, 10.00 	10,33,13,403		7.45,1.24	0,0 	0
77      	24.93, -24.79, -6.33 	-0.17, 0.70, -6.81 	0.00, 10.00 	10,33,13,413		4.45,0.00	0,0 	0
86      	24.90, -24.81, -6.32 	-0.17, 0.68, -6.79 	0.00, 10.00 	10,33,13,423		3.33,2.49	0,0 	0
94      	24.90, -24.81, -6.31 	-0.17, 0.68, -6.80 	0.00, 10.00 	10,33,13,432		0.00,0.00	0,0 	0
103     	24.88, -24.84, -6.33 	-0.17, 0.69, -6.80 	0.00, 10.00 	10,33,13,442		4.34,1.24	0,0 	0
112     	24.90, -24.84, -6.31 	-0.16, 0.69, -6.80 	0.00, 10.00 	10,33,13,452		2.23,1.11	0,0 	0
120     	24.89, -24.84, -6.31 	-0.16, 0.69, -6.81 	0.00, 10.00 	10,33,13,461		1.25,0.00	0,0 	0
130     	24.84, -24.88, -6.30 	-0.16, 0.69, -6.81 	0.00, 10.00 	10,33,13,472		6.02,0.00	0,0 	0
138     	24.83, -24.86, -6.28 	-0.16, 0.69, -6.81 	0.00, 10.00 	10,33,13,481		1.89,0.00	0,0 	0
146     	24.83, -24.88, -6.28 	-0.16, 0.69, -6.81 	0.00, 10.00 	10,33,13,490		1.40,0.00	0,0 	0
155     	24.85, -24.86, -6.27 	-0.17, 0.70, -6.80 	0.00, 10.00 	10,33,13,500		2.54,1.67	0,0 	0
164     	24.83, -24.85, -6.27 	-0.16, 0.70, -6.80 	0.00, 10.00 	10,33,13,510		2.56,1.11	0,0 	0
172     	24.82, -24.84, -6.28 	-0.17, 0.70, -6.80 	0.00, 10.00 	10,33,13,519		1.89,1.24	0,0 	0
181     	24.80, -24.86, -6.28 	-0.16, 0.71, -6.80 	0.00, 10.00 	10,33,13,529		3.33,1.66	0,0 	0
190     	24.79, -24.85, -6.29 	-0.16, 0.70, -6.80 	0.00, 10.00 	10,33,13,539		1.68,1.24	0,0 	0
198     	24.82, -24.86, -6.28 	-0.14, 0.69, -6.80 	0.00, 10.00 	10,33,13,548		4.02,2.86	0,0 	0
207     	24.87, -24.85, -6.27 	-0.15, 0.68, -6.81 	0.00, 10.00 	10,33,13,558		5.69,1.66	0,0 	0
216     	24.80, -24.86, -6.26 	-0.14, 0.67, -6.79 	0.00, 10.00 	10,33,13,568		7.88,1.67	0,0 	0
224     	24.82, -24.85, -6.25 	-0.14, 0.69, -6.79 	0.00, 10.00 	10,33,13,577		2.86,2.80	0,0 	0
233     	24.81, -24.84, -6.27 	-0.14, 0.69, -6.79 	0.00, 10.00 	10,33,13,587		1.68,0.00	0,0 	0
242     	24.75, -24.85, -6.25 	-0.15, 0.67, -6.79 	0.00, 10.00 	10,33,13,597		6.78,2.72	0,0 	0
250     	24.73, -24.83, -6.25 	-0.15, 0.67, -6.79 	0.00, 10.00 	10,33,13,606		3.77,0.00	0,0 	0
259     	24.72, -24.86, -6.22 	-0.15, 0.67, -6.79 	0.00, 10.00 	10,33,13,616		3.90,0.00	0,0 	0
268     	24.75, -24.85, -6.22 	-0.15, 0.67, -6.79 	0.00, 10.00 	10,33,13,626		3.56,0.00	0,0 	0
277     	24.75, -24.86, -6.24 	-0.14, 0.66, -6.78 	0.00, 10.00 	10,33,13,636		1.25,1.67	0,0 	0
285     	24.79, -24.86, -6.24 	-0.15, 0.66, -6.78 	0.00, 10.00 	10,33,13,645		5.01,1.24	0,0 	0
294     	24.73, -24.86, -6.21 	-0.14, 0.66, -6.78 	0.00, 10.00 	10,33,13,655		6.68,1.11	0,0 	0
303     	24.72, -24.86, -6.24 	-0.15, 0.66, -6.78 	0.00, 10.00 	10,33,13,665		1.11,1.11	0,0 	0
311     	24.78, -24.90, -6.22 	-0.14, 0.66, -6.78 	0.00, 10.00 	10,33,13,674		8.63,1.24	0,0 	0
321     	24.76, -24.91, -6.21 	-0.15, 0.66, -6.78 	0.00, 10.00 	10,33,13,685		2.29,1.00	0,0 	0
329     	24.75, -24.90, -6.21 	-0.15, 0.67, -6.79 	0.00, 10.00 	10,33,13,694		1.89,1.40	0,0 	0
337     	24.72, -24.91, -6.21 	-0.15, 0.67, -6.79 	0.00, 10.00 	10,33,13,703		4.00,0.00	0,0 	0
346     	24.72, -24.92, -6.23 	-0.12, 0.68, -6.79 	0.00, 10.00 	10,33,13,713		1.25,3.54	0,0 	0
355     	24.73, -24.88, -6.22 	-0.12, 0.68, -6.79 	0.00, 10.00 	10,33,13,723		3.90,0.00	0,0 	0
363     	24.76, -24.87, -6.23 	-0.12, 0.68, -6.79 	0.00, 10.00 	10,33,13,732		4.00,0.00	0,0 	0
372     	24.75, -24.87, -6.24 	-0.12, 0.67, -6.79 	0.00, 10.00 	10,33,13,742		1.11,1.24	0,0 	0
381     	24.72, -24.91, -6.23 	-0.13, 0.67, -6.79 	0.00, 10.00 	10,33,13,752		5.00,1.11	0,0 	0
389     	24.70, -24.88, -6.22 	-0.13, 0.67, -6.79 	0.00, 10.00 	10,33,13,761		3.77,0.00	0,0 	0
398     	24.70, -24.90, -6.21 	-0.11, 0.67, -6.79 	0.00, 10.00 	10,33,13,771		1.25,2.21	0,0 	0
407     	24.68, -24.92, -6.20 	-0.12, 0.67, -6.79 	0.00, 10.00 	10,33,13,781		3.33,1.11	0,0 	0
415     	24.67, -24.92, -6.20 	-0.12, 0.67, -6.78 	0.00, 10.00 	10,33,13,790		1.25,0.00	0,0 	0
424     	24.65, -24.92, -6.18 	-0.13, 0.68, -6.79 	0.00, 10.00 	10,33,13,800		2.23,1.67	0,0 	0
433     	24.64, -24.92, -6.19 	-0.13, 0.67, -6.79 	0.00, 10.00 	10,33,13,810		1.11,1.24	0,0 	0
442     	24.64, -24.91, -6.20 	-0.14, 0.68, -6.79 	0.00, 10.00 	10,33,13,820		1.25,1.67	0,0 	0
450     	24.64, -24.91, -6.20 	-0.13, 0.67, -6.79 	0.00, 10.00 	10,33,13,829		0.00,1.88	0,0 	0
459     	24.66, -24.87, -6.19 	-0.14, 0.68, -6.79 	0.00, 10.00 	10,33,13,839		4.34,1.67	0,0 	0
468     	24.64, -24.89, -6.18 	-0.13, 0.67, -6.79 	0.00, 10.00 	10,33,13,849		3.33,1.67	0,0 	0
476     	24.67, -24.87, -6.17 	-0.12, 0.68, -6.78 	0.00, 10.00 	10,33,13,858		4.67,1.87	0,0 	0
485     	24.65, -24.87, -6.17 	-0.12, 0.68, -6.78 	0.00, 10.00 	10,33,13,868		2.23,0.00	0,0 	0
494     	24.66, -24.86, -6.16 	-0.12, 0.66, -6.79 	0.00, 10.00 	10,33,13,878		1.67,2.49	0,0 	0
502     	24.66, -24.87, -6.17 	-0.12, 0.66, -6.79 	0.00, 10.00 	10,33,13,887		1.40,0.00	0,0 	0
511     	24.65, -24.87, -6.16 	-0.11, 0.66, -6.79 	0.00, 10.00 	10,33,13,897		1.11,1.11	0,0 	0
520     	24.68, -24.85, -6.17 	-0.11, 0.67, -6.79 	0.00, 10.00 	10,33,13,907		4.15,1.24	0,0 	0
528     	24.68, -24.85, -6.17 	-0.11, 0.67, -6.79 	0.00, 10.00 	10,33,13,916		0.00,0.00	0,0 	0
537     	24.62, -24.87, -6.17 	-0.12, 0.67, -6.80 	0.00, 10.00 	10,33,13,926		7.11,1.11	0,0 	0
546     	24.68, -24.87, -6.17 	-0.12, 0.67, -6.80 	0.00, 10.00 	10,33,13,936		6.68,0.00	0,0 	0
554     	24.67, -24.87, -6.17 	-0.12, 0.67, -6.80 	0.00, 10.00 	10,33,13,945		1.25,0.00	0,0 	0
563     	24.70, -24.88, -6.15 	-0.12, 0.67, -6.80 	0.00, 10.00 	10,33,13,955		3.57,0.00	0,0 	0
572     	24.70, -24.88, -6.15 	-0.12, 0.67, -6.80 	0.00, 10.00 	10,33,13,965		0.00,0.00	0,0 	0
580     	24.73, -24.87, -6.15 	-0.12, 0.67, -6.80 	0.00, 10.00 	10,33,13,974		4.00,0.00	0,0 	0
589     	24.73, -24.87, -6.15 	-0.12, 0.68, -6.80 	0.00, 10.00 	10,33,13,984		0.00,1.24	0,0 	0
598     	24.72, -24.88, -6.14 	-0.14, 0.67, -6.79 	0.00, 10.00 	10,33,13,994		1.67,2.53	0,0 	0
606     	24.70, -24.90, -6.12 	-0.14, 0.67, -6.79 	0.00, 10.00 	10,33,14,3		2.86,0.00	0,0 	0
615     	24.71, -24.91, -6.12 	-0.14, 0.67, -6.79 	0.00, 10.00 	10,33,14,13		1.68,0.00	0,0 	0
624     	24.72, -24.92, -6.10 	-0.13, 0.69, -6.80 	0.00, 10.00 	10,33,14,23		1.68,2.72	0,0 	0
632     	24.72, -24.92, -6.10 	-0.13, 0.67, -6.80 	0.00, 10.00 	10,33,14,32		0.00,2.80	0,0 	0
641     	24.71, -24.93, -6.10 	-0.13, 0.67, -6.80 	0.00, 10.00 	10,33,14,42		1.67,0.00	0,0 	0
650     	24.71, -24.92, -6.10 	-0.13, 0.67, -6.80 	0.00, 10.00 	10,33,14,52		1.25,0.00	0,0 	0
659     	24.76, -24.92, -6.12 	-0.13, 0.67, -6.80 	0.00, 10.00 	10,33,14,62		5.56,0.00	0,0 	0
667     	24.74, -24.94, -6.10 	-0.14, 0.67, -6.78 	0.00, 10.00 	10,33,14,71		3.75,1.24	0,0 	0
676     	24.74, -24.93, -6.10 	-0.13, 0.67, -6.78 	0.00, 10.00 	10,33,14,81		1.25,1.11	0,0 	0
685     	24.75, -24.96, -6.09 	-0.14, 0.66, -6.78 	0.00, 10.00 	10,33,14,91		3.91,1.66	0,0 	0
693     	24.74, -24.94, -6.09 	-0.14, 0.66, -6.78 	0.00, 10.00 	10,33,14,100		3.08,0.00	0,0 	0
702     	24.74, -24.95, -6.09 	-0.10, 0.63, -6.79 	0.00, 10.00 	10,33,14,110		1.25,5.08	0,0 	0
711     	24.71, -24.90, -6.12 	-0.10, 0.63, -6.79 	0.00, 10.00 	10,33,14,120		7.09,0.00	0,0 	0
719     	24.69, -24.87, -6.13 	-0.11, 0.65, -6.79 	0.00, 10.00 	10,33,14,129		3.77,1.88	0,0 	0
728     	24.69, -24.87, -6.12 	-0.12, 0.65, -6.79 	0.00, 10.00 	10,33,14,139		0.00,1.11	0,0 	0
737     	24.71, -24.85, -6.11 	-0.11, 0.65, -6.79 	0.00, 10.00 	10,33,14,149		3.33,1.11	0,0 	0
745     	24.70, -24.88, -6.09 	-0.09, 0.67, -6.79 	0.00, 10.00 	10,33,14,158		4.38,3.74	0,0 	0
754     	24.68, -24.88, -6.10 	-0.10, 0.67, -6.79 	0.00, 10.00 	10,33,14,168		2.23,1.11	0,0 	0
763     	24.69, -24.86, -6.08 	-0.10, 0.66, -6.80 	0.00, 10.00 	10,33,14,178		2.72,1.24	0,0 	0
771     	24.71, -24.86, -6.10 	-0.10, 0.66, -6.80 	0.00, 10.00 	10,33,14,187		2.50,0.00	0,0 	0
780     	24.70, -24.86, -6.10 	-0.11, 0.66, -6.80 	0.00, 10.00 	10,33,14,197		1.11,1.11	0,0 	0
789     	24.70, -24.88, -6.08 	-0.11, 0.65, -6.80 	0.00, 10.00 	10,33,14,207		2.49,1.24	0,0 	0
797     	24.71, -24.87, -6.08 	-0.11, 0.65, -6.80 	0.00, 10.00 	10,33,14,216		1.87,0.00	0,0 	0
806     	24.71, -24.88, -6.10 	-0.13, 0.67, -6.79 	0.00, 10.00 	10,33,14,226		1.25,3.34	0,0 	0
815     	24.69, -24.87, -6.10 	-0.12, 0.66, -6.79 	0.00, 10.00 	10,33,14,236		2.56,1.67	0,0 	0
824     	24.69, -24.87, -6.10 	-0.12, 0.67, -6.79 	0.00, 10.00 	10,33,14,246		0.00,1.24	0,0 	0
832     	24.69, -24.87, -6.10 	-0.12, 0.66, -6.79 	0.00, 10.00 	10,33,14,255		0.00,1.40	0,0 	0
841     	24.68, -24.87, -6.09 	-0.12, 0.66, -6.79 	0.00, 10.00 	10,33,14,265		1.11,0.00	0,0 	0
850     	24.68, -24.86, -6.09 	-0.12, 0.66, -6.79 	0.00, 10.00 	10,33,14,275		1.25,0.00	0,0 	0
858     	24.68, -24.86, -6.09 	-0.12, 0.66, -6.79 	0.00, 10.00 	10,33,14,284		0.00,0.00	0,0 	0
867     	24.68, -24.86, -6.09 	-0.12, 0.66, -6.79 	0.00, 10.00 	10,33,14,294		0.00,0.00	0,0 	0
876     	24.68, -24.86, -6.09 	-0.11, 0.67, -6.79 	0.00, 10.00 	10,33,14,304		0.00,1.66	0,0 	0
884     	24.64, -24.88, -6.09 	-0.12, 0.67, -6.79 	0.00, 10.00 	10,33,14,313		5.72,1.24	0,0 	0
893     	24.64, -24.88, -6.09 	-0.12, 0.66, -6.80 	0.00, 10.00 	10,33,14,323		0.00,1.24	0,0 	0
902     	24.66, -24.88, -6.07 	-0.12, 0.66, -6.80 	0.00, 10.00 	10,33,14,333		2.23,0.00	0,0 	0
910     	24.65, -24.89, -6.10 	-0.13, 0.67, -6.80 	0.00, 10.00 	10,33,14,342		1.87,1.88	0,0 	0
919     	24.68, -24.87, -6.10 	-0.13, 0.66, -6.80 	0.00, 10.00 	10,33,14,352		4.15,1.24	0,0 	0
928     	24.73, -24.86, -6.10 	-0.13, 0.67, -6.80 	0.00, 10.00 	10,33,14,362		5.69,1.24	0,0 	0
936     	24.72, -24.86, -6.10 	-0.13, 0.67, -6.80 	0.00, 10.00 	10,33,14,371		1.25,0.00	0,0 	0
945     	24.72, -24.86, -6.10 	-0.13, 0.67, -6.80 	0.00, 10.00 	10,33,14,381		0.00,0.00	0,0 	0
954     	24.73, -24.87, -6.09 	-0.13, 0.67, -6.80 	0.00, 10.00 	10,33,14,391		1.68,0.00	0,0 	0
962     	24.70, -24.88, -6.08 	-0.13, 0.66, -6.81 	0.00, 10.00 	10,33,14,400		4.00,1.40	0,0 	0
971     	24.70, -24.88, -6.08 	-0.09, 0.66, -6.80 	0.00, 10.00 	10,33,14,410		0.00,4.43	0,0 	0
980     	24.71, -24.92, -6.08 	-0.09, 0.66, -6.80 	0.00, 10.00 	10,33,14,420		3.91,0.00	0,0 	0
988     	24.76, -24.92, -6.07 	-0.09, 0.65, -6.79 	0.00, 10.00 	10,33,14,429		6.26,1.40	0,0 	0
997     	24.77, -24.93, -6.06 	-0.09, 0.65, -6.79 	0.00, 10.00 	10,33,14,439		1.68,0.00	0,0 	0
1006    	24.74, -24.93, -6.06 	-0.09, 0.65, -6.79 	0.00, 10.00 	10,33,14,449		3.34,0.00	1000,1 	0
1014    	24.75, -24.93, -6.06 	-0.09, 0.65, -6.79 	0.00, 10.00 	10,33,14,458		1.25,0.00	1000,1 	0
1023    	24.73, -24.92, -6.05 	-0.09, 0.65, -6.79 	0.00, 10.00 	10,33,14,468		2.56,0.00	1000,1 	0
1032    	24.73, -24.93, -6.06 	-0.09, 0.66, -6.80 	0.00, 10.00 	10,33,14,478		1.25,1.24	1000,1 	0
1041    	24.72, -24.93, -6.06 	-0.11, 0.66, -6.79 	0.00, 10.00 	10,33,14,488		1.11,2.21	1000,1 	0
1049    	24.69, -24.95, -6.06 	-0.10, 0.65, -6.80 	0.00, 10.00 	10,33,14,497		4.67,1.88	1000,1 	0
1058    	24.66, -24.95, -6.06 	-0.11, 0.65, -6.80 	0.00, 10.00 	10,33,14,507		3.34,1.11	1000,1 	0
1067    	24.68, -24.97, -6.06 	-0.10, 0.65, -6.80 	0.00, 10.00 	10,33,14,517		3.35,1.11	1000,1 	0
1076    	24.72, -24.96, -6.06 	-0.11, 0.65, -6.80 	0.00, 10.00 	10,33,14,526		4.62,1.11	1000,1 	0
1085    	24.66, -24.97, -6.07 	-0.12, 0.65, -6.80 	0.00, 10.00 	10,33,14,536		6.78,1.11	1000,1 	0
1094    	24.65, -24.98, -6.07 	-0.11, 0.65, -6.80 	0.00, 10.00 	10,33,14,546		1.67,1.11	1000,1 	0
1102    	24.65, -24.98, -6.07 	-0.11, 0.63, -6.79 	0.00, 10.00 	10,33,14,555		0.00,1.40	1000,1 	0
1111    	24.63, -25.02, -6.09 	-0.12, 0.62, -6.79 	0.00, 10.00 	10,33,14,565		4.34,1.66	1000,1 	0
1120    	24.63, -25.02, -6.10 	-0.10, 0.66, -6.79 	0.00, 10.00 	10,33,14,575		0.00,4.33	1000,1 	0
1128    	24.63, -25.01, -6.09 	-0.07, 0.66, -6.81 	0.00, 10.00 	10,33,14,584		1.40,3.73	1000,1 	0
1137    	24.64, -25.02, -6.09 	-0.09, 0.66, -6.82 	0.00, 10.00 	10,33,14,594		1.68,2.21	1000,1 	0
1146    	24.65, -24.97, -6.13 	-0.12, 0.67, -6.81 	0.00, 10.00 	10,33,14,604		5.10,3.55	1000,1 	0
1154    	24.67, -24.98, -6.13 	-0.10, 0.68, -6.81 	0.00, 10.00 	10,33,14,613		2.88,2.85	1000,1 	0
1163    	24.72, -24.99, -6.13 	-0.10, 0.68, -6.81 	0.00, 10.00 	10,33,14,623		5.56,0.00	1000,1 	0
1172    	24.72, -24.99, -6.12 	-0.10, 0.68, -6.81 	0.00, 10.00 	10,33,14,633		0.00,0.00	1000,1 	0
1181    	24.71, -24.99, -6.12 	-0.11, 0.68, -6.81 	0.00, 10.00 	10,33,14,643		1.11,1.11	1000,1 	0
1189    	24.72, -25.02, -6.13 	-0.12, 0.66, -6.81 	0.00, 10.00 	10,33,14,652		4.40,3.06	1000,1 	0
1198    	24.68, -25.03, -6.13 	-0.11, 0.67, -6.80 	0.00, 10.00 	10,33,14,662		4.62,1.66	1000,1 	0
1207    	24.71, -25.00, -6.14 	-0.12, 0.67, -6.80 	0.00, 10.00 	10,33,14,672		5.00,1.11	1000,1 	0
1215    	24.67, -25.00, -6.14 	-0.12, 0.67, -6.80 	0.00, 10.00 	10,33,14,681		5.01,0.00	1000,1 	0
1224    	24.71, -24.96, -6.13 	-0.07, 0.67, -6.80 	0.00, 10.00 	10,33,14,691		5.80,5.53	1000,1 	0
1233    	24.69, -24.97, -6.13 	-0.08, 0.67, -6.80 	0.00, 10.00 	10,33,14,701		2.54,1.11	1000,1 	0
1241    	24.67, -24.97, -6.14 	-0.09, 0.67, -6.79 	0.00, 10.00 	10,33,14,710		2.50,1.24	1000,1 	0
1250    	24.72, -24.97, -6.13 	-0.09, 0.67, -6.79 	0.00, 10.00 	10,33,14,720		5.56,0.00	1000,1 	0
1259    	24.75, -24.95, -6.14 	-0.09, 0.67, -6.79 	0.00, 10.00 	10,33,14,730		4.15,0.00	1000,1 	0
1267    	24.75, -24.95, -6.14 	-0.10, 0.67, -6.79 	0.00, 10.00 	10,33,14,739		0.00,1.24	1000,1 	0
1276    	24.73, -24.95, -6.17 	-0.08, 0.67, -6.79 	0.00, 10.00 	10,33,14,749		2.23,2.21	1000,1 	0
1285    	24.71, -24.95, -6.18 	-0.09, 0.66, -6.79 	0.00, 10.00 	10,33,14,759		2.23,1.66	1000,1 	0
1293    	24.67, -24.95, -6.17 	-0.11, 0.66, -6.79 	0.00, 10.00 	10,33,14,768		5.01,2.49	1000,1 	0
1302    	24.68, -24.94, -6.20 	-0.12, 0.66, -6.79 	0.00, 10.00 	10,33,14,778		1.67,1.11	1000,1 	0
1311    	24.67, -24.94, -6.19 	-0.13, 0.66, -6.79 	0.00, 10.00 	10,33,14,788		1.11,1.11	1000,1 	0
1319    	24.72, -24.93, -6.19 	-0.14, 0.67, -6.80 	0.00, 10.00 	10,33,14,797		6.41,1.88	1000,1 	0
1328    	24.65, -24.95, -6.18 	-0.11, 0.68, -6.80 	0.00, 10.00 	10,33,14,807		8.16,3.54	1000,1 	0
1337    	24.69, -24.93, -6.19 	-0.12, 0.69, -6.80 	0.00, 10.00 	10,33,14,817		5.09,1.67	1000,1 	0
1345    	24.75, -24.93, -6.17 	-0.13, 0.68, -6.80 	0.00, 10.00 	10,33,14,826		7.51,1.87	1000,1 	0
1354    	24.72, -24.93, -6.19 	-0.11, 0.66, -6.80 	0.00, 10.00 	10,33,14,836		3.34,3.34	1000,1 	0
1363    	24.73, -24.92, -6.21 	-0.08, 0.67, -6.80 	0.00, 10.00 	10,33,14,846		1.67,3.54	1000,1 	0
1372    	24.77, -24.90, -6.22 	-0.10, 0.69, -6.82 	0.00, 10.00 	10,33,14,856		5.09,3.34	1000,1 	0
1380    	24.77, -24.89, -6.21 	-0.06, 0.69, -6.83 	0.00, 10.00 	10,33,14,865		1.40,4.98	1000,1 	0
1389    	24.71, -24.87, -6.22 	-0.05, 0.72, -6.82 	0.00, 10.00 	10,33,14,875		6.80,3.89	1000,1 	0
1398    	24.77, -24.83, -6.23 	-0.01, 0.78, -6.83 	0.00, 10.00 	10,33,14,885		8.31,7.62	1000,1 	0
1406    	24.79, -24.84, -6.24 	0.01, 0.84, -6.84 	0.00, 10.00 	10,33,14,894		2.88,8.48	1000,1 	0
1415    	24.82, -24.72, -6.26 	-0.03, 0.98, -6.84 	0.00, 10.00 	10,33,14,904		13.88,15.58	1000,1 	0
1424    	24.85, -24.71, -6.28 	0.01, 1.11, -6.90 	0.00, 10.00 	10,33,14,914		3.56,15.55	1000,1 	0
1432    	25.01, -24.60, -6.35 	0.09, 1.31, -6.91 	0.00, 10.00 	10,33,14,923		24.38,26.61	1000,1 	0
1441    	25.08, -24.49, -6.43 	0.14, 1.61, -6.97 	0.00, 10.00 	10,33,14,933		14.66,34.00	1000,1 	0
1450    	25.20, -24.39, -6.46 	0.22, 1.91, -7.00 	0.00, 10.00 	10,33,14,943		17.39,34.42	1000,1 	0
1458    	25.23, -24.28, -6.56 	0.31, 2.22, -7.01 	0.00, 10.00 	10,33,14,952		14.50,40.38	1000,1 	0
1467    	25.32, -24.03, -6.68 	0.29, 2.53, -6.99 	0.00, 10.00 	10,33,14,962		28.79,33.65	1000,1 	0
1476    	25.28, -23.78, -6.75 	0.33, 2.76, -6.96 	0.00, 10.00 	10,33,14,972		27.82,26.31	1000,1 	0
1484    	25.34, -23.57, -6.82 	0.29, 2.96, -6.97 	0.00, 10.00 	10,33,14,981		27.65,25.68	1000,1 	0
1493    	25.49, -23.38, -6.87 	0.33, 3.19, -7.02 	0.00, 10.00 	10,33,14,991		26.23,25.08	1000,1 	0
1502    	25.60, -23.25, -6.92 	0.35, 3.40, -7.08 	0.00, 10.00 	10,33,15,1		19.27,23.72	1000,1 	0
1510    	25.73, -23.14, -6.96 	0.38, 3.54, -7.13 	0.00, 10.00 	10,33,15,10		21.42,18.34	1000,1 	0
1519    	25.84, -23.01, -7.01 	0.44, 3.74, -7.19 	0.00, 10.00 	10,33,15,20		19.27,23.32	1000,1 	0
1528    	25.90, -22.89, -7.03 	0.52, 3.98, -7.27 	0.00, 10.00 	10,33,15,30		15.22,27.21	1000,1 	0
1536    	25.81, -22.80, -7.06 	0.59, 4.24, -7.33 	0.00, 10.00 	10,33,15,39		16.87,34.65	1000,1 	0
1545    	25.77, -22.66, -7.07 	0.69, 4.51, -7.37 	0.00, 10.00 	10,33,15,49		15.64,31.42	1000,1 	0
1554    	25.71, -22.52, -7.12 	0.73, 4.82, -7.44 	0.00, 10.00 	10,33,15,59		16.43,35.08	1000,1 	0
1563    	25.71, -22.40, -7.13 	0.78, 5.11, -7.49 	0.00, 10.00 	10,33,15,69		13.72,32.61	1000,1 	0
1571    	25.69, -22.20, -7.19 	0.74, 5.43, -7.53 	0.00, 10.00 	10,33,15,78		25.39,39.68	1000,1 	0
1580    	25.65, -22.14, -7.19 	0.74, 5.75, -7.59 	0.00, 10.00 	10,33,15,88		7.68,36.08	1000,1 	0
1589    	25.56, -22.05, -7.20 	0.82, 6.11, -7.66 	0.00, 10.00 	10,33,15,98		14.99,40.73	1000,1 	0
1597    	25.55, -21.99, -7.23 	0.90, 6.41, -7.70 	0.00, 10.00 	10,33,15,107		7.13,38.73	1000,1 	0
1606    	25.53, -21.80, -7.31 	0.92, 6.64, -7.72 	0.00, 10.00 	10,33,15,117		21.33,26.13	1000,1 	0
1615    	25.48, -21.58, -7.34 	0.94, 6.88, -7.71 	0.00, 10.00 	10,33,15,127		25.59,26.20	1000,1 	0
1623    	25.45, -21.37, -7.42 	0.96, 7.16, -7.75 	0.00, 10.00 	10,33,15,136		25.56,34.99	1000,1 	0
1632    	25.42, -21.14, -7.46 	0.96, 7.41, -7.78 	0.00, 10.00 	10,33,15,146		26.59,28.60	1000,1 	0
1641    	25.42, -20.90, -7.50 	0.97, 7.68, -7.80 	0.00, 10.00 	10,33,15,156		26.19,29.84	1000,1 	0
1649    	25.40, -20.74, -7.54 	0.97, 7.94, -7.77 	0.00, 10.00 	10,33,15,165		19.82,32.20	1000,1 	0
1658    	25.35, -20.64, -7.53 	0.95, 8.15, -7.73 	0.00, 10.00 	10,33,15,175		13.10,23.74	1000,1 	0
1667    	25.25, -20.52, -7.54 	0.93, 8.39, -7.68 	0.00, 10.00 	10,33,15,185		17.72,26.33	1000,1 	0
1675    	25.19, -20.40, -7.55 	0.87, 8.58, -7.62 	0.00, 10.00 	10,33,15,194		15.96,24.95	1000,1 	0
1684    	25.12, -20.22, -7.58 	0.88, 8.80, -7.59 	0.00, 10.00 	10,33,15,204		21.47,24.87	1000,1 	0
1693    	25.05, -20.15, -7.60 	0.91, 8.96, -7.57 	0.00, 10.00 	10,33,15,214		10.84,17.71	1000,1 	0
1701    	24.89, -20.07, -7.59 	0.93, 9.09, -7.55 	0.00, 10.00 	10,33,15,223		22.37,16.96	1000,1 	0
1710    	24.76, -19.97, -7.60 	0.93, 9.22, -7.51 	0.00, 10.00 	10,33,15,233		18.37,13.73	1000,1 	0
1719    	24.70, -19.85, -7.60 	0.90, 9.32, -7.48 	0.00, 10.00 	10,33,15,243		14.75,11.68	1000,1 	0
1728    	24.63, -19.77, -7.62 	0.88, 9.38, -7.44 	0.00, 10.00 	10,33,15,253		11.74,7.79	1000,1 	0
1736    	24.56, -19.63, -7.64 	0.88, 9.44, -7.40 	0.00, 10.00 	10,33,15,262		20.29,6.99	1000,1 	0
1745    	24.53, -19.55, -7.65 	0.90, 9.47, -7.37 	0.00, 10.00 	10,33,15,272		9.37,4.33	1000,1 	0
1754    	24.54, -19.47, -7.63 	0.88, 9.50, -7.32 	0.00, 10.00 	10,33,15,282		8.79,3.34	1000,1 	0
1762    	24.52, -19.41, -7.65 	0.86, 9.51, -7.29 	0.00, 10.00 	10,33,15,291		7.46,2.86	1000,1 	0
1771    	24.58, -19.36, -7.67 	0.84, 9.49, -7.23 	0.00, 10.00 	10,33,15,301		9.11,3.32	1000,1 	0
1780    	24.57, -19.37, -7.68 	0.82, 9.48, -7.21 	0.00, 10.00 	10,33,15,311		1.67,2.53	1000,1 	0
1788    	24.59, -19.34, -7.70 	0.76, 9.43, -7.16 	0.00, 10.00 	10,33,15,320		4.88,9.31	1000,1 	0
1797    	24.56, -19.34, -7.70 	0.76, 9.41, -7.14 	0.00, 10.00 	10,33,15,330		3.34,2.49	1000,1 	0
1806    	24.52, -19.32, -7.70 	0.73, 9.36, -7.10 	0.00, 10.00 	10,33,15,340		4.63,7.04	1000,1 	0
1814    	24.48, -19.28, -7.69 	0.72, 9.33, -7.07 	0.00, 10.00 	10,33,15,349		7.55,3.06	1000,1 	0
1824    	24.49, -19.30, -7.68 	0.74, 9.31, -7.04 	0.00, 10.00 	10,33,15,360		2.46,3.00	1000,1 	0
1832    	24.50, -19.27, -7.69 	0.73, 9.32, -7.02 	0.00, 10.00 	10,33,15,369		4.38,1.88	1000,1 	0
1840    	24.46, -19.29, -7.68 	0.73, 9.30, -6.99 	0.00, 10.00 	10,33,15,378		5.72,2.80	1000,1 	0
1849    	24.45, -19.24, -7.70 	0.71, 9.30, -6.97 	0.00, 10.00 	10,33,15,388		5.12,2.21	1000,1 	0
1858    	24.43, -19.20, -7.71 	0.71, 9.30, -6.96 	0.00, 10.00 	10,33,15,398		5.48,0.00	1000,1 	0
1866    	24.44, -19.15, -7.70 	0.69, 9.32, -6.94 	0.00, 10.00 	10,33,15,407		5.61,3.75	1000,1 	0
1875    	24.43, -19.16, -7.73 	0.68, 9.31, -6.93 	0.00, 10.00 	10,33,15,417		1.67,1.66	1000,1 	0
1884    	24.43, -19.14, -7.73 	0.67, 9.32, -6.92 	0.00, 10.00 	10,33,15,427		2.49,1.67	1000,1 	0
1892    	24.43, -19.13, -7.74 	0.65, 9.35, -6.92 	0.00, 10.00 	10,33,15,436		1.40,3.75	1000,1 	0
1901    	24.44, -19.13, -7.74 	0.63, 9.37, -6.93 	0.00, 10.00 	10,33,15,446		1.11,3.34	1000,1 	0
1910    	24.43, -19.11, -7.75 	0.63, 9.40, -6.93 	0.00, 10.00 	10,33,15,456		2.74,3.73	1000,1 	0
1919    	24.42, -19.10, -7.77 	0.63, 9.45, -6.95 	0.00, 10.00 	10,33,15,466		1.68,4.97	1000,1 	0
1928    	24.41, -19.04, -7.77 	0.63, 9.46, -6.95 	0.00, 10.00 	10,33,15,475		6.34,1.24	1000,1 	0
1937    	24.39, -19.04, -7.77 	0.63, 9.49, -6.95 	0.00, 10.00 	10,33,15,485		2.23,3.73	1000,1 	0
1946    	24.39, -19.02, -7.77 	0.62, 9.53, -6.95 	0.00, 10.00 	10,33,15,495		2.49,3.89	1000,1 	0
1954    	24.39, -19.03, -7.77 	0.60, 9.56, -6.94 	0.00, 10.00 	10,33,15,504		1.40,5.63	1000,1 	0
1963    	24.36, -19.04, -7.76 	0.58, 9.63, -6.95 	0.00, 10.00 	10,33,15,514		3.56,7.79	1000,1 	0
1972    	24.29, -18.99, -7.78 	0.56, 9.70, -6.94 	0.00, 10.00 	10,33,15,524		9.28,7.79	1000,1 	0
1980    	24.27, -18.99, -7.77 	0.54, 9.74, -6.93 	0.00, 10.00 	10,33,15,533		2.50,6.13	1000,1 	0
1989    	24.25, -18.99, -7.78 	0.51, 9.79, -6.92 	0.00, 10.00 	10,33,15,543		2.23,5.99	1000,1 	0
1998    	24.24, -18.97, -7.79 	0.48, 9.80, -6.91 	0.00, 10.00 	10,33,15,553		2.74,3.55	1000,1 	0
2006    	24.24, -18.95, -7.80 	0.45, 9.83, -6.89 	0.00, 10.00 	10,33,15,562		2.81,5.63	1000,1 	0
2015    	24.24, -18.95, -7.80 	0.45, 9.84, -6.87 	0.00, 10.00 	10,33,15,572		0.00,1.24	1000,1 	0
2024    	24.22, -18.94, -7.80 	0.44, 9.84, -6.87 	0.00, 10.00 	10,33,15,582		2.56,1.11	1000,1 	0
2032    	24.21, -18.92, -7.80 	0.43, 9.87, -6.86 	0.00, 10.00 	10,33,15,591		1.89,3.07	1000,1 	0
2041    	24.17, -18.90, -7.80 	0.42, 9.88, -6.86 	0.00, 10.00 	10,33,15,601		5.12,1.67	1000,1 	0
2050    	24.16, -18.88, -7.80 	0.40, 9.88, -6.86 	0.00, 10.00 	10,33,15,611		2.74,2.21	1000,1 	0
2058    	24.13, -18.88, -7.80 	0.42, 9.91, -6.86 	0.00, 10.00 	10,33,15,620		3.76,4.87	1000,1 	0
2067    	24.05, -18.82, -7.82 	0.39, 9.94, -6.85 	0.00, 10.00 	10,33,15,630		10.90,4.16	1000,1 	0
2076    	24.05, -18.81, -7.82 	0.39, 9.95, -6.85 	0.00, 10.00 	10,33,15,640		1.25,1.24	1000,1 	0
2085    	24.02, -18.75, -7.82 	0.38, 9.97, -6.85 	0.00, 10.00 	10,33,15,650		7.09,3.34	1000,1 	0
2093    	24.01, -18.73, -7.83 	0.37, 9.97, -6.85 	0.00, 10.00 	10,33,15,659		3.08,1.24	1000,1 	0
2102    	24.00, -18.72, -7.83 	0.33, 9.99, -6.86 	0.00, 10.00 	10,33,15,669		1.68,5.08	1000,1 	0
2111    	24.01, -18.64, -7.85 	0.31, 9.98, -6.86 	0.00, 10.00 	10,33,15,679		8.79,2.53	1000,1 	0
2119    	23.99, -18.62, -7.88 	0.30, 10.01, -6.86 	0.00, 10.00 	10,33,15,688		3.77,3.07	1000,1 	0
2128    	24.02, -18.58, -7.90 	0.30, 10.02, -6.87 	0.00, 10.00 	10,33,15,698		5.00,1.24	1000,1 	0
2137    	23.97, -18.56, -7.91 	0.29, 10.04, -6.87 	0.00, 10.00 	10,33,15,708		6.11,2.73	1000,1 	0
2145    	23.99, -18.50, -7.91 	0.31, 10.04, -6.87 	0.00, 10.00 	10,33,15,717		7.43,2.49	1000,1 	0
2154    	23.98, -18.50, -7.93 	0.29, 10.05, -6.87 	0.00, 10.00 	10,33,15,727		1.11,2.54	1000,1 	0
2163    	23.98, -18.49, -7.93 	0.30, 10.06, -6.87 	0.00, 10.00 	10,33,15,737		1.25,1.66	1000,1 	0
2171    	23.97, -18.47, -7.95 	0.29, 10.06, -6.87 	0.00, 10.00 	10,33,15,746		3.08,1.24	1000,1 	0
2180    	23.97, -18.45, -7.96 	0.27, 10.07, -6.88 	0.00, 10.00 	10,33,15,756		2.49,2.54	1000,1 	0
2188    	23.90, -18.43, -7.93 	0.28, 10.08, -6.88 	0.00, -0.00 	10,33,15,775		7.90,1.66	1000,1 	0
2198    	23.92, -18.41, -7.94 	0.28, 10.08, -6.88 	0.00, -0.00 	10,33,15,786		2.23,0.00	1000,1 	0
2206    	23.85, -18.41, -7.95 	0.28, 10.08, -6.88 	0.00, -0.00 	10,33,15,795		6.01,0.00	1000,1 	0
2214    	23.86, -18.36, -7.97 	0.29, 10.08, -6.89 	0.00, -0.00 	10,33,15,804		4.68,0.83	1000,1 	0
2223    	23.86, -18.39, -7.97 	0.31, 10.09, -6.89 	0.00, -0.00 	10,33,15,814		3.06,2.07	1000,1 	0
2232    	23.85, -18.37, -7.97 	0.29, 10.08, -6.88 	0.00, -0.00 	10,33,15,824		2.24,2.07	1000,1 	0
2240    	23.82, -18.35, -7.99 	0.28, 10.10, -6.89 	0.00, -0.00 	10,33,15,833		2.92,1.36	1000,1 	0
2249    	23.83, -18.34, -8.01 	0.31, 10.09, -6.89 	0.00, -0.00 	10,33,15,843		1.36,2.72	1000,1 	0
2258    	23.90, -18.33, -8.00 	0.32, 10.07, -6.88 	0.00, -0.00 	10,33,15,853		6.45,2.23	1000,1 	0
2267    	23.94, -18.31, -8.01 	0.29, 10.08, -6.89 	0.00, -0.00 	10,33,15,863		4.16,2.90	1000,1 	0
2275    	23.88, -18.33, -8.01 	0.28, 10.07, -6.89 	0.00, -0.00 	10,33,15,872		5.82,1.36	1000,1 	0
2284    	23.88, -18.33, -8.00 	0.27, 10.08, -6.90 	0.00, -0.00 	10,33,15,882		0.00,1.36	1000,1 	0
2293    	23.85, -18.37, -7.98 	0.29, 10.07, -6.90 	0.00, -0.00 	10,33,15,892		4.09,2.08	1000,1 	0
2301    	23.85, -18.37, -7.95 	0.26, 10.07, -6.89 	0.00, -0.00 	10,33,15,901		0.00,2.72	1000,1 	0
2310    	23.82, -18.37, -7.96 	0.27, 10.08, -6.89 	0.00, -0.00 	10,33,15,911		2.73,1.36	1000,1 	0
2319    	23.77, -18.36, -7.97 	0.26, 10.08, -6.89 	0.00, -0.00 	10,33,15,921		4.55,0.91	1000,1 	0
2327    	23.80, -18.35, -7.96 	0.24, 10.08, -6.90 	0.00, -0.00 	10,33,15,930		2.91,1.81	1000,1 	0
2336    	23.75, -18.38, -7.98 	0.26, 10.08, -6.90 	0.00, -0.00 	10,33,15,940		4.98,1.81	1000,1 	0
2345    	23.73, -18.35, -7.98 	0.24, 10.08, -6.90 	0.00, -0.00 	10,33,15,950		2.74,1.81	1000,1 	0
2353    	23.70, -18.36, -7.98 	0.24, 10.10, -6.90 	0.00, -0.00 	10,33,15,959		3.20,1.12	1000,1 	0
2362    	23.67, -18.35, -7.97 	0.26, 10.11, -6.90 	0.00, -0.00 	10,33,15,969		2.92,2.07	1000,1 	0
2371    	23.63, -18.34, -7.95 	0.25, 10.10, -6.91 	0.00, -0.00 	10,33,15,979		3.79,1.36	1000,1 	0
2379    	23.64, -18.34, -7.98 	0.24, 10.11, -6.91 	0.00, -0.00 	10,33,15,988		1.00,1.50	1000,1 	0
2389    	23.63, -18.33, -7.97 	0.25, 10.11, -6.91 	0.00, -0.00 	10,33,15,999		1.37,0.91	1000,1 	0
2397    	23.64, -18.29, -7.99 	0.28, 10.11, -6.91 	0.00, -0.00 	10,33,16,8		3.19,2.72	1000,1 	0
2405    	23.62, -18.29, -7.98 	0.29, 10.12, -6.91 	0.00, -0.00 	10,33,16,17		2.00,1.50	1000,1 	0
2414    	23.64, -18.31, -7.98 	0.27, 10.11, -6.91 	0.00, -0.00 	10,33,16,27		2.09,2.07	1000,1 	0
2423    	23.59, -18.34, -7.95 	0.26, 10.11, -6.90 	0.00, -0.00 	10,33,16,37		5.47,0.91	1000,1 	0
2431    	23.65, -18.31, -7.97 	0.28, 10.11, -6.91 	0.00, -0.00 	10,33,16,46		6.87,1.99	1000,1 	0
2440    	23.59, -18.29, -7.96 	0.26, 10.11, -6.90 	0.00, -0.00 	10,33,16,56		5.56,1.81	1000,1 	0
2449    	23.57, -18.30, -7.97 	0.28, 10.11, -6.91 	0.00, -0.00 	10,33,16,66		2.08,1.81	1000,1 	0
2458    	23.56, -18.33, -7.97 	0.27, 10.12, -6.91 	0.00, -0.00 	10,33,16,76		2.23,1.36	1000,1 	0
2466    	23.56, -18.33, -7.96 	0.27, 10.12, -6.91 	0.00, -0.00 	10,33,16,85		0.00,0.00	1000,1 	0
2475    	23.60, -18.33, -7.96 	0.26, 10.12, -6.91 	0.00, -0.00 	10,33,16,95		3.64,0.91	1000,1 	0
2484    	23.59, -18.33, -7.95 	0.26, 10.12, -6.91 	0.00, -0.00 	10,33,16,105		0.91,0.00	1000,1 	0
2492    	23.58, -18.33, -7.96 	0.25, 10.11, -6.91 	0.00, -0.00 	10,33,16,114		1.00,1.50	1000,1 	0
2501    	23.58, -18.30, -7.95 	0.25, 10.12, -6.92 	0.00, -0.00 	10,33,16,124		2.04,1.02	1000,1 	0
2510    	23.55, -18.33, -7.96 	0.26, 10.11, -6.91 	0.00, -0.00 	10,33,16,134		3.40,1.36	1000,1 	0
2518    	23.55, -18.34, -7.96 	0.26, 10.11, -6.91 	0.00, -0.00 	10,33,16,143		1.12,0.00	1000,1 	0
2527    	23.53, -18.36, -7.96 	0.26, 10.11, -6.91 	0.00, -0.00 	10,33,16,153		2.73,0.00	1000,1 	0
2536    	23.57, -18.36, -7.97 	0.27, 10.12, -6.91 	0.00, -0.00 	10,33,16,163		3.64,1.36	1000,1 	0
2544    	23.60, -18.36, -7.97 	0.27, 10.11, -6.91 	0.00, -0.00 	10,33,16,172		3.00,1.12	1000,1 	0
2553    	23.63, -18.37, -7.98 	0.28, 10.11, -6.91 	0.00, -0.00 	10,33,16,182		2.92,0.91	1000,1 	0
2562    	23.61, -18.39, -7.98 	0.26, 10.12, -6.91 	0.00, -0.00 	10,33,16,192		2.23,2.08	1000,1 	0
2570    	23.61, -18.38, -7.98 	0.25, 10.11, -6.91 	0.00, -0.00 	10,33,16,201		1.12,1.50	1000,1 	0
2579    	23.62, -18.40, -7.98 	0.25, 10.11, -6.91 	0.00, -0.00 	10,33,16,211		1.37,0.00	1000,1 	0
2588    	23.63, -18.40, -7.98 	0.26, 10.11, -6.90 	0.00, -0.00 	10,33,16,221		0.83,0.83	1000,1 	0
2596    	23.64, -18.42, -7.96 	0.27, 10.12, -6.90 	0.00, -0.00 	10,33,16,230		2.46,1.50	1000,1 	0
2605    	23.64, -18.43, -7.99 	0.27, 10.12, -6.90 	0.00, -0.00 	10,33,16,240		1.02,0.00	1000,1 	0
2614    	23.65, -18.41, -7.98 	0.27, 10.12, -6.90 	0.00, -0.00 	10,33,16,250		2.23,0.00	1000,1 	0
2623    	23.66, -18.40, -7.98 	0.27, 10.12, -6.91 	0.00, -0.00 	10,33,16,260		1.36,0.00	1000,1 	0
2631    	23.70, -18.42, -7.99 	0.27, 10.12, -6.90 	0.00, -0.00 	10,33,16,269		4.60,0.00	1000,1 	0
2640    	23.69, -18.44, -7.98 	0.26, 10.11, -6.91 	0.00, -0.00 	10,33,16,279		2.23,1.36	1000,1 	0
2649    	23.73, -18.42, -8.01 	0.26, 10.11, -6.91 	0.00, -0.00 	10,33,16,289		4.16,0.00	1000,1 	0
2657    	23.75, -18.44, -8.02 	0.26, 10.11, -6.91 	0.00, -0.00 	10,33,16,298		3.02,0.00	1000,1 	0
2666    	23.74, -18.45, -8.02 	0.26, 10.11, -6.91 	0.00, -0.00 	10,33,16,308		1.36,0.00	1000,1 	0
2675    	23.72, -18.46, -8.02 	0.27, 10.11, -6.90 	0.00, -0.00 	10,33,16,318		2.08,0.91	1000,1 	0
2683    	23.77, -18.48, -8.03 	0.26, 10.11, -6.91 	0.00, -0.00 	10,33,16,327		5.14,1.00	1000,1 	0
2692    	23.70, -18.50, -8.02 	0.26, 10.11, -6.91 	0.00, -0.00 	10,33,16,337		6.68,0.00	1000,1 	0
2701    	23.74, -18.50, -8.03 	0.26, 10.12, -6.91 	0.00, -0.00 	10,33,16,347		3.64,1.02	1000,1 	0
2709    	23.77, -18.54, -8.03 	0.26, 10.12, -6.91 	0.00, -0.00 	10,33,16,356		5.42,0.00	1000,1 	0
2718    	23.71, -18.53, -8.03 	0.25, 10.11, -6.92 	0.00, -0.00 	10,33,16,366		5.56,1.36	1000,1 	0
2727    	23.71, -18.52, -8.03 	0.25, 10.12, -6.91 	0.00, -0.00 	10,33,16,376		1.02,1.02	1000,1 	0
2735    	23.74, -18.54, -8.05 	0.27, 10.11, -6.91 	0.00, -0.00 	10,33,16,385		3.76,2.29	1000,1 	0
2744    	23.74, -18.55, -8.06 	0.26, 10.11, -6.91 	0.00, -0.00 	10,33,16,395		1.02,0.91	1000,1 	0
2753    	23.75, -18.55, -8.06 	0.26, 10.11, -6.91 	0.00, -0.00 	10,33,16,405		0.91,0.00	1000,1 	0
2761    	23.77, -18.56, -8.06 	0.25, 10.10, -6.91 	0.00, -0.00 	10,33,16,414		2.00,1.50	1000,1 	0
2771    	23.75, -18.53, -8.08 	0.26, 10.11, -6.91 	0.00, -0.00 	10,33,16,425		2.74,1.36	1000,1 	0
2779    	23.76, -18.56, -8.08 	0.26, 10.10, -6.90 	0.00, -0.00 	10,33,16,434		2.24,1.02	1000,1 	0
2787    	23.73, -18.52, -8.07 	0.25, 10.11, -6.90 	0.00, -0.00 	10,33,16,443		4.53,1.50	1000,1 	0
2797    	23.72, -18.53, -8.08 	0.24, 10.13, -6.91 	0.00, -0.00 	10,33,16,454		1.36,2.23	1000,1 	0
2805    	23.70, -18.53, -8.07 	0.27, 10.13, -6.90 	0.00, -0.00 	10,33,16,463		2.00,2.99	1000,1 	0
2813    	23.70, -18.52, -8.06 	0.26, 10.13, -6.90 	0.00, -0.00 	10,33,16,472		1.02,0.91	1000,1 	0
2822    	23.71, -18.51, -8.06 	0.26, 10.14, -6.90 	0.00, -0.00 	10,33,16,482		1.36,1.02	1000,1 	0
2831    	23.74, -18.51, -8.06 	0.29, 10.15, -6.91 	0.00, -0.00 	10,33,16,492		2.73,2.90	1000,1 	0
2840    	23.73, -18.54, -8.05 	0.28, 10.14, -6.91 	0.00, -0.00 	10,33,16,502		3.19,1.36	1000,1 	0
2848    	23.75, -18.54, -8.06 	0.28, 10.12, -6.93 	0.00, -0.00 	10,33,16,511		2.00,2.24	1000,1 	0
2857    	23.75, -18.54, -8.05 	0.28, 10.13, -6.92 	0.00, -0.00 	10,33,16,521		0.00,1.02	1000,1 	0
2866    	23.74, -18.57, -8.06 	0.29, 10.12, -6.93 	0.00, -0.00 	10,33,16,531		2.23,1.36	1000,1 	0
2874    	23.74, -18.55, -8.07 	0.28, 10.13, -6.94 	0.00, -0.00 	10,33,16,540		1.12,1.50	1000,1 	0
2883    	23.72, -18.58, -8.07 	0.29, 10.12, -6.93 	0.00, -0.00 	10,33,16,550		2.73,1.36	1000,1 	0
2892    	23.73, -18.59, -8.07 	0.29, 10.12, -6.93 	0.00, -0.00 	10,33,16,560		1.37,0.00	1000,1 	0
2900    	23.72, -18.59, -8.08 	0.28, 10.12, -6.93 	0.00, -0.00 	10,33,16,569		1.00,1.00	1000,1 	0
2909    	23.69, -18.58, -8.08 	0.28, 10.12, -6.94 	0.00, -0.00 	10,33,16,579		2.92,0.00	1000,1 	0
2918    	23.69, -18.58, -8.08 	0.29, 10.09, -6.93 	0.00, -0.00 	10,33,16,589		0.00,2.23	1000,1 	0
2926    	23.71, -18.59, -8.09 	0.28, 10.03, -6.91 	0.00, -0.00 	10,33,16,598		2.30,6.78	1000,1 	0
2935    	23.74, -18.61, -8.08 	0.31, 9.86, -6.88 	0.00, -0.00 	10,33,16,608		3.42,15.70	1000,1 	0
2944    	23.73, -18.62, -8.09 	0.39, 9.60, -6.84 	0.00, -0.00 	10,33,16,618		1.25,22.48	1000,1 	0
2952    	23.73, -18.62, -8.08 	0.44, 9.34, -6.82 	0.00, -0.00 	10,33,16,627		0.00,26.44	1000,1 	0
2962    	23.78, -18.63, -8.09 	0.44, 9.09, -6.80 	0.00, -0.00 	10,33,16,638		4.67,22.40	1000,1 	0
2970    	23.76, -18.63, -8.10 	0.45, 8.85, -6.80 	0.00, -0.00 	10,33,16,647		2.00,24.64	1000,1 	0
2978    	23.76, -18.68, -8.09 	0.47, 8.55, -6.79 	0.00, -0.00 	10,33,16,656		4.08,27.61	1000,1 	0
2987    	23.77, -18.73, -8.09 	0.46, 8.21, -6.81 	0.00, -0.00 	10,33,16,666		5.19,30.52	1000,1 	0
2996    	23.80, -18.76, -8.09 	0.49, 7.72, -6.81 	0.00, -0.00 	10,33,16,676		3.42,44.92	1000,1 	0
3005    	23.83, -18.85, -8.09 	0.52, 7.22, -6.79 	0.00, -0.00 	10,33,16,686		8.62,44.92	1000,1 	0
3013    	23.88, -18.92, -8.07 	0.45, 6.74, -6.75 	0.00, -0.00 	10,33,16,695		7.65,44.06	1000,1 	0
3022    	23.88, -19.03, -8.07 	0.41, 6.27, -6.75 	0.00, -0.00 	10,33,16,705		9.35,39.24	1000,1 	0
3031    	23.95, -19.15, -8.08 	0.40, 5.78, -6.74 	0.00, -0.00 	10,33,16,715		12.30,41.03	1000,1 	0
3039    	24.09, -19.33, -8.09 	0.36, 5.35, -6.79 	0.00, -0.00 	10,33,16,724		19.98,39.76	1000,1 	0
3048    	24.17, -19.59, -8.08 	0.34, 4.87, -6.82 	0.00, -0.00 	10,33,16,734		22.57,40.11	1000,1 	0
3057    	24.25, -19.87, -8.07 	0.34, 4.37, -6.86 	0.00, -0.00 	10,33,16,744		24.61,41.04	1000,1 	0
3065    	24.36, -20.18, -8.06 	0.32, 3.87, -6.87 	0.00, -0.00 	10,33,16,753		30.34,45.78	1000,1 	0
3074    	24.66, -20.47, -8.08 	0.35, 3.34, -6.90 	0.00, -0.00 	10,33,16,763		34.37,43.97	1000,1 	0
3083    	24.89, -20.76, -8.10 	0.35, 2.87, -6.93 	0.00, -0.00 	10,33,16,773		30.89,39.18	1000,1 	0
3091    	25.14, -21.05, -8.10 	0.38, 2.51, -6.99 	0.00, -0.00 	10,33,16,782		35.07,32.77	1000,1 	0
3100    	25.24, -21.42, -8.12 	0.45, 2.15, -7.07 	0.00, -0.00 	10,33,16,792		53.77,52.45	1000,1 	0
3109    	25.38, -21.68, -8.12 	0.50, 1.85, -7.14 	0.00, -0.00 	10,33,16,802		42.08,43.77	1000,1 	0
3117    	25.39, -22.01, -8.11 	0.58, 1.55, -7.18 	0.00, -0.00 	10,33,16,811		48.13,45.07	1000,1 	0
3126    	25.61, -22.30, -8.04 	0.63, 1.22, -7.20 	0.00, -0.00 	10,33,16,821		52.03,47.17	1000,1 	0
