#Time 	Sensor1         Sensor2         Target          Time            Vel             
#================================================================

11      	24.18, -26.82, -6.82 	0.11, -0.27, -6.75 	0.00, 10.00 	10,30,21,703		0.00,0.00	0,0 	0
15      	24.13, -26.84, -6.79 	0.12, -0.27, -6.74 	0.00, 10.00 	10,30,21,711		13.69,2.49	0,0 	0
24      	24.11, -26.79, -6.80 	0.09, -0.30, -6.73 	0.00, 10.00 	10,30,21,721		5.48,4.98	0,0 	0
33      	24.06, -26.82, -6.79 	0.11, -0.31, -6.74 	0.00, 10.00 	10,30,21,731		6.69,2.54	0,0 	0
41      	24.04, -26.82, -6.79 	0.12, -0.31, -6.75 	0.00, 10.00 	10,30,21,740		2.50,1.24	0,0 	0
50      	24.04, -26.82, -6.80 	0.12, -0.32, -6.75 	0.00, 10.00 	10,30,21,750		0.00,1.24	0,0 	0
59      	24.10, -26.79, -6.80 	0.08, -0.31, -6.75 	0.00, 10.00 	10,30,21,760		7.63,4.60	0,0 	0
67      	24.12, -26.77, -6.79 	0.10, -0.31, -6.77 	0.00, 10.00 	10,30,21,769		3.07,2.49	0,0 	0
76      	24.10, -26.79, -6.79 	0.07, -0.30, -6.78 	0.00, 10.00 	10,30,21,779		2.72,3.55	0,0 	0
85      	24.09, -26.79, -6.77 	0.12, -0.30, -6.77 	0.00, 10.00 	10,30,21,789		1.11,5.53	0,0 	0
93      	24.09, -26.79, -6.77 	0.09, -0.31, -6.80 	0.00, 10.00 	10,30,21,798		0.00,3.98	0,0 	0
102     	24.08, -26.81, -6.77 	0.05, -0.29, -6.79 	0.00, 10.00 	10,30,21,808		2.72,5.08	0,0 	0
111     	24.04, -26.80, -6.78 	0.06, -0.31, -6.78 	0.00, 10.00 	10,30,21,818		4.63,2.73	0,0 	0
119     	24.15, -26.80, -6.78 	0.06, -0.30, -6.79 	0.00, 10.00 	10,30,21,827		13.77,1.40	0,0 	0
128     	24.19, -26.78, -6.77 	0.07, -0.29, -6.80 	0.00, 10.00 	10,30,21,837		4.15,1.66	0,0 	0
137     	24.19, -26.78, -6.77 	0.06, -0.28, -6.79 	0.00, 10.00 	10,30,21,847		0.00,1.67	0,0 	0
145     	24.22, -26.81, -6.74 	0.07, -0.30, -6.80 	0.00, 10.00 	10,30,21,856		5.76,3.07	0,0 	0
154     	24.21, -26.80, -6.74 	0.04, -0.32, -6.78 	0.00, 10.00 	10,30,21,866		1.11,4.14	0,0 	0
163     	24.27, -26.79, -6.75 	0.03, -0.31, -6.79 	0.00, 10.00 	10,30,21,876		5.69,1.67	0,0 	0
172     	24.22, -26.81, -6.72 	0.02, -0.33, -6.79 	0.00, 10.00 	10,30,21,886		4.62,2.72	0,0 	0
181     	24.22, -26.82, -6.72 	-0.00, -0.34, -6.77 	0.00, 10.00 	10,30,21,896		1.25,2.53	0,0 	0
189     	24.22, -26.84, -6.71 	0.01, -0.33, -6.78 	0.00, 10.00 	10,30,21,905		2.81,1.87	0,0 	0
198     	24.22, -26.85, -6.71 	0.06, -0.33, -6.78 	0.00, 10.00 	10,30,21,915		1.25,5.53	0,0 	0
207     	24.22, -26.84, -6.71 	0.06, -0.34, -6.78 	0.00, 10.00 	10,30,21,925		1.25,1.24	0,0 	0
215     	24.18, -26.86, -6.71 	0.02, -0.32, -6.79 	0.00, 10.00 	10,30,21,934		5.72,5.72	0,0 	0
224     	24.16, -26.84, -6.70 	0.05, -0.32, -6.78 	0.00, 10.00 	10,30,21,944		3.35,3.32	0,0 	0
232     	24.08, -26.87, -6.70 	0.05, -0.35, -6.78 	0.00, 10.00 	10,30,21,953		10.84,4.20	0,0 	0
241     	24.04, -26.88, -6.68 	0.03, -0.34, -6.79 	0.00, 10.00 	10,30,21,963		4.62,2.54	0,0 	0
250     	24.01, -26.89, -6.69 	-0.00, -0.32, -6.79 	0.00, 10.00 	10,30,21,973		3.56,4.16	0,0 	0
258     	24.01, -26.89, -6.69 	-0.01, -0.32, -6.79 	0.00, 10.00 	10,30,21,982		0.00,1.24	0,0 	0
267     	23.98, -26.90, -6.70 	0.04, -0.31, -6.77 	0.00, 10.00 	10,30,21,992		3.56,5.67	0,0 	0
276     	23.97, -26.90, -6.70 	0.04, -0.32, -6.78 	0.00, 10.00 	10,30,22,2		1.11,1.24	0,0 	0
284     	23.97, -26.90, -6.70 	0.03, -0.33, -6.79 	0.00, 10.00 	10,30,22,11		0.00,1.87	0,0 	0
293     	24.00, -26.89, -6.69 	0.03, -0.34, -6.78 	0.00, 10.00 	10,30,22,21		3.56,1.24	0,0 	0
302     	23.96, -26.87, -6.69 	0.03, -0.34, -6.78 	0.00, 10.00 	10,30,22,31		5.12,0.00	0,0 	0
310     	24.02, -26.89, -6.69 	0.03, -0.33, -6.77 	0.00, 10.00 	10,30,22,40		8.04,1.40	0,0 	0
319     	24.02, -26.91, -6.68 	0.07, -0.32, -6.77 	0.00, 10.00 	10,30,22,50		2.49,4.59	0,0 	0
328     	24.03, -26.94, -6.68 	-0.00, -0.31, -6.77 	0.00, 10.00 	10,30,22,60		2.74,7.85	0,0 	0
336     	24.08, -26.94, -6.70 	0.02, -0.34, -6.77 	0.00, 10.00 	10,30,22,69		6.26,4.89	0,0 	0
345     	24.06, -26.90, -6.70 	-0.01, -0.33, -6.77 	0.00, 10.00 	10,30,22,79		4.37,3.55	0,0 	0
354     	24.05, -26.91, -6.71 	0.01, -0.34, -6.75 	0.00, 10.00 	10,30,22,89		1.67,2.54	0,0 	0
363     	24.10, -26.90, -6.71 	-0.03, -0.33, -6.76 	0.00, 10.00 	10,30,22,99		5.69,4.60	0,0 	0
372     	24.07, -26.93, -6.69 	-0.04, -0.32, -6.77 	0.00, 10.00 	10,30,22,109		4.15,1.67	0,0 	0
380     	24.06, -26.89, -6.72 	-0.01, -0.32, -6.76 	0.00, 10.00 	10,30,22,118		4.40,3.73	0,0 	0
389     	24.05, -26.90, -6.72 	-0.01, -0.31, -6.78 	0.00, 10.00 	10,30,22,128		1.67,1.24	0,0 	0
397     	24.02, -26.91, -6.70 	-0.00, -0.32, -6.77 	0.00, 10.00 	10,30,22,137		4.00,1.88	0,0 	0
406     	24.08, -26.90, -6.70 	-0.03, -0.32, -6.77 	0.00, 10.00 	10,30,22,147		6.78,3.32	0,0 	0
416     	24.03, -26.89, -6.71 	-0.06, -0.31, -6.77 	0.00, 10.00 	10,30,22,157		5.14,3.19	0,0 	0
424     	24.08, -26.87, -6.72 	-0.05, -0.31, -6.76 	0.00, 10.00 	10,30,22,166		6.84,1.24	0,0 	0
433     	24.03, -26.88, -6.72 	-0.04, -0.31, -6.77 	0.00, 10.00 	10,30,22,176		5.69,1.11	0,0 	0
442     	24.05, -26.88, -6.71 	-0.04, -0.31, -6.77 	0.00, 10.00 	10,30,22,186		2.23,0.00	0,0 	0
450     	24.09, -26.86, -6.70 	-0.04, -0.31, -6.77 	0.00, 10.00 	10,30,22,195		5.72,0.00	0,0 	0
459     	24.05, -26.85, -6.73 	-0.07, -0.31, -6.77 	0.00, 10.00 	10,30,22,205		4.63,3.32	0,0 	0
468     	24.09, -26.84, -6.75 	-0.07, -0.32, -6.77 	0.00, 10.00 	10,30,22,215		4.61,1.24	0,0 	0
476     	24.05, -26.86, -6.73 	-0.05, -0.32, -6.78 	0.00, 10.00 	10,30,22,224		5.72,2.49	0,0 	0
485     	24.03, -26.87, -6.75 	-0.05, -0.32, -6.76 	0.00, 10.00 	10,30,22,234		2.54,0.00	0,0 	0
494     	24.08, -26.85, -6.77 	-0.06, -0.32, -6.78 	0.00, 10.00 	10,30,22,244		6.08,1.11	0,0 	0
502     	24.02, -26.86, -6.78 	-0.05, -0.32, -6.78 	0.00, 10.00 	10,30,22,253		7.63,1.24	0,0 	0
511     	24.03, -26.87, -6.76 	-0.05, -0.31, -6.77 	0.00, 10.00 	10,30,22,263		1.68,1.24	0,0 	0
520     	24.03, -26.88, -6.76 	-0.04, -0.32, -6.77 	0.00, 10.00 	10,30,22,273		1.25,1.67	0,0 	0
529     	24.12, -26.85, -6.75 	-0.05, -0.32, -6.78 	0.00, 10.00 	10,30,22,283		10.67,1.11	0,0 	0
537     	24.07, -26.85, -6.75 	-0.09, -0.29, -6.79 	0.00, 10.00 	10,30,22,292		6.26,5.72	0,0 	0
546     	24.07, -26.87, -6.74 	-0.08, -0.32, -6.78 	0.00, 10.00 	10,30,22,302		2.49,2.73	0,0 	0
555     	24.11, -26.84, -6.77 	-0.06, -0.32, -6.79 	0.00, 10.00 	10,30,22,312		5.80,2.21	0,0 	0
564     	24.10, -26.81, -6.78 	-0.07, -0.33, -6.79 	0.00, 10.00 	10,30,22,322		2.74,1.66	0,0 	0
572     	24.17, -26.86, -6.75 	-0.07, -0.32, -6.79 	0.00, 10.00 	10,30,22,331		10.44,1.40	0,0 	0
581     	24.21, -26.82, -6.76 	-0.08, -0.33, -6.79 	0.00, 10.00 	10,30,22,341		6.66,1.66	0,0 	0
589     	24.13, -26.83, -6.77 	-0.10, -0.32, -6.77 	0.00, 10.00 	10,30,22,350		10.10,2.86	0,0 	0
598     	24.17, -26.80, -6.75 	-0.11, -0.31, -6.77 	0.00, 10.00 	10,30,22,360		5.09,1.67	0,0 	0
607     	24.09, -26.82, -6.75 	-0.10, -0.32, -6.78 	0.00, 10.00 	10,30,22,370		9.23,1.67	0,0 	0
615     	24.13, -26.87, -6.75 	-0.10, -0.32, -6.76 	0.00, 10.00 	10,30,22,379		7.54,0.00	0,0 	0
624     	24.09, -26.86, -6.77 	-0.08, -0.33, -6.75 	0.00, 10.00 	10,30,22,389		4.63,2.54	0,0 	0
633     	24.09, -26.86, -6.75 	-0.07, -0.34, -6.75 	0.00, 10.00 	10,30,22,399		0.00,1.67	0,0 	0
641     	24.13, -26.81, -6.78 	-0.09, -0.33, -6.75 	0.00, 10.00 	10,30,22,408		7.50,2.86	0,0 	0
650     	24.06, -26.84, -6.77 	-0.09, -0.33, -6.75 	0.00, 10.00 	10,30,22,418		8.16,0.00	0,0 	0
659     	24.07, -26.85, -6.79 	-0.09, -0.29, -6.76 	0.00, 10.00 	10,30,22,428		1.68,3.73	0,0 	0
667     	24.07, -26.82, -6.79 	-0.07, -0.28, -6.75 	0.00, 10.00 	10,30,22,437		2.81,2.85	0,0 	0
676     	24.12, -26.80, -6.80 	-0.09, -0.31, -6.77 	0.00, 10.00 	10,30,22,447		6.08,3.32	0,0 	0
685     	24.11, -26.83, -6.81 	-0.09, -0.29, -6.77 	0.00, 10.00 	10,30,22,457		2.72,1.24	0,0 	0
693     	24.14, -26.77, -6.82 	-0.08, -0.31, -6.77 	0.00, 10.00 	10,30,22,466		7.43,1.88	0,0 	0
702     	24.13, -26.75, -6.83 	-0.07, -0.31, -6.78 	0.00, 10.00 	10,30,22,476		2.74,1.11	0,0 	0
711     	24.11, -26.76, -6.82 	-0.13, -0.30, -6.77 	0.00, 10.00 	10,30,22,486		2.54,6.64	0,0 	0
720     	24.11, -26.76, -6.82 	-0.10, -0.32, -6.77 	0.00, 10.00 	10,30,22,496		0.00,3.55	0,0 	0
728     	24.14, -26.77, -6.80 	-0.10, -0.31, -6.77 	0.00, 10.00 	10,30,22,505		4.02,1.40	0,0 	0
737     	24.17, -26.73, -6.81 	-0.14, -0.33, -6.77 	0.00, 10.00 	10,30,22,515		5.98,5.07	0,0 	0
746     	24.21, -26.68, -6.85 	-0.10, -0.32, -6.78 	0.00, 10.00 	10,30,22,525		6.66,4.59	0,0 	0
755     	24.14, -26.72, -6.83 	-0.13, -0.29, -6.76 	0.00, 10.00 	10,30,22,535		9.22,4.16	0,0 	0
763     	24.12, -26.70, -6.82 	-0.11, -0.29, -6.76 	0.00, 10.00 	10,30,22,544		3.77,2.49	0,0 	0
772     	24.15, -26.75, -6.84 	-0.15, -0.30, -6.77 	0.00, 10.00 	10,30,22,554		6.02,4.59	0,0 	0
780     	24.19, -26.69, -6.84 	-0.15, -0.28, -6.78 	0.00, 10.00 	10,30,22,563		8.59,2.80	0,0 	0
789     	24.19, -26.71, -6.83 	-0.13, -0.29, -6.77 	0.00, 10.00 	10,30,22,573		2.49,2.54	0,0 	0
798     	24.19, -26.73, -6.83 	-0.12, -0.29, -6.77 	0.00, 10.00 	10,30,22,583		1.25,1.11	0,0 	0
806     	24.25, -26.73, -6.86 	-0.11, -0.29, -6.77 	0.00, 10.00 	10,30,22,592		7.51,1.24	0,0 	0
815     	24.20, -26.73, -6.85 	-0.10, -0.31, -6.78 	0.00, 10.00 	10,30,22,602		5.56,1.67	0,0 	0
824     	24.19, -26.70, -6.84 	-0.09, -0.31, -6.77 	0.00, 10.00 	10,30,22,612		2.74,1.11	0,0 	0
832     	24.25, -26.73, -6.86 	-0.09, -0.29, -6.77 	0.00, 10.00 	10,30,22,621		8.04,1.40	0,0 	0
841     	24.20, -26.69, -6.88 	-0.13, -0.32, -6.77 	0.00, 10.00 	10,30,22,631		6.72,5.07	0,0 	0
850     	24.18, -26.69, -6.86 	-0.14, -0.28, -6.77 	0.00, 10.00 	10,30,22,641		2.23,3.89	0,0 	0
858     	24.21, -26.73, -6.86 	-0.13, -0.28, -6.77 	0.00, 10.00 	10,30,22,650		5.66,1.24	0,0 	0
867     	24.15, -26.70, -6.87 	-0.11, -0.29, -6.77 	0.00, 10.00 	10,30,22,660		7.14,2.54	0,0 	0
876     	24.18, -26.65, -6.88 	-0.11, -0.29, -6.77 	0.00, 10.00 	10,30,22,670		7.05,0.00	0,0 	0
884     	24.15, -26.69, -6.89 	-0.11, -0.29, -6.77 	0.00, 10.00 	10,30,22,679		6.73,0.00	0,0 	0
893     	24.21, -26.69, -6.89 	-0.14, -0.29, -6.77 	0.00, 10.00 	10,30,22,689		6.68,3.32	0,0 	0
902     	24.21, -26.68, -6.89 	-0.14, -0.28, -6.77 	0.00, 10.00 	10,30,22,699		1.25,1.24	0,0 	0
911     	24.25, -26.66, -6.89 	-0.12, -0.29, -6.76 	0.00, 10.00 	10,30,22,709		5.09,2.54	0,0 	0
919     	24.25, -26.67, -6.91 	-0.14, -0.29, -6.77 	0.00, 10.00 	10,30,22,718		1.40,2.49	0,0 	0
928     	24.19, -26.70, -6.90 	-0.14, -0.29, -6.75 	0.00, 10.00 	10,30,22,728		7.63,0.00	0,0 	0
937     	24.23, -26.70, -6.89 	-0.17, -0.30, -6.76 	0.00, 10.00 	10,30,22,738		4.45,3.54	0,0 	0
946     	24.21, -26.67, -6.90 	-0.17, -0.30, -6.76 	0.00, 10.00 	10,30,22,748		4.37,0.00	0,0 	0
954     	24.23, -26.68, -6.88 	-0.17, -0.29, -6.77 	0.00, 10.00 	10,30,22,757		2.88,1.40	0,0 	0
963     	24.24, -26.68, -6.88 	-0.18, -0.29, -6.76 	0.00, 10.00 	10,30,22,767		1.11,1.11	0,0 	0
971     	24.27, -26.66, -6.87 	-0.18, -0.29, -6.76 	0.00, 10.00 	10,30,22,776		4.67,0.00	0,0 	0
980     	24.29, -26.66, -6.88 	-0.13, -0.28, -6.77 	0.00, 10.00 	10,30,22,786		2.23,5.67	0,0 	0
989     	24.23, -26.67, -6.91 	-0.14, -0.28, -6.77 	0.00, 10.00 	10,30,22,796		6.78,1.11	0,0 	0
997     	24.28, -26.67, -6.90 	-0.15, -0.28, -6.77 	0.00, 10.00 	10,30,22,805		6.26,1.24	0,0 	0
1006    	24.25, -26.70, -6.90 	-0.15, -0.29, -6.77 	0.00, 10.00 	10,30,22,815		5.00,1.24	1000,1 	0
1015    	24.28, -26.69, -6.88 	-0.15, -0.28, -6.76 	0.00, 10.00 	10,30,22,825		3.56,1.24	1000,1 	0
1023    	24.32, -26.66, -6.91 	-0.16, -0.29, -6.76 	0.00, 10.00 	10,30,22,834		6.52,1.87	1000,1 	0
1032    	24.34, -26.66, -6.89 	-0.15, -0.30, -6.74 	0.00, 10.00 	10,30,22,844		2.23,1.67	1000,1 	0
1041    	24.34, -26.66, -6.93 	-0.13, -0.30, -6.76 	0.00, 10.00 	10,30,22,854		0.00,2.21	1000,1 	0
1049    	24.33, -26.67, -6.91 	-0.17, -0.29, -6.75 	0.00, 10.00 	10,30,22,863		1.87,5.18	1000,1 	0
1058    	24.37, -26.63, -6.92 	-0.15, -0.29, -6.75 	0.00, 10.00 	10,30,22,873		6.66,2.21	1000,1 	0
1067    	24.41, -26.61, -6.94 	-0.18, -0.31, -6.73 	0.00, 10.00 	10,30,22,883		5.09,4.14	1000,1 	0
1076    	24.39, -26.65, -6.93 	-0.15, -0.30, -6.74 	0.00, 10.00 	10,30,22,893		5.45,3.54	1000,1 	0
1084    	24.34, -26.61, -6.96 	-0.18, -0.33, -6.73 	0.00, 10.00 	10,30,22,902		8.43,4.66	1000,1 	0
1093    	24.34, -26.59, -6.94 	-0.17, -0.33, -6.74 	0.00, 10.00 	10,30,22,912		1.25,1.11	1000,1 	0
1102    	24.40, -26.58, -6.93 	-0.17, -0.34, -6.73 	0.00, 10.00 	10,30,22,922		6.78,1.24	1000,1 	0
1110    	24.43, -26.61, -6.97 	-0.21, -0.31, -6.74 	0.00, 10.00 	10,30,22,931		4.70,5.72	1000,1 	0
1119    	24.44, -26.57, -6.95 	-0.24, -0.30, -6.73 	0.00, 10.00 	10,30,22,941		3.90,3.55	1000,1 	0
1128    	24.49, -26.56, -6.94 	-0.26, -0.35, -6.72 	0.00, 10.00 	10,30,22,951		5.69,5.44	1000,1 	0
1137    	24.48, -26.56, -6.97 	-0.27, -0.30, -6.73 	0.00, 10.00 	10,30,22,961		1.11,5.10	1000,1 	0
1145    	24.50, -26.51, -6.97 	-0.28, -0.31, -6.72 	0.00, 10.00 	10,30,22,970		7.43,1.87	1000,1 	0
1154    	24.44, -26.54, -6.96 	-0.28, -0.31, -6.72 	0.00, 10.00 	10,30,22,980		7.63,0.00	1000,1 	0
1162    	24.47, -26.50, -6.95 	-0.26, -0.30, -6.73 	0.00, 10.00 	10,30,22,989		6.73,2.85	1000,1 	0
1171    	24.50, -26.50, -6.95 	-0.26, -0.31, -6.71 	0.00, 10.00 	10,30,22,999		3.34,1.24	1000,1 	0
1180    	24.55, -26.51, -6.97 	-0.24, -0.30, -6.72 	0.00, 10.00 	10,30,23,9		5.71,2.53	1000,1 	0
1188    	24.50, -26.53, -6.98 	-0.24, -0.30, -6.71 	0.00, 10.00 	10,30,23,18		6.84,0.00	1000,1 	0
1197    	24.48, -26.50, -6.97 	-0.23, -0.28, -6.74 	0.00, 10.00 	10,30,23,28		4.37,2.72	1000,1 	0
1206    	24.52, -26.47, -6.99 	-0.27, -0.29, -6.71 	0.00, 10.00 	10,30,23,38		5.09,4.59	1000,1 	0
1214    	24.56, -26.51, -6.98 	-0.26, -0.29, -6.73 	0.00, 10.00 	10,30,23,47		6.56,1.24	1000,1 	0
1223    	24.59, -26.52, -6.98 	-0.27, -0.29, -6.72 	0.00, 10.00 	10,30,23,57		3.57,1.11	1000,1 	0
1232    	24.54, -26.53, -7.00 	-0.26, -0.29, -6.73 	0.00, 10.00 	10,30,23,67		5.69,1.11	1000,1 	0
1240    	24.59, -26.49, -7.00 	-0.26, -0.28, -6.72 	0.00, 10.00 	10,30,23,76		8.38,1.40	1000,1 	0
1249    	24.58, -26.48, -7.02 	-0.26, -0.28, -6.73 	0.00, 10.00 	10,30,23,86		1.68,0.00	1000,1 	0
1258    	24.61, -26.49, -7.00 	-0.27, -0.27, -6.73 	0.00, 10.00 	10,30,23,96		3.57,1.67	1000,1 	0
1267    	24.59, -26.45, -7.03 	-0.26, -0.26, -6.74 	0.00, 10.00 	10,30,23,106		4.37,1.66	1000,1 	0
1275    	24.67, -26.44, -7.03 	-0.24, -0.25, -6.74 	0.00, 10.00 	10,30,23,115		10.10,2.85	1000,1 	0
1284    	24.68, -26.41, -7.06 	-0.27, -0.25, -6.74 	0.00, 10.00 	10,30,23,125		3.90,3.32	1000,1 	0
1293    	24.67, -26.42, -7.07 	-0.26, -0.23, -6.75 	0.00, 10.00 	10,30,23,135		1.67,1.66	1000,1 	0
1301    	24.65, -26.47, -7.08 	-0.31, -0.22, -6.76 	0.00, 10.00 	10,30,23,144		6.13,6.38	1000,1 	0
1310    	24.73, -26.47, -7.07 	-0.26, -0.21, -6.76 	0.00, 10.00 	10,30,23,154		8.90,5.67	1000,1 	0
1319    	24.75, -26.42, -7.06 	-0.28, -0.18, -6.75 	0.00, 10.00 	10,30,23,164		5.45,4.34	1000,1 	0
1327    	24.72, -26.42, -7.07 	-0.27, -0.13, -6.77 	0.00, 10.00 	10,30,23,173		3.76,5.73	1000,1 	0
1336    	24.80, -26.47, -7.08 	-0.30, -0.09, -6.77 	0.00, 10.00 	10,30,23,183		10.23,5.99	1000,1 	0
1345    	24.76, -26.46, -7.14 	-0.32, -0.03, -6.77 	0.00, 10.00 	10,30,23,193		4.63,7.06	1000,1 	0
1353    	24.82, -26.42, -7.15 	-0.30, 0.01, -6.79 	0.00, 10.00 	10,30,23,202		8.59,6.12	1000,1 	0
1362    	24.84, -26.42, -7.17 	-0.35, 0.12, -6.80 	0.00, 10.00 	10,30,23,212		2.23,12.50	1000,1 	0
1371    	24.90, -26.40, -7.18 	-0.36, 0.32, -6.80 	0.00, 10.00 	10,30,23,222		7.11,22.41	1000,1 	0
1379    	24.96, -26.30, -7.26 	-0.33, 0.48, -6.78 	0.00, 10.00 	10,30,23,231		14.65,21.12	1000,1 	0
1388    	24.99, -26.20, -7.34 	-0.32, 0.79, -6.80 	0.00, 10.00 	10,30,23,241		11.69,33.57	1000,1 	0
1397    	25.04, -26.15, -7.42 	-0.28, 1.15, -6.82 	0.00, 10.00 	10,30,23,251		7.64,41.25	1000,1 	0
1405    	25.07, -26.05, -7.51 	-0.26, 1.57, -6.88 	0.00, 10.00 	10,30,23,260		13.15,51.77	1000,1 	0
1414    	25.11, -26.05, -7.62 	-0.18, 2.14, -6.95 	0.00, 10.00 	10,30,23,270		4.45,63.73	1000,1 	0
1423    	25.18, -25.95, -7.68 	-0.11, 2.69, -7.00 	0.00, 10.00 	10,30,23,280		13.62,62.50	1000,1 	0
1431    	25.20, -25.88, -7.80 	0.00, 3.24, -7.02 	0.00, 10.00 	10,30,23,289		8.77,69.62	1000,1 	0
1440    	25.25, -25.78, -7.93 	0.07, 3.81, -7.08 	0.00, 10.00 	10,30,23,299		12.50,63.73	1000,1 	0
1449    	25.34, -25.72, -8.04 	0.15, 4.29, -7.08 	0.00, 10.00 	10,30,23,309		12.46,54.00	1000,1 	0
1458    	25.56, -25.62, -8.15 	0.15, 4.73, -7.05 	0.00, 10.00 	10,30,23,319		26.87,48.51	1000,1 	0
1466    	25.60, -25.62, -8.22 	0.18, 5.08, -7.00 	0.00, 10.00 	10,30,23,328		5.01,44.82	1000,1 	0
1475    	25.59, -25.63, -8.28 	0.27, 5.44, -7.01 	0.00, 10.00 	10,30,23,338		1.67,40.73	1000,1 	0
1484    	25.55, -25.68, -8.33 	0.32, 5.78, -7.03 	0.00, 10.00 	10,30,23,348		6.66,38.78	1000,1 	0
1492    	25.54, -25.45, -8.35 	0.33, 6.13, -7.04 	0.00, 10.00 	10,30,23,357		28.19,43.36	1000,1 	0
1501    	25.48, -25.18, -8.41 	0.28, 6.43, -7.06 	0.00, 10.00 	10,30,23,367		30.71,34.05	1000,1 	0
1510    	25.41, -24.99, -8.44 	0.24, 6.70, -7.08 	0.00, 10.00 	10,30,23,377		22.63,30.37	1000,1 	0
1519    	25.38, -24.76, -8.48 	0.20, 7.00, -7.11 	0.00, 10.00 	10,30,23,387		25.37,32.82	1000,1 	0
1527    	25.34, -24.53, -8.53 	0.19, 7.30, -7.16 	0.00, 10.00 	10,30,23,396		29.92,37.79	1000,1 	0
1536    	25.39, -24.25, -8.52 	0.22, 7.54, -7.22 	0.00, 10.00 	10,30,23,406		31.64,27.44	1000,1 	0
1544    	25.34, -23.97, -8.54 	0.18, 7.74, -7.25 	0.00, 10.00 	10,30,23,415		35.92,24.31	1000,1 	0
1553    	25.33, -23.74, -8.58 	0.13, 7.89, -7.27 	0.00, 10.00 	10,30,23,425		24.97,18.65	1000,1 	0
1562    	25.27, -23.47, -8.61 	0.08, 8.06, -7.31 	0.00, 10.00 	10,30,23,435		30.71,19.47	1000,1 	0
1570    	25.34, -23.25, -8.61 	0.02, 8.21, -7.34 	0.00, 10.00 	10,30,23,444		29.00,20.19	1000,1 	0
1579    	25.30, -23.10, -8.64 	-0.03, 8.37, -7.38 	0.00, 10.00 	10,30,23,454		16.84,18.29	1000,1 	0
1588    	25.16, -22.99, -8.62 	-0.12, 8.52, -7.40 	0.00, 10.00 	10,30,23,464		20.02,19.02	1000,1 	0
1596    	25.04, -22.90, -8.63 	-0.19, 8.65, -7.42 	0.00, 10.00 	10,30,23,473		18.00,19.55	1000,1 	0
1605    	24.93, -22.76, -8.63 	-0.28, 8.78, -7.42 	0.00, 10.00 	10,30,23,483		20.38,16.95	1000,1 	0
1614    	24.87, -22.57, -8.67 	-0.32, 8.90, -7.42 	0.00, 10.00 	10,30,23,493		21.47,14.39	1000,1 	0
1623    	24.92, -22.39, -8.71 	-0.40, 9.03, -7.42 	0.00, 10.00 	10,30,23,503		21.89,16.95	1000,1 	0
1631    	24.91, -22.19, -8.74 	-0.48, 9.14, -7.41 	0.00, 10.00 	10,30,23,512		23.89,17.20	1000,1 	0
1640    	24.83, -22.02, -8.76 	-0.55, 9.24, -7.38 	0.00, 10.00 	10,30,23,522		20.77,13.63	1000,1 	0
1649    	24.83, -21.89, -8.78 	-0.62, 9.31, -7.34 	0.00, 10.00 	10,30,23,532		15.01,10.77	1000,1 	0
1657    	24.82, -21.78, -8.80 	-0.72, 9.39, -7.29 	0.00, 10.00 	10,30,23,541		14.09,16.86	1000,1 	0
1666    	24.77, -21.74, -8.78 	-0.85, 9.45, -7.22 	0.00, 10.00 	10,30,23,551		6.73,15.69	1000,1 	0
1675    	24.70, -21.66, -8.77 	-0.90, 9.51, -7.15 	0.00, 10.00 	10,30,23,561		11.74,8.34	1000,1 	0
1683    	24.66, -21.59, -8.77 	-0.95, 9.60, -7.08 	0.00, 10.00 	10,30,23,570		9.82,12.83	1000,1 	0
1692    	24.63, -21.48, -8.78 	-1.02, 9.67, -6.97 	0.00, 10.00 	10,30,23,580		12.93,10.77	1000,1 	0
1701    	24.54, -21.38, -8.80 	-1.15, 9.72, -6.89 	0.00, 10.00 	10,30,23,590		15.09,16.29	1000,1 	0
1710    	24.45, -21.31, -8.81 	-1.20, 9.68, -6.84 	0.00, 10.00 	10,30,23,600		12.54,6.64	1000,1 	0
1718    	24.43, -21.21, -8.83 	-1.21, 9.66, -6.84 	0.00, 10.00 	10,30,23,609		13.20,1.87	1000,1 	0
1727    	24.38, -21.18, -8.82 	-1.20, 9.69, -6.85 	0.00, 10.00 	10,30,23,619		6.11,2.49	1000,1 	0
1735    	24.36, -21.14, -8.83 	-1.19, 9.72, -6.86 	0.00, 10.00 	10,30,23,628		6.16,4.37	1000,1 	0
1744    	24.32, -21.06, -8.83 	-1.18, 9.71, -6.87 	0.00, 10.00 	10,30,23,638		9.82,1.67	1000,1 	0
1753    	24.28, -21.06, -8.84 	-1.18, 9.74, -6.88 	0.00, 10.00 	10,30,23,648		4.45,3.73	1000,1 	0
1761    	24.26, -21.07, -8.84 	-1.18, 9.74, -6.87 	0.00, 10.00 	10,30,23,657		2.86,0.00	1000,1 	0
1770    	24.26, -21.06, -8.85 	-1.16, 9.76, -6.88 	0.00, 10.00 	10,30,23,667		1.25,3.32	1000,1 	0
1779    	24.25, -21.04, -8.84 	-1.11, 9.77, -6.89 	0.00, 10.00 	10,30,23,677		2.74,5.67	1000,1 	0
1787    	24.25, -21.01, -8.82 	-1.10, 9.80, -6.90 	0.00, 10.00 	10,30,23,686		2.81,3.06	1000,1 	0
1796    	24.22, -21.02, -8.85 	-1.03, 9.83, -6.91 	0.00, 10.00 	10,30,23,696		3.56,8.58	1000,1 	0
1805    	24.23, -21.01, -8.85 	-0.95, 9.88, -6.92 	0.00, 10.00 	10,30,23,706		1.67,10.80	1000,1 	0
1814    	24.23, -21.00, -8.85 	-0.86, 9.94, -6.93 	0.00, 10.00 	10,30,23,716		1.25,11.72	1000,1 	0
1822    	24.22, -21.05, -8.85 	-0.75, 9.99, -6.94 	0.00, 10.00 	10,30,23,725		5.74,15.35	1000,1 	0
1831    	24.24, -21.00, -8.84 	-0.67, 10.04, -6.95 	0.00, 10.00 	10,30,23,735		5.45,10.80	1000,1 	0
1840    	24.21, -21.01, -8.84 	-0.60, 10.09, -6.95 	0.00, 10.00 	10,30,23,745		3.56,9.19	1000,1 	0
1848    	24.22, -21.02, -8.84 	-0.54, 10.09, -6.96 	0.00, 10.00 	10,30,23,754		1.89,7.59	1000,1 	0
1857    	24.18, -21.00, -8.84 	-0.48, 10.12, -6.96 	0.00, 10.00 	10,30,23,764		5.12,7.08	1000,1 	0
1866    	24.20, -21.01, -8.85 	-0.46, 10.11, -6.95 	0.00, 10.00 	10,30,23,774		2.56,2.21	1000,1 	0
1874    	24.17, -21.00, -8.85 	-0.43, 10.15, -6.95 	0.00, 10.00 	10,30,23,783		4.02,5.61	1000,1 	0
1883    	24.20, -20.99, -8.86 	-0.42, 10.17, -6.97 	0.00, 10.00 	10,30,23,793		3.56,2.72	1000,1 	0
1892    	24.22, -20.97, -8.84 	-0.42, 10.18, -6.97 	0.00, 10.00 	10,30,23,803		3.33,1.24	1000,1 	0
1901    	24.19, -20.94, -8.85 	-0.41, 10.18, -6.96 	0.00, 10.00 	10,30,23,813		4.18,1.11	1000,1 	0
1909    	24.17, -20.95, -8.85 	-0.42, 10.19, -6.96 	0.00, 10.00 	10,30,23,822		2.86,1.88	1000,1 	0
1918    	24.21, -20.98, -8.86 	-0.40, 10.19, -6.96 	0.00, 10.00 	10,30,23,832		5.12,2.21	1000,1 	0
1927    	24.20, -20.94, -8.87 	-0.41, 10.19, -6.95 	0.00, 10.00 	10,30,23,841		3.91,1.11	1000,1 	0
1936    	24.19, -20.92, -8.88 	-0.41, 10.21, -6.95 	0.00, 10.00 	10,30,23,851		2.74,2.49	1000,1 	0
1945    	24.17, -20.92, -8.88 	-0.42, 10.20, -6.95 	0.00, 10.00 	10,30,23,861		2.23,1.66	1000,1 	0
1953    	24.14, -20.92, -8.89 	-0.40, 10.21, -6.94 	0.00, 10.00 	10,30,23,870		3.76,2.85	1000,1 	0
1962    	24.14, -20.92, -8.88 	-0.41, 10.21, -6.94 	0.00, 10.00 	10,30,23,880		0.00,1.11	1000,1 	0
1971    	24.18, -20.96, -8.88 	-0.39, 10.24, -6.94 	0.00, 10.00 	10,30,23,890		5.83,3.32	1000,1 	0
1980    	24.17, -20.98, -8.88 	-0.40, 10.24, -6.94 	0.00, 10.00 	10,30,23,900		2.72,1.11	1000,1 	0
1988    	24.13, -20.97, -8.90 	-0.37, 10.25, -6.94 	0.00, 10.00 	10,30,23,909		5.21,3.98	1000,1 	0
1997    	24.14, -20.91, -8.88 	-0.36, 10.24, -6.93 	0.00, 10.00 	10,30,23,919		6.33,1.67	1000,1 	0
2006    	24.20, -20.90, -8.88 	-0.39, 10.24, -6.92 	0.00, 10.00 	10,30,23,929		6.78,3.32	1000,1 	0
2014    	24.17, -20.91, -8.87 	-0.37, 10.22, -6.91 	0.00, 10.00 	10,30,23,938		4.00,2.86	1000,1 	0
2023    	24.12, -20.95, -8.87 	-0.34, 10.22, -6.90 	0.00, 10.00 	10,30,23,948		7.45,3.32	1000,1 	0
2032    	24.12, -20.93, -8.86 	-0.34, 10.20, -6.89 	0.00, 10.00 	10,30,23,958		2.49,2.49	1000,1 	0
2040    	24.12, -20.97, -8.85 	-0.33, 10.20, -6.90 	0.00, 10.00 	10,30,23,967		4.21,1.24	1000,1 	0
2049    	24.09, -20.98, -8.84 	-0.30, 10.21, -6.90 	0.00, 10.00 	10,30,23,977		3.56,3.54	1000,1 	0
2058    	24.09, -20.96, -8.85 	-0.31, 10.20, -6.89 	0.00, 10.00 	10,30,23,987		1.25,1.66	1000,1 	0
2066    	24.06, -20.96, -8.87 	-0.30, 10.19, -6.88 	0.00, 10.00 	10,30,23,996		3.76,1.88	1000,1 	0
2075    	24.06, -20.94, -8.88 	-0.29, 10.18, -6.88 	0.00, 10.00 	10,30,24,6		2.49,1.67	1000,1 	0
2084    	24.07, -20.95, -8.89 	-0.30, 10.16, -6.86 	0.00, 10.00 	10,30,24,16		1.68,2.72	1000,1 	0
2092    	24.02, -20.97, -8.89 	-0.26, 10.15, -6.87 	0.00, 10.00 	10,30,24,25		6.84,4.98	1000,1 	0
2101    	24.05, -20.95, -8.89 	-0.28, 10.13, -6.87 	0.00, 10.00 	10,30,24,35		4.15,3.32	1000,1 	0
2110    	24.02, -20.97, -8.87 	-0.27, 10.12, -6.88 	0.00, 10.00 	10,30,24,45		4.15,1.67	1000,1 	0
2118    	24.01, -20.97, -8.86 	-0.22, 10.12, -6.88 	0.00, 10.00 	10,30,24,54		1.25,6.22	1000,1 	0
2127    	23.96, -21.01, -8.86 	-0.24, 10.12, -6.88 	0.00, 10.00 	10,30,24,64		6.69,2.21	1000,1 	0
2136    	23.92, -21.03, -8.87 	-0.22, 10.12, -6.87 	0.00, 10.00 	10,30,24,74		5.09,2.21	1000,1 	0
2144    	23.96, -21.04, -8.85 	-0.23, 10.11, -6.87 	0.00, 10.00 	10,30,24,83		5.21,1.87	1000,1 	0
2153    	23.95, -21.03, -8.86 	-0.21, 10.09, -6.86 	0.00, 10.00 	10,30,24,93		1.68,3.34	1000,1 	0
2162    	23.98, -21.03, -8.86 	-0.20, 10.09, -6.87 	0.00, 10.00 	10,30,24,103		3.34,1.11	1000,1 	0
2171    	23.99, -21.05, -8.85 	-0.19, 10.06, -6.86 	0.00, 10.00 	10,30,24,113		2.74,2.73	1000,1 	0
2179    	23.96, -21.06, -8.85 	-0.17, 10.07, -6.87 	0.00, 10.00 	10,30,24,122		4.00,2.85	1000,1 	0
2188    	23.97, -21.04, -8.86 	-0.15, 10.06, -6.87 	0.00, 10.00 	10,30,24,132		2.72,2.54	1000,1 	0
2197    	23.94, -21.05, -8.85 	-0.16, 10.06, -6.88 	0.00, 10.00 	10,30,24,142		3.56,1.11	1000,1 	0
2205    	23.98, -21.06, -8.86 	-0.15, 10.04, -6.87 	0.00, 10.00 	10,30,24,151		5.21,3.07	1000,1 	0
2214    	23.99, -21.06, -8.85 	-0.14, 10.04, -6.86 	0.00, 10.00 	10,30,24,161		1.11,1.11	1000,1 	0
2223    	23.96, -21.09, -8.85 	-0.14, 10.05, -6.87 	0.00, 10.00 	10,30,24,171		4.15,1.24	1000,1 	0
2231    	23.95, -21.11, -8.85 	-0.12, 10.06, -6.86 	0.00, 10.00 	10,30,24,180		3.07,2.85	1000,1 	0
2240    	23.92, -21.12, -8.85 	-0.12, 10.06, -6.88 	0.00, 10.00 	10,30,24,190		3.56,0.00	1000,1 	0
2249    	23.97, -21.11, -8.86 	-0.10, 10.05, -6.88 	0.00, 10.00 	10,30,24,200		5.69,2.54	1000,1 	0
2257    	23.96, -21.11, -8.85 	-0.09, 10.05, -6.87 	0.00, 10.00 	10,30,24,209		1.25,1.24	1000,1 	0
2266    	24.00, -21.11, -8.87 	-0.09, 10.06, -6.87 	0.00, 10.00 	10,30,24,219		4.45,1.24	1000,1 	0
2275    	23.94, -21.14, -8.86 	-0.08, 10.05, -6.87 	0.00, 10.00 	10,30,24,229		7.63,1.67	1000,1 	0
2283    	23.95, -21.12, -8.86 	-0.07, 10.04, -6.87 	0.00, 10.00 	10,30,24,238		3.07,1.88	1000,1 	0
2292    	23.95, -21.12, -8.85 	-0.08, 10.04, -6.86 	0.00, 10.00 	10,30,24,248		0.00,1.11	1000,1 	0
2301    	23.95, -21.13, -8.86 	-0.09, 10.05, -6.86 	0.00, 10.00 	10,30,24,258		1.25,1.67	1000,1 	0
2309    	23.96, -21.13, -8.86 	-0.09, 10.04, -6.87 	0.00, 10.00 	10,30,24,267		1.25,1.40	1000,1 	0
2318    	23.91, -21.15, -8.86 	-0.08, 10.03, -6.86 	0.00, 10.00 	10,30,24,277		6.08,1.67	1000,1 	0
2326    	23.94, -21.19, -8.84 	-0.09, 10.05, -6.87 	0.00, -0.00 	10,30,24,296		5.03,2.73	1000,1 	0
2335    	23.94, -21.19, -8.83 	-0.10, 10.04, -6.86 	0.00, -0.00 	10,30,24,306		0.00,1.15	1000,1 	0
2344    	23.91, -21.21, -8.82 	-0.08, 10.04, -6.86 	0.00, -0.00 	10,30,24,316		2.31,1.53	1000,1 	0
2353    	23.88, -21.22, -8.83 	-0.10, 10.04, -6.86 	0.00, -0.00 	10,30,24,326		2.46,1.53	1000,1 	0
2361    	23.88, -21.24, -8.82 	-0.10, 10.04, -6.85 	0.00, -0.00 	10,30,24,335		1.87,0.00	1000,1 	0
2370    	23.91, -21.23, -8.82 	-0.08, 10.04, -6.85 	0.00, -0.00 	10,30,24,345		2.46,1.53	1000,1 	0
2379    	23.89, -21.23, -8.82 	-0.10, 10.05, -6.85 	0.00, -0.00 	10,30,24,355		1.54,1.76	1000,1 	0
2387    	23.91, -21.21, -8.85 	-0.09, 10.05, -6.85 	0.00, -0.00 	10,30,24,364		2.50,0.83	1000,1 	0
2396    	23.90, -21.22, -8.84 	-0.11, 10.05, -6.86 	0.00, -0.00 	10,30,24,374		1.15,1.53	1000,1 	0
2405    	23.88, -21.23, -8.84 	-0.10, 10.05, -6.86 	0.00, -0.00 	10,30,24,384		1.76,0.77	1000,1 	0
2413    	23.85, -21.26, -8.85 	-0.09, 10.04, -6.86 	0.00, -0.00 	10,30,24,393		3.75,1.25	1000,1 	0
2422    	23.85, -21.29, -8.84 	-0.09, 10.04, -6.86 	0.00, -0.00 	10,30,24,403		1.60,0.00	1000,1 	0
2431    	23.83, -21.30, -8.85 	-0.10, 10.04, -6.86 	0.00, -0.00 	10,30,24,413		1.76,0.77	1000,1 	0
2439    	23.86, -21.29, -8.84 	-0.11, 10.04, -6.86 	0.00, -0.00 	10,30,24,422		2.67,0.83	1000,1 	0
2448    	23.85, -21.27, -8.84 	-0.11, 10.04, -6.86 	0.00, -0.00 	10,30,24,432		1.16,0.00	1000,1 	0
2457    	23.85, -21.29, -8.84 	-0.09, 10.05, -6.86 	0.00, -0.00 	10,30,24,442		0.86,1.75	1000,1 	0
2465    	23.83, -21.30, -8.84 	-0.08, 10.05, -6.86 	0.00, -0.00 	10,30,24,451		1.91,0.83	1000,1 	0
2474    	23.83, -21.28, -8.83 	-0.09, 10.05, -6.86 	0.00, -0.00 	10,30,24,461		0.86,0.77	1000,1 	0
2483    	23.85, -21.29, -8.83 	-0.10, 10.05, -6.86 	0.00, -0.00 	10,30,24,471		1.54,0.77	1000,1 	0
2491    	23.86, -21.29, -8.83 	-0.11, 10.05, -6.86 	0.00, -0.00 	10,30,24,480		0.77,0.77	1000,1 	0
2500    	23.84, -21.31, -8.84 	-0.11, 10.05, -6.86 	0.00, -0.00 	10,30,24,490		2.31,0.00	1000,1 	0
2509    	23.85, -21.25, -8.83 	-0.11, 10.05, -6.85 	0.00, -0.00 	10,30,24,500		4.38,0.00	1000,1 	0
2517    	23.87, -21.26, -8.82 	-0.11, 10.04, -6.85 	0.00, -0.00 	10,30,24,509		1.77,0.86	1000,1 	0
2526    	23.85, -21.27, -8.82 	-0.11, 10.04, -6.85 	0.00, -0.00 	10,30,24,519		1.76,0.00	1000,1 	0
2535    	23.79, -21.27, -8.82 	-0.10, 10.05, -6.85 	0.00, -0.00 	10,30,24,529		4.62,1.15	1000,1 	0
2544    	23.83, -21.24, -8.84 	-0.11, 10.05, -6.86 	0.00, -0.00 	10,30,24,539		4.01,0.77	1000,1 	0
2552    	23.85, -21.26, -8.84 	-0.10, 10.05, -6.86 	0.00, -0.00 	10,30,24,548		2.52,0.83	1000,1 	0
2561    	23.85, -21.23, -8.82 	-0.10, 10.06, -6.86 	0.00, -0.00 	10,30,24,558		2.59,0.86	1000,1 	0
2570    	23.83, -21.23, -8.82 	-0.10, 10.06, -6.87 	0.00, -0.00 	10,30,24,568		1.54,0.00	1000,1 	0
2578    	23.85, -21.23, -8.82 	-0.11, 10.06, -6.85 	0.00, -0.00 	10,30,24,577		1.67,0.83	1000,1 	0
2587    	23.79, -21.27, -8.81 	-0.12, 10.03, -6.86 	0.00, -0.00 	10,30,24,587		5.75,2.69	1000,1 	0
2596    	23.79, -21.27, -8.82 	-0.12, 9.99, -6.85 	0.00, -0.00 	10,30,24,597		0.00,2.58	1000,1 	0
2604    	23.77, -21.27, -8.83 	-0.10, 9.98, -6.85 	0.00, -0.00 	10,30,24,606		1.67,1.91	1000,1 	0
2613    	23.81, -21.28, -8.82 	-0.12, 9.90, -6.84 	0.00, -0.00 	10,30,24,616		2.98,5.77	1000,1 	0
2622    	23.78, -21.28, -8.81 	-0.14, 9.83, -6.85 	0.00, -0.00 	10,30,24,626		2.31,6.07	1000,1 	0
2631    	23.79, -21.28, -8.82 	-0.17, 9.75, -6.84 	0.00, -0.00 	10,30,24,636		0.83,6.98	1000,1 	0
2639    	23.79, -21.28, -8.82 	-0.19, 9.60, -6.84 	0.00, -0.00 	10,30,24,645		0.00,12.23	0,0 	0
2648    	23.81, -21.32, -8.80 	-0.23, 9.49, -6.84 	0.00, -0.00 	10,30,24,655		3.02,9.13	0,0 	0
2656    	23.83, -21.32, -8.81 	-0.26, 9.30, -6.83 	0.00, -0.00 	10,30,24,664		1.67,15.93	0,0 	0
2665    	23.84, -21.34, -8.81 	-0.26, 9.11, -6.85 	0.00, -0.00 	10,30,24,674		1.90,14.63	0,0 	0
2674    	23.87, -21.35, -8.82 	-0.31, 8.88, -6.84 	0.00, -0.00 	10,30,24,684		2.47,18.32	0,0 	0
2682    	23.86, -21.35, -8.81 	-0.38, 8.60, -6.84 	0.00, -0.00 	10,30,24,693		0.77,22.16	0,0 	0
2691    	23.87, -21.35, -8.82 	-0.46, 8.27, -6.87 	0.00, -0.00 	10,30,24,703		0.77,26.36	0,0 	0
2700    	23.89, -21.39, -8.82 	-0.60, 7.88, -6.90 	0.00, -0.00 	10,30,24,713		3.02,31.70	0,0 	0
2709    	23.91, -21.42, -8.82 	-0.68, 7.47, -6.94 	0.00, -0.00 	10,30,24,723		3.02,32.28	0,0 	0
2717    	23.96, -21.44, -8.80 	-0.72, 7.13, -6.99 	0.00, -0.00 	10,30,24,732		4.58,28.08	0,0 	0
2726    	23.94, -21.51, -8.81 	-0.78, 6.78, -7.00 	0.00, -0.00 	10,30,24,742		5.40,27.91	0,0 	0
2735    	23.97, -21.52, -8.79 	-0.86, 6.42, -7.00 	0.00, -0.00 	10,30,24,752		2.47,28.04	0,0 	0
2743    	23.99, -21.65, -8.81 	-0.93, 6.05, -7.01 	0.00, -0.00 	10,30,24,761		10.43,31.16	0,0 	0
2752    	24.13, -21.81, -8.75 	-0.98, 5.63, -7.00 	0.00, -0.00 	10,30,24,771		16.25,32.84	0,0 	0
2761    	24.22, -21.98, -8.75 	-1.06, 5.23, -6.98 	0.00, -0.00 	10,30,24,781		15.11,31.43	0,0 	0
2769    	24.38, -22.17, -8.71 	-1.10, 4.87, -6.99 	0.00, -0.00 	10,30,24,790		20.83,29.94	0,0 	0
2778    	24.55, -22.42, -8.69 	-1.15, 4.46, -7.00 	0.00, -0.00 	10,30,24,800		17.70,24.46	0,0 	0
2787    	24.64, -22.72, -8.68 	-1.21, 4.11, -7.00 	0.00, -0.00 	10,30,24,810		22.08,25.13	0,0 	0
2795    	24.75, -23.01, -8.62 	-1.24, 3.74, -7.00 	0.00, -0.00 	10,30,24,819		24.05,28.44	0,0 	0
2804    	24.80, -23.30, -8.55 	-1.31, 3.42, -7.03 	0.00, -0.00 	10,30,24,829		19.76,21.98	0,0 	0
2813    	24.79, -23.57, -8.49 	-1.29, 3.10, -7.03 	0.00, -0.00 	10,30,24,839		19.24,23.29	0,0 	0
2821    	24.90, -23.82, -8.46 	-1.21, 2.80, -7.07 	0.00, -0.00 	10,30,24,848		20.85,23.23	0,0 	0
2830    	25.02, -24.17, -8.40 	-1.12, 2.54, -7.08 	0.00, -0.00 	10,30,24,858		26.59,19.74	0,0 	0
2839    	25.21, -24.41, -8.37 	-1.07, 2.25, -7.07 	0.00, -0.00 	10,30,24,868		21.71,21.23	0,0 	0
2848    	25.44, -24.66, -8.34 	-1.07, 1.96, -7.05 	0.00, -0.00 	10,30,24,878		24.20,20.78	0,0 	0
2856    	25.51, -25.05, -8.30 	-1.09, 1.67, -7.03 	0.00, -0.00 	10,30,24,887		30.03,22.39	0,0 	0
2865    	25.61, -25.34, -8.22 	-1.07, 1.47, -7.06 	0.00, -0.00 	10,30,24,897		22.08,14.55	0,0 	0
2873    	25.59, -25.58, -8.19 	-1.01, 1.26, -7.09 	0.00, -0.00 	10,30,24,906		16.85,15.02	0,0 	0
2882    	25.55, -25.73, -8.14 	-0.93, 1.12, -7.11 	0.00, -0.00 	10,30,24,916		17.99,18.46	0,0 	0
2891    	25.52, -25.93, -8.13 	-0.87, 0.92, -7.10 	0.00, -0.00 	10,30,24,926		22.67,22.54	0,0 	0
2900    	25.48, -25.97, -8.09 	-0.84, 0.78, -7.09 	0.00, -0.00 	10,30,24,936		5.80,16.51	0,0 	0
2908    	25.43, -26.01, -8.05 	-0.77, 0.64, -7.06 	0.00, -0.00 	10,30,24,945		6.09,14.22	0,0 	0
2917    	25.39, -26.01, -8.02 	-0.69, 0.51, -7.04 	0.00, -0.00 	10,30,24,955		3.34,13.03	0,0 	0
2926    	25.46, -25.98, -8.01 	-0.65, 0.38, -7.01 	0.00, -0.00 	10,30,24,965		6.47,10.79	0,0 	0
