#Time 	Sensor1         Sensor2         Target          Time            Vel             
#================================================================

10      	24.89, -26.64, -6.69 	-0.31, -0.26, -6.73 	0.00, 20.00 	10,30,45,690		0.00,0.00	0,0 	0
18      	24.88, -26.64, -6.70 	-0.32, -0.27, -6.74 	0.00, 20.00 	10,30,45,700		1.25,1.87	0,0 	0
26      	24.88, -26.65, -6.70 	-0.32, -0.25, -6.73 	0.00, 20.00 	10,30,45,709		1.40,1.40	0,0 	0
35      	24.88, -26.64, -6.70 	-0.34, -0.25, -6.73 	0.00, 20.00 	10,30,45,719		1.25,2.21	0,0 	0
44      	24.83, -26.65, -6.71 	-0.35, -0.25, -6.74 	0.00, 20.00 	10,30,45,729		5.69,1.11	0,0 	0
52      	24.82, -26.63, -6.70 	-0.33, -0.25, -6.72 	0.00, 20.00 	10,30,45,738		3.08,2.49	0,0 	0
61      	24.76, -26.64, -6.71 	-0.38, -0.28, -6.72 	0.00, 20.00 	10,30,45,748		6.78,6.06	0,0 	0
70      	24.81, -26.63, -6.70 	-0.38, -0.25, -6.74 	0.00, 20.00 	10,30,45,758		5.69,2.49	0,0 	0
78      	24.82, -26.64, -6.71 	-0.37, -0.25, -6.75 	0.00, 20.00 	10,30,45,767		1.89,1.24	0,0 	0
87      	24.82, -26.65, -6.70 	-0.39, -0.23, -6.74 	0.00, 20.00 	10,30,45,777		1.25,3.34	0,0 	0
96      	24.82, -26.66, -6.73 	-0.35, -0.25, -6.75 	0.00, 20.00 	10,30,45,787		1.25,5.08	0,0 	0
104     	24.82, -26.66, -6.72 	-0.35, -0.25, -6.73 	0.00, 20.00 	10,30,45,796		0.00,0.00	0,0 	0
113     	24.82, -26.66, -6.68 	-0.35, -0.25, -6.73 	0.00, 20.00 	10,30,45,806		0.00,0.00	0,0 	0
122     	24.82, -26.66, -6.68 	-0.34, -0.22, -6.73 	0.00, 20.00 	10,30,45,816		0.00,3.89	0,0 	0
131     	24.85, -26.64, -6.68 	-0.35, -0.23, -6.72 	0.00, 20.00 	10,30,45,826		4.15,1.66	0,0 	0
139     	24.81, -26.66, -6.66 	-0.35, -0.23, -6.73 	0.00, 20.00 	10,30,45,835		5.72,0.00	0,0 	0
148     	24.79, -26.64, -6.68 	-0.33, -0.24, -6.73 	0.00, 20.00 	10,30,45,845		3.35,2.54	0,0 	0
157     	24.78, -26.64, -6.67 	-0.34, -0.24, -6.73 	0.00, 20.00 	10,30,45,855		1.11,1.11	0,0 	0
165     	24.80, -26.65, -6.67 	-0.33, -0.24, -6.71 	0.00, 20.00 	10,30,45,864		2.88,1.24	0,0 	0
174     	24.84, -26.65, -6.68 	-0.34, -0.22, -6.73 	0.00, 20.00 	10,30,45,874		4.45,2.73	0,0 	0
183     	24.84, -26.66, -6.70 	-0.33, -0.23, -6.72 	0.00, 20.00 	10,30,45,884		1.25,1.67	0,0 	0
191     	24.85, -26.66, -6.70 	-0.31, -0.22, -6.75 	0.00, 20.00 	10,30,45,893		1.25,2.85	0,0 	0
200     	24.85, -26.66, -6.70 	-0.32, -0.21, -6.75 	0.00, 20.00 	10,30,45,903		0.00,1.67	0,0 	0
209     	24.80, -26.67, -6.70 	-0.30, -0.23, -6.74 	0.00, 20.00 	10,30,45,913		5.69,3.34	0,0 	0
217     	24.80, -26.67, -6.68 	-0.31, -0.22, -6.75 	0.00, 20.00 	10,30,45,922		0.00,1.88	0,0 	0
226     	24.78, -26.70, -6.69 	-0.34, -0.21, -6.75 	0.00, 20.00 	10,30,45,932		4.34,3.55	0,0 	0
235     	24.81, -26.69, -6.68 	-0.33, -0.23, -6.74 	0.00, 20.00 	10,30,45,942		3.56,2.73	0,0 	0
243     	24.81, -26.70, -6.68 	-0.31, -0.22, -6.73 	0.00, 20.00 	10,30,45,951		1.40,2.85	0,0 	0
252     	24.85, -26.67, -6.68 	-0.34, -0.22, -6.73 	0.00, 20.00 	10,30,45,961		5.80,3.32	0,0 	0
261     	24.87, -26.66, -6.66 	-0.31, -0.22, -6.74 	0.00, 20.00 	10,30,45,971		2.54,3.32	0,0 	0
269     	24.84, -26.67, -6.66 	-0.30, -0.19, -6.75 	0.00, 20.00 	10,30,45,980		4.00,4.37	0,0 	0
278     	24.82, -26.67, -6.65 	-0.32, -0.18, -6.76 	0.00, 20.00 	10,30,45,990		2.23,2.54	0,0 	0
287     	24.82, -26.68, -6.66 	-0.33, -0.19, -6.74 	0.00, 20.00 	10,30,46,0		1.25,1.66	0,0 	0
295     	24.81, -26.67, -6.66 	-0.34, -0.20, -6.75 	0.00, 20.00 	10,30,46,9		1.89,1.87	0,0 	0
304     	24.81, -26.67, -6.66 	-0.32, -0.19, -6.75 	0.00, 20.00 	10,30,46,19		0.00,2.53	0,0 	0
314     	24.84, -26.69, -6.66 	-0.33, -0.19, -6.74 	0.00, 20.00 	10,30,46,30		3.76,1.00	0,0 	0
322     	24.79, -26.72, -6.64 	-0.33, -0.20, -6.74 	0.00, 20.00 	10,30,46,39		6.84,1.40	0,0 	0
330     	24.79, -26.72, -6.64 	-0.32, -0.21, -6.75 	0.00, 20.00 	10,30,46,48		0.00,1.88	0,0 	0
340     	24.79, -26.72, -6.64 	-0.31, -0.21, -6.74 	0.00, 20.00 	10,30,46,59		0.00,1.00	0,0 	0
348     	24.79, -26.72, -6.64 	-0.32, -0.22, -6.74 	0.00, 20.00 	10,30,46,68		0.00,1.87	0,0 	0
356     	24.79, -26.72, -6.64 	-0.33, -0.21, -6.74 	0.00, 20.00 	10,30,46,77		0.00,1.88	0,0 	0
365     	24.79, -26.72, -6.64 	-0.31, -0.19, -6.75 	0.00, 20.00 	10,30,46,87		0.00,3.32	0,0 	0
374     	24.79, -26.72, -6.64 	-0.30, -0.20, -6.75 	0.00, 20.00 	10,30,46,97		0.00,1.67	0,0 	0
382     	24.79, -26.72, -6.64 	-0.28, -0.20, -6.75 	0.00, 20.00 	10,30,46,106		0.00,2.49	0,0 	0
391     	24.79, -26.72, -6.64 	-0.31, -0.21, -6.75 	0.00, 20.00 	10,30,46,116		0.00,3.54	0,0 	0
400     	24.77, -26.75, -6.64 	-0.32, -0.21, -6.75 	0.00, 20.00 	10,30,46,126		4.34,1.11	0,0 	0
408     	24.76, -26.74, -6.63 	-0.32, -0.21, -6.75 	0.00, 20.00 	10,30,46,135		1.89,0.00	0,0 	0
417     	24.79, -26.77, -6.65 	-0.34, -0.19, -6.74 	0.00, 20.00 	10,30,46,145		5.03,3.34	0,0 	0
426     	24.78, -26.78, -6.65 	-0.31, -0.20, -6.75 	0.00, 20.00 	10,30,46,155		1.67,3.55	0,0 	0
434     	24.78, -26.78, -6.65 	-0.31, -0.20, -6.75 	0.00, 20.00 	10,30,46,164		0.00,0.00	0,0 	0
443     	24.78, -26.78, -6.65 	-0.31, -0.20, -6.75 	0.00, 20.00 	10,30,46,174		0.00,0.00	0,0 	0
452     	24.78, -26.78, -6.65 	-0.31, -0.20, -6.75 	0.00, 20.00 	10,30,46,184		0.00,0.00	0,0 	0
460     	24.80, -26.75, -6.65 	-0.29, -0.19, -6.75 	0.00, 20.00 	10,30,46,193		4.88,2.85	0,0 	0
469     	24.80, -26.75, -6.65 	-0.30, -0.20, -6.76 	0.00, 20.00 	10,30,46,203		0.00,1.66	0,0 	0
478     	24.79, -26.74, -6.66 	-0.29, -0.20, -6.76 	0.00, 20.00 	10,30,46,213		1.68,1.11	0,0 	0
486     	24.79, -26.74, -6.65 	-0.28, -0.20, -6.76 	0.00, 20.00 	10,30,46,222		0.00,1.24	0,0 	0
495     	24.79, -26.73, -6.65 	-0.29, -0.21, -6.75 	0.00, 20.00 	10,30,46,232		1.25,1.66	0,0 	0
505     	24.79, -26.74, -6.68 	-0.29, -0.21, -6.75 	0.00, 20.00 	10,30,46,243		1.12,0.00	0,0 	0
513     	24.79, -26.74, -6.68 	-0.28, -0.20, -6.75 	0.00, 20.00 	10,30,46,252		0.00,1.87	0,0 	0
521     	24.79, -26.76, -6.66 	-0.28, -0.20, -6.76 	0.00, 20.00 	10,30,46,261		2.81,0.00	0,0 	0
531     	24.79, -26.76, -6.66 	-0.28, -0.19, -6.76 	0.00, 20.00 	10,30,46,272		0.00,1.12	0,0 	0
539     	24.79, -26.76, -6.66 	-0.33, -0.20, -6.77 	0.00, 20.00 	10,30,46,281		0.00,6.37	0,0 	0
547     	24.79, -26.76, -6.66 	-0.32, -0.20, -6.77 	0.00, 20.00 	10,30,46,290		0.00,1.24	0,0 	0
556     	24.78, -26.74, -6.68 	-0.34, -0.19, -6.75 	0.00, 20.00 	10,30,46,300		2.74,2.54	0,0 	0
565     	24.76, -26.75, -6.66 	-0.33, -0.19, -6.76 	0.00, 20.00 	10,30,46,310		2.54,1.11	0,0 	0
573     	24.75, -26.76, -6.66 	-0.33, -0.19, -6.76 	0.00, 20.00 	10,30,46,319		1.87,0.00	0,0 	0
582     	24.75, -26.76, -6.66 	-0.33, -0.19, -6.76 	0.00, 20.00 	10,30,46,329		0.00,0.00	0,0 	0
591     	24.75, -26.76, -6.66 	-0.32, -0.21, -6.76 	0.00, 20.00 	10,30,46,339		0.00,2.73	0,0 	0
599     	24.74, -26.74, -6.65 	-0.32, -0.19, -6.74 	0.00, 20.00 	10,30,46,348		3.08,2.80	0,0 	0
608     	24.73, -26.77, -6.64 	-0.33, -0.20, -6.75 	0.00, 20.00 	10,30,46,358		3.90,1.66	0,0 	0
617     	24.72, -26.76, -6.64 	-0.32, -0.20, -6.74 	0.00, 20.00 	10,30,46,368		1.68,1.11	0,0 	0
625     	24.72, -26.76, -6.64 	-0.33, -0.21, -6.75 	0.00, 20.00 	10,30,46,377		0.00,1.87	0,0 	0
634     	24.72, -26.76, -6.64 	-0.32, -0.20, -6.74 	0.00, 20.00 	10,30,46,387		0.00,1.66	0,0 	0
643     	24.72, -26.76, -6.64 	-0.33, -0.21, -6.75 	0.00, 20.00 	10,30,46,397		0.00,1.66	0,0 	0
651     	24.77, -26.76, -6.64 	-0.31, -0.20, -6.75 	0.00, 20.00 	10,30,46,406		6.26,2.85	0,0 	0
660     	24.77, -26.74, -6.66 	-0.29, -0.21, -6.75 	0.00, 20.00 	10,30,46,416		2.49,2.54	0,0 	0
669     	24.77, -26.74, -6.66 	-0.29, -0.20, -6.75 	0.00, 20.00 	10,30,46,426		0.00,1.24	0,0 	0
678     	24.75, -26.77, -6.65 	-0.29, -0.20, -6.75 	0.00, 20.00 	10,30,46,436		4.34,0.00	0,0 	0
686     	24.74, -26.76, -6.64 	-0.29, -0.21, -6.75 	0.00, 20.00 	10,30,46,445		1.89,1.40	0,0 	0
696     	24.73, -26.74, -6.64 	-0.29, -0.20, -6.75 	0.00, 20.00 	10,30,46,456		2.46,1.12	0,0 	0
704     	24.74, -26.75, -6.63 	-0.29, -0.20, -6.75 	0.00, 20.00 	10,30,46,465		1.89,0.00	0,0 	0
712     	24.73, -26.76, -6.65 	-0.29, -0.20, -6.75 	0.00, 20.00 	10,30,46,474		1.87,0.00	0,0 	0
721     	24.71, -26.76, -6.66 	-0.29, -0.20, -6.75 	0.00, 20.00 	10,30,46,484		2.23,0.00	0,0 	0
730     	24.69, -26.75, -6.65 	-0.28, -0.20, -6.75 	0.00, 20.00 	10,30,46,494		2.56,1.11	0,0 	0
738     	24.69, -26.75, -6.66 	-0.28, -0.18, -6.76 	0.00, 20.00 	10,30,46,503		0.00,2.80	0,0 	0
747     	24.69, -26.75, -6.66 	-0.28, -0.18, -6.76 	0.00, 20.00 	10,30,46,513		0.00,0.00	0,0 	0
756     	24.67, -26.72, -6.64 	-0.27, -0.20, -6.75 	0.00, 20.00 	10,30,46,523		3.35,2.73	0,0 	0
764     	24.65, -26.74, -6.64 	-0.27, -0.19, -6.75 	0.00, 20.00 	10,30,46,532		2.86,1.40	0,0 	0
773     	24.61, -26.72, -6.66 	-0.27, -0.19, -6.74 	0.00, 20.00 	10,30,46,542		4.63,0.00	0,0 	0
782     	24.62, -26.72, -6.67 	-0.28, -0.21, -6.75 	0.00, 20.00 	10,30,46,552		1.11,2.72	0,0 	0
790     	24.57, -26.71, -6.65 	-0.29, -0.19, -6.76 	0.00, 20.00 	10,30,46,561		6.42,3.07	0,0 	0
799     	24.57, -26.72, -6.64 	-0.27, -0.19, -6.77 	0.00, 20.00 	10,30,46,571		1.25,2.21	0,0 	0
808     	24.54, -26.73, -6.67 	-0.27, -0.19, -6.77 	0.00, 20.00 	10,30,46,581		3.56,0.00	0,0 	0
816     	24.54, -26.73, -6.66 	-0.27, -0.19, -6.77 	0.00, 20.00 	10,30,46,590		0.00,0.00	0,0 	0
825     	24.55, -26.76, -6.66 	-0.29, -0.18, -6.77 	0.00, 20.00 	10,30,46,600		2.74,2.54	0,0 	0
834     	24.55, -26.76, -6.66 	-0.30, -0.18, -6.77 	0.00, 20.00 	10,30,46,610		0.00,1.11	0,0 	0
842     	24.54, -26.74, -6.66 	-0.29, -0.17, -6.77 	0.00, 20.00 	10,30,46,619		1.89,1.87	0,0 	0
851     	24.53, -26.73, -6.64 	-0.30, -0.18, -6.76 	0.00, 20.00 	10,30,46,629		1.68,1.66	0,0 	0
860     	24.58, -26.73, -6.64 	-0.30, -0.19, -6.77 	0.00, 20.00 	10,30,46,639		5.56,1.24	0,0 	0
869     	24.57, -26.72, -6.64 	-0.30, -0.19, -6.76 	0.00, 20.00 	10,30,46,649		1.68,0.00	0,0 	0
877     	24.55, -26.74, -6.62 	-0.30, -0.19, -6.76 	0.00, 20.00 	10,30,46,658		3.75,0.00	0,0 	0
887     	24.55, -26.74, -6.64 	-0.31, -0.18, -6.75 	0.00, 20.00 	10,30,46,669		0.00,1.50	0,0 	0
895     	24.59, -26.73, -6.63 	-0.31, -0.20, -6.76 	0.00, 20.00 	10,30,46,678		5.19,2.80	0,0 	0
903     	24.58, -26.72, -6.64 	-0.31, -0.19, -6.75 	0.00, 20.00 	10,30,46,687		1.89,1.40	0,0 	0
912     	24.64, -26.72, -6.67 	-0.31, -0.19, -6.74 	0.00, 20.00 	10,30,46,697		6.68,0.00	0,0 	0
921     	24.58, -26.72, -6.66 	-0.32, -0.20, -6.75 	0.00, 20.00 	10,30,46,707		6.68,1.66	0,0 	0
929     	24.56, -26.71, -6.64 	-0.30, -0.19, -6.73 	0.00, 20.00 	10,30,46,716		2.88,2.85	0,0 	0
939     	24.61, -26.69, -6.65 	-0.31, -0.20, -6.75 	0.00, 20.00 	10,30,46,726		5.47,1.50	0,0 	0
948     	24.59, -26.72, -6.67 	-0.31, -0.19, -6.74 	0.00, 20.00 	10,30,46,736		4.34,1.24	0,0 	0
956     	24.59, -26.73, -6.66 	-0.32, -0.20, -6.75 	0.00, 20.00 	10,30,46,745		1.40,1.87	0,0 	0
965     	24.61, -26.70, -6.64 	-0.31, -0.19, -6.74 	0.00, 20.00 	10,30,46,755		4.34,1.66	0,0 	0
974     	24.66, -26.70, -6.63 	-0.32, -0.20, -6.75 	0.00, 20.00 	10,30,46,765		5.56,1.66	0,0 	0
982     	24.64, -26.71, -6.64 	-0.32, -0.20, -6.73 	0.00, 20.00 	10,30,46,774		2.86,0.00	0,0 	0
991     	24.68, -26.72, -6.64 	-0.32, -0.21, -6.74 	0.00, 20.00 	10,30,46,784		4.63,1.24	0,0 	0
1000    	24.63, -26.70, -6.66 	-0.33, -0.21, -6.73 	0.00, 20.00 	10,30,46,794		6.11,1.11	1000,1 	0
1008    	24.66, -26.66, -6.67 	-0.33, -0.20, -6.73 	0.00, 20.00 	10,30,46,803		6.73,1.40	1000,1 	0
1017    	24.70, -26.65, -6.66 	-0.31, -0.21, -6.73 	0.00, 20.00 	10,30,46,813		4.62,2.54	1000,1 	0
1026    	24.75, -26.63, -6.70 	-0.32, -0.19, -6.75 	0.00, 20.00 	10,30,46,823		6.08,2.73	1000,1 	0
1034    	24.72, -26.65, -6.70 	-0.33, -0.19, -6.75 	0.00, 20.00 	10,30,46,832		4.67,1.24	1000,1 	0
1043    	24.67, -26.66, -6.70 	-0.31, -0.18, -6.75 	0.00, 20.00 	10,30,46,842		5.69,2.53	1000,1 	0
1052    	24.71, -26.66, -6.68 	-0.32, -0.20, -6.75 	0.00, 20.00 	10,30,46,852		4.45,2.72	1000,1 	0
1061    	24.73, -26.65, -6.68 	-0.30, -0.19, -6.76 	0.00, 20.00 	10,30,46,862		2.54,2.53	1000,1 	0
1069    	24.72, -26.64, -6.69 	-0.32, -0.21, -6.75 	0.00, 20.00 	10,30,46,871		1.89,3.74	1000,1 	0
1079    	24.71, -26.64, -6.67 	-0.32, -0.20, -6.74 	0.00, 20.00 	10,30,46,882		1.00,1.12	1000,1 	0
1087    	24.67, -26.66, -6.68 	-0.31, -0.21, -6.75 	0.00, 20.00 	10,30,46,891		5.72,1.88	1000,1 	0
1095    	24.67, -26.65, -6.69 	-0.30, -0.21, -6.75 	0.00, 20.00 	10,30,46,900		1.40,1.24	1000,1 	0
1104    	24.72, -26.64, -6.70 	-0.31, -0.22, -6.74 	0.00, 20.00 	10,30,46,910		5.69,1.66	1000,1 	0
1113    	24.71, -26.64, -6.70 	-0.31, -0.23, -6.74 	0.00, 20.00 	10,30,46,920		1.11,1.24	1000,1 	0
1121    	24.77, -26.65, -6.69 	-0.32, -0.21, -6.76 	0.00, 20.00 	10,30,46,929		7.65,3.07	1000,1 	0
1130    	24.75, -26.61, -6.68 	-0.32, -0.21, -6.74 	0.00, 20.00 	10,30,46,939		4.37,0.00	1000,1 	0
1139    	24.70, -26.61, -6.70 	-0.32, -0.21, -6.73 	0.00, 20.00 	10,30,46,949		5.56,0.00	1000,1 	0
1147    	24.76, -26.61, -6.69 	-0.33, -0.21, -6.74 	0.00, 20.00 	10,30,46,958		7.51,1.24	1000,1 	0
1156    	24.76, -26.61, -6.72 	-0.33, -0.21, -6.74 	0.00, 20.00 	10,30,46,968		0.00,0.00	1000,1 	0
1165    	24.75, -26.59, -6.73 	-0.31, -0.22, -6.75 	0.00, 20.00 	10,30,46,978		2.74,2.54	1000,1 	0
1173    	24.75, -26.58, -6.75 	-0.32, -0.22, -6.73 	0.00, 20.00 	10,30,46,987		1.40,1.24	1000,1 	0
1182    	24.74, -26.61, -6.73 	-0.32, -0.22, -6.73 	0.00, 20.00 	10,30,46,997		3.90,0.00	1000,1 	0
1191    	24.74, -26.62, -6.73 	-0.30, -0.23, -6.73 	0.00, 20.00 	10,30,47,7		1.25,2.54	1000,1 	0
1199    	24.75, -26.64, -6.71 	-0.28, -0.23, -6.73 	0.00, 20.00 	10,30,47,16		1.89,2.49	1000,1 	0
1208    	24.78, -26.59, -6.70 	-0.29, -0.23, -6.74 	0.00, 20.00 	10,30,47,26		5.98,1.11	1000,1 	0
1217    	24.80, -26.60, -6.71 	-0.30, -0.23, -6.74 	0.00, 20.00 	10,30,47,36		2.56,1.11	1000,1 	0
1225    	24.80, -26.60, -6.71 	-0.30, -0.22, -6.74 	0.00, 20.00 	10,30,47,45		0.00,1.40	1000,1 	0
1234    	24.85, -26.60, -6.70 	-0.30, -0.22, -6.74 	0.00, 20.00 	10,30,47,55		5.56,0.00	1000,1 	0
1243    	24.83, -26.57, -6.71 	-0.31, -0.22, -6.73 	0.00, 20.00 	10,30,47,65		4.37,1.11	1000,1 	0
1252    	24.78, -26.63, -6.72 	-0.32, -0.22, -6.74 	0.00, 20.00 	10,30,47,75		8.33,1.11	1000,1 	0
1260    	24.83, -26.62, -6.72 	-0.32, -0.21, -6.74 	0.00, 20.00 	10,30,47,84		6.41,1.40	1000,1 	0
1270    	24.88, -26.63, -6.74 	-0.31, -0.23, -6.74 	0.00, 20.00 	10,30,47,95		5.14,2.45	1000,1 	0
1278    	24.94, -26.63, -6.73 	-0.32, -0.21, -6.73 	0.00, 20.00 	10,30,47,104		7.51,3.07	1000,1 	0
1286    	24.91, -26.58, -6.75 	-0.31, -0.23, -6.73 	0.00, 20.00 	10,30,47,113		6.77,3.07	1000,1 	0
1295    	24.92, -26.59, -6.77 	-0.32, -0.22, -6.72 	0.00, 20.00 	10,30,47,123		1.68,1.67	1000,1 	0
1304    	25.00, -26.55, -6.76 	-0.26, -0.22, -6.75 	0.00, 20.00 	10,30,47,133		10.18,6.64	1000,1 	0
1312    	24.95, -26.58, -6.77 	-0.26, -0.21, -6.75 	0.00, 20.00 	10,30,47,142		7.52,1.40	1000,1 	0
1321    	24.90, -26.61, -6.80 	-0.31, -0.20, -6.73 	0.00, 20.00 	10,30,47,152		6.08,5.67	1000,1 	0
1330    	24.93, -26.57, -6.80 	-0.27, -0.18, -6.74 	0.00, 20.00 	10,30,47,162		5.00,5.07	1000,1 	0
1338    	24.89, -26.62, -6.80 	-0.30, -0.14, -6.77 	0.00, 20.00 	10,30,47,171		7.50,5.63	1000,1 	0
1347    	24.89, -26.62, -6.83 	-0.26, -0.11, -6.74 	0.00, 20.00 	10,30,47,181		0.00,5.78	1000,1 	0
1356    	24.86, -26.64, -6.84 	-0.29, 0.04, -6.76 	0.00, 20.00 	10,30,47,191		4.15,16.78	1000,1 	0
1364    	24.97, -26.58, -6.90 	-0.34, 0.17, -6.76 	0.00, 20.00 	10,30,47,200		15.42,17.92	1000,1 	0
1373    	25.04, -26.62, -6.96 	-0.33, 0.42, -6.81 	0.00, 20.00 	10,30,47,210		8.66,27.35	1000,1 	0
1382    	25.08, -26.42, -7.07 	-0.35, 0.67, -6.85 	0.00, 20.00 	10,30,47,220		22.86,28.69	1000,1 	0
1390    	25.26, -26.34, -7.12 	-0.27, 0.99, -6.87 	0.00, 20.00 	10,30,47,229		24.52,40.09	1000,1 	0
1399    	25.43, -26.19, -7.25 	-0.10, 1.30, -6.93 	0.00, 20.00 	10,30,47,239		24.86,39.00	1000,1 	0
1408    	25.55, -26.13, -7.32 	-0.04, 1.63, -6.96 	0.00, 20.00 	10,30,47,249		15.27,37.86	1000,1 	0
1417    	25.68, -26.03, -7.38 	0.02, 2.00, -6.99 	0.00, 20.00 	10,30,47,259		18.25,41.38	1000,1 	0
1425    	25.77, -25.86, -7.47 	0.02, 2.39, -7.01 	0.00, 20.00 	10,30,47,268		23.81,48.98	1000,1 	0
1434    	25.86, -25.80, -7.56 	0.04, 2.89, -7.04 	0.00, 20.00 	10,30,47,278		12.46,55.96	1000,1 	0
1443    	25.93, -25.75, -7.69 	0.06, 3.43, -7.03 	0.00, 20.00 	10,30,47,288		9.22,59.69	1000,1 	0
1451    	25.97, -25.67, -7.83 	0.15, 4.06, -7.01 	0.00, 20.00 	10,30,47,297		11.00,80.17	1000,1 	0
1460    	26.14, -25.59, -7.90 	0.29, 4.69, -6.98 	0.00, 20.00 	10,30,47,307		20.35,71.05	1000,1 	0
1469    	26.04, -25.33, -7.90 	0.39, 5.30, -7.04 	0.00, 20.00 	10,30,47,317		30.83,68.92	1000,1 	0
1477    	25.97, -24.98, -7.95 	0.45, 5.86, -7.10 	0.00, 20.00 	10,30,47,326		44.42,70.19	1000,1 	0
1486    	25.90, -24.57, -8.01 	0.52, 6.38, -7.17 	0.00, 20.00 	10,30,47,336		45.83,58.79	1000,1 	0
1495    	25.86, -24.08, -8.15 	0.55, 6.85, -7.23 	0.00, 20.00 	10,30,47,346		55.19,52.26	1000,1 	0
1503    	25.77, -23.54, -8.27 	0.54, 7.36, -7.31 	0.00, 20.00 	10,30,47,355		68.35,63.01	1000,1 	0
1512    	25.68, -23.02, -8.40 	0.51, 7.88, -7.38 	0.00, 20.00 	10,30,47,365		58.51,58.72	1000,1 	0
1521    	25.66, -22.46, -8.49 	0.53, 8.42, -7.47 	0.00, 20.00 	10,30,47,375		62.47,59.69	1000,1 	0
1529    	25.60, -22.01, -8.61 	0.55, 8.96, -7.54 	0.00, 20.00 	10,30,47,384		56.86,67.15	1000,1 	0
1538    	25.50, -21.61, -8.71 	0.62, 9.49, -7.63 	0.00, 20.00 	10,30,47,394		45.12,60.03	1000,1 	0
1547    	25.40, -21.22, -8.77 	0.62, 10.01, -7.72 	0.00, 20.00 	10,30,47,404		45.41,57.25	1000,1 	0
1555    	25.34, -20.86, -8.80 	0.57, 10.48, -7.76 	0.00, 20.00 	10,30,47,413		45.57,59.25	1000,1 	0
1564    	25.37, -20.42, -8.89 	0.54, 11.02, -7.83 	0.00, 20.00 	10,30,47,423		48.68,59.86	1000,1 	0
1573    	25.32, -20.05, -8.93 	0.56, 11.54, -7.93 	0.00, 20.00 	10,30,47,433		41.57,58.45	1000,1 	0
1581    	25.26, -19.77, -8.94 	0.59, 12.10, -8.02 	0.00, 20.00 	10,30,47,442		36.21,69.98	1000,1 	0
1590    	25.14, -19.49, -8.94 	0.55, 12.61, -8.09 	0.00, 20.00 	10,30,47,452		32.85,56.37	1000,1 	0
1599    	25.12, -19.17, -8.97 	0.51, 13.07, -8.13 	0.00, 20.00 	10,30,47,462		36.34,51.30	1000,1 	0
1608    	25.05, -18.86, -9.03 	0.49, 13.55, -8.17 	0.00, 20.00 	10,30,47,472		34.61,53.58	1000,1 	0
1616    	25.01, -18.58, -9.09 	0.45, 14.00, -8.22 	0.00, 20.00 	10,30,47,481		35.46,56.32	1000,1 	0
1625    	24.96, -18.30, -9.11 	0.44, 14.40, -8.23 	0.00, 20.00 	10,30,47,491		31.93,44.83	1000,1 	0
1634    	24.85, -18.04, -9.14 	0.39, 14.78, -8.25 	0.00, 20.00 	10,30,47,501		31.26,42.82	1000,1 	0
1642    	24.75, -17.76, -9.18 	0.34, 15.13, -8.26 	0.00, 20.00 	10,30,47,510		37.76,44.03	1000,1 	0
1651    	24.60, -17.47, -9.22 	0.27, 15.47, -8.26 	0.00, 20.00 	10,30,47,520		35.46,38.13	1000,1 	0
1660    	24.40, -17.22, -9.24 	0.21, 15.76, -8.23 	0.00, 20.00 	10,30,47,530		35.44,33.27	1000,1 	0
1668    	24.25, -16.96, -9.29 	0.13, 16.09, -8.22 	0.00, 20.00 	10,30,47,539		38.09,42.13	1000,1 	0
1677    	24.16, -16.69, -9.33 	0.09, 16.37, -8.20 	0.00, 20.00 	10,30,47,549		31.62,31.59	1000,1 	0
1686    	24.05, -16.45, -9.35 	0.04, 16.67, -8.19 	0.00, 20.00 	10,30,47,559		28.98,34.05	1000,1 	0
1694    	23.99, -16.24, -9.37 	0.01, 16.99, -8.18 	0.00, 20.00 	10,30,47,568		28.11,39.50	1000,1 	0
1703    	23.87, -16.02, -9.39 	-0.01, 17.31, -8.14 	0.00, 20.00 	10,30,47,578		27.27,36.22	1000,1 	0
1712    	23.84, -15.78, -9.44 	-0.02, 17.64, -8.13 	0.00, 20.00 	10,30,47,588		26.42,36.08	1000,1 	0
1720    	23.75, -15.64, -9.47 	-0.01, 17.95, -8.11 	0.00, 20.00 	10,30,47,597		21.50,39.17	1000,1 	0
1729    	23.70, -15.46, -9.49 	-0.00, 18.21, -8.06 	0.00, 20.00 	10,30,47,607		21.08,28.60	1000,1 	0
1738    	23.61, -15.24, -9.54 	-0.07, 18.42, -7.98 	0.00, 20.00 	10,30,47,617		25.78,24.89	1000,1 	0
1746    	23.49, -15.08, -9.55 	-0.10, 18.64, -7.91 	0.00, 20.00 	10,30,47,626		24.81,27.06	1000,1 	0
1755    	23.38, -14.89, -9.55 	-0.11, 18.85, -7.83 	0.00, 20.00 	10,30,47,636		24.55,23.65	1000,1 	0
1764    	23.30, -14.71, -9.55 	-0.12, 19.03, -7.75 	0.00, 20.00 	10,30,47,646		22.38,20.03	1000,1 	0
1773    	23.24, -14.51, -9.56 	-0.12, 19.23, -7.69 	0.00, 20.00 	10,30,47,656		22.27,22.38	1000,1 	0
1781    	23.18, -14.32, -9.60 	-0.11, 19.41, -7.63 	0.00, 20.00 	10,30,47,665		25.05,22.38	1000,1 	0
1790    	23.15, -14.19, -9.61 	-0.12, 19.55, -7.55 	0.00, 20.00 	10,30,47,675		15.35,16.21	1000,1 	0
1799    	23.04, -14.09, -9.61 	-0.11, 19.70, -7.50 	0.00, 20.00 	10,30,47,685		16.72,16.20	1000,1 	0
1807    	23.00, -13.99, -9.61 	-0.09, 19.81, -7.43 	0.00, 20.00 	10,30,47,694		13.61,14.04	1000,1 	0
1816    	22.92, -13.90, -9.61 	-0.09, 19.89, -7.35 	0.00, 20.00 	10,30,47,704		13.41,8.70	1000,1 	0
1825    	22.89, -13.82, -9.60 	-0.11, 19.96, -7.28 	0.00, 20.00 	10,30,47,714		9.37,7.79	1000,1 	0
1833    	22.85, -13.74, -9.61 	-0.12, 20.01, -7.21 	0.00, 20.00 	10,30,47,723		11.05,7.11	1000,1 	0
1843    	22.78, -13.73, -9.61 	-0.12, 20.09, -7.15 	0.00, 20.00 	10,30,47,734		7.11,7.83	1000,1 	0
1851    	22.72, -13.67, -9.62 	-0.11, 20.16, -7.11 	0.00, 20.00 	10,30,47,743		10.31,8.48	1000,1 	0
1859    	22.67, -13.64, -9.62 	-0.12, 20.21, -7.05 	0.00, 20.00 	10,30,47,752		7.57,7.43	1000,1 	0
1868    	22.64, -13.59, -9.62 	-0.14, 20.23, -7.00 	0.00, 20.00 	10,30,47,762		6.02,2.54	1000,1 	0
1877    	22.60, -13.57, -9.58 	-0.18, 20.25, -6.97 	0.00, 20.00 	10,30,47,772		5.12,5.08	1000,1 	0
1885    	22.54, -13.51, -9.59 	-0.19, 20.31, -6.97 	0.00, 20.00 	10,30,47,781		10.31,7.11	1000,1 	0
1894    	22.46, -13.45, -9.61 	-0.14, 20.35, -6.99 	0.00, 20.00 	10,30,47,791		10.90,7.43	1000,1 	0
1903    	22.46, -13.41, -9.62 	-0.10, 20.38, -7.01 	0.00, 20.00 	10,30,47,801		4.99,5.78	1000,1 	0
1911    	22.38, -13.38, -9.62 	-0.05, 20.43, -7.02 	0.00, 20.00 	10,30,47,810		10.42,8.35	1000,1 	0
1920    	22.35, -13.36, -9.58 	-0.01, 20.44, -7.02 	0.00, 20.00 	10,30,47,820		5.12,4.59	1000,1 	0
1929    	22.34, -13.32, -9.58 	0.02, 20.46, -7.03 	0.00, 20.00 	10,30,47,830		5.12,4.14	1000,1 	0
1937    	22.36, -13.32, -9.57 	0.04, 20.45, -7.02 	0.00, 20.00 	10,30,47,839		2.50,2.86	1000,1 	0
1946    	22.32, -13.30, -9.57 	0.05, 20.45, -7.02 	0.00, 20.00 	10,30,47,849		4.63,1.11	1000,1 	0
1955    	22.28, -13.28, -9.56 	0.04, 20.43, -7.01 	0.00, 20.00 	10,30,47,858		5.12,1.66	1000,1 	0
1964    	22.25, -13.30, -9.56 	0.05, 20.43, -7.01 	0.00, 20.00 	10,30,47,868		4.15,1.11	1000,1 	0
1972    	22.25, -13.31, -9.54 	0.05, 20.43, -7.02 	0.00, 20.00 	10,30,47,877		1.40,0.00	1000,1 	0
1981    	22.24, -13.29, -9.54 	0.07, 20.43, -7.02 	0.00, 20.00 	10,30,47,887		2.74,2.21	1000,1 	0
1990    	22.23, -13.29, -9.54 	0.07, 20.42, -7.01 	0.00, 20.00 	10,30,47,897		1.11,1.24	1000,1 	0
1998    	22.24, -13.27, -9.54 	0.07, 20.42, -7.01 	0.00, 20.00 	10,30,47,906		3.07,0.00	1000,1 	0
2007    	22.24, -13.28, -9.54 	0.08, 20.42, -7.01 	0.00, 20.00 	10,30,47,916		1.25,1.11	1000,1 	0
2016    	22.25, -13.29, -9.54 	0.07, 20.41, -7.00 	0.00, 20.00 	10,30,47,926		1.68,1.66	1000,1 	0
2024    	22.25, -13.29, -9.54 	0.08, 20.40, -7.00 	0.00, 20.00 	10,30,47,935		0.00,1.88	1000,1 	0
2034    	22.25, -13.29, -9.54 	0.08, 20.40, -7.00 	0.00, 20.00 	10,30,47,946		0.00,0.00	1000,1 	0
2042    	22.25, -13.29, -9.54 	0.08, 20.38, -7.01 	0.00, 20.00 	10,30,47,955		0.00,2.80	1000,1 	0
2050    	22.25, -13.28, -9.54 	0.08, 20.37, -7.00 	0.00, 20.00 	10,30,47,964		1.40,1.40	1000,1 	0
2059    	22.25, -13.28, -9.54 	0.10, 20.34, -7.00 	0.00, 20.00 	10,30,47,974		0.00,3.33	1000,1 	0
2068    	22.25, -13.29, -9.53 	0.10, 20.34, -7.01 	0.00, 20.00 	10,30,47,984		1.25,0.00	1000,1 	0
2076    	22.25, -13.29, -9.53 	0.09, 20.33, -7.00 	0.00, 20.00 	10,30,47,993		0.00,1.87	1000,1 	0
2085    	22.23, -13.31, -9.54 	0.07, 20.31, -7.00 	0.00, 20.00 	10,30,48,3		3.33,3.32	1000,1 	0
2094    	22.22, -13.31, -9.54 	0.08, 20.30, -7.00 	0.00, 20.00 	10,30,48,13		1.11,1.67	1000,1 	0
2102    	22.22, -13.31, -9.54 	0.05, 20.30, -7.00 	0.00, 20.00 	10,30,48,22		0.00,3.73	1000,1 	0
2111    	22.20, -13.36, -9.54 	0.03, 20.29, -7.00 	0.00, 20.00 	10,30,48,32		5.10,2.53	1000,1 	0
2120    	22.18, -13.36, -9.54 	0.03, 20.28, -7.00 	0.00, 20.00 	10,30,48,42		2.23,1.24	1000,1 	0
2128    	22.20, -13.35, -9.53 	0.01, 20.29, -7.00 	0.00, 20.00 	10,30,48,51		1.87,2.86	1000,1 	0
2137    	22.19, -13.36, -9.54 	-0.00, 20.28, -7.00 	0.00, 20.00 	10,30,48,61		1.25,1.66	1000,1 	0
2146    	22.20, -13.35, -9.53 	-0.00, 20.28, -7.00 	0.00, 20.00 	10,30,48,71		1.25,0.00	1000,1 	0
2155    	22.21, -13.35, -9.52 	-0.01, 20.27, -7.00 	0.00, 20.00 	10,30,48,81		1.11,1.66	1000,1 	0
2163    	22.18, -13.38, -9.53 	-0.01, 20.27, -7.00 	0.00, 20.00 	10,30,48,90		4.88,0.00	1000,1 	0
2172    	22.18, -13.37, -9.53 	-0.00, 20.28, -6.99 	0.00, 20.00 	10,30,48,100		1.25,1.66	1000,1 	0
2181    	22.17, -13.36, -9.52 	-0.01, 20.28, -7.00 	0.00, 20.00 	10,30,48,110		1.68,1.11	1000,1 	0
2189    	22.21, -13.35, -9.52 	0.01, 20.28, -7.00 	0.00, 20.00 	10,30,48,119		4.00,2.49	1000,1 	0
2198    	22.15, -13.36, -9.53 	0.01, 20.28, -7.00 	0.00, 20.00 	10,30,48,129		5.69,0.00	1000,1 	0
2207    	22.15, -13.36, -9.52 	-0.00, 20.28, -7.01 	0.00, 20.00 	10,30,48,139		0.00,1.11	1000,1 	0
2215    	22.17, -13.36, -9.53 	-0.00, 20.26, -7.00 	0.00, 20.00 	10,30,48,148		2.50,2.80	1000,1 	0
2225    	22.13, -13.38, -9.53 	-0.04, 20.25, -7.00 	0.00, 20.00 	10,30,48,159		4.58,4.13	1000,1 	0
2233    	22.13, -13.38, -9.53 	-0.06, 20.22, -7.00 	0.00, 20.00 	10,30,48,168		0.00,3.74	1000,1 	0
2241    	22.16, -13.36, -9.53 	-0.09, 20.21, -7.00 	0.00, 20.00 	10,30,48,177		4.67,2.85	1000,1 	0
2250    	22.12, -13.39, -9.54 	-0.09, 20.23, -7.00 	0.00, -0.00 	10,30,48,197		5.80,1.67	1000,1 	0
2258    	22.12, -13.40, -9.53 	-0.06, 20.25, -7.00 	0.00, -0.00 	10,30,48,206		1.60,5.32	1000,1 	0
2267    	22.15, -13.39, -9.52 	-0.07, 20.24, -7.00 	0.00, -0.00 	10,30,48,216		4.57,2.14	1000,1 	0
2276    	22.17, -13.38, -9.53 	-0.07, 20.24, -7.00 	0.00, -0.00 	10,30,48,226		3.27,0.00	1000,1 	0
2284    	22.19, -13.39, -9.53 	-0.10, 20.23, -6.99 	0.00, -0.00 	10,30,48,235		3.29,4.55	1000,1 	0
2293    	22.19, -13.39, -9.54 	-0.11, 20.23, -6.99 	0.00, -0.00 	10,30,48,245		0.00,1.42	1000,1 	0
2302    	22.18, -13.43, -9.54 	-0.11, 20.21, -6.99 	0.00, -0.00 	10,30,48,255		5.01,1.60	1000,1 	0
2311    	22.18, -13.43, -9.54 	-0.10, 20.21, -6.98 	0.00, -0.00 	10,30,48,265		0.00,2.85	1000,1 	0
2319    	22.17, -13.39, -9.54 	-0.11, 20.21, -6.98 	0.00, -0.00 	10,30,48,274		5.87,1.66	1000,1 	0
2328    	22.17, -13.38, -9.53 	-0.10, 20.23, -6.98 	0.00, -0.00 	10,30,48,284		1.60,1.60	1000,1 	0
2337    	22.17, -13.39, -9.54 	-0.10, 20.23, -6.98 	0.00, -0.00 	10,30,48,294		1.60,0.00	1000,1 	0
2345    	22.16, -13.41, -9.54 	-0.11, 20.23, -6.98 	0.00, -0.00 	10,30,48,303		3.50,1.42	1000,1 	0
2354    	22.15, -13.41, -9.53 	-0.10, 20.23, -6.98 	0.00, -0.00 	10,30,48,313		1.43,1.42	1000,1 	0
2363    	22.16, -13.44, -9.53 	-0.11, 20.21, -6.97 	0.00, -0.00 	10,30,48,323		3.52,1.60	1000,1 	0
2371    	22.14, -13.45, -9.52 	-0.10, 20.24, -6.98 	0.00, -0.00 	10,30,48,332		3.27,3.20	1000,1 	0
2380    	22.15, -13.45, -9.53 	-0.10, 20.23, -6.98 	0.00, -0.00 	10,30,48,342		1.43,1.60	1000,1 	0
2389    	22.16, -13.43, -9.52 	-0.09, 20.23, -6.98 	0.00, -0.00 	10,30,48,352		3.50,1.42	1000,1 	0
2397    	22.19, -13.43, -9.53 	-0.10, 20.23, -6.98 	0.00, -0.00 	10,30,48,361		4.29,1.42	1000,1 	0
2407    	22.19, -13.43, -9.53 	-0.09, 20.23, -6.98 	0.00, -0.00 	10,30,48,372		0.00,1.42	1000,1 	0
2415    	22.21, -13.39, -9.54 	-0.09, 20.23, -6.98 	0.00, -0.00 	10,30,48,381		6.51,0.00	1000,1 	0
2423    	22.21, -13.43, -9.54 	-0.09, 20.23, -6.98 	0.00, -0.00 	10,30,48,390		4.21,0.00	1000,1 	0
2432    	22.20, -13.43, -9.55 	-0.09, 20.23, -6.98 	0.00, -0.00 	10,30,48,400		1.43,0.00	1000,1 	0
2441    	22.21, -13.44, -9.55 	-0.10, 20.23, -6.98 	0.00, -0.00 	10,30,48,410		2.16,1.42	1000,1 	0
2449    	22.18, -13.45, -9.54 	-0.10, 20.21, -6.98 	0.00, -0.00 	10,30,48,419		5.33,2.50	1000,1 	0
2458    	22.16, -13.43, -9.53 	-0.11, 20.18, -6.97 	0.00, -0.00 	10,30,48,429		4.31,5.00	1000,1 	0
2467    	22.17, -13.43, -9.54 	-0.11, 20.01, -6.96 	0.00, -0.00 	10,30,48,439		1.43,23.98	1000,1 	0
2475    	22.18, -13.43, -9.54 	-0.14, 19.55, -6.93 	0.00, -0.00 	10,30,48,448		1.67,76.53	1000,1 	0
2484    	22.16, -13.46, -9.54 	-0.19, 19.34, -6.92 	0.00, -0.00 	10,30,48,458		5.58,31.17	1000,1 	0
2493    	22.20, -13.46, -9.54 	-0.27, 19.12, -6.90 	0.00, -0.00 	10,30,48,468		5.72,33.45	1000,1 	0
2502    	22.19, -13.47, -9.54 	-0.31, 18.89, -6.90 	0.00, -0.00 	10,30,48,478		2.50,39.46	1000,1 	0
2510    	22.19, -13.46, -9.53 	-0.34, 18.68, -6.92 	0.00, -0.00 	10,30,48,487		1.87,35.77	1000,1 	0
2519    	22.20, -13.50, -9.54 	-0.42, 18.41, -6.93 	0.00, -0.00 	10,30,48,497		6.58,39.60	1000,1 	0
2528    	22.22, -13.52, -9.54 	-0.53, 18.12, -6.94 	0.00, -0.00 	10,30,48,507		3.29,44.36	1000,1 	0
2536    	22.24, -13.55, -9.54 	-0.63, 17.84, -6.99 	0.00, -0.00 	10,30,48,516		6.55,48.91	1000,1 	0
2545    	22.28, -13.55, -9.51 	-0.72, 17.54, -7.03 	0.00, -0.00 	10,30,48,526		5.72,44.98	1000,1 	0
2554    	22.30, -13.62, -9.52 	-0.80, 17.22, -7.08 	0.00, -0.00 	10,30,48,536		10.05,47.38	1000,1 	0
2562    	22.34, -13.69, -9.53 	-0.86, 16.90, -7.14 	0.00, -0.00 	10,30,48,545		13.10,54.69	1000,1 	0
2571    	22.42, -13.80, -9.50 	-0.94, 16.56, -7.18 	0.00, -0.00 	10,30,48,555		19.76,48.95	1000,1 	0
2580    	22.56, -13.96, -9.49 	-0.96, 16.22, -7.22 	0.00, -0.00 	10,30,48,565		30.18,49.63	1000,1 	0
2588    	22.67, -14.18, -9.46 	-1.03, 15.88, -7.28 	0.00, -0.00 	10,30,48,574		40.91,56.79	1000,1 	0
2598    	22.81, -14.46, -9.44 	-1.06, 15.53, -7.34 	0.00, -0.00 	10,30,48,585		44.93,51.23	1000,1 	0
2606    	23.00, -14.72, -9.39 	-1.09, 15.14, -7.37 	0.00, -0.00 	10,30,48,594		45.96,56.01	1000,1 	0
2614    	23.18, -15.03, -9.32 	-1.14, 14.77, -7.41 	0.00, -0.00 	10,30,48,603		59.81,61.88	1000,1 	0
2623    	23.35, -15.37, -9.25 	-1.14, 14.36, -7.46 	0.00, -0.00 	10,30,48,613		54.04,57.57	1000,1 	0
2632    	23.54, -15.76, -9.21 	-1.14, 13.98, -7.50 	0.00, -0.00 	10,30,48,623		61.73,54.38	1000,1 	0
2640    	23.73, -16.12, -9.11 	-1.10, 13.64, -7.55 	0.00, -0.00 	10,30,48,632		67.92,58.22	1000,1 	0
2649    	23.90, -16.41, -9.06 	-1.06, 13.25, -7.58 	0.00, -0.00 	10,30,48,642		49.14,54.84	1000,1 	0
2658    	24.13, -16.59, -9.01 	-1.03, 12.87, -7.61 	0.00, -0.00 	10,30,48,652		40.88,54.67	1000,1 	0
2666    	24.31, -16.76, -8.96 	-0.96, 12.54, -7.66 	0.00, -0.00 	10,30,48,661		41.24,57.56	1000,1 	0
2675    	24.49, -16.99, -8.91 	-0.81, 12.25, -7.71 	0.00, -0.00 	10,30,48,671		41.26,46.07	1000,1 	0
2684    	24.64, -17.24, -8.86 	-0.69, 11.89, -7.73 	0.00, -0.00 	10,30,48,681		42.18,54.46	1000,1 	0
2693    	24.68, -17.45, -8.84 	-0.57, 11.51, -7.72 	0.00, -0.00 	10,30,48,691		31.03,57.48	1000,1 	0
2701    	24.72, -17.63, -8.80 	-0.49, 11.13, -7.74 	0.00, -0.00 	10,30,48,700		30.71,63.01	1000,1 	0
2712    	24.75, -17.83, -8.74 	-0.41, 10.81, -7.76 	0.00, -0.00 	10,30,48,712		29.46,48.14	1000,1 	0
2720    	24.81, -18.06, -8.68 	-0.38, 10.47, -7.77 	0.00, -0.00 	10,30,48,720		46.55,67.64	1000,1 	0
2728    	24.92, -18.33, -8.64 	-0.32, 10.09, -7.76 	0.00, -0.00 	10,30,48,729		58.34,77.41	1000,1 	0
2737    	24.95, -18.70, -8.60 	-0.26, 9.77, -7.78 	0.00, -0.00 	10,30,48,739		62.14,53.54	1000,1 	0
2746    	25.03, -19.06, -8.53 	-0.13, 9.40, -7.77 	0.00, -0.00 	10,30,48,749		61.42,65.87	1000,1 	0
2754    	25.17, -19.44, -8.48 	-0.04, 9.07, -7.78 	0.00, -0.00 	10,30,48,758		80.12,67.40	1000,1 	0
2763    	25.34, -19.71, -8.48 	0.07, 8.70, -7.80 	0.00, -0.00 	10,30,48,768		53.27,64.76	1000,1 	0
2772    	25.46, -19.93, -8.48 	0.25, 8.43, -7.84 	0.00, -0.00 	10,30,48,778		40.91,54.85	1000,1 	0
2780    	25.55, -20.14, -8.43 	0.39, 8.14, -7.84 	0.00, -0.00 	10,30,48,787		47.24,63.53	1000,1 	0
2790    	25.67, -20.42, -8.38 	0.51, 7.85, -7.86 	0.00, -0.00 	10,30,48,798		50.99,52.49	1000,1 	0
2798    	25.88, -20.72, -8.35 	0.53, 7.49, -7.83 	0.00, -0.00 	10,30,48,807		72.16,71.89	1000,1 	0
2806    	26.00, -21.06, -8.29 	0.61, 7.14, -7.80 	0.00, -0.00 	10,30,48,816		72.36,71.73	1000,1 	0
2815    	26.09, -21.37, -8.28 	0.73, 6.87, -7.80 	0.00, -0.00 	10,30,48,826		52.79,49.76	1000,1 	0
2824    	26.16, -21.64, -8.28 	0.83, 6.53, -7.77 	0.00, -0.00 	10,30,48,836		46.92,58.92	1000,1 	0
2832    	26.28, -21.91, -8.24 	0.88, 6.19, -7.74 	0.00, -0.00 	10,30,48,845		59.14,67.92	1000,1 	0
2841    	26.29, -22.18, -8.21 	0.91, 5.85, -7.70 	0.00, -0.00 	10,30,48,855		45.04,58.22	1000,1 	0
2850    	26.32, -22.39, -8.18 	0.93, 5.52, -7.66 	0.00, -0.00 	10,30,48,865		35.93,54.34	1000,1 	0
2858    	26.31, -22.69, -8.07 	0.93, 5.20, -7.64 	0.00, -0.00 	10,30,48,874		60.63,64.94	1000,1 	0
2867    	26.35, -22.89, -8.07 	0.98, 4.92, -7.62 	0.00, -0.00 	10,30,48,884		32.93,47.39	0,0 	0
2876    	26.29, -23.26, -8.02 	1.03, 4.58, -7.57 	0.00, -0.00 	10,30,48,894		62.48,56.87	0,0 	0
2885    	26.33, -23.56, -8.02 	1.01, 4.23, -7.51 	0.00, -0.00 	10,30,48,904		51.25,57.84	0,0 	0
2893    	26.37, -23.82, -8.02 	0.97, 3.85, -7.44 	0.00, -0.00 	10,30,48,913		52.30,76.31	0,0 	0
2902    	26.60, -23.97, -7.98 	1.03, 3.51, -7.42 	0.00, -0.00 	10,30,48,923		45.58,57.19	0,0 	0
2911    	26.70, -24.14, -7.97 	1.09, 3.21, -7.38 	0.00, -0.00 	10,30,48,933		24.56,38.53	0,0 	0
2919    	26.74, -24.39, -7.94 	1.06, 2.89, -7.31 	0.00, -0.00 	10,30,48,942		42.05,54.18	0,0 	0
2928    	26.82, -24.62, -7.89 	0.97, 2.55, -7.21 	0.00, -0.00 	10,30,48,952		35.63,49.25	0,0 	0
2937    	26.86, -24.96, -7.81 	0.87, 2.22, -7.10 	0.00, -0.00 	10,30,48,962		48.48,49.59	0,0 	0
2945    	26.94, -25.13, -7.78 	0.80, 1.86, -7.00 	0.00, -0.00 	10,30,48,971		31.91,60.76	0,0 	0
2954    	26.82, -25.34, -7.74 	0.72, 1.50, -6.88 	0.00, -0.00 	10,30,48,981		34.88,53.65	0,0 	0
2963    	26.87, -25.50, -7.68 	0.62, 1.21, -6.78 	0.00, -0.00 	10,30,48,991		23.60,43.45	0,0 	0
