#Time 	Sensor1         Sensor2         Target          Time            Vel             
#================================================================

11      	24.33, -27.21, -6.44 	-0.11, 0.21, -6.79 	0.00, 30.00 	10,31,23,231		0.00,0.00	0,0 	0
16      	24.30, -27.23, -6.45 	-0.12, 0.21, -6.79 	0.00, 30.00 	10,31,23,241		7.48,1.99	0,0 	0
24      	24.28, -27.22, -6.46 	-0.11, 0.21, -6.79 	0.00, 30.00 	10,31,23,250		2.88,1.24	0,0 	0
33      	24.29, -27.24, -6.44 	-0.12, 0.21, -6.79 	0.00, 30.00 	10,31,23,260		2.74,1.11	0,0 	0
42      	24.29, -27.24, -6.44 	-0.11, 0.21, -6.79 	0.00, 30.00 	10,31,23,270		0.00,1.11	0,0 	0
50      	24.26, -27.25, -6.45 	-0.12, 0.21, -6.79 	0.00, 30.00 	10,31,23,279		4.00,1.24	0,0 	0
59      	24.30, -27.22, -6.45 	-0.09, 0.21, -6.80 	0.00, 30.00 	10,31,23,289		5.80,3.32	0,0 	0
68      	24.31, -27.26, -6.43 	-0.10, 0.21, -6.80 	0.00, 30.00 	10,31,23,299		3.91,1.11	0,0 	0
77      	24.28, -27.27, -6.44 	-0.07, 0.21, -6.82 	0.00, 30.00 	10,31,23,309		3.56,3.32	0,0 	0
85      	24.22, -27.27, -6.45 	-0.08, 0.22, -6.82 	0.00, 30.00 	10,31,23,318		7.51,1.88	0,0 	0
94      	24.22, -27.27, -6.45 	-0.07, 0.22, -6.82 	0.00, 30.00 	10,31,23,328		0.00,1.11	0,0 	0
102     	24.23, -27.32, -6.41 	-0.08, 0.21, -6.81 	0.00, 30.00 	10,31,23,337		7.13,1.87	0,0 	0
111     	24.22, -27.32, -6.41 	-0.08, 0.21, -6.81 	0.00, 30.00 	10,31,23,347		1.11,0.00	0,0 	0
120     	24.24, -27.33, -6.41 	-0.07, 0.21, -6.81 	0.00, 30.00 	10,31,23,357		2.56,1.11	0,0 	0
128     	24.23, -27.31, -6.42 	-0.08, 0.22, -6.81 	0.00, 30.00 	10,31,23,366		3.08,1.88	0,0 	0
137     	24.23, -27.31, -6.42 	-0.05, 0.23, -6.81 	0.00, 30.00 	10,31,23,376		0.00,3.54	0,0 	0
146     	24.23, -27.31, -6.42 	-0.05, 0.24, -6.81 	0.00, 30.00 	10,31,23,386		0.00,1.24	0,0 	0
155     	24.23, -27.33, -6.40 	-0.05, 0.24, -6.81 	0.00, 30.00 	10,31,23,396		2.49,0.00	0,0 	0
163     	24.18, -27.33, -6.40 	-0.05, 0.24, -6.81 	0.00, 30.00 	10,31,23,405		6.26,0.00	0,0 	0
172     	24.16, -27.31, -6.41 	-0.05, 0.24, -6.81 	0.00, 30.00 	10,31,23,415		3.35,0.00	0,0 	0
181     	24.21, -27.30, -6.40 	-0.08, 0.23, -6.80 	0.00, 30.00 	10,31,23,425		5.69,3.54	0,0 	0
189     	24.21, -27.31, -6.42 	-0.08, 0.23, -6.80 	0.00, 30.00 	10,31,23,434		1.40,0.00	0,0 	0
198     	24.21, -27.32, -6.40 	-0.08, 0.23, -6.80 	0.00, 30.00 	10,31,23,444		1.25,0.00	0,0 	0
207     	24.19, -27.34, -6.39 	-0.08, 0.23, -6.80 	0.00, 30.00 	10,31,23,454		3.33,0.00	0,0 	0
215     	24.14, -27.34, -6.37 	-0.08, 0.23, -6.80 	0.00, 30.00 	10,31,23,463		6.26,0.00	0,0 	0
224     	24.12, -27.33, -6.37 	-0.08, 0.23, -6.80 	0.00, 30.00 	10,31,23,473		2.56,0.00	0,0 	0
233     	24.13, -27.32, -6.38 	-0.07, 0.23, -6.80 	0.00, 30.00 	10,31,23,483		1.67,1.11	0,0 	0
241     	24.13, -27.32, -6.37 	-0.07, 0.21, -6.80 	0.00, 30.00 	10,31,23,492		0.00,2.80	0,0 	0
250     	24.13, -27.32, -6.38 	-0.07, 0.20, -6.80 	0.00, 30.00 	10,31,23,502		0.00,1.24	0,0 	0
259     	24.11, -27.31, -6.37 	-0.07, 0.20, -6.80 	0.00, 30.00 	10,31,23,512		2.56,0.00	0,0 	0
267     	24.14, -27.33, -6.39 	-0.06, 0.21, -6.80 	0.00, 30.00 	10,31,23,521		4.70,1.87	0,0 	0
276     	24.14, -27.34, -6.38 	-0.06, 0.21, -6.79 	0.00, 30.00 	10,31,23,531		1.25,0.00	0,0 	0
285     	24.14, -27.34, -6.38 	-0.06, 0.21, -6.79 	0.00, 30.00 	10,31,23,541		0.00,0.00	0,0 	0
293     	24.12, -27.32, -6.38 	-0.09, 0.21, -6.79 	0.00, 30.00 	10,31,23,550		3.77,3.73	0,0 	0
302     	24.10, -27.33, -6.39 	-0.08, 0.21, -6.79 	0.00, 30.00 	10,31,23,560		2.54,1.11	0,0 	0
311     	24.14, -27.33, -6.38 	-0.07, 0.21, -6.79 	0.00, 30.00 	10,31,23,570		4.45,1.11	0,0 	0
319     	24.14, -27.35, -6.36 	-0.06, 0.20, -6.79 	0.00, 30.00 	10,31,23,579		2.81,1.88	0,0 	0
328     	24.16, -27.33, -6.36 	-0.08, 0.21, -6.79 	0.00, 30.00 	10,31,23,589		3.33,2.54	0,0 	0
337     	24.18, -27.38, -6.34 	-0.10, 0.21, -6.79 	0.00, 30.00 	10,31,23,599		5.48,2.21	0,0 	0
346     	24.21, -27.34, -6.36 	-0.10, 0.21, -6.79 	0.00, 30.00 	10,31,23,609		5.00,0.00	0,0 	0
354     	24.25, -27.33, -6.35 	-0.10, 0.21, -6.79 	0.00, 30.00 	10,31,23,618		5.19,0.00	0,0 	0
363     	24.24, -27.33, -6.35 	-0.10, 0.21, -6.79 	0.00, 30.00 	10,31,23,628		1.11,0.00	0,0 	0
372     	24.25, -27.29, -6.38 	-0.08, 0.20, -6.79 	0.00, 30.00 	10,31,23,638		5.10,2.54	0,0 	0
380     	24.28, -27.29, -6.37 	-0.08, 0.20, -6.79 	0.00, 30.00 	10,31,23,647		3.76,0.00	0,0 	0
389     	24.27, -27.32, -6.35 	-0.08, 0.20, -6.79 	0.00, 30.00 	10,31,23,657		3.90,0.00	0,0 	0
398     	24.23, -27.34, -6.35 	-0.11, 0.20, -6.79 	0.00, 30.00 	10,31,23,667		5.09,3.32	0,0 	0
406     	24.25, -27.30, -6.35 	-0.12, 0.20, -6.80 	0.00, 30.00 	10,31,23,676		6.13,1.24	0,0 	0
415     	24.25, -27.30, -6.35 	-0.12, 0.20, -6.79 	0.00, 30.00 	10,31,23,686		0.00,0.00	0,0 	0
424     	24.28, -27.29, -6.37 	-0.11, 0.20, -6.79 	0.00, 30.00 	10,31,23,696		3.56,1.11	0,0 	0
432     	24.27, -27.29, -6.37 	-0.11, 0.21, -6.79 	0.00, 30.00 	10,31,23,705		1.25,1.40	0,0 	0
441     	24.27, -27.30, -6.35 	-0.11, 0.21, -6.79 	0.00, 30.00 	10,31,23,715		1.25,0.00	0,0 	0
450     	24.27, -27.30, -6.35 	-0.09, 0.21, -6.80 	0.00, 30.00 	10,31,23,725		0.00,2.21	0,0 	0
459     	24.27, -27.30, -6.35 	-0.10, 0.20, -6.80 	0.00, 30.00 	10,31,23,735		0.00,1.66	0,0 	0
467     	24.30, -27.29, -6.33 	-0.08, 0.20, -6.79 	0.00, 30.00 	10,31,23,744		4.00,2.49	0,0 	0
476     	24.30, -27.28, -6.33 	-0.09, 0.19, -6.78 	0.00, 30.00 	10,31,23,754		1.25,1.66	0,0 	0
484     	24.34, -27.26, -6.37 	-0.09, 0.19, -6.78 	0.00, 30.00 	10,31,23,763		5.72,0.00	0,0 	0
493     	24.34, -27.27, -6.37 	-0.10, 0.20, -6.78 	0.00, 30.00 	10,31,23,773		1.25,1.67	0,0 	0
502     	24.34, -27.27, -6.37 	-0.09, 0.20, -6.78 	0.00, 30.00 	10,31,23,783		0.00,1.11	0,0 	0
511     	24.29, -27.28, -6.36 	-0.10, 0.20, -6.78 	0.00, 30.00 	10,31,23,793		5.69,1.11	0,0 	0
519     	24.27, -27.28, -6.35 	-0.09, 0.20, -6.78 	0.00, 30.00 	10,31,23,802		2.50,1.24	0,0 	0
528     	24.24, -27.28, -6.37 	-0.10, 0.22, -6.79 	0.00, 30.00 	10,31,23,812		3.34,2.73	0,0 	0
537     	24.27, -27.31, -6.36 	-0.09, 0.22, -6.79 	0.00, 30.00 	10,31,23,822		5.03,1.11	0,0 	0
545     	24.27, -27.31, -6.36 	-0.09, 0.23, -6.79 	0.00, 30.00 	10,31,23,831		0.00,1.40	0,0 	0
554     	24.27, -27.32, -6.36 	-0.09, 0.22, -6.80 	0.00, 30.00 	10,31,23,841		1.25,1.24	0,0 	0
563     	24.28, -27.32, -6.35 	-0.09, 0.22, -6.80 	0.00, 30.00 	10,31,23,851		1.11,0.00	0,0 	0
571     	24.28, -27.32, -6.35 	-0.09, 0.21, -6.79 	0.00, 30.00 	10,31,23,860		0.00,1.40	0,0 	0
580     	24.27, -27.31, -6.36 	-0.12, 0.20, -6.79 	0.00, 30.00 	10,31,23,870		1.68,3.54	0,0 	0
589     	24.27, -27.32, -6.36 	-0.12, 0.20, -6.79 	0.00, 30.00 	10,31,23,880		1.25,0.00	0,0 	0
597     	24.27, -27.33, -6.35 	-0.12, 0.20, -6.79 	0.00, 30.00 	10,31,23,889		1.40,0.00	0,0 	0
606     	24.27, -27.33, -6.35 	-0.10, 0.22, -6.81 	0.00, 30.00 	10,31,23,899		0.00,3.32	0,0 	0
615     	24.23, -27.36, -6.34 	-0.10, 0.22, -6.81 	0.00, 30.00 	10,31,23,909		5.09,0.00	0,0 	0
623     	24.22, -27.34, -6.33 	-0.09, 0.20, -6.79 	0.00, 30.00 	10,31,23,918		1.89,3.07	0,0 	0
632     	24.22, -27.39, -6.32 	-0.10, 0.21, -6.79 	0.00, 30.00 	10,31,23,928		4.99,1.67	0,0 	0
641     	24.22, -27.39, -6.32 	-0.10, 0.21, -6.79 	0.00, 30.00 	10,31,23,938		0.00,0.00	0,0 	0
650     	24.24, -27.37, -6.33 	-0.07, 0.21, -6.79 	0.00, 30.00 	10,31,23,948		3.33,3.32	0,0 	0
658     	24.23, -27.36, -6.32 	-0.08, 0.21, -6.79 	0.00, 30.00 	10,31,23,957		1.89,1.24	0,0 	0
667     	24.24, -27.37, -6.31 	-0.08, 0.21, -6.79 	0.00, 30.00 	10,31,23,967		1.68,0.00	0,0 	0
675     	24.23, -27.37, -6.31 	-0.06, 0.21, -6.79 	0.00, 30.00 	10,31,23,976		1.25,2.49	0,0 	0
684     	24.23, -27.37, -6.31 	-0.06, 0.21, -6.79 	0.00, 30.00 	10,31,23,986		0.00,0.00	0,0 	0
693     	24.24, -27.37, -6.33 	-0.06, 0.21, -6.79 	0.00, 30.00 	10,31,23,996		1.11,0.00	0,0 	0
702     	24.24, -27.36, -6.30 	-0.06, 0.21, -6.79 	0.00, 30.00 	10,31,24,6		1.25,0.00	0,0 	0
710     	24.24, -27.37, -6.30 	-0.06, 0.21, -6.79 	0.00, 30.00 	10,31,24,15		1.40,0.00	0,0 	0
719     	24.23, -27.34, -6.30 	-0.06, 0.21, -6.79 	0.00, 30.00 	10,31,24,25		2.74,0.00	0,0 	0
728     	24.18, -27.34, -6.30 	-0.07, 0.20, -6.79 	0.00, 30.00 	10,31,24,35		5.56,1.66	0,0 	0
736     	24.20, -27.37, -6.30 	-0.06, 0.20, -6.81 	0.00, 30.00 	10,31,24,44		3.77,1.24	0,0 	0
745     	24.19, -27.37, -6.30 	-0.06, 0.20, -6.81 	0.00, 30.00 	10,31,24,54		1.11,0.00	0,0 	0
754     	24.19, -27.37, -6.30 	-0.07, 0.20, -6.79 	0.00, 30.00 	10,31,24,64		0.00,1.11	0,0 	0
762     	24.18, -27.35, -6.31 	-0.07, 0.20, -6.79 	0.00, 30.00 	10,31,24,73		1.89,0.00	0,0 	0
771     	24.19, -27.35, -6.31 	-0.07, 0.20, -6.79 	0.00, 30.00 	10,31,24,83		1.11,0.00	0,0 	0
780     	24.20, -27.37, -6.31 	-0.06, 0.21, -6.79 	0.00, 30.00 	10,31,24,93		1.68,1.66	0,0 	0
788     	24.19, -27.35, -6.29 	-0.06, 0.21, -6.79 	0.00, 30.00 	10,31,24,102		1.89,0.00	0,0 	0
797     	24.20, -27.37, -6.30 	-0.06, 0.21, -6.79 	0.00, 30.00 	10,31,24,112		1.68,0.00	0,0 	0
806     	24.18, -27.39, -6.28 	-0.04, 0.20, -6.79 	0.00, 30.00 	10,31,24,122		3.33,2.54	0,0 	0
814     	24.18, -27.39, -6.28 	-0.04, 0.20, -6.79 	0.00, 30.00 	10,31,24,131		0.00,0.00	0,0 	0
823     	24.21, -27.40, -6.28 	-0.04, 0.21, -6.78 	0.00, 30.00 	10,31,24,140		3.57,1.24	0,0 	0
832     	24.20, -27.40, -6.28 	-0.03, 0.21, -6.78 	0.00, 30.00 	10,31,24,150		1.11,1.11	0,0 	0
840     	24.20, -27.41, -6.28 	-0.04, 0.21, -6.78 	0.00, 30.00 	10,31,24,159		1.40,1.24	0,0 	0
849     	24.20, -27.40, -6.28 	-0.03, 0.21, -6.80 	0.00, 30.00 	10,31,24,169		1.25,1.11	0,0 	0
858     	24.20, -27.41, -6.28 	-0.03, 0.21, -6.80 	0.00, 30.00 	10,31,24,179		1.25,0.00	0,0 	0
866     	24.17, -27.41, -6.30 	-0.03, 0.21, -6.80 	0.00, 30.00 	10,31,24,189		3.76,0.00	0,0 	0
875     	24.18, -27.46, -6.27 	-0.04, 0.22, -6.81 	0.00, 30.00 	10,31,24,198		5.12,1.67	0,0 	0
884     	24.18, -27.46, -6.27 	-0.06, 0.21, -6.80 	0.00, 30.00 	10,31,24,208		0.00,2.53	0,0 	0
893     	24.24, -27.41, -6.31 	-0.06, 0.21, -6.80 	0.00, 30.00 	10,31,24,218		8.31,0.00	0,0 	0
901     	24.20, -27.39, -6.32 	-0.06, 0.21, -6.80 	0.00, 30.00 	10,31,24,227		5.76,0.00	0,0 	0
910     	24.17, -27.39, -6.30 	-0.06, 0.22, -6.79 	0.00, 30.00 	10,31,24,237		3.34,1.24	0,0 	0
919     	24.16, -27.41, -6.32 	-0.06, 0.22, -6.79 	0.00, 30.00 	10,31,24,247		2.72,0.00	0,0 	0
927     	24.15, -27.39, -6.32 	-0.07, 0.21, -6.81 	0.00, 30.00 	10,31,24,256		3.08,1.87	0,0 	0
936     	24.15, -27.39, -6.32 	-0.03, 0.22, -6.81 	0.00, 30.00 	10,31,24,267		0.00,4.59	0,0 	0
945     	24.15, -27.39, -6.32 	-0.04, 0.23, -6.80 	0.00, 30.00 	10,31,24,277		0.00,1.67	0,0 	0
953     	24.16, -27.37, -6.31 	-0.04, 0.23, -6.80 	0.00, 30.00 	10,31,24,285		3.06,0.00	0,0 	0
962     	24.19, -27.39, -6.31 	-0.04, 0.23, -6.80 	0.00, 30.00 	10,31,24,295		4.18,0.00	0,0 	0
971     	24.17, -27.38, -6.31 	-0.03, 0.22, -6.79 	0.00, 30.00 	10,31,24,305		2.56,1.67	0,0 	0
979     	24.14, -27.38, -6.31 	-0.04, 0.22, -6.79 	0.00, 30.00 	10,31,24,314		3.76,1.24	0,0 	0
988     	24.13, -27.38, -6.31 	-0.04, 0.22, -6.81 	0.00, 30.00 	10,31,24,324		1.11,0.00	0,0 	0
997     	24.13, -27.41, -6.30 	-0.04, 0.22, -6.81 	0.00, 30.00 	10,31,24,334		3.74,0.00	0,0 	0
1005    	24.08, -27.41, -6.30 	-0.04, 0.22, -6.81 	0.00, 30.00 	10,31,24,343		6.26,0.00	1000,1 	0
1014    	24.06, -27.39, -6.30 	-0.04, 0.21, -6.79 	0.00, 30.00 	10,31,24,353		3.35,1.24	1000,1 	0
1023    	24.06, -27.39, -6.30 	-0.05, 0.20, -6.79 	0.00, 30.00 	10,31,24,363		0.00,1.66	1000,1 	0
1031    	24.06, -27.39, -6.30 	-0.05, 0.22, -6.79 	0.00, 30.00 	10,31,24,372		0.00,2.80	1000,1 	0
1040    	24.06, -27.39, -6.30 	-0.05, 0.21, -6.79 	0.00, 30.00 	10,31,24,382		0.00,1.24	1000,1 	0
1049    	24.08, -27.39, -6.28 	-0.04, 0.21, -6.79 	0.00, 30.00 	10,31,24,392		2.23,1.11	1000,1 	0
1058    	24.07, -27.39, -6.28 	-0.05, 0.20, -6.79 	0.00, 30.00 	10,31,24,402		1.11,1.66	1000,1 	0
1066    	24.10, -27.35, -6.29 	-0.05, 0.23, -6.79 	0.00, 30.00 	10,31,24,411		5.62,4.20	1000,1 	0
1075    	24.08, -27.35, -6.31 	-0.05, 0.23, -6.80 	0.00, 30.00 	10,31,24,421		2.23,0.00	1000,1 	0
1084    	24.08, -27.35, -6.30 	-0.06, 0.23, -6.79 	0.00, 30.00 	10,31,24,431		0.00,1.11	1000,1 	0
1092    	24.08, -27.35, -6.31 	-0.07, 0.22, -6.79 	0.00, 30.00 	10,31,24,440		0.00,1.87	1000,1 	0
1101    	24.12, -27.35, -6.31 	-0.04, 0.21, -6.79 	0.00, 30.00 	10,31,24,450		4.45,3.55	1000,1 	0
1110    	24.12, -27.34, -6.31 	-0.05, 0.22, -6.80 	0.00, 30.00 	10,31,24,460		1.25,1.67	1000,1 	0
1118    	24.19, -27.35, -6.31 	-0.06, 0.22, -6.79 	0.00, 30.00 	10,31,24,469		8.88,1.24	1000,1 	0
1127    	24.20, -27.33, -6.29 	-0.06, 0.22, -6.79 	0.00, 30.00 	10,31,24,479		2.72,0.00	1000,1 	0
1136    	24.20, -27.33, -6.30 	-0.06, 0.22, -6.79 	0.00, 30.00 	10,31,24,489		0.00,0.00	1000,1 	0
1144    	24.20, -27.33, -6.32 	-0.06, 0.22, -6.79 	0.00, 30.00 	10,31,24,498		0.00,0.00	1000,1 	0
1153    	24.20, -27.34, -6.31 	-0.04, 0.20, -6.79 	0.00, 30.00 	10,31,24,508		1.25,3.34	1000,1 	0
1162    	24.19, -27.34, -6.35 	-0.05, 0.19, -6.79 	0.00, 30.00 	10,31,24,518		1.11,1.66	1000,1 	0
1170    	24.18, -27.33, -6.32 	-0.06, 0.20, -6.80 	0.00, 30.00 	10,31,24,527		1.89,1.88	1000,1 	0
1179    	24.22, -27.33, -6.31 	-0.04, 0.20, -6.79 	0.00, 30.00 	10,31,24,537		4.45,2.21	1000,1 	0
1188    	24.27, -27.32, -6.31 	-0.04, 0.20, -6.79 	0.00, 30.00 	10,31,24,547		5.69,0.00	1000,1 	0
1196    	24.27, -27.34, -6.30 	-0.04, 0.20, -6.79 	0.00, 30.00 	10,31,24,556		2.81,0.00	1000,1 	0
1205    	24.25, -27.36, -6.33 	-0.05, 0.19, -6.79 	0.00, 30.00 	10,31,24,566		2.54,1.66	1000,1 	0
1214    	24.21, -27.37, -6.31 	-0.04, 0.20, -6.79 	0.00, 30.00 	10,31,24,576		4.62,1.66	1000,1 	0
1223    	24.20, -27.33, -6.33 	-0.05, 0.19, -6.79 	0.00, 30.00 	10,31,24,586		3.91,1.66	1000,1 	0
1231    	24.18, -27.34, -6.33 	-0.04, 0.20, -6.79 	0.00, 30.00 	10,31,24,595		2.86,1.87	1000,1 	0
1240    	24.17, -27.34, -6.33 	-0.05, 0.19, -6.79 	0.00, 30.00 	10,31,24,605		1.11,1.66	1000,1 	0
1249    	24.16, -27.34, -6.32 	-0.04, 0.20, -6.79 	0.00, 30.00 	10,31,24,615		1.11,1.66	1000,1 	0
1257    	24.20, -27.32, -6.31 	-0.03, 0.20, -6.80 	0.00, 30.00 	10,31,24,624		5.72,1.24	1000,1 	0
1266    	24.17, -27.33, -6.31 	-0.03, 0.20, -6.80 	0.00, 30.00 	10,31,24,634		3.56,0.00	1000,1 	0
1275    	24.16, -27.33, -6.35 	-0.03, 0.20, -6.80 	0.00, 30.00 	10,31,24,644		1.11,0.00	1000,1 	0
1283    	24.17, -27.32, -6.35 	-0.03, 0.20, -6.79 	0.00, 30.00 	10,31,24,653		1.87,0.00	1000,1 	0
1292    	24.23, -27.34, -6.35 	-0.03, 0.21, -6.78 	0.00, 30.00 	10,31,24,663		7.14,1.24	1000,1 	0
1301    	24.21, -27.31, -6.35 	-0.03, 0.20, -6.79 	0.00, 30.00 	10,31,24,673		4.37,1.24	1000,1 	0
1309    	24.27, -27.31, -6.34 	-0.05, 0.20, -6.79 	0.00, 30.00 	10,31,24,682		7.51,2.49	1000,1 	0
1318    	24.30, -27.28, -6.35 	-0.06, 0.20, -6.79 	0.00, 30.00 	10,31,24,692		5.00,1.11	1000,1 	0
1327    	24.25, -27.28, -6.35 	-0.05, 0.20, -6.79 	0.00, 30.00 	10,31,24,702		5.56,1.11	1000,1 	0
1335    	24.30, -27.29, -6.37 	-0.06, 0.21, -6.79 	0.00, 30.00 	10,31,24,711		6.42,1.88	1000,1 	0
1344    	24.27, -27.29, -6.37 	-0.05, 0.21, -6.79 	0.00, 30.00 	10,31,24,721		3.34,1.11	1000,1 	0
1353    	24.28, -27.27, -6.39 	-0.06, 0.24, -6.79 	0.00, 30.00 	10,31,24,731		2.72,3.89	1000,1 	0
1361    	24.27, -27.28, -6.38 	-0.05, 0.22, -6.79 	0.00, 30.00 	10,31,24,740		1.87,3.07	1000,1 	0
1370    	24.32, -27.24, -6.39 	-0.02, 0.23, -6.80 	0.00, 30.00 	10,31,24,750		6.69,3.54	1000,1 	0
1379    	24.26, -27.22, -6.40 	-0.04, 0.22, -6.80 	0.00, 30.00 	10,31,24,760		7.14,2.53	1000,1 	0
1387    	24.26, -27.23, -6.39 	-0.05, 0.21, -6.78 	0.00, 30.00 	10,31,24,769		1.40,1.87	1000,1 	0
1396    	24.25, -27.27, -6.42 	-0.05, 0.19, -6.77 	0.00, 30.00 	10,31,24,779		3.90,2.49	1000,1 	0
1405    	24.31, -27.21, -6.42 	-0.13, 0.20, -6.76 	0.00, 30.00 	10,31,24,789		9.11,8.94	1000,1 	0
1415    	24.35, -27.21, -6.45 	-0.22, 0.19, -6.75 	0.00, 30.00 	10,31,24,800		4.01,9.03	1000,1 	0
1422    	24.37, -27.17, -6.48 	-0.24, 0.21, -6.73 	0.00, 30.00 	10,31,24,808		7.01,4.29	1000,1 	0
1431    	24.44, -27.07, -6.52 	-0.21, 0.26, -6.72 	0.00, 30.00 	10,31,24,818		13.62,5.97	1000,1 	0
1440    	24.40, -27.12, -6.58 	-0.26, 0.35, -6.71 	0.00, 30.00 	10,31,24,828		7.64,11.40	1000,1 	0
1448    	24.45, -27.01, -6.63 	-0.28, 0.42, -6.71 	0.00, 30.00 	10,31,24,837		15.33,9.20	1000,1 	0
1457    	24.49, -26.93, -6.74 	-0.30, 0.56, -6.72 	0.00, 30.00 	10,31,24,847		9.77,16.32	1000,1 	0
1466    	24.67, -26.81, -6.87 	-0.25, 0.75, -6.75 	0.00, 30.00 	10,31,24,857		23.30,21.83	1000,1 	0
1475    	24.87, -26.82, -6.98 	-0.19, 1.01, -6.79 	0.00, 30.00 	10,31,24,867		22.26,29.11	1000,1 	0
1483    	24.99, -26.82, -7.11 	-0.10, 1.27, -6.85 	0.00, 30.00 	10,31,24,876		15.02,34.98	1000,1 	0
1492    	25.11, -26.61, -7.19 	-0.05, 1.63, -6.90 	0.00, 30.00 	10,31,24,886		27.13,40.15	1000,1 	0
1500    	25.21, -26.30, -7.28 	0.00, 2.08, -6.95 	0.00, 30.00 	10,31,24,895		41.16,56.16	1000,1 	0
1509    	25.25, -25.95, -7.36 	0.15, 2.59, -6.99 	0.00, 30.00 	10,31,24,905		38.78,58.92	1000,1 	0
1518    	25.32, -25.51, -7.44 	0.33, 3.28, -7.05 	0.00, 30.00 	10,31,24,915		49.05,79.28	1000,1 	0
1526    	25.40, -25.08, -7.58 	0.53, 4.05, -7.09 	0.00, 30.00 	10,31,24,924		55.57,100.37	1000,1 	0
1535    	25.37, -24.67, -7.66 	0.62, 4.90, -7.12 	0.00, 30.00 	10,31,24,934		45.15,94.79	1000,1 	0
1544    	25.41, -24.25, -7.75 	0.76, 5.47, -7.12 	0.00, 30.00 	10,31,24,944		47.57,64.97	1000,1 	0
1552    	25.49, -23.86, -7.86 	0.93, 6.10, -7.14 	0.00, 30.00 	10,31,24,953		49.83,82.11	1000,1 	0
1561    	25.40, -23.52, -7.96 	1.16, 6.69, -7.18 	0.00, 30.00 	10,31,24,963		38.79,69.79	1000,1 	0
1570    	25.36, -23.19, -8.03 	1.35, 7.32, -7.24 	0.00, 30.00 	10,31,24,973		36.63,73.55	1000,1 	0
1578    	25.27, -22.82, -8.12 	1.47, 7.92, -7.29 	0.00, 30.00 	10,31,24,982		47.72,76.72	1000,1 	0
1587    	25.31, -22.42, -8.25 	1.57, 8.54, -7.35 	0.00, 30.00 	10,31,24,992		45.00,68.92	1000,1 	0
1596    	25.31, -22.06, -8.35 	1.66, 9.10, -7.38 	0.00, 30.00 	10,31,25,2		39.91,62.76	1000,1 	0
1604    	25.27, -21.69, -8.44 	1.70, 9.65, -7.44 	0.00, 30.00 	10,31,25,11		46.76,70.03	1000,1 	0
1613    	25.21, -21.35, -8.47 	1.77, 10.18, -7.51 	0.00, 30.00 	10,31,25,21		38.05,58.79	1000,1 	0
1622    	25.17, -20.94, -8.54 	1.90, 10.73, -7.62 	0.00, 30.00 	10,31,25,31		45.28,63.30	1000,1 	0
1631    	25.08, -20.48, -8.63 	1.99, 11.28, -7.72 	0.00, 30.00 	10,31,25,41		52.40,61.53	1000,1 	0
1639    	25.04, -20.09, -8.70 	2.06, 11.83, -7.83 	0.00, 30.00 	10,31,25,50		49.39,68.92	1000,1 	0
1648    	25.06, -19.63, -8.80 	2.08, 12.33, -7.93 	0.00, 30.00 	10,31,25,60		51.14,55.96	1000,1 	0
1657    	24.94, -19.24, -8.88 	2.06, 12.77, -8.00 	0.00, 30.00 	10,31,25,70		44.54,48.62	1000,1 	0
1665    	24.83, -18.85, -8.94 	1.98, 13.18, -8.06 	0.00, 30.00 	10,31,25,79		51.44,53.00	1000,1 	0
1674    	24.73, -18.41, -8.99 	1.93, 13.63, -8.12 	0.00, 30.00 	10,31,25,89		50.23,50.20	1000,1 	0
1683    	24.58, -18.01, -9.07 	1.91, 14.10, -8.20 	0.00, 30.00 	10,31,25,99		46.83,52.43	1000,1 	0
1691    	24.53, -17.59, -9.14 	1.87, 14.59, -8.29 	0.00, 30.00 	10,31,25,108		52.50,60.49	1000,1 	0
1700    	24.45, -17.24, -9.19 	1.86, 15.09, -8.42 	0.00, 30.00 	10,31,25,118		39.73,56.01	1000,1 	0
1709    	24.45, -16.86, -9.24 	1.84, 15.61, -8.52 	0.00, 30.00 	10,31,25,128		42.42,57.31	1000,1 	0
1717    	24.36, -16.50, -9.30 	1.81, 16.12, -8.60 	0.00, 30.00 	10,31,25,137		46.36,64.56	1000,1 	0
1726    	24.28, -16.10, -9.34 	1.73, 16.65, -8.67 	0.00, 30.00 	10,31,25,147		46.06,59.32	1000,1 	0
1735    	24.17, -15.70, -9.39 	1.68, 17.12, -8.71 	0.00, 30.00 	10,31,25,157		45.41,52.82	1000,1 	0
1743    	24.07, -15.36, -9.42 	1.62, 17.57, -8.75 	0.00, 30.00 	10,31,25,166		44.37,56.66	1000,1 	0
1752    	23.94, -15.03, -9.46 	1.58, 18.02, -8.79 	0.00, 30.00 	10,31,25,176		39.04,50.06	1000,1 	0
1761    	23.75, -14.76, -9.51 	1.53, 18.49, -8.81 	0.00, 30.00 	10,31,25,186		37.41,52.67	1000,1 	0
1769    	23.54, -14.45, -9.54 	1.48, 18.96, -8.81 	0.00, 30.00 	10,31,25,195		46.25,59.25	1000,1 	0
1778    	23.42, -14.03, -9.61 	1.42, 19.42, -8.82 	0.00, 30.00 	10,31,25,205		48.45,51.59	1000,1 	0
1787    	23.27, -13.70, -9.66 	1.34, 19.83, -8.82 	0.00, 30.00 	10,31,25,215		41.07,45.89	1000,1 	0
1796    	23.12, -13.34, -9.69 	1.25, 20.21, -8.80 	0.00, 30.00 	10,31,25,225		42.67,43.74	1000,1 	0
1804    	22.98, -13.03, -9.73 	1.16, 20.58, -8.78 	0.00, 30.00 	10,31,25,234		43.12,47.86	1000,1 	0
1813    	22.82, -12.72, -9.78 	1.08, 20.97, -8.77 	0.00, 30.00 	10,31,25,244		38.73,43.47	1000,1 	0
1822    	22.66, -12.40, -9.84 	0.99, 21.32, -8.77 	0.00, 30.00 	10,31,25,254		39.30,40.14	1000,1 	0
1830    	22.43, -12.07, -9.84 	0.90, 21.65, -8.77 	0.00, 30.00 	10,31,25,263		50.00,43.48	1000,1 	0
1839    	22.24, -11.79, -9.81 	0.78, 21.98, -8.77 	0.00, 30.00 	10,31,25,273		38.42,38.87	1000,1 	0
1848    	22.10, -11.48, -9.81 	0.67, 22.30, -8.77 	0.00, 30.00 	10,31,25,283		37.19,37.31	1000,1 	0
1856    	21.99, -11.20, -9.83 	0.53, 22.62, -8.77 	0.00, 30.00 	10,31,25,292		38.25,43.45	1000,1 	0
1865    	21.85, -10.98, -9.85 	0.43, 22.94, -8.78 	0.00, 30.00 	10,31,25,302		28.44,38.10	1000,1 	0
1874    	21.70, -10.78, -9.86 	0.33, 23.29, -8.78 	0.00, 30.00 	10,31,25,312		28.06,40.14	1000,1 	0
1882    	21.55, -10.53, -9.91 	0.25, 23.63, -8.79 	0.00, 30.00 	10,31,25,321		36.23,43.48	1000,1 	0
1891    	21.46, -10.27, -9.93 	0.16, 23.96, -8.77 	0.00, 30.00 	10,31,25,331		30.83,37.76	1000,1 	0
1900    	21.31, -9.97, -9.96 	0.07, 24.27, -8.76 	0.00, 30.00 	10,31,25,341		36.56,36.57	1000,1 	0
1908    	21.17, -9.68, -9.98 	-0.02, 24.59, -8.74 	0.00, 30.00 	10,31,25,350		41.14,41.14	1000,1 	0
1917    	21.03, -9.42, -9.98 	-0.09, 24.92, -8.74 	0.00, 30.00 	10,31,25,360		32.73,36.91	1000,1 	0
1927    	20.90, -9.12, -10.01 	-0.12, 25.25, -8.73 	0.00, 30.00 	10,31,25,370		32.03,33.82	1000,1 	0
1935    	20.79, -8.85, -10.02 	-0.16, 25.58, -8.72 	0.00, 30.00 	10,31,25,379		36.96,41.06	1000,1 	0
1944    	20.73, -8.64, -10.02 	-0.20, 25.88, -8.70 	0.00, 30.00 	10,31,25,389		24.66,34.05	1000,1 	0
1953    	20.62, -8.41, -10.03 	-0.23, 26.17, -8.68 	0.00, 30.00 	10,31,25,399		27.85,32.51	1000,1 	0
1961    	20.51, -8.25, -10.03 	-0.27, 26.44, -8.66 	0.00, 30.00 	10,31,25,408		24.81,34.17	1000,1 	0
1970    	20.39, -8.08, -10.00 	-0.29, 26.71, -8.64 	0.00, 30.00 	10,31,25,418		23.05,30.04	1000,1 	0
1979    	20.24, -7.94, -9.99 	-0.31, 26.97, -8.62 	0.00, 30.00 	10,31,25,428		22.49,28.69	1000,1 	0
1989    	20.11, -7.80, -9.98 	-0.33, 27.21, -8.60 	0.00, 30.00 	10,31,25,439		18.79,23.70	1000,1 	0
1996    	19.98, -7.67, -9.98 	-0.36, 27.43, -8.59 	0.00, 30.00 	10,31,25,447		26.85,32.27	1000,1 	0
2005    	19.90, -7.54, -9.98 	-0.38, 27.64, -8.57 	0.00, 30.00 	10,31,25,457		16.40,23.87	1000,1 	0
2014    	19.79, -7.43, -9.99 	-0.40, 27.83, -8.55 	0.00, 30.00 	10,31,25,467		18.33,21.26	1000,1 	0
2022    	19.76, -7.32, -10.00 	-0.40, 28.02, -8.53 	0.00, 30.00 	10,31,25,476		13.20,23.82	1000,1 	0
2031    	19.67, -7.21, -10.00 	-0.42, 28.18, -8.50 	0.00, 30.00 	10,31,25,486		16.04,17.56	1000,1 	0
2040    	19.59, -7.13, -10.00 	-0.43, 28.31, -8.47 	0.00, 30.00 	10,31,25,496		12.51,13.73	1000,1 	0
2048    	19.51, -7.04, -9.98 	-0.43, 28.43, -8.44 	0.00, 30.00 	10,31,25,505		15.09,15.44	1000,1 	0
2057    	19.43, -6.97, -9.98 	-0.43, 28.55, -8.40 	0.00, 30.00 	10,31,25,515		11.67,13.68	1000,1 	0
2066    	19.34, -6.86, -9.98 	-0.43, 28.65, -8.36 	0.00, 30.00 	10,31,25,525		16.04,11.19	1000,1 	0
2074    	19.27, -6.80, -9.96 	-0.43, 28.71, -8.31 	0.00, 30.00 	10,31,25,534		11.26,6.99	1000,1 	0
2083    	19.23, -6.74, -9.94 	-0.47, 28.75, -8.24 	0.00, 30.00 	10,31,25,544		8.38,6.67	1000,1 	0
2092    	19.16, -6.69, -9.94 	-0.45, 28.80, -8.18 	0.00, 30.00 	10,31,25,554		9.28,5.09	1000,1 	0
2100    	19.11, -6.66, -9.93 	-0.44, 28.83, -8.11 	0.00, 30.00 	10,31,25,563		7.57,4.37	1000,1 	0
2109    	19.08, -6.60, -9.92 	-0.43, 28.84, -8.01 	0.00, 30.00 	10,31,25,573		7.09,1.66	1000,1 	0
2118    	19.03, -6.59, -9.90 	-0.41, 28.84, -7.92 	0.00, 30.00 	10,31,25,583		5.71,2.21	1000,1 	0
2126    	19.00, -6.56, -9.89 	-0.41, 28.84, -7.80 	0.00, 30.00 	10,31,25,592		5.66,0.00	1000,1 	0
2135    	18.96, -6.53, -9.89 	-0.39, 28.83, -7.68 	0.00, 30.00 	10,31,25,602		5.12,2.54	1000,1 	0
2144    	18.94, -6.50, -9.89 	-0.37, 28.81, -7.54 	0.00, 30.00 	10,31,25,612		4.37,3.34	1000,1 	0
2153    	18.87, -6.50, -9.88 	-0.39, 28.77, -7.39 	0.00, 30.00 	10,31,25,622		7.79,3.89	1000,1 	0
2161    	18.85, -6.45, -9.88 	-0.45, 28.73, -7.25 	0.00, 30.00 	10,31,25,631		6.16,9.31	1000,1 	0
2170    	18.86, -6.43, -9.86 	-0.48, 28.66, -7.16 	0.00, 30.00 	10,31,25,641		2.72,8.15	1000,1 	0
2179    	18.85, -6.40, -9.84 	-0.43, 28.63, -7.13 	0.00, 30.00 	10,31,25,651		3.91,6.68	1000,1 	0
2187    	18.86, -6.37, -9.84 	-0.34, 28.55, -7.13 	0.00, 30.00 	10,31,25,660		3.07,14.91	1000,1 	0
2196    	18.83, -6.37, -9.82 	-0.32, 28.49, -7.12 	0.00, 30.00 	10,31,25,670		3.34,6.61	1000,1 	0
2205    	18.81, -6.34, -9.83 	-0.35, 28.48, -7.12 	0.00, 30.00 	10,31,25,680		4.37,3.54	1000,1 	0
2213    	18.79, -6.37, -9.82 	-0.39, 28.54, -7.15 	0.00, 30.00 	10,31,25,689		4.88,8.60	1000,1 	0
2222    	18.76, -6.36, -9.82 	-0.41, 28.64, -7.19 	0.00, 30.00 	10,31,25,699		3.57,11.42	1000,1 	0
2231    	18.75, -6.36, -9.82 	-0.40, 28.75, -7.20 	0.00, 30.00 	10,31,25,709		1.11,12.48	1000,1 	0
2239    	18.76, -6.33, -9.83 	-0.38, 28.84, -7.18 	0.00, 30.00 	10,31,25,718		4.38,11.25	1000,1 	0
2248    	18.75, -6.33, -9.83 	-0.37, 28.91, -7.15 	0.00, 30.00 	10,31,25,728		1.11,7.54	1000,1 	0
2257    	18.72, -6.33, -9.81 	-0.37, 28.99, -7.11 	0.00, 30.00 	10,31,25,738		3.34,8.70	1000,1 	0
2265    	18.71, -6.34, -9.82 	-0.36, 29.03, -7.10 	0.00, 30.00 	10,31,25,747		1.87,5.73	1000,1 	0
2274    	18.70, -6.31, -9.82 	-0.35, 29.08, -7.10 	0.00, 30.00 	10,31,25,757		2.74,5.09	1000,1 	0
2283    	18.70, -6.31, -9.81 	-0.34, 29.11, -7.11 	0.00, 30.00 	10,31,25,767		0.00,3.89	1000,1 	0
2291    	18.69, -6.31, -9.82 	-0.33, 29.16, -7.11 	0.00, 30.00 	10,31,25,776		1.25,7.10	1000,1 	0
2300    	18.68, -6.30, -9.82 	-0.33, 29.22, -7.11 	0.00, 30.00 	10,31,25,786		1.68,6.22	1000,1 	0
2309    	18.68, -6.29, -9.82 	-0.33, 29.28, -7.11 	0.00, 30.00 	10,31,25,796		1.25,6.32	1000,1 	0
2317    	18.65, -6.30, -9.83 	-0.34, 29.33, -7.11 	0.00, 30.00 	10,31,25,805		4.00,7.11	1000,1 	0
2326    	18.62, -6.28, -9.82 	-0.37, 29.38, -7.11 	0.00, 30.00 	10,31,25,815		4.18,5.99	1000,1 	0
2335    	18.61, -6.28, -9.83 	-0.38, 29.42, -7.11 	0.00, 30.00 	10,31,25,825		1.11,5.10	1000,1 	0
2343    	18.62, -6.29, -9.83 	-0.39, 29.49, -7.12 	0.00, 30.00 	10,31,25,834		1.89,8.49	1000,1 	0
2352    	18.60, -6.26, -9.84 	-0.39, 29.55, -7.12 	0.00, 30.00 	10,31,25,844		4.37,6.22	1000,1 	0
2361    	18.58, -6.24, -9.84 	-0.38, 29.60, -7.12 	0.00, 30.00 	10,31,25,854		2.56,6.31	1000,1 	0
2371    	18.56, -6.24, -9.83 	-0.39, 29.64, -7.13 	0.00, 30.00 	10,31,25,865		2.00,3.51	1000,1 	0
2378    	18.52, -6.24, -9.84 	-0.37, 29.68, -7.13 	0.00, 30.00 	10,31,25,873		5.72,6.55	1000,1 	0
2387    	18.51, -6.23, -9.85 	-0.36, 29.70, -7.12 	0.00, 30.00 	10,31,25,883		1.68,2.72	1000,1 	0
2396    	18.47, -6.23, -9.84 	-0.37, 29.74, -7.13 	0.00, 30.00 	10,31,25,893		4.45,3.89	1000,1 	0
2404    	18.43, -6.20, -9.86 	-0.36, 29.76, -7.13 	0.00, 30.00 	10,31,25,902		6.56,3.06	1000,1 	0
2413    	18.38, -6.18, -9.85 	-0.35, 29.78, -7.12 	0.00, 30.00 	10,31,25,912		5.71,2.72	1000,1 	0
2422    	18.33, -6.13, -9.86 	-0.35, 29.80, -7.13 	0.00, 30.00 	10,31,25,922		8.38,2.49	1000,1 	0
2430    	18.24, -6.15, -9.85 	-0.33, 29.81, -7.13 	0.00, 30.00 	10,31,25,931		11.59,2.85	1000,1 	0
2439    	18.18, -6.13, -9.84 	-0.32, 29.84, -7.13 	0.00, 30.00 	10,31,25,941		6.80,2.72	1000,1 	0
2448    	18.12, -6.11, -9.85 	-0.32, 29.85, -7.12 	0.00, 30.00 	10,31,25,951		7.14,1.24	1000,1 	0
2456    	18.10, -6.10, -9.84 	-0.32, 29.86, -7.13 	0.00, 30.00 	10,31,25,960		2.88,1.40	1000,1 	0
2465    	18.03, -6.11, -9.83 	-0.29, 29.90, -7.12 	0.00, 30.00 	10,31,25,970		7.88,5.97	1000,1 	0
2474    	17.97, -6.12, -9.82 	-0.28, 29.91, -7.12 	0.00, 30.00 	10,31,25,980		6.78,1.66	1000,1 	0
2482    	17.92, -6.13, -9.82 	-0.25, 29.95, -7.12 	0.00, 30.00 	10,31,25,989		6.41,5.61	1000,1 	0
2491    	17.85, -6.13, -9.80 	-0.23, 29.97, -7.12 	0.00, 30.00 	10,31,25,999		7.79,3.32	1000,1 	0
2500    	17.81, -6.10, -9.81 	-0.22, 29.99, -7.12 	0.00, 30.00 	10,31,26,9		5.12,2.72	1000,1 	0
2508    	17.78, -6.07, -9.81 	-0.20, 30.01, -7.12 	0.00, 30.00 	10,31,26,18		5.66,3.74	1000,1 	0
2517    	17.76, -6.07, -9.80 	-0.19, 30.05, -7.12 	0.00, 30.00 	10,31,26,28		2.23,3.89	1000,1 	0
2526    	17.73, -6.08, -9.80 	-0.19, 30.06, -7.12 	0.00, 30.00 	10,31,26,38		3.56,1.24	1000,1 	0
2535    	17.72, -6.09, -9.79 	-0.17, 30.06, -7.12 	0.00, 30.00 	10,31,26,48		1.67,2.21	1000,1 	0
2543    	17.70, -6.09, -9.79 	-0.17, 30.06, -7.12 	0.00, 30.00 	10,31,26,57		2.50,0.00	1000,1 	0
2552    	17.70, -6.08, -9.80 	-0.17, 30.07, -7.12 	0.00, 30.00 	10,31,26,67		1.25,1.24	1000,1 	0
2562    	17.67, -6.08, -9.80 	-0.17, 30.07, -7.12 	0.00, 30.00 	10,31,26,78		3.00,0.00	1000,1 	0
2569    	17.67, -6.08, -9.80 	-0.17, 30.07, -7.12 	0.00, 30.00 	10,31,26,86		0.00,0.00	1000,1 	0
2578    	17.66, -6.09, -9.79 	-0.16, 30.07, -7.12 	0.00, 30.00 	10,31,26,96		1.67,1.11	1000,1 	0
2587    	17.65, -6.08, -9.80 	-0.16, 30.06, -7.12 	0.00, 30.00 	10,31,26,106		1.68,1.24	1000,1 	0
2595    	17.65, -6.08, -9.79 	-0.17, 30.06, -7.12 	0.00, 30.00 	10,31,26,115		0.00,1.24	1000,1 	0
2604    	17.65, -6.09, -9.79 	-0.16, 30.07, -7.13 	0.00, 30.00 	10,31,26,125		1.25,1.66	1000,1 	0
2613    	17.63, -6.07, -9.79 	-0.16, 30.06, -7.12 	0.00, 30.00 	10,31,26,135		3.35,1.24	1000,1 	0
2621    	17.64, -6.08, -9.79 	-0.15, 30.06, -7.12 	0.00, 30.00 	10,31,26,144		1.89,1.24	1000,1 	0
2630    	17.63, -6.08, -9.79 	-0.13, 30.03, -7.12 	0.00, 30.00 	10,31,26,154		1.11,3.34	1000,1 	0
2639    	17.63, -6.07, -9.79 	-0.09, 30.01, -7.12 	0.00, 30.00 	10,31,26,164		1.25,5.08	1000,1 	0
2647    	17.63, -6.07, -9.79 	-0.08, 30.01, -7.12 	0.00, 30.00 	10,31,26,173		0.00,1.24	1000,1 	0
2656    	17.62, -6.08, -9.79 	-0.07, 29.99, -7.12 	0.00, 30.00 	10,31,26,183		1.67,2.73	1000,1 	0
2665    	17.62, -6.07, -9.78 	-0.07, 30.00, -7.12 	0.00, 30.00 	10,31,26,193		1.25,1.24	1000,1 	0
2673    	17.62, -6.08, -9.78 	-0.08, 29.99, -7.11 	0.00, 30.00 	10,31,26,202		1.40,1.87	1000,1 	0
2682    	17.62, -6.09, -9.78 	-0.07, 29.99, -7.11 	0.00, 30.00 	10,31,26,212		1.25,1.11	1000,1 	0
2691    	17.62, -6.09, -9.77 	-0.06, 29.99, -7.12 	0.00, 30.00 	10,31,26,222		0.00,1.11	1000,1 	0
2700    	17.60, -6.10, -9.77 	-0.06, 29.99, -7.12 	0.00, 30.00 	10,31,26,232		2.54,0.00	1000,1 	0
2708    	17.61, -6.10, -9.77 	-0.07, 30.00, -7.12 	0.00, 30.00 	10,31,26,241		1.25,1.88	1000,1 	0
2717    	17.60, -6.11, -9.77 	-0.07, 29.99, -7.12 	0.00, 30.00 	10,31,26,251		1.67,1.24	1000,1 	0
2726    	17.61, -6.10, -9.77 	-0.08, 30.00, -7.11 	0.00, 30.00 	10,31,26,261		1.67,1.67	1000,1 	0
2734    	17.62, -6.11, -9.77 	-0.08, 29.99, -7.12 	0.00, 30.00 	10,31,26,270		1.89,1.40	1000,1 	0
2743    	17.62, -6.12, -9.76 	-0.08, 30.00, -7.12 	0.00, 30.00 	10,31,26,280		1.25,1.24	1000,1 	0
2753    	17.62, -6.09, -9.76 	-0.07, 29.99, -7.12 	0.00, 30.00 	10,31,26,291		3.37,1.50	1000,1 	0
2760    	17.60, -6.11, -9.77 	-0.07, 29.99, -7.11 	0.00, 30.00 	10,31,26,299		4.28,0.00	1000,1 	0
2769    	17.61, -6.11, -9.77 	-0.07, 29.99, -7.11 	0.00, 30.00 	10,31,26,309		1.11,0.00	1000,1 	0
2778    	17.59, -6.11, -9.77 	-0.07, 30.00, -7.12 	0.00, 30.00 	10,31,26,319		2.23,1.24	1000,1 	0
2786    	17.60, -6.11, -9.77 	-0.07, 30.00, -7.12 	0.00, 30.00 	10,31,26,328		1.25,0.00	1000,1 	0
2795    	17.61, -6.10, -9.76 	-0.07, 30.00, -7.12 	0.00, 30.00 	10,31,26,338		1.67,0.00	1000,1 	0
2804    	17.60, -6.11, -9.76 	-0.07, 30.00, -7.12 	0.00, 30.00 	10,31,26,348		1.67,0.00	1000,1 	0
2812    	17.61, -6.10, -9.77 	-0.08, 30.00, -7.12 	0.00, 30.00 	10,31,26,357		1.87,1.24	1000,1 	0
2821    	17.57, -6.12, -9.76 	-0.08, 30.00, -7.12 	0.00, -0.00 	10,31,26,377		5.09,0.00	1000,1 	0
2829    	17.59, -6.13, -9.76 	-0.08, 29.99, -7.11 	0.00, -0.00 	10,31,26,386		2.09,1.02	1000,1 	0
2838    	17.59, -6.11, -9.76 	-0.08, 30.00, -7.12 	0.00, -0.00 	10,31,26,396		1.87,0.93	1000,1 	0
2847    	17.57, -6.13, -9.76 	-0.08, 30.00, -7.12 	0.00, -0.00 	10,31,26,406		2.73,0.00	1000,1 	0
2855    	17.56, -6.13, -9.76 	-0.08, 30.00, -7.12 	0.00, -0.00 	10,31,26,415		0.91,0.00	1000,1 	0
2864    	17.59, -6.13, -9.76 	-0.09, 30.00, -7.11 	0.00, -0.00 	10,31,26,425		2.50,0.83	0,0 	0
2873    	17.59, -6.15, -9.76 	-0.09, 30.00, -7.12 	0.00, -0.00 	10,31,26,435		1.02,0.00	0,0 	0
2882    	17.58, -6.14, -9.76 	-0.08, 30.00, -7.12 	0.00, -0.00 	10,31,26,445		0.91,0.91	0,0 	0
2890    	17.57, -6.13, -9.76 	-0.08, 29.99, -7.12 	0.00, -0.00 	10,31,26,454		1.37,1.02	0,0 	0
2899    	17.56, -6.14, -9.75 	-0.09, 30.00, -7.11 	0.00, -0.00 	10,31,26,464		1.25,1.25	0,0 	0
2908    	17.56, -6.13, -9.77 	-0.09, 30.00, -7.12 	0.00, -0.00 	10,31,26,474		1.02,0.00	0,0 	0
2916    	17.56, -6.13, -9.76 	-0.09, 30.00, -7.12 	0.00, -0.00 	10,31,26,483		0.00,0.00	0,0 	0
2925    	17.57, -6.13, -9.76 	-0.09, 30.00, -7.12 	0.00, -0.00 	10,31,26,493		0.83,0.00	0,0 	0
2935    	17.57, -6.13, -9.76 	-0.09, 29.99, -7.12 	0.00, -0.00 	10,31,26,504		0.00,1.02	0,0 	0
2942    	17.58, -6.14, -9.76 	-0.09, 30.00, -7.12 	0.00, -0.00 	10,31,26,512		1.51,1.12	0,0 	0
2951    	17.57, -6.13, -9.76 	-0.08, 30.00, -7.12 	0.00, -0.00 	10,31,26,522		1.08,0.71	0,0 	0
2960    	17.54, -6.14, -9.75 	-0.08, 29.99, -7.11 	0.00, -0.00 	10,31,26,532		2.46,0.86	0,0 	0
2968    	17.56, -6.16, -9.76 	-0.08, 29.99, -7.12 	0.00, -0.00 	10,31,26,541		1.92,0.00	0,0 	0
2977    	17.56, -6.16, -9.76 	-0.09, 30.00, -7.12 	0.00, -0.00 	10,31,26,551		0.00,1.15	0,0 	0
2986    	17.55, -6.17, -9.75 	-0.09, 30.00, -7.12 	0.00, -0.00 	10,31,26,561		1.25,0.00	0,0 	0
2994    	17.55, -6.16, -9.76 	-0.09, 30.00, -7.12 	0.00, -0.00 	10,31,26,570		0.94,0.00	0,0 	0
3003    	17.56, -6.16, -9.75 	-0.09, 30.00, -7.12 	0.00, -0.00 	10,31,26,580		0.77,0.00	0,0 	0
3012    	17.54, -6.14, -9.76 	-0.09, 29.99, -7.12 	0.00, -0.00 	10,31,26,590		1.92,0.93	0,0 	0
3020    	17.54, -6.17, -9.76 	-0.09, 30.00, -7.12 	0.00, -0.00 	10,31,26,599		1.87,0.93	0,0 	0
3029    	17.53, -6.17, -9.76 	-0.10, 29.99, -7.12 	0.00, -0.00 	10,31,26,609		0.77,1.15	0,0 	0
3038    	17.54, -6.17, -9.76 	-0.10, 29.98, -7.12 	0.00, -0.00 	10,31,26,619		0.83,0.93	0,0 	0
3046    	17.53, -6.17, -9.76 	-0.09, 29.99, -7.13 	0.00, -0.00 	10,31,26,628		0.83,1.25	0,0 	0
3055    	17.51, -6.19, -9.75 	-0.10, 29.98, -7.14 	0.00, -0.00 	10,31,26,638		2.31,1.15	0,0 	0
3064    	17.51, -6.19, -9.75 	-0.11, 29.98, -7.14 	0.00, -0.00 	10,31,26,648		0.00,0.83	0,0 	0
3073    	17.51, -6.20, -9.75 	-0.11, 29.95, -7.14 	0.00, -0.00 	10,31,26,658		0.94,1.87	0,0 	0
3081    	17.53, -6.21, -9.75 	-0.09, 29.94, -7.15 	0.00, -0.00 	10,31,26,667		1.92,1.91	0,0 	0
3090    	17.51, -6.22, -9.76 	-0.08, 29.92, -7.14 	0.00, -0.00 	10,31,26,677		1.76,1.89	0,0 	0
3099    	17.53, -6.22, -9.76 	-0.07, 29.84, -7.11 	0.00, -0.00 	10,31,26,687		1.67,6.58	0,0 	0
3107    	17.55, -6.25, -9.75 	-0.07, 29.72, -7.09 	0.00, -0.00 	10,31,26,696		2.52,10.26	0,0 	0
3116    	17.55, -6.26, -9.75 	-0.07, 29.55, -7.07 	0.00, -0.00 	10,31,26,706		0.94,14.02	0,0 	0
3126    	17.58, -6.28, -9.75 	-0.06, 29.37, -7.05 	0.00, -0.00 	10,31,26,717		3.14,14.95	0,0 	0
3133    	17.62, -6.33, -9.76 	-0.06, 29.13, -7.04 	0.00, -0.00 	10,31,26,725		6.04,23.53	0,0 	0
3142    	17.67, -6.40, -9.75 	-0.05, 28.87, -7.02 	0.00, -0.00 	10,31,26,735		7.79,22.40	0,0 	0
3151    	17.78, -6.52, -9.75 	-0.05, 28.56, -7.00 	0.00, -0.00 	10,31,26,745		13.15,25.20	0,0 	0
3159    	17.90, -6.72, -9.74 	-0.03, 28.24, -7.00 	0.00, -0.00 	10,31,26,754		21.91,29.64	0,0 	0
3168    	18.10, -7.01, -9.72 	0.00, 27.88, -6.98 	0.00, -0.00 	10,31,26,764		26.60,27.73	0,0 	0
3177    	18.40, -7.40, -9.71 	0.04, 27.50, -6.97 	0.00, -0.00 	10,31,26,774		41.13,31.99	0,0 	0
3185    	18.78, -7.82, -9.68 	0.05, 27.14, -6.97 	0.00, -0.00 	10,31,26,783		51.37,32.61	0,0 	0
3194    	19.12, -8.28, -9.61 	0.08, 26.72, -6.96 	0.00, -0.00 	10,31,26,793		47.61,34.60	0,0 	0
3203    	19.43, -8.65, -9.51 	0.13, 26.35, -6.96 	0.00, -0.00 	10,31,26,803		40.40,31.19	0,0 	0
3211    	19.65, -8.93, -9.42 	0.16, 25.94, -6.95 	0.00, -0.00 	10,31,26,812		32.32,37.83	0,0 	0
3220    	19.86, -9.17, -9.35 	0.19, 25.53, -6.93 	0.00, -0.00 	10,31,26,822		26.41,33.75	0,0 	0
3229    	20.03, -9.37, -9.35 	0.21, 25.15, -6.93 	0.00, -0.00 	10,31,26,832		22.09,31.81	0,0 	0
3237    	20.23, -9.58, -9.36 	0.25, 24.76, -6.92 	0.00, -0.00 	10,31,26,841		20.39,28.22	0,0 	0
3246    	20.43, -9.84, -9.37 	0.30, 24.37, -6.91 	0.00, -0.00 	10,31,26,851		25.69,30.49	0,0 	0
3255    	20.63, -10.07, -9.35 	0.35, 23.96, -6.90 	0.00, -0.00 	10,31,26,861		23.22,31.35	0,0 	0
3264    	20.85, -10.36, -9.33 	0.40, 23.58, -6.90 	0.00, -0.00 	10,31,26,871		29.82,32.11	0,0 	0
3272    	21.04, -10.62, -9.29 	0.46, 23.20, -6.91 	0.00, -0.00 	10,31,26,880		27.31,32.26	0,0 	0
3282    	21.21, -10.89, -9.25 	0.52, 22.83, -6.92 	0.00, -0.00 	10,31,26,891		24.58,28.93	0,0 	0
3290    	21.41, -11.20, -9.17 	0.57, 22.41, -6.96 	0.00, -0.00 	10,31,26,900		30.83,34.88	0,0 	0
3298    	21.59, -11.53, -9.11 	0.60, 22.05, -6.99 	0.00, -0.00 	10,31,26,909		31.09,30.04	0,0 	0
3307    	21.74, -11.81, -9.04 	0.63, 21.67, -7.05 	0.00, -0.00 	10,31,26,919		24.55,29.37	0,0 	0
3317    	21.87, -12.06, -9.01 	0.62, 21.29, -7.12 	0.00, -0.00 	10,31,26,930		21.90,29.27	0,0 	0
3324    	21.99, -12.32, -8.96 	0.63, 20.90, -7.19 	0.00, -0.00 	10,31,26,938		25.95,35.66	0,0 	0
3333    	22.12, -12.57, -8.95 	0.60, 20.55, -7.29 	0.00, -0.00 	10,31,26,948		21.53,26.72	0,0 	0
3342    	22.20, -12.83, -8.93 	0.57, 20.18, -7.39 	0.00, -0.00 	10,31,26,958		21.08,28.44	0,0 	0
3350    	22.30, -13.09, -8.95 	0.52, 19.81, -7.51 	0.00, -0.00 	10,31,26,967		23.13,31.87	0,0 	0
3359    	22.42, -13.36, -8.92 	0.47, 19.38, -7.61 	0.00, -0.00 	10,31,26,977		21.12,30.50	0,0 	0
3368    	22.50, -13.56, -8.92 	0.43, 19.01, -7.76 	0.00, -0.00 	10,31,26,987		16.27,28.56	0,0 	0
3376    	22.66, -13.68, -8.94 	0.37, 18.63, -7.89 	0.00, -0.00 	10,31,26,996		16.91,31.96	0,0 	0
3385    	22.78, -13.80, -8.95 	0.33, 18.23, -8.04 	0.00, -0.00 	10,31,27,6		12.69,31.07	0,0 	0
3394    	22.87, -13.97, -8.95 	0.26, 17.84, -8.19 	0.00, -0.00 	10,31,27,16		14.73,30.46	0,0 	0
3402    	22.95, -14.18, -8.93 	0.18, 17.40, -8.29 	0.00, -0.00 	10,31,27,25		19.34,37.73	0,0 	0
3411    	23.00, -14.43, -8.89 	0.03, 16.94, -8.41 	0.00, -0.00 	10,31,27,35		19.41,36.85	0,0 	0
3420    	23.08, -14.63, -8.83 	-0.04, 16.51, -8.53 	0.00, -0.00 	10,31,27,45		16.76,33.87	0,0 	0
3429    	23.21, -14.84, -8.80 	-0.08, 16.06, -8.64 	0.00, -0.00 	10,31,27,55		20.09,37.38	0,0 	0
3437    	23.32, -15.03, -8.81 	-0.16, 15.66, -8.76 	0.00, -0.00 	10,31,27,64		18.85,34.05	0,0 	0
3446    	23.43, -15.28, -8.78 	-0.22, 15.21, -8.86 	0.00, -0.00 	10,31,27,74		20.85,34.63	0,0 	0
3455    	23.48, -15.52, -8.74 	-0.24, 14.77, -8.96 	0.00, -0.00 	10,31,27,84		18.56,34.44	0,0 	0
3463    	23.47, -15.80, -8.67 	-0.26, 14.33, -9.02 	0.00, -0.00 	10,31,27,93		23.38,36.38	0,0 	0
3472    	23.44, -16.12, -8.61 	-0.33, 13.82, -9.03 	0.00, -0.00 	10,31,27,103		25.13,39.85	0,0 	0
3481    	23.59, -16.41, -8.54 	-0.36, 13.35, -9.07 	0.00, -0.00 	10,31,27,113		24.93,36.18	0,0 	0
3489    	23.70, -16.69, -8.50 	-0.35, 12.87, -9.11 	0.00, -0.00 	10,31,27,122		30.21,48.17	0,0 	0
3498    	23.88, -17.01, -8.47 	-0.47, 12.37, -9.12 	0.00, -0.00 	10,31,27,132		33.03,46.63	0,0 	0
3508    	24.04, -17.35, -8.40 	-0.56, 11.85, -9.11 	0.00, -0.00 	10,31,27,143		34.39,47.33	0,0 	0
3515    	24.11, -17.71, -8.31 	-0.67, 11.31, -9.10 	0.00, -0.00 	10,31,27,151		40.71,61.88	0,0 	0
3524    	24.13, -18.12, -8.20 	-0.66, 10.84, -9.07 	0.00, -0.00 	10,31,27,161		34.71,39.21	0,0 	0
3533    	24.10, -18.53, -8.13 	-0.66, 10.34, -9.05 	0.00, -0.00 	10,31,27,171		36.77,44.78	0,0 	0
3541    	24.06, -18.94, -8.03 	-0.62, 9.87, -9.00 	0.00, -0.00 	10,31,27,180		41.70,47.28	0,0 	0
3550    	24.05, -19.30, -7.94 	-0.60, 9.42, -8.96 	0.00, -0.00 	10,31,27,190		32.65,40.79	0,0 	0
3559    	24.09, -19.71, -7.89 	-0.65, 8.93, -8.88 	0.00, -0.00 	10,31,27,200		36.94,44.89	0,0 	0
3567    	24.20, -20.11, -7.80 	-0.70, 8.46, -8.76 	0.00, -0.00 	10,31,27,209		42.23,47.08	0,0 	0
3576    	24.39, -20.53, -7.72 	-0.72, 8.04, -8.66 	0.00, -0.00 	10,31,27,219		41.63,38.69	0,0 	0
3585    	24.52, -20.91, -7.67 	-0.67, 7.61, -8.56 	0.00, -0.00 	10,31,27,229		36.08,39.20	0,0 	0
3593    	24.59, -21.31, -7.63 	-0.57, 7.20, -8.44 	0.00, -0.00 	10,31,27,238		37.50,38.97	0,0 	0
3602    	24.67, -21.73, -7.60 	-0.42, 6.77, -8.31 	0.00, -0.00 	10,31,27,248		38.50,41.33	0,0 	0
3611    	24.72, -22.13, -7.57 	-0.18, 6.38, -8.17 	0.00, -0.00 	10,31,27,258		37.17,41.41	0,0 	0
3620    	24.73, -22.58, -7.55 	0.01, 6.03, -8.01 	0.00, -0.00 	10,31,27,268		40.83,35.98	0,0 	0
3628    	24.81, -22.99, -7.47 	0.21, 5.69, -7.82 	0.00, -0.00 	10,31,27,277		41.46,39.62	0,0 	0
3637    	24.95, -23.37, -7.42 	0.35, 5.32, -7.62 	0.00, -0.00 	10,31,27,287		37.04,35.32	0,0 	0
3646    	25.05, -23.63, -7.40 	0.41, 4.94, -7.42 	0.00, -0.00 	10,31,27,297		25.58,35.19	0,0 	0
3654    	25.14, -23.93, -7.37 	0.45, 4.55, -7.23 	0.00, -0.00 	10,31,27,306		30.60,39.50	0,0 	0
3663    	25.20, -24.18, -7.30 	0.54, 4.12, -7.06 	0.00, -0.00 	10,31,27,316		23.38,39.74	0,0 	0
3672    	25.30, -24.35, -7.29 	0.63, 3.72, -6.89 	0.00, -0.00 	10,31,27,326		17.86,37.76	0,0 	0
3680    	25.35, -24.58, -7.25 	0.69, 3.46, -6.76 	0.00, -0.00 	10,31,27,335		24.13,26.69	0,0 	0
3689    	25.34, -24.80, -7.22 	0.74, 3.28, -6.71 	0.00, -0.00 	10,31,27,345		19.40,16.91	0,0 	0
3699    	25.34, -25.05, -7.23 	0.77, 3.10, -6.73 	0.00, -0.00 	10,31,27,356		23.49,16.69	0,0 	0
3706    	25.32, -25.29, -7.22 	0.85, 2.79, -6.75 	0.00, -0.00 	10,31,27,364		26.27,34.75	0,0 	0
3715    	25.37, -25.44, -7.22 	0.96, 2.48, -6.76 	0.00, -0.00 	10,31,27,374		12.88,27.98	0,0 	0
3724    	25.38, -25.68, -7.22 	1.06, 2.25, -6.77 	0.00, -0.00 	10,31,27,384		22.53,22.69	0,0 	0
3732    	25.46, -25.92, -7.21 	1.10, 2.09, -6.78 	0.00, -0.00 	10,31,27,393		24.94,16.18	0,0 	0
3741    	25.52, -26.06, -7.20 	1.12, 1.97, -6.81 	0.00, -0.00 	10,31,27,403		13.44,11.34	0,0 	0
3750    	25.60, -26.22, -7.22 	1.20, 1.85, -6.83 	0.00, -0.00 	10,31,27,413		16.08,13.06	0,0 	0
3758    	25.58, -26.31, -7.19 	1.27, 1.71, -6.85 	0.00, -0.00 	10,31,27,422		8.21,14.69	0,0 	0
3767    	25.62, -26.33, -7.19 	1.33, 1.58, -6.88 	0.00, -0.00 	10,31,27,432		4.19,12.46	0,0 	0
3776    	25.61, -26.25, -7.21 	1.38, 1.43, -6.90 	0.00, -0.00 	10,31,27,442		7.38,14.32	0,0 	0
3785    	25.66, -26.23, -7.22 	1.39, 1.24, -6.93 	0.00, -0.00 	10,31,27,452		4.98,17.32	0,0 	0
3793    	25.66, -26.23, -7.18 	1.40, 1.09, -6.93 	0.00, -0.00 	10,31,27,461		0.00,15.70	0,0 	0
3802    	25.62, -26.23, -7.19 	1.42, 0.95, -6.93 	0.00, -0.00 	10,31,27,471		3.64,12.52	0,0 	0
3811    	25.69, -26.24, -7.12 	1.41, 0.82, -6.93 	0.00, -0.00 	10,31,27,481		6.46,12.24	0,0 	0
3819    	25.64, -26.31, -7.09 	1.39, 0.70, -6.91 	0.00, -0.00 	10,31,27,490		7.81,12.46	0,0 	0
3828    	25.62, -26.27, -7.08 	1.45, 0.59, -6.92 	0.00, -0.00 	10,31,27,500		0.00,0.00	0,0 	0
3837    	25.64, -26.28, -7.11 	1.42, 0.50, -6.90 	0.00, -0.00 	10,31,27,510		0.00,0.00	0,0 	0
3845    	25.72, -26.25, -7.09 	1.42, 0.38, -6.86 	0.00, -0.00 	10,31,27,519		0.00,0.00	0,0 	0
3854    	25.70, -26.25, -7.08 	1.43, 0.25, -6.85 	0.00, -0.00 	10,31,27,529		0.00,0.00	0,0 	0
3863    	25.63, -26.30, -7.08 	1.33, 0.16, -6.82 	0.00, -0.00 	10,31,27,539		0.00,0.00	0,0 	0
3871    	25.64, -26.30, -7.09 	1.23, 0.08, -6.82 	0.00, -0.00 	10,31,27,548		0.00,0.00	0,0 	0
3880    	25.64, -26.26, -7.10 	1.21, -0.01, -6.81 	0.00, -0.00 	10,31,27,558		0.00,0.00	0,0 	0
3890    	25.61, -26.27, -7.10 	1.13, -0.11, -6.79 	0.00, -0.00 	10,31,27,569		0.00,0.00	0,0 	0
3897    	25.63, -26.27, -7.09 	0.98, -0.14, -6.79 	0.00, -0.00 	10,31,27,577		0.00,0.00	0,0 	0
3906    	25.69, -26.25, -7.08 	0.84, -0.23, -6.74 	0.00, -0.00 	10,31,27,587		0.00,0.00	0,0 	0
3915    	25.58, -26.24, -7.07 	0.70, -0.33, -6.72 	0.00, -0.00 	10,31,27,597		0.00,0.00	0,0 	0
3923    	25.58, -26.26, -7.06 	0.51, -0.40, -6.70 	0.00, -0.00 	10,31,27,606		0.00,0.00	0,0 	0
