#Time 	Sensor1         Sensor2         Target          Time            Vel             
#================================================================

13      	24.87, -26.90, -6.71 	-0.27, -0.26, -6.79 	0.00, 20.00 	10,32,23,579		0.00,0.00	0,0 	0
18      	24.85, -26.87, -6.71 	-0.28, -0.23, -6.79 	0.00, 20.00 	10,32,23,588		6.04,4.91	0,0 	0
26      	24.80, -26.88, -6.72 	-0.27, -0.25, -6.78 	0.00, 20.00 	10,32,23,597		6.41,1.88	0,0 	0
35      	24.82, -26.87, -6.69 	-0.27, -0.25, -6.79 	0.00, 20.00 	10,32,23,607		2.54,0.00	0,0 	0
44      	24.82, -26.87, -6.68 	-0.27, -0.22, -6.80 	0.00, 20.00 	10,32,23,617		0.00,2.49	0,0 	0
52      	24.78, -26.92, -6.68 	-0.27, -0.22, -6.79 	0.00, 20.00 	10,32,23,626		7.50,0.00	0,0 	0
61      	24.79, -26.93, -6.70 	-0.27, -0.21, -6.79 	0.00, 20.00 	10,32,23,636		1.68,1.24	0,0 	0
70      	24.85, -26.91, -6.69 	-0.27, -0.21, -6.80 	0.00, 20.00 	10,32,23,646		7.11,0.00	0,0 	0
78      	24.87, -26.92, -6.69 	-0.27, -0.22, -6.80 	0.00, 20.00 	10,32,23,655		2.88,1.40	0,0 	0
87      	24.86, -26.91, -6.70 	-0.27, -0.22, -6.80 	0.00, 20.00 	10,32,23,665		1.68,0.00	0,0 	0
96      	24.81, -26.92, -6.71 	-0.27, -0.22, -6.80 	0.00, 20.00 	10,32,23,675		5.69,0.00	0,0 	0
106     	24.81, -26.91, -6.68 	-0.26, -0.21, -6.79 	0.00, 20.00 	10,32,23,686		1.12,1.50	0,0 	0
113     	24.74, -26.91, -6.67 	-0.27, -0.20, -6.81 	0.00, 20.00 	10,32,23,694		10.02,2.14	0,0 	0
122     	24.73, -26.93, -6.66 	-0.27, -0.20, -6.81 	0.00, 20.00 	10,32,23,704		2.72,0.00	0,0 	0
131     	24.73, -26.94, -6.65 	-0.23, -0.21, -6.80 	0.00, 20.00 	10,32,23,714		1.25,4.60	0,0 	0
139     	24.73, -26.94, -6.65 	-0.24, -0.22, -6.80 	0.00, 20.00 	10,32,23,723		0.00,1.87	0,0 	0
148     	24.72, -26.93, -6.65 	-0.24, -0.22, -6.80 	0.00, 20.00 	10,32,23,733		1.68,0.00	0,0 	0
157     	24.77, -26.92, -6.65 	-0.23, -0.21, -6.79 	0.00, 20.00 	10,32,23,743		5.69,1.66	0,0 	0
165     	24.81, -26.93, -6.63 	-0.23, -0.21, -6.79 	0.00, 20.00 	10,32,23,752		5.21,0.00	0,0 	0
174     	24.75, -26.96, -6.62 	-0.21, -0.22, -6.78 	0.00, 20.00 	10,32,23,762		7.63,2.54	0,0 	0
183     	24.78, -26.93, -6.62 	-0.22, -0.24, -6.79 	0.00, 20.00 	10,32,23,772		5.00,1.66	0,0 	0
191     	24.73, -26.93, -6.64 	-0.23, -0.22, -6.78 	0.00, 20.00 	10,32,23,781		6.26,1.88	0,0 	0
200     	24.81, -26.91, -6.64 	-0.24, -0.22, -6.78 	0.00, 20.00 	10,32,23,791		9.23,1.11	0,0 	0
209     	24.83, -26.92, -6.64 	-0.22, -0.22, -6.77 	0.00, 20.00 	10,32,23,801		2.56,2.21	0,0 	0
217     	24.84, -26.95, -6.62 	-0.23, -0.25, -6.77 	0.00, 20.00 	10,32,23,810		4.40,3.06	0,0 	0
226     	24.84, -26.95, -6.62 	-0.23, -0.25, -6.77 	0.00, 20.00 	10,32,23,820		0.00,0.00	0,0 	0
235     	24.79, -26.96, -6.60 	-0.25, -0.23, -6.79 	0.00, 20.00 	10,32,23,830		5.69,2.54	0,0 	0
243     	24.78, -26.95, -6.59 	-0.27, -0.25, -6.79 	0.00, 20.00 	10,32,23,839		1.89,2.85	0,0 	0
252     	24.78, -26.95, -6.60 	-0.26, -0.22, -6.80 	0.00, 20.00 	10,32,23,849		0.00,2.72	0,0 	0
261     	24.84, -26.95, -6.59 	-0.26, -0.21, -6.79 	0.00, 20.00 	10,32,23,859		6.68,1.24	0,0 	0
269     	24.80, -26.97, -6.59 	-0.25, -0.22, -6.79 	0.00, 20.00 	10,32,23,868		5.72,1.88	0,0 	0
278     	24.81, -26.99, -6.60 	-0.25, -0.23, -6.80 	0.00, 20.00 	10,32,23,878		1.68,1.24	0,0 	0
287     	24.81, -27.02, -6.58 	-0.23, -0.24, -6.79 	0.00, 20.00 	10,32,23,888		3.74,2.21	0,0 	0
295     	24.81, -27.01, -6.56 	-0.24, -0.21, -6.81 	0.00, 20.00 	10,32,23,897		1.40,3.07	0,0 	0
304     	24.77, -27.02, -6.57 	-0.23, -0.21, -6.79 	0.00, 20.00 	10,32,23,907		4.61,1.11	0,0 	0
313     	24.80, -27.01, -6.56 	-0.23, -0.21, -6.78 	0.00, 20.00 	10,32,23,917		3.56,0.00	0,0 	0
322     	24.76, -27.04, -6.55 	-0.25, -0.22, -6.78 	0.00, 20.00 	10,32,23,927		5.80,2.53	0,0 	0
330     	24.76, -27.04, -6.56 	-0.21, -0.22, -6.79 	0.00, 20.00 	10,32,23,936		0.00,4.98	0,0 	0
339     	24.75, -27.06, -6.54 	-0.22, -0.20, -6.79 	0.00, 20.00 	10,32,23,946		2.72,2.73	0,0 	0
348     	24.75, -27.05, -6.55 	-0.21, -0.21, -6.78 	0.00, 20.00 	10,32,23,956		1.25,1.67	0,0 	0
356     	24.81, -27.01, -6.54 	-0.21, -0.19, -6.79 	0.00, 20.00 	10,32,23,965		9.35,2.80	0,0 	0
365     	24.85, -27.00, -6.54 	-0.26, -0.20, -6.78 	0.00, 20.00 	10,32,23,975		4.62,5.67	0,0 	0
374     	24.82, -27.03, -6.52 	-0.20, -0.20, -6.78 	0.00, 20.00 	10,32,23,985		5.00,6.64	0,0 	0
382     	24.79, -27.05, -6.53 	-0.21, -0.20, -6.79 	0.00, 20.00 	10,32,23,994		4.67,1.24	0,0 	0
391     	24.79, -27.05, -6.53 	-0.22, -0.21, -6.77 	0.00, 20.00 	10,32,24,4		0.00,1.66	0,0 	0
400     	24.78, -27.04, -6.54 	-0.24, -0.19, -6.79 	0.00, 20.00 	10,32,24,14		1.68,3.34	0,0 	0
408     	24.79, -27.06, -6.54 	-0.24, -0.21, -6.79 	0.00, 20.00 	10,32,24,23		3.08,2.80	0,0 	0
417     	24.78, -27.07, -6.52 	-0.24, -0.19, -6.80 	0.00, 20.00 	10,32,24,33		1.67,2.49	0,0 	0
426     	24.81, -27.03, -6.53 	-0.24, -0.21, -6.79 	0.00, 20.00 	10,32,24,43		5.98,2.49	0,0 	0
434     	24.81, -27.04, -6.51 	-0.24, -0.22, -6.78 	0.00, 20.00 	10,32,24,52		1.40,1.40	0,0 	0
443     	24.81, -27.04, -6.51 	-0.26, -0.21, -6.79 	0.00, 20.00 	10,32,24,62		0.00,2.54	0,0 	0
452     	24.78, -27.06, -6.50 	-0.26, -0.23, -6.79 	0.00, 20.00 	10,32,24,72		4.15,2.49	0,0 	0
460     	24.78, -27.06, -6.50 	-0.25, -0.22, -6.78 	0.00, 20.00 	10,32,24,81		0.00,1.87	0,0 	0
469     	24.82, -27.02, -6.50 	-0.26, -0.23, -6.79 	0.00, 20.00 	10,32,24,91		6.66,1.66	0,0 	0
478     	24.77, -27.04, -6.50 	-0.26, -0.25, -6.80 	0.00, 20.00 	10,32,24,101		6.08,1.24	0,0 	0
487     	24.77, -27.03, -6.50 	-0.23, -0.25, -6.79 	0.00, 20.00 	10,32,24,111		1.25,3.32	0,0 	0
495     	24.76, -27.02, -6.51 	-0.23, -0.21, -6.79 	0.00, 20.00 	10,32,24,120		1.89,4.20	0,0 	0
504     	24.75, -27.04, -6.50 	-0.22, -0.21, -6.79 	0.00, 20.00 	10,32,24,130		2.72,1.11	0,0 	0
513     	24.75, -27.04, -6.52 	-0.20, -0.18, -6.80 	0.00, 20.00 	10,32,24,140		0.00,4.33	0,0 	0
521     	24.75, -27.04, -6.52 	-0.17, -0.20, -6.80 	0.00, 20.00 	10,32,24,149		0.00,4.67	0,0 	0
530     	24.75, -27.04, -6.52 	-0.18, -0.20, -6.80 	0.00, 20.00 	10,32,24,159		0.00,1.11	0,0 	0
539     	24.79, -27.10, -6.51 	-0.21, -0.22, -6.79 	0.00, 20.00 	10,32,24,169		7.68,4.14	0,0 	0
547     	24.79, -27.10, -6.51 	-0.21, -0.19, -6.81 	0.00, 20.00 	10,32,24,178		0.00,4.20	0,0 	0
556     	24.79, -27.09, -6.51 	-0.21, -0.20, -6.81 	0.00, 20.00 	10,32,24,188		1.25,1.24	0,0 	0
565     	24.78, -27.09, -6.51 	-0.24, -0.20, -6.80 	0.00, 20.00 	10,32,24,198		1.11,3.32	0,0 	0
573     	24.77, -27.06, -6.49 	-0.21, -0.20, -6.81 	0.00, 20.00 	10,32,24,207		3.08,3.73	0,0 	0
582     	24.77, -27.06, -6.49 	-0.20, -0.22, -6.80 	0.00, 20.00 	10,32,24,217		0.00,2.73	0,0 	0
591     	24.77, -27.06, -6.49 	-0.19, -0.22, -6.80 	0.00, 20.00 	10,32,24,227		0.00,1.11	0,0 	0
599     	24.76, -27.05, -6.50 	-0.20, -0.19, -6.81 	0.00, 20.00 	10,32,24,236		1.89,4.38	0,0 	0
608     	24.76, -27.05, -6.50 	-0.20, -0.20, -6.80 	0.00, 20.00 	10,32,24,246		0.00,1.24	0,0 	0
617     	24.76, -27.05, -6.50 	-0.21, -0.19, -6.82 	0.00, 20.00 	10,32,24,256		0.00,1.67	0,0 	0
625     	24.75, -27.03, -6.50 	-0.15, -0.19, -6.82 	0.00, 20.00 	10,32,24,265		3.08,7.47	0,0 	0
634     	24.75, -27.04, -6.50 	-0.15, -0.19, -6.83 	0.00, 20.00 	10,32,24,275		1.25,0.00	0,0 	0
643     	24.79, -27.01, -6.50 	-0.13, -0.19, -6.82 	0.00, 20.00 	10,32,24,285		5.80,2.21	0,0 	0
651     	24.78, -27.02, -6.50 	-0.15, -0.19, -6.82 	0.00, 20.00 	10,32,24,294		1.87,2.49	0,0 	0
660     	24.79, -27.02, -6.53 	-0.17, -0.20, -6.82 	0.00, 20.00 	10,32,24,304		1.11,2.53	0,0 	0
669     	24.78, -27.02, -6.53 	-0.18, -0.20, -6.83 	0.00, 20.00 	10,32,24,314		1.11,1.11	0,0 	0
679     	24.78, -27.02, -6.51 	-0.18, -0.20, -6.82 	0.00, 20.00 	10,32,24,325		0.00,0.00	0,0 	0
686     	24.74, -27.03, -6.52 	-0.14, -0.20, -6.83 	0.00, 20.00 	10,32,24,333		5.93,5.69	0,0 	0
695     	24.74, -27.06, -6.50 	-0.14, -0.19, -6.82 	0.00, 20.00 	10,32,24,343		3.74,1.24	0,0 	0
705     	24.75, -27.07, -6.50 	-0.15, -0.19, -6.82 	0.00, 20.00 	10,32,24,354		1.51,1.00	0,0 	0
712     	24.75, -27.07, -6.49 	-0.14, -0.20, -6.81 	0.00, 20.00 	10,32,24,362		0.00,2.14	0,0 	0
721     	24.77, -27.07, -6.47 	-0.14, -0.19, -6.81 	0.00, 20.00 	10,32,24,372		2.23,1.24	0,0 	0
730     	24.72, -27.08, -6.48 	-0.18, -0.20, -6.80 	0.00, 20.00 	10,32,24,382		5.69,4.59	0,0 	0
738     	24.72, -27.08, -6.48 	-0.16, -0.20, -6.79 	0.00, 20.00 	10,32,24,391		0.00,2.49	0,0 	0
747     	24.72, -27.08, -6.48 	-0.16, -0.21, -6.80 	0.00, 20.00 	10,32,24,401		0.00,1.24	0,0 	0
756     	24.72, -27.08, -6.48 	-0.16, -0.21, -6.80 	0.00, 20.00 	10,32,24,411		0.00,0.00	0,0 	0
764     	24.72, -27.08, -6.48 	-0.16, -0.21, -6.80 	0.00, 20.00 	10,32,24,420		0.00,0.00	0,0 	0
773     	24.71, -27.07, -6.49 	-0.17, -0.20, -6.80 	0.00, 20.00 	10,32,24,430		1.68,1.67	0,0 	0
782     	24.68, -27.07, -6.50 	-0.16, -0.21, -6.79 	0.00, 20.00 	10,32,24,440		3.34,1.67	0,0 	0
790     	24.69, -27.07, -6.50 	-0.17, -0.21, -6.79 	0.00, 20.00 	10,32,24,449		1.25,1.24	0,0 	0
799     	24.67, -27.04, -6.50 	-0.17, -0.23, -6.80 	0.00, 20.00 	10,32,24,459		4.37,1.24	0,0 	0
808     	24.67, -27.05, -6.48 	-0.16, -0.23, -6.80 	0.00, 20.00 	10,32,24,469		1.25,1.11	0,0 	0
816     	24.68, -27.07, -6.48 	-0.15, -0.23, -6.80 	0.00, 20.00 	10,32,24,478		3.08,1.24	0,0 	0
825     	24.69, -27.07, -6.48 	-0.15, -0.23, -6.80 	0.00, 20.00 	10,32,24,488		1.11,0.00	0,0 	0
834     	24.71, -27.06, -6.47 	-0.15, -0.23, -6.80 	0.00, 20.00 	10,32,24,498		2.54,0.00	0,0 	0
843     	24.73, -27.06, -6.49 	-0.17, -0.24, -6.79 	0.00, 20.00 	10,32,24,508		2.23,2.53	0,0 	0
851     	24.68, -27.08, -6.47 	-0.16, -0.24, -6.79 	0.00, 20.00 	10,32,24,517		6.84,1.24	0,0 	0
860     	24.67, -27.07, -6.46 	-0.16, -0.21, -6.80 	0.00, 20.00 	10,32,24,527		1.68,2.49	0,0 	0
870     	24.69, -27.05, -6.46 	-0.15, -0.23, -6.81 	0.00, 20.00 	10,32,24,538		3.00,1.50	0,0 	0
877     	24.69, -27.06, -6.49 	-0.17, -0.24, -6.81 	0.00, 20.00 	10,32,24,546		1.60,3.26	0,0 	0
886     	24.69, -27.06, -6.49 	-0.17, -0.23, -6.81 	0.00, 20.00 	10,32,24,556		0.00,1.24	0,0 	0
895     	24.69, -27.07, -6.49 	-0.16, -0.25, -6.80 	0.00, 20.00 	10,32,24,566		1.25,2.73	0,0 	0
903     	24.68, -27.05, -6.50 	-0.18, -0.25, -6.79 	0.00, 20.00 	10,32,24,575		3.08,2.49	0,0 	0
912     	24.68, -27.05, -6.49 	-0.18, -0.25, -6.79 	0.00, 20.00 	10,32,24,585		0.00,0.00	0,0 	0
921     	24.67, -27.06, -6.47 	-0.18, -0.24, -6.79 	0.00, 20.00 	10,32,24,595		1.67,1.24	0,0 	0
929     	24.69, -27.07, -6.47 	-0.19, -0.21, -6.80 	0.00, 20.00 	10,32,24,604		2.88,3.07	0,0 	0
938     	24.67, -27.06, -6.48 	-0.18, -0.23, -6.79 	0.00, 20.00 	10,32,24,614		2.56,1.67	0,0 	0
947     	24.67, -27.04, -6.50 	-0.18, -0.23, -6.80 	0.00, 20.00 	10,32,24,624		2.49,0.00	0,0 	0
955     	24.65, -27.02, -6.50 	-0.18, -0.23, -6.80 	0.00, 20.00 	10,32,24,633		3.77,0.00	0,0 	0
964     	24.65, -27.02, -6.50 	-0.20, -0.24, -6.80 	0.00, 20.00 	10,32,24,643		0.00,2.53	0,0 	0
973     	24.69, -27.01, -6.52 	-0.20, -0.21, -6.80 	0.00, 20.00 	10,32,24,653		4.62,2.49	0,0 	0
981     	24.70, -27.01, -6.51 	-0.20, -0.21, -6.80 	0.00, 20.00 	10,32,24,662		1.25,0.00	0,0 	0
990     	24.69, -27.01, -6.49 	-0.19, -0.24, -6.81 	0.00, 20.00 	10,32,24,672		1.11,2.73	0,0 	0
999     	24.67, -26.98, -6.49 	-0.18, -0.24, -6.80 	0.00, 20.00 	10,32,24,682		3.35,1.11	0,0 	0
1007    	24.73, -26.96, -6.50 	-0.18, -0.23, -6.81 	0.00, 20.00 	10,32,24,691		8.00,1.40	1000,1 	0
1016    	24.65, -26.98, -6.50 	-0.18, -0.21, -6.82 	0.00, 20.00 	10,32,24,701		9.23,1.24	1000,1 	0
1025    	24.71, -26.99, -6.50 	-0.19, -0.22, -6.80 	0.00, 20.00 	10,32,24,711		6.80,1.66	1000,1 	0
1034    	24.71, -26.99, -6.50 	-0.18, -0.24, -6.79 	0.00, 20.00 	10,32,24,721		0.00,1.67	1000,1 	0
1042    	24.73, -27.01, -6.50 	-0.18, -0.25, -6.80 	0.00, 20.00 	10,32,24,730		2.88,1.40	1000,1 	0
1051    	24.67, -27.01, -6.50 	-0.20, -0.25, -6.79 	0.00, 20.00 	10,32,24,740		6.68,2.21	1000,1 	0
1061    	24.75, -27.00, -6.48 	-0.19, -0.24, -6.79 	0.00, 20.00 	10,32,24,751		8.08,1.50	1000,1 	0
1068    	24.75, -27.00, -6.48 	-0.18, -0.25, -6.79 	0.00, 20.00 	10,32,24,759		0.00,2.14	1000,1 	0
1077    	24.75, -27.00, -6.47 	-0.18, -0.25, -6.79 	0.00, 20.00 	10,32,24,769		0.00,0.00	1000,1 	0
1086    	24.75, -27.00, -6.47 	-0.18, -0.24, -6.79 	0.00, 20.00 	10,32,24,779		0.00,1.24	1000,1 	0
1094    	24.77, -27.01, -6.48 	-0.20, -0.24, -6.78 	0.00, 20.00 	10,32,24,788		2.88,2.49	1000,1 	0
1103    	24.77, -27.01, -6.48 	-0.18, -0.23, -6.79 	0.00, 20.00 	10,32,24,798		0.00,2.53	1000,1 	0
1112    	24.76, -27.02, -6.48 	-0.19, -0.22, -6.79 	0.00, 20.00 	10,32,24,808		1.67,1.11	1000,1 	0
1120    	24.73, -27.03, -6.47 	-0.19, -0.22, -6.79 	0.00, 20.00 	10,32,24,817		4.00,0.00	1000,1 	0
1129    	24.73, -27.02, -6.47 	-0.19, -0.22, -6.79 	0.00, 20.00 	10,32,24,827		1.25,0.00	1000,1 	0
1138    	24.70, -27.05, -6.46 	-0.19, -0.20, -6.80 	0.00, 20.00 	10,32,24,837		5.00,2.49	1000,1 	0
1146    	24.74, -27.04, -6.47 	-0.19, -0.18, -6.80 	0.00, 20.00 	10,32,24,846		5.19,2.80	1000,1 	0
1155    	24.78, -27.03, -6.48 	-0.18, -0.19, -6.79 	0.00, 20.00 	10,32,24,856		4.62,1.67	1000,1 	0
1164    	24.77, -27.01, -6.49 	-0.19, -0.19, -6.79 	0.00, 20.00 	10,32,24,866		2.74,1.11	1000,1 	0
1172    	24.75, -27.02, -6.50 	-0.21, -0.18, -6.79 	0.00, 20.00 	10,32,24,875		2.86,2.86	1000,1 	0
1181    	24.79, -27.02, -6.48 	-0.19, -0.20, -6.79 	0.00, 20.00 	10,32,24,885		4.45,3.34	1000,1 	0
1190    	24.74, -27.01, -6.48 	-0.17, -0.19, -6.79 	0.00, 20.00 	10,32,24,895		5.71,2.53	1000,1 	0
1199    	24.70, -27.01, -6.50 	-0.16, -0.20, -6.79 	0.00, 20.00 	10,32,24,905		4.45,1.67	1000,1 	0
1207    	24.70, -27.01, -6.50 	-0.15, -0.23, -6.80 	0.00, 20.00 	10,32,24,914		0.00,3.07	1000,1 	0
1216    	24.70, -27.01, -6.49 	-0.14, -0.22, -6.80 	0.00, 20.00 	10,32,24,924		0.00,1.66	1000,1 	0
1225    	24.68, -26.99, -6.50 	-0.17, -0.23, -6.79 	0.00, 20.00 	10,32,24,934		2.56,3.54	1000,1 	0
1233    	24.74, -27.00, -6.50 	-0.17, -0.24, -6.79 	0.00, 20.00 	10,32,24,943		7.51,1.40	1000,1 	0
1242    	24.74, -27.00, -6.52 	-0.19, -0.22, -6.80 	0.00, 20.00 	10,32,24,953		0.00,2.54	1000,1 	0
1252    	24.75, -26.97, -6.51 	-0.16, -0.21, -6.80 	0.00, 20.00 	10,32,24,964		2.45,3.19	1000,1 	0
1259    	24.75, -27.03, -6.52 	-0.20, -0.22, -6.80 	0.00, 20.00 	10,32,24,972		8.02,5.90	1000,1 	0
1268    	24.76, -27.00, -6.55 	-0.19, -0.24, -6.80 	0.00, 20.00 	10,32,24,982		3.90,1.67	1000,1 	0
1277    	24.76, -26.97, -6.54 	-0.19, -0.21, -6.80 	0.00, 20.00 	10,32,24,992		2.49,2.49	1000,1 	0
1285    	24.78, -26.99, -6.55 	-0.15, -0.21, -6.80 	0.00, 20.00 	10,32,25,1		2.88,4.98	1000,1 	0
1294    	24.83, -26.93, -6.57 	-0.18, -0.17, -6.80 	0.00, 20.00 	10,32,25,11		8.33,5.99	1000,1 	0
1303    	24.78, -26.92, -6.60 	-0.14, -0.18, -6.81 	0.00, 20.00 	10,32,25,21		5.71,4.60	1000,1 	0
1311    	24.86, -26.90, -6.65 	-0.15, -0.14, -6.82 	0.00, 20.00 	10,32,25,30		10.38,5.74	1000,1 	0
1320    	24.90, -26.81, -6.68 	-0.12, -0.09, -6.81 	0.00, 20.00 	10,32,25,40		10.50,5.97	1000,1 	0
1329    	24.96, -26.66, -6.77 	-0.12, 0.02, -6.83 	0.00, 20.00 	10,32,25,50		17.49,12.49	1000,1 	0
1337    	25.07, -26.56, -6.82 	-0.09, 0.13, -6.85 	0.00, 20.00 	10,32,25,59		18.62,14.46	1000,1 	0
1346    	25.06, -26.42, -6.86 	-0.01, 0.29, -6.84 	0.00, 20.00 	10,32,25,69		16.26,19.50	1000,1 	0
1355    	25.09, -26.24, -6.94 	-0.00, 0.55, -6.88 	0.00, 20.00 	10,32,25,79		20.21,29.84	1000,1 	0
1363    	25.15, -26.14, -6.96 	0.13, 0.90, -6.93 	0.00, 20.00 	10,32,25,88		14.06,45.81	1000,1 	0
1372    	25.11, -25.98, -7.02 	0.25, 1.35, -6.95 	0.00, 20.00 	10,32,25,98		18.05,52.37	1000,1 	0
1381    	25.20, -25.79, -7.15 	0.42, 1.98, -7.01 	0.00, 20.00 	10,32,25,108		23.39,71.78	1000,1 	0
1390    	25.33, -25.59, -7.21 	0.51, 2.59, -7.02 	0.00, 20.00 	10,32,25,118		26.63,68.92	1000,1 	0
1398    	25.47, -25.38, -7.29 	0.71, 3.28, -7.01 	0.00, 20.00 	10,32,25,127		31.14,89.49	1000,1 	0
1407    	25.63, -25.18, -7.31 	0.91, 3.79, -7.00 	0.00, 20.00 	10,32,25,137		28.56,60.86	1000,1 	0
1416    	25.82, -24.94, -7.39 	1.03, 4.20, -6.97 	0.00, 20.00 	10,32,25,147		34.53,47.54	1000,1 	0
1424    	25.91, -24.67, -7.46 	1.21, 4.64, -7.00 	0.00, 20.00 	10,32,25,156		35.07,59.75	1000,1 	0
1433    	25.85, -24.40, -7.50 	1.34, 5.07, -7.01 	0.00, 20.00 	10,32,25,166		30.71,50.23	1000,1 	0
1443    	25.82, -24.14, -7.54 	1.49, 5.55, -7.06 	0.00, 20.00 	10,32,25,177		26.15,50.05	1000,1 	0
1450    	25.64, -23.86, -7.60 	1.57, 5.97, -7.10 	0.00, 20.00 	10,32,25,185		47.79,61.52	1000,1 	0
1459    	25.58, -23.57, -7.68 	1.68, 6.43, -7.15 	0.00, 20.00 	10,32,25,195		33.15,52.13	1000,1 	0
1468    	25.48, -23.29, -7.75 	1.82, 6.89, -7.19 	0.00, 20.00 	10,32,25,205		32.41,52.92	1000,1 	0
1476    	25.43, -23.02, -7.77 	1.89, 7.28, -7.20 	0.00, 20.00 	10,32,25,214		34.29,49.50	1000,1 	0
1485    	25.30, -22.85, -7.80 	1.90, 7.63, -7.22 	0.00, 20.00 	10,32,25,224		23.72,39.79	1000,1 	0
1494    	25.23, -22.64, -7.84 	1.93, 8.00, -7.25 	0.00, 20.00 	10,32,25,234		25.37,41.15	1000,1 	0
1502    	25.18, -22.38, -7.90 	1.96, 8.36, -7.32 	0.00, 20.00 	10,32,25,243		32.91,44.82	1000,1 	0
1511    	25.06, -22.16, -7.94 	2.07, 8.74, -7.38 	0.00, 20.00 	10,32,25,253		27.27,43.66	1000,1 	0
1520    	24.99, -21.94, -8.02 	2.08, 9.11, -7.43 	0.00, 20.00 	10,32,25,263		26.54,41.03	1000,1 	0
1528    	25.05, -21.69, -8.06 	2.11, 9.46, -7.50 	0.00, 20.00 	10,32,25,272		31.72,44.82	1000,1 	0
1537    	25.04, -21.40, -8.11 	2.12, 9.79, -7.55 	0.00, 20.00 	10,32,25,282		32.45,36.07	1000,1 	0
1546    	24.99, -21.17, -8.13 	2.12, 10.15, -7.60 	0.00, 20.00 	10,32,25,292		25.86,39.81	1000,1 	0
1554    	24.91, -20.99, -8.19 	2.12, 10.48, -7.62 	0.00, 20.00 	10,32,25,301		24.64,41.99	1000,1 	0
1563    	24.77, -20.75, -8.23 	2.12, 10.78, -7.64 	0.00, 20.00 	10,32,25,311		30.56,33.59	1000,1 	0
1572    	24.64, -20.46, -8.29 	2.10, 11.11, -7.69 	0.00, 20.00 	10,32,25,321		36.06,36.22	1000,1 	0
1581    	24.51, -20.10, -8.35 	2.07, 11.42, -7.73 	0.00, 20.00 	10,32,25,331		42.54,34.99	1000,1 	0
1589    	24.39, -19.76, -8.42 	1.99, 11.73, -7.78 	0.00, 20.00 	10,32,25,340		45.22,39.44	1000,1 	0
1598    	24.27, -19.46, -8.48 	1.91, 12.03, -7.81 	0.00, 20.00 	10,32,25,350		35.15,35.05	1000,1 	0
1607    	24.23, -19.16, -8.58 	1.85, 12.33, -7.84 	0.00, 20.00 	10,32,25,360		33.99,33.03	1000,1 	0
1615    	24.29, -18.88, -8.64 	1.82, 12.64, -7.88 	0.00, 20.00 	10,32,25,369		35.59,39.50	1000,1 	0
1624    	24.31, -18.57, -8.70 	1.78, 12.92, -7.89 	0.00, 20.00 	10,32,25,379		34.98,31.59	1000,1 	0
1634    	24.24, -18.30, -8.75 	1.71, 13.24, -7.90 	0.00, 20.00 	10,32,25,390		28.15,32.36	1000,1 	0
1641    	24.15, -18.06, -8.77 	1.67, 13.56, -7.90 	0.00, 20.00 	10,32,25,398		36.13,46.73	1000,1 	0
1650    	24.01, -17.86, -8.80 	1.63, 13.89, -7.88 	0.00, 20.00 	10,32,25,408		26.39,36.50	1000,1 	0
1659    	23.86, -17.67, -8.82 	1.57, 14.18, -7.86 	0.00, 20.00 	10,32,25,418		27.77,33.27	1000,1 	0
1667    	23.74, -17.41, -8.85 	1.53, 14.44, -7.85 	0.00, 20.00 	10,32,25,427		35.68,32.57	1000,1 	0
1676    	23.61, -17.19, -8.87 	1.48, 14.72, -7.84 	0.00, 20.00 	10,32,25,437		27.84,31.81	1000,1 	0
1685    	23.61, -17.00, -8.90 	1.42, 14.99, -7.82 	0.00, 20.00 	10,32,25,447		21.20,30.86	1000,1 	0
1693    	23.56, -16.73, -8.92 	1.37, 15.26, -7.79 	0.00, 20.00 	10,32,25,456		34.55,34.17	1000,1 	0
1702    	23.52, -16.45, -8.97 	1.29, 15.52, -7.77 	0.00, 20.00 	10,32,25,466		31.52,30.32	1000,1 	0
1711    	23.41, -16.16, -9.03 	1.22, 15.78, -7.74 	0.00, 20.00 	10,32,25,476		35.15,29.97	1000,1 	0
1719    	23.30, -15.93, -9.04 	1.10, 16.02, -7.70 	0.00, 20.00 	10,32,25,485		31.34,33.01	1000,1 	0
1728    	23.20, -15.76, -9.06 	1.04, 16.25, -7.69 	0.00, 20.00 	10,32,25,495		21.83,27.26	1000,1 	0
1737    	23.15, -15.59, -9.08 	0.98, 16.51, -7.66 	0.00, 20.00 	10,32,25,505		19.55,29.38	1000,1 	0
1746    	22.97, -15.44, -9.13 	0.96, 16.78, -7.65 	0.00, 20.00 	10,32,25,515		26.73,30.04	1000,1 	0
1754    	22.78, -15.28, -9.18 	0.93, 17.03, -7.62 	0.00, 20.00 	10,32,25,524		30.95,31.19	1000,1 	0
1763    	22.64, -15.05, -9.18 	0.87, 17.29, -7.58 	0.00, 20.00 	10,32,25,534		29.49,29.38	1000,1 	0
1772    	22.51, -14.85, -9.18 	0.81, 17.53, -7.55 	0.00, 20.00 	10,32,25,544		26.78,27.26	1000,1 	0
1780    	22.35, -14.64, -9.22 	0.77, 17.75, -7.52 	0.00, 20.00 	10,32,25,553		33.13,28.43	1000,1 	0
1789    	22.29, -14.40, -9.27 	0.74, 17.95, -7.50 	0.00, 20.00 	10,32,25,563		27.07,22.83	1000,1 	0
1798    	22.25, -14.16, -9.35 	0.70, 18.18, -7.48 	0.00, 20.00 	10,32,25,573		27.82,25.28	1000,1 	0
1806    	22.21, -13.99, -9.40 	0.69, 18.39, -7.45 	0.00, 20.00 	10,32,25,582		22.00,26.70	1000,1 	0
1815    	22.03, -13.84, -9.42 	0.64, 18.59, -7.41 	0.00, 20.00 	10,32,25,592		25.85,23.08	1000,1 	0
1825    	21.93, -13.69, -9.41 	0.60, 18.77, -7.39 	0.00, 20.00 	10,32,25,603		17.75,18.60	1000,1 	0
1832    	21.84, -13.49, -9.40 	0.55, 18.95, -7.36 	0.00, 20.00 	10,32,25,611		31.68,26.58	1000,1 	0
1841    	21.75, -13.26, -9.44 	0.55, 19.14, -7.35 	0.00, 20.00 	10,32,25,621		27.38,21.17	1000,1 	0
1850    	21.66, -13.09, -9.45 	0.57, 19.31, -7.33 	0.00, 20.00 	10,32,25,631		21.28,18.77	1000,1 	0
1858    	21.61, -12.94, -9.48 	0.54, 19.48, -7.31 	0.00, 20.00 	10,32,25,640		19.32,21.58	1000,1 	0
1867    	21.52, -12.78, -9.52 	0.53, 19.64, -7.30 	0.00, 20.00 	10,32,25,650		20.18,17.45	1000,1 	0
1876    	21.43, -12.68, -9.53 	0.53, 19.77, -7.29 	0.00, 20.00 	10,32,25,660		15.09,14.92	1000,1 	0
1884    	21.34, -12.57, -9.56 	0.52, 19.90, -7.29 	0.00, 20.00 	10,32,25,669		18.05,15.60	1000,1 	0
1893    	21.29, -12.51, -9.55 	0.52, 20.00, -7.28 	0.00, 20.00 	10,32,25,679		9.17,11.19	1000,1 	0
1902    	21.30, -12.42, -9.56 	0.51, 20.06, -7.27 	0.00, 20.00 	10,32,25,689		10.03,7.55	1000,1 	0
1910    	21.27, -12.41, -9.56 	0.49, 20.12, -7.26 	0.00, 20.00 	10,32,25,698		4.02,7.43	1000,1 	0
1919    	21.24, -12.36, -9.56 	0.49, 20.16, -7.24 	0.00, 20.00 	10,32,25,708		6.02,4.97	1000,1 	0
1929    	21.23, -12.33, -9.58 	0.46, 20.22, -7.23 	0.00, 20.00 	10,32,25,718		3.52,6.35	1000,1 	0
1937    	21.22, -12.27, -9.57 	0.44, 20.24, -7.21 	0.00, 20.00 	10,32,25,727		7.13,3.75	1000,1 	0
1946    	21.22, -12.23, -9.58 	0.42, 20.28, -7.19 	0.00, 20.00 	10,32,25,737		4.99,4.34	1000,1 	0
1955    	21.18, -12.21, -9.58 	0.42, 20.29, -7.16 	0.00, 20.00 	10,32,25,747		4.63,1.24	1000,1 	0
1964    	21.16, -12.16, -9.58 	0.40, 20.30, -7.12 	0.00, 20.00 	10,32,25,757		6.63,2.54	1000,1 	0
1972    	21.13, -12.16, -9.56 	0.40, 20.29, -7.08 	0.00, 20.00 	10,32,25,766		3.76,1.40	1000,1 	0
1981    	21.12, -12.12, -9.56 	0.40, 20.29, -7.04 	0.00, 20.00 	10,32,25,776		3.91,0.00	1000,1 	0
1990    	21.10, -12.15, -9.57 	0.38, 20.28, -7.00 	0.00, 20.00 	10,32,25,786		3.33,2.53	1000,1 	0
1998    	21.08, -12.12, -9.57 	0.34, 20.29, -6.99 	0.00, 20.00 	10,32,25,795		3.77,6.38	1000,1 	0
2007    	21.08, -12.10, -9.58 	0.30, 20.30, -6.98 	0.00, 20.00 	10,32,25,805		2.49,4.60	1000,1 	0
2017    	21.10, -12.11, -9.58 	0.28, 20.29, -6.97 	0.00, 20.00 	10,32,25,816		2.30,2.28	1000,1 	0
2024    	21.08, -12.08, -9.60 	0.29, 20.29, -6.97 	0.00, 20.00 	10,32,25,824		5.61,1.42	1000,1 	0
2033    	21.08, -12.08, -9.60 	0.30, 20.30, -6.99 	0.00, 20.00 	10,32,25,834		0.00,1.66	1000,1 	0
2042    	21.10, -12.03, -9.58 	0.32, 20.34, -7.00 	0.00, 20.00 	10,32,25,844		5.45,4.33	1000,1 	0
2050    	21.05, -12.04, -9.57 	0.37, 20.35, -7.03 	0.00, 20.00 	10,32,25,853		6.41,6.37	1000,1 	0
2059    	21.06, -12.00, -9.58 	0.41, 20.36, -7.03 	0.00, 20.00 	10,32,25,863		5.10,4.59	1000,1 	0
2068    	21.07, -12.02, -9.58 	0.44, 20.35, -7.03 	0.00, 20.00 	10,32,25,873		2.74,3.55	1000,1 	0
2076    	21.06, -12.02, -9.58 	0.44, 20.33, -7.02 	0.00, 20.00 	10,32,25,882		1.25,1.40	1000,1 	0
2085    	21.04, -12.01, -9.58 	0.43, 20.32, -7.02 	0.00, 20.00 	10,32,25,892		2.56,1.66	1000,1 	0
2094    	21.02, -12.04, -9.56 	0.42, 20.31, -7.01 	0.00, 20.00 	10,32,25,902		4.34,1.66	1000,1 	0
2102    	21.00, -12.04, -9.56 	0.42, 20.32, -7.01 	0.00, 20.00 	10,32,25,911		2.50,1.40	1000,1 	0
2111    	20.99, -12.06, -9.54 	0.43, 20.32, -7.00 	0.00, 20.00 	10,32,25,921		2.72,1.11	1000,1 	0
2120    	21.00, -12.08, -9.54 	0.42, 20.32, -7.01 	0.00, 20.00 	10,32,25,931		1.68,1.11	1000,1 	0
2129    	20.98, -12.09, -9.53 	0.42, 20.32, -7.00 	0.00, 20.00 	10,32,25,941		2.54,0.00	1000,1 	0
2137    	20.99, -12.09, -9.54 	0.43, 20.32, -7.01 	0.00, 20.00 	10,32,25,950		1.25,1.24	1000,1 	0
2146    	21.00, -12.08, -9.54 	0.43, 20.32, -7.01 	0.00, 20.00 	10,32,25,960		1.67,0.00	1000,1 	0
2155    	20.98, -12.08, -9.54 	0.42, 20.32, -7.01 	0.00, 20.00 	10,32,25,970		2.23,1.11	1000,1 	0
2163    	20.98, -12.09, -9.54 	0.42, 20.35, -7.00 	0.00, 20.00 	10,32,25,979		1.40,2.80	1000,1 	0
2172    	20.98, -12.09, -9.54 	0.41, 20.35, -7.00 	0.00, 20.00 	10,32,25,989		0.00,1.11	1000,1 	0
2181    	20.99, -12.08, -9.55 	0.40, 20.38, -7.01 	0.00, 20.00 	10,32,25,999		1.67,3.89	1000,1 	0
2189    	20.98, -12.09, -9.54 	0.36, 20.39, -7.00 	0.00, 20.00 	10,32,26,8		1.87,5.18	1000,1 	0
2198    	20.97, -12.09, -9.54 	0.36, 20.40, -7.01 	0.00, 20.00 	10,32,26,18		1.11,1.24	1000,1 	0
2208    	20.97, -12.09, -9.54 	0.36, 20.41, -7.01 	0.00, 20.00 	10,32,26,29		0.00,1.12	1000,1 	0
2215    	20.96, -12.08, -9.54 	0.36, 20.41, -7.01 	0.00, 20.00 	10,32,26,37		2.16,0.00	1000,1 	0
2224    	20.98, -12.08, -9.54 	0.35, 20.41, -7.01 	0.00, 20.00 	10,32,26,47		2.23,1.11	1000,1 	0
2233    	20.94, -12.09, -9.54 	0.36, 20.41, -7.02 	0.00, 20.00 	10,32,26,57		4.62,1.11	1000,1 	0
2241    	20.96, -12.08, -9.55 	0.36, 20.43, -7.02 	0.00, 20.00 	10,32,26,66		2.86,1.40	1000,1 	0
2250    	20.94, -12.06, -9.55 	0.36, 20.43, -7.02 	0.00, 20.00 	10,32,26,76		2.56,0.00	1000,1 	0
2259    	20.93, -12.06, -9.55 	0.36, 20.43, -7.02 	0.00, 20.00 	10,32,26,86		1.11,0.00	1000,1 	0
2268    	20.95, -12.06, -9.56 	0.36, 20.43, -7.02 	0.00, -0.00 	10,32,26,105		2.50,0.00	1000,1 	0
2277    	20.95, -12.08, -9.56 	0.36, 20.40, -7.01 	0.00, -0.00 	10,32,26,115		1.87,3.73	1000,1 	0
2286    	20.94, -12.07, -9.56 	0.34, 20.39, -7.00 	0.00, -0.00 	10,32,26,125		2.00,4.56	1000,1 	0
2294    	20.93, -12.07, -9.56 	0.29, 20.34, -6.98 	0.00, -0.00 	10,32,26,134		2.00,14.95	1000,1 	0
2303    	20.93, -12.05, -9.56 	0.26, 20.26, -6.97 	0.00, -0.00 	10,32,26,144		3.74,13.46	1000,1 	0
2312    	20.94, -12.06, -9.56 	0.25, 20.23, -6.97 	0.00, -0.00 	10,32,26,154		2.52,5.83	1000,1 	0
2320    	20.94, -12.05, -9.56 	0.27, 20.20, -6.98 	0.00, -0.00 	10,32,26,163		2.25,6.00	1000,1 	0
2329    	20.95, -12.05, -9.57 	0.28, 20.17, -6.98 	0.00, -0.00 	10,32,26,173		1.67,5.84	1000,1 	0
2338    	20.93, -12.07, -9.57 	0.29, 20.13, -6.98 	0.00, -0.00 	10,32,26,183		5.00,7.65	1000,1 	0
2346    	20.95, -12.05, -9.57 	0.29, 20.07, -6.98 	0.00, -0.00 	10,32,26,192		6.00,11.19	1000,1 	0
2355    	20.97, -12.06, -9.58 	0.31, 19.97, -6.97 	0.00, -0.00 	10,32,26,202		3.84,17.12	1000,1 	0
2364    	20.97, -12.05, -9.58 	0.32, 19.81, -6.97 	0.00, -0.00 	10,32,26,212		1.87,26.33	1000,1 	0
2372    	20.99, -12.09, -9.56 	0.33, 19.55, -6.96 	0.00, -0.00 	10,32,26,221		7.86,51.52	1000,1 	0
2381    	20.96, -12.10, -9.58 	0.28, 19.41, -6.96 	0.00, -0.00 	10,32,26,231		5.33,25.11	1000,1 	0
2391    	20.98, -12.10, -9.56 	0.28, 19.27, -6.97 	0.00, -0.00 	10,32,26,242		2.23,14.92	1000,1 	0
2398    	20.97, -12.13, -9.57 	0.29, 19.13, -6.97 	0.00, -0.00 	10,32,26,250		5.01,20.84	1000,1 	0
2407    	20.98, -12.14, -9.57 	0.24, 18.94, -6.94 	0.00, -0.00 	10,32,26,260		1.68,21.58	1000,1 	0
2416    	20.97, -12.13, -9.58 	0.22, 18.75, -6.93 	0.00, -0.00 	10,32,26,270		1.68,21.25	1000,1 	0
2424    	20.98, -12.18, -9.58 	0.16, 18.54, -6.93 	0.00, -0.00 	10,32,26,279		5.76,27.58	1000,1 	0
2433    	21.02, -12.20, -9.57 	0.07, 18.31, -6.94 	0.00, -0.00 	10,32,26,289		5.12,27.54	1000,1 	0
2442    	21.07, -12.25, -9.56 	0.00, 18.06, -6.95 	0.00, -0.00 	10,32,26,299		7.50,28.12	1000,1 	0
2450    	21.10, -12.27, -9.54 	-0.07, 17.81, -6.97 	0.00, -0.00 	10,32,26,308		4.70,33.30	1000,1 	0
2459    	21.15, -12.31, -9.53 	-0.17, 17.52, -6.99 	0.00, -0.00 	10,32,26,318		7.50,33.79	1000,1 	0
2468    	21.18, -12.39, -9.53 	-0.26, 17.22, -7.04 	0.00, -0.00 	10,32,26,328		9.37,34.98	1000,1 	0
2477    	21.27, -12.51, -9.54 	-0.34, 16.87, -7.07 	0.00, -0.00 	10,32,26,338		18.05,44.20	1000,1 	0
2485    	21.38, -12.66, -9.51 	-0.40, 16.53, -7.14 	0.00, -0.00 	10,32,26,347		23.70,43.78	1000,1 	0
2494    	21.52, -12.77, -9.51 	-0.45, 16.16, -7.20 	0.00, -0.00 	10,32,26,357		20.02,41.25	1000,1 	0
2503    	21.67, -12.98, -9.49 	-0.52, 15.80, -7.27 	0.00, -0.00 	10,32,26,367		31.57,45.35	1000,1 	0
2511    	21.83, -13.26, -9.43 	-0.61, 15.41, -7.33 	0.00, -0.00 	10,32,26,376		40.50,50.18	1000,1 	0
2520    	21.98, -13.52, -9.38 	-0.67, 15.02, -7.37 	0.00, -0.00 	10,32,26,386		33.86,43.85	1000,1 	0
2529    	22.19, -13.84, -9.32 	-0.73, 14.64, -7.44 	0.00, -0.00 	10,32,26,396		47.41,47.94	1000,1 	0
2537    	22.31, -14.21, -9.25 	-0.72, 14.25, -7.51 	0.00, -0.00 	10,32,26,405		43.71,43.58	1000,1 	0
2546    	22.49, -14.55, -9.19 	-0.74, 13.86, -7.58 	0.00, -0.00 	10,32,26,415		42.55,43.53	1000,1 	0
2555    	22.67, -14.86, -9.12 	-0.74, 13.45, -7.62 	0.00, -0.00 	10,32,26,425		44.86,51.78	1000,1 	0
2563    	22.82, -15.13, -9.06 	-0.78, 13.00, -7.64 	0.00, -0.00 	10,32,26,434		38.66,56.06	1000,1 	0
2572    	22.96, -15.39, -9.01 	-0.78, 12.54, -7.67 	0.00, -0.00 	10,32,26,444		32.73,51.00	1000,1 	0
2582    	23.09, -15.76, -8.90 	-0.80, 12.11, -7.69 	0.00, -0.00 	10,32,26,455		42.93,48.50	1000,1 	0
2589    	23.28, -16.11, -8.84 	-0.75, 11.69, -7.71 	0.00, -0.00 	10,32,26,463		56.81,59.79	1000,1 	0
2598    	23.44, -16.47, -8.76 	-0.71, 11.25, -7.73 	0.00, -0.00 	10,32,26,473		44.27,48.83	1000,1 	0
2607    	23.64, -16.80, -8.71 	-0.64, 10.85, -7.75 	0.00, -0.00 	10,32,26,483		42.59,45.66	1000,1 	0
2615    	23.85, -17.10, -8.64 	-0.53, 10.43, -7.74 	0.00, -0.00 	10,32,26,492		45.85,53.92	1000,1 	0
2624    	24.04, -17.35, -8.60 	-0.43, 10.04, -7.73 	0.00, -0.00 	10,32,26,502		34.75,45.23	1000,1 	0
2633    	24.22, -17.61, -8.60 	-0.34, 9.62, -7.68 	0.00, -0.00 	10,32,26,512		35.09,47.36	1000,1 	0
2641    	24.42, -17.90, -8.54 	-0.26, 9.21, -7.65 	0.00, -0.00 	10,32,26,521		43.97,51.63	1000,1 	0
2650    	24.45, -18.23, -8.48 	-0.11, 8.82, -7.62 	0.00, -0.00 	10,32,26,531		37.58,47.04	1000,1 	0
2659    	24.49, -18.58, -8.38 	0.02, 8.42, -7.57 	0.00, -0.00 	10,32,26,541		39.10,46.25	1000,1 	0
2668    	24.44, -18.89, -8.31 	0.14, 8.01, -7.48 	0.00, -0.00 	10,32,26,551		39.74,54.29	1000,1 	0
2676    	24.50, -19.20, -8.24 	0.23, 7.61, -7.42 	0.00, -0.00 	10,32,26,560		38.94,50.56	1000,1 	0
2685    	24.54, -19.46, -8.17 	0.33, 7.23, -7.38 	0.00, -0.00 	10,32,26,570		29.06,44.04	1000,1 	0
2694    	24.62, -19.68, -8.14 	0.39, 6.86, -7.33 	0.00, -0.00 	10,32,26,580		29.85,47.01	1000,1 	0
2702    	24.72, -19.97, -8.10 	0.47, 6.47, -7.29 	0.00, -0.00 	10,32,26,589		37.76,48.90	1000,1 	0
2711    	24.80, -20.24, -8.02 	0.53, 6.10, -7.23 	0.00, -0.00 	10,32,26,599		31.28,41.59	1000,1 	0
2720    	24.80, -20.60, -7.95 	0.61, 5.72, -7.17 	0.00, -0.00 	10,32,26,609		44.90,48.90	1000,1 	0
2729    	24.85, -20.95, -7.88 	0.68, 5.35, -7.10 	0.00, -0.00 	10,32,26,619		44.19,47.26	1000,1 	0
2738    	24.92, -21.31, -7.81 	0.73, 4.99, -7.01 	0.00, -0.00 	10,32,26,628		45.80,45.41	1000,1 	0
2747    	24.98, -21.68, -7.77 	0.72, 4.65, -6.93 	0.00, -0.00 	10,32,26,638		41.94,37.30	1000,1 	0
2755    	24.96, -22.04, -7.66 	0.73, 4.26, -6.83 	0.00, -0.00 	10,32,26,647		51.32,56.04	1000,1 	0
2764    	24.93, -22.21, -7.69 	0.66, 3.87, -6.75 	0.00, -0.00 	10,32,26,657		21.35,49.50	1000,1 	0
2773    	25.01, -22.43, -7.68 	0.59, 3.48, -6.70 	0.00, -0.00 	10,32,26,667		29.85,49.50	1000,1 	0
2781    	25.20, -22.59, -7.68 	0.64, 3.09, -6.69 	0.00, -0.00 	10,32,26,676		35.37,56.63	1000,1 	0
2790    	25.23, -22.80, -7.68 	0.70, 2.72, -6.67 	0.00, -0.00 	10,32,26,686		25.78,46.79	1000,1 	0
