#Time 	Sensor1         Sensor2         Target          Time            Vel             
#================================================================

0       	-20.54, 31.63, -7.10 	20.41, 5.58, -6.99 	0.00, 30.00 	13,52,41,866		0.00,0.00	0,0 	0
0       	-20.54, 31.63, -7.10 	20.41, 5.58, -6.99 	0.00, 30.00 	13,52,41,866		-nan,-nan	0,0 	0
0       	-20.54, 31.63, -7.10 	20.41, 5.57, -6.99 	0.00, 30.00 	13,52,41,866		-nan,inf	0,0 	0
0       	-20.53, 31.63, -7.10 	20.38, 5.58, -6.99 	0.00, 30.00 	13,52,41,866		inf,inf	0,0 	0
0       	-20.53, 31.63, -7.09 	20.38, 5.58, -6.99 	0.00, 30.00 	13,52,41,866		-nan,-nan	0,0 	0
0       	-20.54, 31.63, -7.09 	20.39, 5.58, -6.99 	0.00, 30.00 	13,52,41,866		inf,inf	0,0 	0
0       	-20.54, 31.63, -7.09 	20.39, 5.58, -6.99 	0.00, 30.00 	13,52,41,866		-nan,-nan	0,0 	0
0       	-20.54, 31.63, -7.09 	20.41, 5.57, -6.98 	0.00, 30.00 	13,52,41,866		-nan,inf	0,0 	0
0       	-20.54, 31.65, -7.09 	20.41, 5.58, -6.99 	0.00, 30.00 	13,52,41,866		inf,inf	0,0 	0
0       	-20.54, 31.63, -7.10 	20.41, 5.57, -6.99 	0.00, 30.00 	13,52,41,867		inf,inf	0,0 	0
0       	-20.54, 31.63, -7.10 	20.42, 5.57, -6.99 	0.00, 30.00 	13,52,41,867		-nan,inf	0,0 	0
0       	-20.54, 31.63, -7.09 	20.43, 5.58, -6.99 	0.00, 30.00 	13,52,41,867		-nan,inf	0,0 	0
0       	-20.54, 31.62, -7.09 	20.43, 5.58, -6.99 	0.00, 30.00 	13,52,41,867		inf,-nan	0,0 	0
0       	-20.53, 31.63, -7.09 	20.43, 5.57, -6.99 	0.00, 30.00 	13,52,41,867		inf,inf	0,0 	0
0       	-20.54, 31.65, -7.09 	20.43, 5.57, -6.99 	0.00, 30.00 	13,52,41,867		inf,-nan	0,0 	0
0       	-20.55, 31.65, -7.09 	20.43, 5.57, -6.99 	0.00, 30.00 	13,52,41,867		inf,-nan	0,0 	0
0       	-20.55, 31.65, -7.09 	20.43, 5.57, -6.99 	0.00, 30.00 	13,52,41,867		-nan,-nan	0,0 	0
0       	-20.55, 31.65, -7.09 	20.44, 5.57, -6.99 	0.00, 30.00 	13,52,41,867		-nan,inf	0,0 	0
0       	-20.55, 31.65, -7.09 	20.44, 5.56, -6.99 	0.00, 30.00 	13,52,41,867		-nan,inf	0,0 	0
0       	-20.54, 31.63, -7.09 	20.44, 5.56, -6.99 	0.00, 30.00 	13,52,41,867		inf,-nan	0,0 	0
0       	-20.54, 31.63, -7.10 	20.44, 5.56, -6.99 	0.00, 30.00 	13,52,41,867		-nan,-nan	0,0 	0
0       	-20.54, 31.63, -7.10 	20.43, 5.57, -6.99 	0.00, 30.00 	13,52,41,867		-nan,inf	0,0 	0
0       	-20.54, 31.63, -7.10 	20.43, 5.57, -6.99 	0.00, 30.00 	13,52,41,867		-nan,-nan	0,0 	0
0       	-20.54, 31.63, -7.10 	20.43, 5.56, -6.99 	0.00, 30.00 	13,52,41,867		-nan,inf	0,0 	0
0       	-20.54, 31.63, -7.10 	20.43, 5.56, -6.99 	0.00, 30.00 	13,52,41,867		-nan,-nan	0,0 	0
0       	-20.54, 31.63, -7.10 	20.41, 5.54, -6.98 	0.00, 30.00 	13,52,41,867		-nan,inf	0,0 	0
0       	-20.54, 31.63, -7.10 	20.42, 5.54, -6.98 	0.00, 30.00 	13,52,41,867		-nan,inf	0,0 	0
0       	-20.54, 31.63, -7.10 	20.41, 5.54, -6.99 	0.00, 30.00 	13,52,41,867		-nan,inf	0,0 	0
0       	-20.54, 31.63, -7.10 	20.39, 5.55, -6.98 	0.00, 30.00 	13,52,41,867		-nan,inf	0,0 	0
0       	-20.54, 31.63, -7.09 	20.38, 5.56, -6.99 	0.00, 30.00 	13,52,41,867		-nan,inf	0,0 	0
0       	-20.54, 31.63, -7.09 	20.39, 5.57, -6.99 	0.00, 30.00 	13,52,41,867		-nan,inf	0,0 	0
1       	-20.54, 31.63, -7.10 	20.39, 5.57, -7.00 	0.00, 30.00 	13,52,41,868		0.00,0.00	0,0 	0
1       	-20.54, 31.65, -7.10 	20.41, 5.57, -6.99 	0.00, 30.00 	13,52,41,868		inf,inf	0,0 	0
1       	-20.54, 31.63, -7.10 	20.41, 5.57, -6.99 	0.00, 30.00 	13,52,41,869		inf,-nan	0,0 	0
1       	-20.54, 31.63, -7.10 	20.41, 5.57, -6.99 	0.00, 30.00 	13,52,41,869		-nan,-nan	0,0 	0
1       	-20.54, 31.63, -7.10 	20.41, 5.57, -6.99 	0.00, 30.00 	13,52,41,869		-nan,-nan	0,0 	0
1       	-20.54, 31.63, -7.10 	20.41, 5.57, -6.99 	0.00, 30.00 	13,52,41,869		-nan,-nan	0,0 	0
1       	-20.54, 31.63, -7.09 	20.41, 5.57, -6.99 	0.00, 30.00 	13,52,41,869		-nan,-nan	0,0 	0
1       	-20.54, 31.62, -7.09 	20.41, 5.57, -7.00 	0.00, 30.00 	13,52,41,869		inf,-nan	0,0 	0
1       	-20.54, 31.62, -7.09 	20.39, 5.58, -7.00 	0.00, 30.00 	13,52,41,869		-nan,inf	0,0 	0
1       	-20.54, 31.63, -7.10 	20.39, 5.58, -7.00 	0.00, 30.00 	13,52,41,869		inf,-nan	0,0 	0
1       	-20.54, 31.63, -7.09 	20.39, 5.58, -6.99 	0.00, 30.00 	13,52,41,869		-nan,-nan	0,0 	0
1       	-20.54, 31.62, -7.09 	20.39, 5.58, -6.99 	0.00, 30.00 	13,52,41,869		inf,-nan	0,0 	0
1       	-20.54, 31.63, -7.10 	20.39, 5.58, -6.99 	0.00, 30.00 	13,52,41,869		inf,-nan	0,0 	0
1       	-20.54, 31.63, -7.09 	20.41, 5.57, -6.99 	0.00, 30.00 	13,52,41,869		-nan,inf	0,0 	0
1       	-20.54, 31.62, -7.09 	20.39, 5.57, -6.99 	0.00, 30.00 	13,52,41,869		inf,inf	0,0 	0
1       	-20.54, 31.62, -7.09 	20.38, 5.55, -6.98 	0.00, 30.00 	13,52,41,869		-nan,inf	0,0 	0
1       	-20.54, 31.63, -7.09 	20.38, 5.56, -6.99 	0.00, 30.00 	13,52,41,869		inf,inf	0,0 	0
1       	-20.55, 31.64, -7.09 	20.38, 5.56, -6.99 	0.00, 30.00 	13,52,41,869		inf,-nan	0,0 	0
1       	-20.55, 31.62, -7.09 	20.38, 5.56, -6.99 	0.00, 30.00 	13,52,41,869		inf,-nan	0,0 	0
1       	-20.55, 31.62, -7.09 	20.38, 5.56, -6.99 	0.00, 30.00 	13,52,41,869		-nan,-nan	0,0 	0
1       	-20.55, 31.62, -7.09 	20.38, 5.56, -6.99 	0.00, 30.00 	13,52,41,869		-nan,-nan	0,0 	0
1       	-20.54, 31.63, -7.09 	20.38, 5.55, -6.98 	0.00, 30.00 	13,52,41,869		inf,inf	0,0 	0
1       	-20.54, 31.62, -7.09 	20.38, 5.56, -6.98 	0.00, 30.00 	13,52,41,869		inf,inf	0,0 	0
1       	-20.54, 31.63, -7.09 	20.38, 5.56, -6.98 	0.00, 30.00 	13,52,41,869		inf,-nan	0,0 	0
1       	-20.55, 31.64, -7.09 	20.38, 5.56, -6.98 	0.00, 30.00 	13,52,41,869		inf,-nan	0,0 	0
1       	-20.55, 31.64, -7.09 	20.39, 5.57, -6.98 	0.00, 30.00 	13,52,41,869		-nan,inf	0,0 	0
1       	-20.55, 31.62, -7.09 	20.41, 5.58, -6.99 	0.00, 30.00 	13,52,41,869		inf,inf	0,0 	0
1       	-20.55, 31.62, -7.09 	20.39, 5.58, -6.99 	0.00, 30.00 	13,52,41,869		-nan,inf	0,0 	0
1       	-20.55, 31.62, -7.09 	20.42, 5.59, -6.98 	0.00, 30.00 	13,52,41,870		-nan,inf	0,0 	0
1       	-20.55, 31.62, -7.09 	20.41, 5.57, -6.97 	0.00, 30.00 	13,52,41,870		-nan,inf	0,0 	0
1       	-20.55, 31.62, -7.09 	20.38, 5.56, -6.98 	0.00, 30.00 	13,52,41,870		-nan,inf	0,0 	0
1       	-20.55, 31.62, -7.09 	20.36, 5.53, -6.96 	0.00, 30.00 	13,52,41,870		-nan,inf	0,0 	0
1       	-20.55, 31.64, -7.09 	20.30, 5.41, -6.95 	0.00, 30.00 	13,52,41,870		inf,inf	0,0 	0
1       	-20.55, 31.64, -7.09 	19.98, 5.05, -7.08 	0.00, 30.00 	13,52,41,870		-nan,inf	0,0 	0
1       	-20.55, 31.64, -7.09 	19.38, 4.66, -7.31 	0.00, 30.00 	13,52,41,870		-nan,inf	0,0 	0
1       	-20.55, 31.64, -7.09 	18.89, 4.43, -7.49 	0.00, 30.00 	13,52,41,870		-nan,inf	0,0 	0
1       	-20.55, 31.64, -7.09 	18.39, 4.25, -7.63 	0.00, 30.00 	13,52,41,870		-nan,inf	0,0 	0
1       	-20.55, 31.64, -7.09 	17.93, 4.06, -7.75 	0.00, 30.00 	13,52,41,870		-nan,inf	0,0 	0
1       	-20.55, 31.64, -7.09 	17.55, 3.86, -7.87 	0.00, 30.00 	13,52,41,870		-nan,inf	0,0 	0
1       	-20.55, 31.64, -7.09 	17.07, 3.61, -8.04 	0.00, 30.00 	13,52,41,870		-nan,inf	0,0 	0
1       	-20.55, 31.62, -7.09 	16.39, 3.27, -8.19 	0.00, 30.00 	13,52,41,870		inf,inf	0,0 	0
1       	-20.54, 31.62, -7.09 	15.51, 2.93, -8.29 	0.00, 30.00 	13,52,41,870		inf,inf	0,0 	0
1       	-20.54, 31.62, -7.09 	14.56, 2.57, -8.34 	0.00, 30.00 	13,52,41,870		-nan,inf	0,0 	0
1       	-20.54, 31.62, -7.09 	13.59, 2.11, -8.37 	0.00, 30.00 	13,52,41,870		-nan,inf	0,0 	0
1       	-20.54, 31.63, -7.09 	12.57, 1.59, -8.42 	0.00, 30.00 	13,52,41,870		inf,inf	0,0 	0
1       	-20.54, 31.63, -7.09 	11.51, 1.07, -8.51 	0.00, 30.00 	13,52,41,870		-nan,inf	0,0 	0
1       	-20.54, 31.63, -7.09 	10.48, 0.67, -8.60 	0.00, 30.00 	13,52,41,870		-nan,inf	0,0 	0
1       	-20.54, 31.63, -7.09 	9.47, 0.31, -8.69 	0.00, 30.00 	13,52,41,870		-nan,inf	0,0 	0
1       	-20.55, 31.64, -7.09 	8.53, 0.05, -8.77 	0.00, 30.00 	13,52,41,870		inf,inf	0,0 	0
1       	-20.55, 31.64, -7.09 	7.75, -0.19, -8.75 	0.00, 30.00 	13,52,41,870		-nan,inf	0,0 	0
1       	-20.54, 31.62, -7.09 	7.02, -0.37, -8.67 	0.00, 30.00 	13,52,41,870		inf,inf	0,0 	0
1       	-20.54, 31.62, -7.10 	6.34, -0.60, -8.55 	0.00, 30.00 	13,52,41,870		-nan,inf	0,0 	0
1       	-20.54, 31.62, -7.10 	5.63, -0.83, -8.47 	0.00, 30.00 	13,52,41,870		-nan,inf	0,0 	0
1       	-20.54, 31.63, -7.09 	4.92, -0.98, -8.38 	0.00, 30.00 	13,52,41,870		inf,inf	0,0 	0
1       	-20.55, 31.62, -7.09 	4.29, -1.01, -8.30 	0.00, 30.00 	13,52,41,870		inf,inf	0,0 	0
1       	-20.54, 31.63, -7.09 	3.77, -0.97, -8.22 	0.00, 30.00 	13,52,41,871		inf,inf	0,0 	0
1       	-20.54, 31.63, -7.09 	3.26, -0.83, -8.17 	0.00, 30.00 	13,52,41,871		-nan,inf	0,0 	0
1       	-20.55, 31.64, -7.09 	2.93, -0.56, -8.12 	0.00, 30.00 	13,52,41,871		inf,inf	0,0 	0
1       	-20.55, 31.64, -7.09 	2.69, -0.28, -8.01 	0.00, 30.00 	13,52,41,871		-nan,inf	0,0 	0
1       	-20.55, 31.64, -7.09 	2.52, -0.15, -7.89 	0.00, 30.00 	13,52,41,871		-nan,inf	0,0 	0
1       	-20.55, 31.64, -7.09 	2.39, -0.06, -7.76 	0.00, 30.00 	13,52,41,871		-nan,inf	0,0 	0
1       	-20.55, 31.62, -7.09 	2.32, 0.05, -7.67 	0.00, 30.00 	13,52,41,871		inf,inf	0,0 	0
1       	-20.54, 31.62, -7.09 	2.26, 0.07, -7.51 	0.00, 30.00 	13,52,41,871		inf,inf	0,0 	0
1       	-20.55, 31.64, -7.10 	1.90, -0.02, -7.29 	0.00, 30.00 	13,52,41,871		inf,inf	0,0 	0
1       	-20.55, 31.64, -7.09 	1.21, -0.20, -7.01 	0.00, 30.00 	13,52,41,871		-nan,inf	0,0 	0
1       	-20.53, 31.63, -7.10 	0.72, -0.32, -6.82 	0.00, 30.00 	13,52,41,871		inf,inf	0,0 	0
1       	-20.53, 31.65, -7.10 	0.60, -0.24, -6.80 	0.00, 30.00 	13,52,41,871		inf,inf	0,0 	0
1       	-20.53, 31.63, -7.10 	0.65, -0.12, -6.84 	0.00, 30.00 	13,52,41,871		inf,inf	0,0 	0
1       	-20.53, 31.63, -7.10 	0.72, -0.03, -6.87 	0.00, 30.00 	13,52,41,871		-nan,inf	0,0 	0
1       	-20.52, 31.63, -7.09 	0.75, -0.01, -6.87 	0.00, 30.00 	13,52,41,871		inf,inf	0,0 	0
1       	-20.53, 31.65, -7.09 	0.80, 0.03, -6.88 	0.00, 30.00 	13,52,41,871		inf,inf	0,0 	0
1       	-20.50, 31.63, -7.09 	0.82, 0.04, -6.89 	0.00, 30.00 	13,52,41,871		inf,inf	0,0 	0
1       	-20.45, 31.62, -7.13 	0.84, 0.05, -6.89 	0.00, 30.00 	13,52,41,871		inf,inf	0,0 	0
1       	-20.46, 31.70, -7.15 	0.87, 0.04, -6.87 	0.00, 30.00 	13,52,41,871		inf,inf	0,0 	0
1       	-20.45, 31.79, -7.12 	0.89, 0.06, -6.87 	0.00, 30.00 	13,52,41,871		inf,inf	0,0 	0
1       	-20.43, 31.86, -7.12 	0.91, 0.05, -6.87 	0.00, 30.00 	13,52,41,871		inf,inf	0,0 	0
1       	-20.44, 31.86, -7.16 	0.92, 0.09, -6.89 	0.00, 30.00 	13,52,41,871		inf,inf	0,0 	0
1       	-20.48, 31.90, -7.18 	0.95, 0.11, -6.89 	0.00, 30.00 	13,52,41,871		inf,inf	0,0 	0
1       	-20.51, 31.89, -7.19 	0.96, 0.09, -6.91 	0.00, 30.00 	13,52,41,871		inf,inf	0,0 	0
1       	-20.51, 31.89, -7.19 	0.96, 0.12, -6.92 	0.00, 30.00 	13,52,41,871		-nan,inf	0,0 	0
1       	-20.52, 31.87, -7.18 	0.96, 0.13, -6.93 	0.00, 30.00 	13,52,41,871		inf,inf	0,0 	0
1       	-20.52, 31.87, -7.18 	0.98, 0.15, -6.93 	0.00, 30.00 	13,52,41,872		-nan,inf	0,0 	0
1       	-20.52, 31.87, -7.19 	1.10, 0.19, -6.95 	0.00, 30.00 	13,52,41,872		-nan,inf	0,0 	0
1       	-20.51, 31.84, -7.19 	1.36, 0.26, -6.98 	0.00, 30.00 	13,52,41,872		inf,inf	0,0 	0
1       	-20.48, 31.80, -7.16 	1.90, 0.37, -7.07 	0.00, 30.00 	13,52,41,872		inf,inf	0,0 	0
1       	-20.47, 31.81, -7.14 	2.55, 0.55, -7.22 	0.00, 30.00 	13,52,41,872		inf,inf	0,0 	0
1       	-20.48, 31.91, -7.13 	2.82, 0.58, -7.33 	0.00, 30.00 	13,52,41,872		inf,inf	0,0 	0
1       	-20.52, 31.96, -7.10 	3.14, 0.63, -7.48 	0.00, 30.00 	13,52,41,872		inf,inf	0,0 	0
1       	-20.55, 31.95, -7.06 	3.61, 0.80, -7.66 	0.00, 30.00 	13,52,41,872		inf,inf	0,0 	0
1       	-20.60, 31.99, -7.06 	4.13, 1.03, -7.88 	0.00, 30.00 	13,52,41,872		inf,inf	0,0 	0
1       	-20.61, 32.02, -7.06 	4.72, 1.20, -8.10 	0.00, 30.00 	13,52,41,872		inf,inf	0,0 	0
1       	-20.59, 31.99, -7.06 	5.25, 1.31, -8.27 	0.00, 30.00 	13,52,41,872		inf,inf	0,0 	0
1       	-20.60, 31.98, -7.07 	5.79, 1.42, -8.39 	0.00, 30.00 	13,52,41,872		inf,inf	0,0 	0
1       	-20.58, 31.97, -7.08 	6.33, 1.50, -8.48 	0.00, 30.00 	13,52,41,872		inf,inf	0,0 	0
1       	-20.57, 31.97, -7.08 	6.83, 1.54, -8.55 	0.00, 30.00 	13,52,41,872		inf,inf	0,0 	0
1       	-20.55, 31.95, -7.08 	7.26, 1.57, -8.56 	0.00, 30.00 	13,52,41,872		inf,inf	0,0 	0
1       	-20.54, 31.95, -7.09 	7.82, 1.56, -8.50 	0.00, 30.00 	13,52,41,872		inf,inf	0,0 	0
1       	-20.54, 31.95, -7.09 	8.45, 1.61, -8.37 	0.00, 30.00 	13,52,41,872		-nan,inf	0,0 	0
1       	-20.55, 31.95, -7.10 	9.15, 1.68, -8.24 	0.00, 30.00 	13,52,41,872		inf,inf	0,0 	0
1       	-20.58, 31.97, -7.10 	9.77, 1.82, -8.10 	0.00, 30.00 	13,52,41,872		inf,inf	0,0 	0
1       	-20.58, 31.97, -7.10 	10.36, 1.92, -7.99 	0.00, 30.00 	13,52,41,872		-nan,inf	0,0 	0
1       	-20.59, 31.96, -7.09 	10.71, 1.93, -7.92 	0.00, 30.00 	13,52,41,872		inf,inf	0,0 	0
1       	-20.59, 31.96, -7.10 	10.98, 1.84, -7.93 	0.00, 30.00 	13,52,41,873		-nan,inf	0,0 	0
1       	-20.58, 31.96, -7.10 	11.14, 1.71, -8.03 	0.00, 30.00 	13,52,41,873		inf,inf	0,0 	0
1       	-20.56, 31.93, -7.10 	11.09, 1.61, -8.18 	0.00, 30.00 	13,52,41,873		inf,inf	0,0 	0
4       	-20.54, 31.88, -7.10 	10.92, 1.36, -8.29 	0.00, 30.00 	13,52,41,876		17.77,100.34	0,0 	0
13      	-20.48, 31.84, -7.07 	10.85, 1.21, -8.35 	0.00, 30.00 	13,52,41,886		7.87,17.86	0,0 	0
22      	-20.47, 31.82, -7.02 	10.84, 1.15, -8.39 	0.00, 30.00 	13,52,41,895		2.27,7.06	0,0 	0
31      	-20.53, 31.89, -7.01 	11.03, 1.14, -8.42 	0.00, 30.00 	13,52,41,905		10.06,20.75	0,0 	0
40      	-20.54, 31.92, -7.01 	11.30, 1.20, -8.45 	0.00, 30.00 	13,52,41,915		3.70,30.20	0,0 	0
49      	-20.58, 31.96, -7.02 	11.58, 1.21, -8.44 	0.00, 30.00 	13,52,41,924		5.56,31.05	0,0 	0
58      	-20.57, 31.96, -7.02 	11.63, 1.19, -8.44 	0.00, 30.00 	13,52,41,934		1.31,6.92	0,0 	0
67      	-20.59, 31.95, -7.04 	11.67, 1.14, -8.42 	0.00, 30.00 	13,52,41,944		2.78,6.11	0,0 	0
76      	-20.58, 31.96, -7.13 	11.70, 1.11, -8.38 	0.00, 30.00 	13,52,41,953		1.85,4.38	0,0 	0
85      	-20.47, 31.86, -7.19 	11.63, 1.06, -8.38 	0.00, 30.00 	13,52,41,963		15.56,9.60	0,0 	0
94      	-20.39, 31.86, -7.22 	11.61, 1.02, -8.35 	0.00, 30.00 	13,52,41,973		9.00,5.27	0,0 	0
103     	-20.37, 32.05, -7.24 	11.57, 0.98, -8.34 	0.00, 30.00 	13,52,41,982		20.44,5.99	0,0 	0
112     	-20.40, 32.40, -7.26 	11.59, 0.90, -8.33 	0.00, 30.00 	13,52,41,992		39.05,8.25	0,0 	0
121     	-20.46, 32.67, -7.23 	11.54, 0.79, -8.34 	0.00, 30.00 	13,52,41,2		30.84,13.68	0,0 	0
130     	-20.54, 32.91, -7.22 	11.53, 0.67, -8.39 	0.00, 30.00 	13,52,42,11		28.92,12.97	0,0 	0
139     	-20.61, 33.14, -7.22 	11.55, 0.64, -8.47 	0.00, 30.00 	13,52,42,21		26.76,4.38	0,0 	0
148     	-20.69, 33.52, -7.22 	11.52, 0.74, -8.55 	0.00, 30.00 	13,52,42,31		42.86,10.81	0,0 	0
157     	-20.95, 34.82, -7.24 	11.50, 0.85, -8.55 	0.00, 30.00 	13,52,42,41		147.41,13.08	0,0 	0
166     	-21.05, 35.71, -7.29 	11.48, 0.89, -8.52 	0.00, 30.00 	13,52,42,50		98.75,4.84	0,0 	0
175     	-21.11, 36.54, -7.32 	11.51, 0.87, -8.47 	0.00, 30.00 	13,52,42,60		92.83,3.51	0,0 	0
184     	-21.15, 37.37, -7.32 	11.44, 0.85, -8.42 	0.00, 30.00 	13,52,42,70		92.15,8.06	0,0 	0
193     	-21.18, 38.18, -7.30 	11.37, 0.81, -8.37 	0.00, 30.00 	13,52,42,79		90.24,8.96	0,0 	0
202     	-21.14, 38.93, -7.33 	11.25, 0.78, -8.34 	0.00, 30.00 	13,52,42,89		83.95,13.10	0,0 	0
211     	-21.10, 39.72, -7.35 	11.21, 0.76, -8.31 	0.00, 30.00 	13,52,42,98		87.15,5.63	0,0 	0
220     	-21.04, 40.39, -7.33 	11.15, 0.75, -8.32 	0.00, 30.00 	13,52,42,108		75.65,6.55	0,0 	0
229     	-20.92, 40.92, -7.29 	11.12, 0.75, -8.33 	0.00, 30.00 	13,52,42,118		59.60,3.88	0,0 	0
238     	-20.76, 41.36, -7.29 	11.07, 0.78, -8.34 	0.00, 30.00 	13,52,42,128		52.28,6.29	0,0 	0
247     	-20.57, 41.69, -7.36 	11.01, 0.85, -8.36 	0.00, 30.00 	13,52,42,137		43.03,10.49	0,0 	0
256     	-20.36, 41.87, -7.40 	10.95, 0.91, -8.41 	0.00, 30.00 	13,52,42,147		30.06,9.60	0,0 	0
265     	-20.22, 41.86, -7.40 	10.89, 0.95, -8.46 	0.00, 30.00 	13,52,42,157		15.50,8.04	0,0 	0
274     	-20.26, 41.78, -7.36 	10.98, 1.02, -8.55 	0.00, 30.00 	13,52,42,166		9.61,12.36	0,0 	0
283     	-20.42, 41.74, -7.28 	11.09, 1.15, -8.68 	0.00, 30.00 	13,52,42,176		18.48,18.82	0,0 	0
292     	-20.52, 41.61, -7.22 	11.12, 1.24, -8.75 	0.00, 30.00 	13,52,42,186		17.85,11.07	0,0 	0
301     	-20.55, 41.53, -7.19 	11.17, 1.28, -8.76 	0.00, 30.00 	13,52,42,195		9.61,6.88	0,0 	0
310     	-20.66, 41.51, -7.17 	11.14, 1.30, -8.77 	0.00, 30.00 	13,52,42,205		11.81,3.51	0,0 	0
319     	-20.85, 41.51, -7.12 	11.06, 1.31, -8.78 	0.00, 30.00 	13,52,42,215		21.84,9.15	0,0 	0
328     	-20.98, 41.43, -7.07 	10.79, 1.35, -8.79 	0.00, 30.00 	13,52,42,224		16.37,30.21	0,0 	0
337     	-21.00, 41.35, -7.07 	10.35, 1.51, -8.83 	0.00, 30.00 	13,52,42,234		9.43,51.69	0,0 	0
346     	-21.00, 41.34, -7.08 	10.02, 1.79, -8.78 	0.00, 30.00 	13,52,42,244		1.60,48.37	0,0 	0
355     	-20.99, 41.38, -7.11 	9.88, 1.92, -8.71 	0.00, 30.00 	13,52,42,253		4.71,20.95	0,0 	0
364     	-20.98, 41.37, -7.11 	9.91, 2.03, -8.71 	0.00, 30.00 	13,52,42,263		1.31,13.27	0,0 	0
373     	-20.98, 41.37, -7.12 	9.90, 2.15, -8.71 	0.00, 30.00 	13,52,42,273		0.00,12.86	0,0 	0
382     	-20.95, 41.44, -7.15 	9.92, 2.22, -8.70 	0.00, 30.00 	13,52,42,283		8.17,8.48	0,0 	0
391     	-20.85, 41.48, -7.19 	9.93, 2.44, -8.70 	0.00, 30.00 	13,52,42,292		11.13,24.46	0,0 	0
400     	-20.81, 41.47, -7.21 	10.16, 3.27, -8.75 	0.00, 30.00 	13,52,42,302		5.25,95.45	0,0 	0
409     	-20.77, 41.39, -7.24 	10.38, 4.27, -8.93 	0.00, 30.00 	13,52,42,312		9.61,113.31	0,0 	0
418     	-20.77, 41.35, -7.27 	10.30, 4.74, -9.07 	0.00, 30.00 	13,52,42,321		4.80,52.76	0,0 	0
427     	-20.81, 41.35, -7.27 	10.33, 5.22, -9.20 	0.00, 30.00 	13,52,42,331		3.94,53.53	0,0 	0
436     	-20.78, 41.28, -7.26 	10.30, 5.78, -9.36 	0.00, 30.00 	13,52,42,341		8.92,62.71	0,0 	0
445     	-20.75, 41.23, -7.28 	10.37, 6.48, -9.57 	0.00, 30.00 	13,52,42,350		6.80,78.24	0,0 	0
454     	-20.75, 41.24, -7.28 	10.42, 7.14, -9.79 	0.00, 30.00 	13,52,42,360		1.60,73.50	0,0 	0
463     	-20.75, 41.24, -7.29 	10.31, 7.61, -9.96 	0.00, 30.00 	13,52,42,370		0.00,53.45	0,0 	0
472     	-20.75, 41.26, -7.28 	10.00, 7.99, -10.10 	0.00, 30.00 	13,52,42,379		1.60,55.08	0,0 	0
481     	-20.78, 41.26, -7.26 	9.51, 8.46, -10.25 	0.00, 30.00 	13,52,42,389		3.94,75.10	0,0 	0
490     	-20.91, 41.30, -7.21 	9.13, 9.08, -10.43 	0.00, 30.00 	13,52,42,399		14.84,81.06	0,0 	0
499     	-20.95, 41.35, -7.18 	8.80, 9.68, -10.58 	0.00, 30.00 	13,52,42,408		6.80,75.86	0,0 	0
508     	-20.96, 41.30, -7.13 	8.36, 10.19, -10.66 	0.00, 30.00 	13,52,42,418		6.27,74.23	0,0 	0
517     	-20.97, 41.29, -7.10 	7.83, 10.73, -10.67 	0.00, 30.00 	13,52,42,428		1.85,84.65	0,0 	0
526     	-20.97, 41.33, -7.11 	7.36, 11.40, -10.62 	0.00, 30.00 	13,52,42,437		4.80,90.87	0,0 	0
535     	-20.96, 41.33, -7.12 	7.11, 12.21, -10.54 	0.00, 30.00 	13,52,42,447		1.31,94.29	0,0 	0
544     	-20.96, 41.31, -7.13 	7.01, 13.08, -10.47 	0.00, 30.00 	13,52,42,457		1.60,96.80	0,0 	0
553     	-20.95, 41.32, -7.13 	6.89, 13.89, -10.42 	0.00, 30.00 	13,52,42,466		1.85,91.33	0,0 	0
562     	-20.93, 41.32, -7.14 	6.72, 14.67, -10.41 	0.00, 30.00 	13,52,42,476		1.31,88.73	0,0 	0
571     	-20.89, 41.34, -7.18 	6.45, 15.40, -10.42 	0.00, 30.00 	13,52,42,486		5.56,86.19	0,0 	0
580     	-20.75, 41.33, -7.25 	6.05, 15.99, -10.42 	0.00, 30.00 	13,52,42,496		15.50,78.75	0,0 	0
589     	-20.75, 41.30, -7.25 	5.60, 16.59, -10.46 	0.00, 30.00 	13,52,42,505		3.20,84.34	0,0 	0
598     	-20.82, 41.37, -7.26 	5.17, 17.21, -10.52 	0.00, 30.00 	13,52,42,515		11.12,83.83	0,0 	0
607     	-20.84, 41.39, -7.25 	4.82, 17.83, -10.57 	0.00, 30.00 	13,52,42,524		3.34,79.14	0,0 	0
616     	-20.85, 41.35, -7.23 	4.49, 18.48, -10.65 	0.00, 30.00 	13,52,42,534		4.71,80.05	0,0 	0
625     	-20.85, 41.33, -7.23 	4.27, 19.18, -10.74 	0.00, 30.00 	13,52,42,544		1.60,82.36	0,0 	0
634     	-20.85, 41.33, -7.23 	4.06, 19.91, -10.82 	0.00, 30.00 	13,52,42,554		0.00,83.91	0,0 	0
643     	-20.85, 41.33, -7.23 	3.86, 20.63, -10.84 	0.00, 30.00 	13,52,42,563		0.00,82.78	0,0 	0
652     	-20.84, 41.33, -7.22 	3.75, 21.38, -10.83 	0.00, 30.00 	13,52,42,573		1.31,84.24	0,0 	0
661     	-20.85, 41.31, -7.22 	3.72, 22.19, -10.77 	0.00, 30.00 	13,52,42,583		3.20,90.53	0,0 	0
670     	-20.88, 41.33, -7.20 	3.68, 22.94, -10.63 	0.00, 30.00 	13,52,42,592		3.34,83.60	0,0 	0
679     	-20.91, 41.38, -7.18 	3.63, 23.57, -10.44 	0.00, 30.00 	13,52,42,602		6.80,69.82	0,0 	0
688     	-20.92, 41.36, -7.16 	3.62, 24.15, -10.25 	0.00, 30.00 	13,52,42,612		1.85,64.98	0,0 	0
697     	-20.93, 41.37, -7.16 	3.63, 24.69, -10.09 	0.00, 30.00 	13,52,42,621		1.31,59.24	0,0 	0
706     	-20.95, 41.38, -7.17 	3.68, 25.17, -9.95 	0.00, 30.00 	13,52,42,631		2.27,53.79	0,0 	0
715     	-20.93, 41.38, -7.17 	3.76, 25.58, -9.82 	0.00, 30.00 	13,52,42,641		1.31,46.23	0,0 	0
724     	-20.93, 41.38, -7.16 	3.87, 25.99, -9.69 	0.00, 30.00 	13,52,42,650		0.00,47.17	0,0 	0
733     	-20.92, 41.36, -7.16 	4.03, 26.42, -9.57 	0.00, 30.00 	13,52,42,660		2.27,51.02	0,0 	0
742     	-20.93, 41.38, -7.18 	4.23, 26.83, -9.47 	0.00, 30.00 	13,52,42,670		2.27,50.48	0,0 	0
751     	-20.89, 41.36, -7.19 	4.46, 27.16, -9.37 	0.00, 30.00 	13,52,42,679		5.79,44.64	0,0 	0
760     	-20.83, 41.33, -7.21 	4.72, 27.45, -9.28 	0.00, 30.00 	13,52,42,689		7.06,43.61	0,0 	0
769     	-20.83, 41.33, -7.22 	4.96, 27.73, -9.19 	0.00, 30.00 	13,52,42,699		0.00,41.06	0,0 	0
778     	-20.84, 41.35, -7.22 	5.25, 28.02, -9.10 	0.00, 30.00 	13,52,42,708		2.27,45.50	0,0 	0
787     	-20.85, 41.31, -7.21 	5.55, 28.28, -8.99 	0.00, 30.00 	13,52,42,718		4.71,43.97	0,0 	0
796     	-20.86, 41.32, -7.20 	5.86, 28.56, -8.87 	0.00, 30.00 	13,52,42,728		2.27,46.67	0,0 	0
805     	-20.85, 41.31, -7.20 	6.22, 28.88, -8.73 	0.00, 30.00 	13,52,42,738		2.27,53.55	0,0 	0
814     	-20.86, 41.31, -7.20 	6.68, 29.21, -8.57 	0.00, 30.00 	13,52,42,747		1.31,62.42	0,0 	0
823     	-20.86, 41.31, -7.20 	7.20, 29.55, -8.41 	0.00, 30.00 	13,52,42,757		0.00,69.50	0,0 	0
832     	-20.86, 41.31, -7.20 	7.72, 29.85, -8.19 	0.00, 30.00 	13,52,42,767		0.00,67.22	0,0 	0
841     	-20.85, 41.31, -7.20 	8.15, 30.03, -7.89 	0.00, 30.00 	13,52,42,776		1.31,50.99	0,0 	0
850     	-20.83, 41.32, -7.21 	8.50, 30.09, -7.60 	0.00, 30.00 	13,52,42,786		2.78,39.12	0,0 	0
859     	-20.83, 41.32, -7.21 	8.79, 30.02, -7.40 	0.00, 30.00 	13,52,42,796		0.00,33.50	0,0 	0
868     	-20.84, 41.33, -7.22 	9.08, 30.01, -7.30 	0.00, 30.00 	13,52,42,805		2.27,32.38	0,0 	0
877     	-20.84, 41.33, -7.22 	9.49, 30.12, -7.23 	0.00, 30.00 	13,52,42,815		0.00,46.51	0,0 	0
886     	-20.84, 41.35, -7.22 	10.00, 30.27, -7.15 	0.00, 30.00 	13,52,42,825		1.60,59.84	0,0 	0
895     	-20.84, 41.33, -7.22 	10.64, 30.37, -7.07 	0.00, 30.00 	13,52,42,834		1.60,71.70	0,0 	0
904     	-20.84, 41.33, -7.22 	11.43, 30.51, -7.05 	0.00, 30.00 	13,52,42,844		0.00,88.78	0,0 	0
913     	-20.84, 41.35, -7.22 	12.24, 30.71, -7.08 	0.00, 30.00 	13,52,42,854		1.60,92.52	0,0 	0
922     	-20.83, 41.34, -7.22 	13.02, 30.93, -7.14 	0.00, 30.00 	13,52,42,863		1.31,90.25	0,0 	0
931     	-20.84, 41.33, -7.22 	13.70, 31.16, -7.19 	0.00, 30.00 	13,52,42,873		1.85,79.65	0,0 	0
940     	-20.84, 41.32, -7.22 	14.25, 31.40, -7.27 	0.00, 30.00 	13,52,42,883		1.60,66.66	0,0 	0
949     	-20.84, 41.32, -7.22 	14.69, 31.62, -7.35 	0.00, 30.00 	13,52,42,892		0.00,55.58	0,0 	0
958     	-20.84, 41.32, -7.22 	15.02, 31.84, -7.39 	0.00, 30.00 	13,52,42,902		0.00,43.71	0,0 	0
967     	-20.83, 41.32, -7.22 	15.27, 32.03, -7.39 	0.00, 30.00 	13,52,42,912		1.31,34.96	0,0 	0
976     	-20.83, 41.33, -7.22 	15.49, 32.21, -7.37 	0.00, 30.00 	13,52,42,921		1.60,31.20	0,0 	0
985     	-20.84, 41.33, -7.22 	15.61, 32.34, -7.36 	0.00, 30.00 	13,52,42,931		1.31,19.71	0,0 	0
994     	-20.84, 41.33, -7.21 	15.63, 32.36, -7.35 	0.00, 30.00 	13,52,42,941		0.00,3.44	0,0 	0
1003    	-20.84, 41.33, -7.21 	15.56, 32.35, -7.32 	0.00, 30.00 	13,52,42,951		0.00,7.82	1000,1 	0
1012    	-20.84, 41.33, -7.21 	15.44, 32.32, -7.30 	0.00, 30.00 	13,52,42,960		0.00,14.37	1000,1 	0
1021    	-20.84, 41.33, -7.21 	15.29, 32.28, -7.29 	0.00, 30.00 	13,52,42,970		0.00,17.35	1000,1 	0
1030    	-20.84, 41.33, -7.21 	15.10, 32.24, -7.29 	0.00, 30.00 	13,52,42,980		0.00,21.12	1000,1 	0
1039    	-20.84, 41.33, -7.21 	14.86, 32.18, -7.31 	0.00, 30.00 	13,52,42,989		0.00,27.66	1000,1 	0
1048    	-20.85, 41.32, -7.22 	14.57, 32.11, -7.34 	0.00, 30.00 	13,52,42,999		1.85,32.94	1000,1 	0
1057    	-20.83, 41.33, -7.22 	14.26, 32.02, -7.35 	0.00, 30.00 	13,52,43,9		2.78,35.96	1000,1 	0
1066    	-20.84, 41.33, -7.21 	13.95, 31.95, -7.37 	0.00, 30.00 	13,52,43,18		1.31,35.48	1000,1 	0
1075    	-20.84, 41.33, -7.21 	13.67, 31.89, -7.36 	0.00, 30.00 	13,52,43,28		0.00,31.68	1000,1 	0
1084    	-20.85, 41.33, -7.21 	13.44, 31.85, -7.35 	0.00, 30.00 	13,52,43,38		1.31,26.04	1000,1 	0
1093    	-20.85, 41.32, -7.22 	13.27, 31.84, -7.34 	0.00, 30.00 	13,52,43,47		1.60,19.42	1000,1 	0
1102    	-20.85, 41.33, -7.21 	13.14, 31.86, -7.33 	0.00, 30.00 	13,52,43,57		1.60,14.46	1000,1 	0
1111    	-20.84, 41.33, -7.21 	13.04, 31.87, -7.30 	0.00, 30.00 	13,52,43,67		1.31,10.44	1000,1 	0
1120    	-20.84, 41.33, -7.21 	12.97, 31.89, -7.29 	0.00, 30.00 	13,52,43,76		0.00,8.15	1000,1 	0
1129    	-20.85, 41.32, -7.21 	12.89, 31.89, -7.27 	0.00, 30.00 	13,52,43,86		1.85,9.15	1000,1 	0
1138    	-20.85, 41.32, -7.21 	12.86, 31.90, -7.26 	0.00, 30.00 	13,52,43,96		0.00,4.07	1000,1 	0
1147    	-20.84, 41.32, -7.21 	12.83, 31.94, -7.26 	0.00, 30.00 	13,52,43,105		1.31,4.38	1000,1 	0
1156    	-20.85, 41.31, -7.21 	12.83, 31.95, -7.26 	0.00, 30.00 	13,52,43,115		1.85,1.16	1000,1 	0
1165    	-20.85, 41.32, -7.21 	12.81, 31.95, -7.25 	0.00, 30.00 	13,52,43,125		1.60,2.59	1000,1 	0
1174    	-20.85, 41.32, -7.21 	12.80, 31.92, -7.25 	0.00, 30.00 	13,52,43,134		0.00,2.63	1000,1 	0
1183    	-20.85, 41.31, -7.20 	12.83, 31.93, -7.24 	0.00, 30.00 	13,52,43,144		1.60,3.88	1000,1 	0
1192    	-20.86, 41.32, -7.20 	12.87, 31.92, -7.24 	0.00, 30.00 	13,52,43,154		2.27,4.07	1000,1 	0
1201    	-20.85, 41.33, -7.21 	12.90, 31.94, -7.23 	0.00, 30.00 	13,52,43,163		1.85,4.48	1000,1 	0
1210    	-20.85, 41.33, -7.20 	12.96, 31.95, -7.23 	0.00, 30.00 	13,52,43,173		0.00,6.55	1000,1 	0
1219    	-20.85, 41.33, -7.20 	12.99, 31.95, -7.24 	0.00, 30.00 	13,52,43,183		0.00,3.88	1000,1 	0
1228    	-20.85, 41.33, -7.20 	13.04, 31.96, -7.25 	0.00, 30.00 	13,52,43,193		0.00,5.28	1000,1 	0
1237    	-20.84, 41.33, -7.21 	13.07, 31.96, -7.25 	0.00, 30.00 	13,52,43,202		1.31,3.88	1000,1 	0
1246    	-20.84, 41.32, -7.21 	13.09, 31.97, -7.26 	0.00, 30.00 	13,52,43,212		1.60,1.72	1000,1 	0
1255    	-20.84, 41.32, -7.21 	13.10, 31.96, -7.26 	0.00, 30.00 	13,52,43,222		0.00,1.76	1000,1 	0
1264    	-20.84, 41.33, -7.21 	13.09, 31.95, -7.27 	0.00, 30.00 	13,52,43,231		1.60,1.72	1000,1 	0
1273    	-20.85, 41.32, -7.20 	13.11, 31.95, -7.28 	0.00, 30.00 	13,52,43,241		1.85,2.59	1000,1 	0
1282    	-20.85, 41.33, -7.21 	13.12, 31.94, -7.28 	0.00, 30.00 	13,52,43,251		1.60,1.76	1000,1 	0
1291    	-20.84, 41.33, -7.20 	13.12, 31.94, -7.27 	0.00, 30.00 	13,52,43,260		1.31,0.00	1000,1 	0
1300    	-20.85, 41.32, -7.21 	13.12, 31.94, -7.28 	0.00, 30.00 	13,52,43,270		1.85,0.00	1000,1 	0
1309    	-20.85, 41.32, -7.20 	13.11, 31.94, -7.28 	0.00, 30.00 	13,52,43,280		0.00,1.29	1000,1 	0
1318    	-20.85, 41.32, -7.20 	13.02, 31.91, -7.25 	0.00, 30.00 	13,52,43,289		0.00,10.85	1000,1 	0
1327    	-20.85, 41.32, -7.20 	12.83, 31.85, -7.21 	0.00, 30.00 	13,52,43,299		0.00,21.38	1000,1 	0
1336    	-20.85, 41.32, -7.21 	12.66, 31.82, -7.19 	0.00, 30.00 	13,52,43,309		0.00,19.64	1000,1 	0
1345    	-20.85, 41.32, -7.20 	12.46, 31.76, -7.20 	0.00, 30.00 	13,52,43,318		0.00,22.63	1000,1 	0
1354    	-20.85, 41.33, -7.20 	12.26, 31.69, -7.26 	0.00, 30.00 	13,52,43,328		1.60,24.51	1000,1 	0
1363    	-20.85, 41.33, -7.20 	12.05, 31.59, -7.37 	0.00, 30.00 	13,52,43,338		0.00,25.33	1000,1 	0
1372    	-20.85, 41.32, -7.20 	11.81, 31.55, -7.48 	0.00, 30.00 	13,52,43,347		1.60,27.32	1000,1 	0
1381    	-20.86, 41.32, -7.20 	11.54, 31.53, -7.57 	0.00, 30.00 	13,52,43,357		1.31,29.80	1000,1 	0
1390    	-20.85, 41.33, -7.20 	11.23, 31.56, -7.64 	0.00, 30.00 	13,52,43,367		1.85,35.33	1000,1 	0
1399    	-20.85, 41.32, -7.20 	10.83, 31.58, -7.71 	0.00, 30.00 	13,52,43,376		1.60,44.09	1000,1 	0
1408    	-20.85, 41.31, -7.20 	10.36, 31.55, -7.77 	0.00, 30.00 	13,52,43,386		1.60,51.75	1000,1 	0
1417    	-20.85, 41.32, -7.20 	9.83, 31.50, -7.81 	0.00, 30.00 	13,52,43,396		1.60,59.59	1000,1 	0
1426    	-20.85, 41.31, -7.20 	9.23, 31.39, -7.84 	0.00, 30.00 	13,52,43,406		1.60,67.86	1000,1 	0
1435    	-20.84, 41.30, -7.20 	8.54, 31.29, -7.84 	0.00, 30.00 	13,52,43,415		1.31,76.82	1000,1 	0
1444    	-20.84, 41.32, -7.20 	7.79, 31.16, -7.80 	0.00, 30.00 	13,52,43,425		1.60,84.79	1000,1 	0
1453    	-20.85, 41.32, -7.20 	7.02, 31.02, -7.75 	0.00, 30.00 	13,52,43,435		1.31,87.50	1000,1 	0
1462    	-20.85, 41.31, -7.20 	6.26, 30.83, -7.68 	0.00, 30.00 	13,52,43,444		1.60,87.24	1000,1 	0
1471    	-20.86, 41.32, -7.20 	5.53, 30.61, -7.62 	0.00, 30.00 	13,52,43,454		2.27,84.28	1000,1 	0
1480    	-20.85, 41.31, -7.20 	4.87, 30.41, -7.55 	0.00, 30.00 	13,52,43,464		2.27,76.23	1000,1 	0
1489    	-20.86, 41.32, -7.20 	4.28, 30.18, -7.48 	0.00, 30.00 	13,52,43,473		2.27,71.08	1000,1 	0
1498    	-20.85, 41.31, -7.20 	3.71, 30.03, -7.44 	0.00, 30.00 	13,52,43,483		2.27,65.12	1000,1 	0
1507    	-20.85, 41.31, -7.20 	3.20, 29.92, -7.39 	0.00, 30.00 	13,52,43,492		0.00,57.66	1000,1 	0
1516    	-20.85, 41.31, -7.20 	2.73, 29.86, -7.33 	0.00, 30.00 	13,52,43,502		0.00,53.24	1000,1 	0
1525    	-20.85, 41.31, -7.20 	2.27, 29.83, -7.28 	0.00, 30.00 	13,52,43,512		0.00,50.46	1000,1 	0
1534    	-20.85, 41.31, -7.20 	1.86, 29.82, -7.22 	0.00, 30.00 	13,52,43,522		0.00,46.56	1000,1 	0
1543    	-20.85, 41.31, -7.20 	1.41, 29.82, -7.19 	0.00, 30.00 	13,52,43,531		0.00,49.19	1000,1 	0
1552    	-20.85, 41.31, -7.20 	1.07, 29.85, -7.17 	0.00, 30.00 	13,52,43,541		0.00,37.75	1000,1 	0
1561    	-20.85, 41.31, -7.20 	0.78, 29.88, -7.16 	0.00, 30.00 	13,52,43,551		0.00,32.76	1000,1 	0
1570    	-20.85, 41.31, -7.20 	0.56, 29.94, -7.15 	0.00, 30.00 	13,52,43,560		0.00,25.68	1000,1 	0
1579    	-20.85, 41.32, -7.20 	0.38, 29.99, -7.15 	0.00, 30.00 	13,52,43,570		1.60,20.37	1000,1 	0
1588    	-20.86, 41.32, -7.20 	0.23, 30.04, -7.15 	0.00, 30.00 	13,52,43,580		1.31,17.90	1000,1 	0
1597    	-20.86, 41.32, -7.20 	0.13, 30.08, -7.15 	0.00, 30.00 	13,52,43,589		0.00,11.43	1000,1 	0
1606    	-20.85, 41.31, -7.20 	0.07, 30.12, -7.15 	0.00, 30.00 	13,52,43,599		2.27,8.04	1000,1 	0
1615    	-20.86, 41.32, -7.20 	0.03, 30.14, -7.15 	0.00, 30.00 	13,52,43,609		2.27,5.71	1000,1 	0
1624    	-20.85, 41.31, -7.20 	0.00, 30.14, -7.14 	0.00, 30.00 	13,52,43,618		2.27,2.59	1000,1 	0
1633    	-20.86, 41.32, -7.20 	0.00, 30.15, -7.14 	0.00, 30.00 	13,52,43,628		2.27,1.16	1000,1 	0
1642    	-20.85, 41.31, -7.20 	0.03, 30.13, -7.15 	0.00, 30.00 	13,52,43,638		2.27,3.51	1000,1 	0
1651    	-20.85, 41.31, -7.20 	0.06, 30.11, -7.15 	0.00, 30.00 	13,52,43,647		0.00,4.56	1000,1 	0
1660    	-20.85, 41.32, -7.20 	0.11, 30.09, -7.15 	0.00, 30.00 	13,52,43,657		1.60,5.71	1000,1 	0
1669    	-20.86, 41.31, -7.20 	0.15, 30.05, -7.15 	0.00, 30.00 	13,52,43,667		1.85,6.11	1000,1 	0
1678    	-20.86, 41.32, -7.20 	0.17, 30.02, -7.15 	0.00, 30.00 	13,52,43,676		1.60,4.38	1000,1 	0
1687    	-20.86, 41.32, -7.20 	0.18, 30.00, -7.15 	0.00, 30.00 	13,52,43,686		0.00,2.68	1000,1 	0
1696    	-20.86, 41.32, -7.20 	0.21, 30.00, -7.14 	0.00, 30.00 	13,52,43,696		0.00,2.59	1000,1 	0
1705    	-20.85, 41.32, -7.20 	0.24, 29.98, -7.15 	0.00, 30.00 	13,52,43,705		1.31,4.56	1000,1 	0
1714    	-20.85, 41.32, -7.20 	0.27, 29.98, -7.15 	0.00, 30.00 	13,52,43,715		0.00,2.59	1000,1 	0
1723    	-20.85, 41.32, -7.20 	0.28, 29.97, -7.15 	0.00, 30.00 	13,52,43,725		0.00,1.76	1000,1 	0
1732    	-20.85, 41.32, -7.20 	0.27, 29.96, -7.15 	0.00, 30.00 	13,52,43,734		0.00,1.72	1000,1 	0
1741    	-20.85, 41.31, -7.19 	0.27, 29.95, -7.14 	0.00, 30.00 	13,52,43,744		1.60,1.16	1000,1 	0
1750    	-20.85, 41.31, -7.20 	0.28, 29.95, -7.14 	0.00, 30.00 	13,52,43,754		0.00,1.29	1000,1 	0
1759    	-20.86, 41.32, -7.19 	0.27, 29.95, -7.14 	0.00, 30.00 	13,52,43,764		2.27,1.29	1000,1 	0
1768    	-20.86, 41.32, -7.19 	0.27, 29.95, -7.14 	0.00, 30.00 	13,52,43,773		0.00,0.00	1000,1 	0
1777    	-20.86, 41.31, -7.19 	0.29, 29.95, -7.14 	0.00, 30.00 	13,52,43,783		1.60,2.59	1000,1 	0
1786    	-20.85, 41.31, -7.19 	0.30, 29.95, -7.14 	0.00, 30.00 	13,52,43,793		1.31,1.29	1000,1 	0
1795    	-20.85, 41.31, -7.20 	0.30, 29.96, -7.14 	0.00, 30.00 	13,52,43,802		0.00,1.16	1000,1 	0
1804    	-20.85, 41.31, -7.20 	0.29, 29.96, -7.14 	0.00, 30.00 	13,52,43,812		0.00,1.29	1000,1 	0
1813    	-20.85, 41.31, -7.20 	0.28, 29.97, -7.15 	0.00, 30.00 	13,52,43,822		0.00,1.76	1000,1 	0
1822    	-20.85, 41.31, -7.20 	0.28, 29.97, -7.15 	0.00, 30.00 	13,52,43,831		0.00,0.00	1000,1 	0
1831    	-20.86, 41.32, -7.20 	0.28, 29.96, -7.14 	0.00, 30.00 	13,52,43,841		2.27,1.16	1000,1 	0
1840    	-20.86, 41.32, -7.19 	0.27, 29.97, -7.14 	0.00, 30.00 	13,52,43,851		0.00,1.76	1000,1 	0
1849    	-20.86, 41.31, -7.19 	0.25, 29.97, -7.14 	0.00, 30.00 	13,52,43,860		1.60,1.29	1000,1 	0
1858    	-20.86, 41.31, -7.19 	0.24, 29.96, -7.14 	0.00, 30.00 	13,52,43,870		0.00,1.72	1000,1 	0
1867    	-20.85, 41.31, -7.20 	0.24, 29.98, -7.14 	0.00, 30.00 	13,52,43,880		1.31,2.32	1000,1 	0
1876    	-20.86, 41.31, -7.20 	0.24, 29.98, -7.14 	0.00, 30.00 	13,52,43,889		1.31,0.00	1000,1 	0
1885    	-20.86, 41.31, -7.20 	0.24, 29.98, -7.14 	0.00, 30.00 	13,52,43,899		0.00,0.00	1000,1 	0
1894    	-20.86, 41.31, -7.19 	0.24, 29.99, -7.15 	0.00, 30.00 	13,52,43,909		0.00,1.16	1000,1 	0
1903    	-20.85, 41.31, -7.20 	0.23, 29.99, -7.15 	0.00, 30.00 	13,52,43,918		1.31,1.29	1000,1 	0
1912    	-20.85, 41.32, -7.20 	0.22, 29.99, -7.15 	0.00, 30.00 	13,52,43,928		1.60,1.29	1000,1 	0
1921    	-20.86, 41.31, -7.20 	0.22, 29.99, -7.15 	0.00, 30.00 	13,52,43,938		1.85,0.00	1000,1 	0
1930    	-20.86, 41.31, -7.20 	0.22, 29.99, -7.15 	0.00, 30.00 	13,52,43,947		0.00,0.00	1000,1 	0
1939    	-20.86, 41.32, -7.20 	0.22, 29.98, -7.14 	0.00, 30.00 	13,52,43,957		1.60,1.16	1000,1 	0
1948    	-20.86, 41.31, -7.19 	0.21, 29.99, -7.15 	0.00, 30.00 	13,52,43,967		1.60,1.76	1000,1 	0
1957    	-20.86, 41.31, -7.19 	0.21, 29.98, -7.15 	0.00, 30.00 	13,52,43,977		0.00,1.16	1000,1 	0
1966    	-20.86, 41.31, -7.19 	0.22, 29.99, -7.15 	0.00, 30.00 	13,52,43,986		0.00,1.72	1000,1 	0
1975    	-20.86, 41.31, -7.19 	0.22, 29.99, -7.15 	0.00, 30.00 	13,52,43,996		0.00,0.00	1000,1 	0
1984    	-20.86, 41.31, -7.19 	0.22, 29.98, -7.14 	0.00, 30.00 	13,52,44,6		0.00,1.16	1000,1 	0
1993    	-20.86, 41.31, -7.20 	0.22, 29.98, -7.14 	0.00, 30.00 	13,52,44,15		0.00,0.00	1000,1 	0
2002    	-20.86, 41.31, -7.20 	0.23, 29.98, -7.14 	0.00, 30.00 	13,52,44,25		0.00,1.29	1000,1 	0
2011    	-20.86, 41.31, -7.20 	0.23, 29.99, -7.15 	0.00, 30.00 	13,52,44,35		0.00,1.16	1000,1 	0
2020    	-20.86, 41.31, -7.19 	0.23, 29.97, -7.14 	0.00, -0.00 	13,52,44,54		0.00,2.32	1000,1 	0
2029    	-20.86, 41.32, -7.19 	0.23, 29.96, -7.14 	0.00, -0.00 	13,52,44,64		0.00,0.00	0,0 	0
2038    	-20.86, 41.31, -7.19 	0.23, 29.96, -7.14 	0.00, -0.00 	13,52,44,73		0.00,0.00	0,0 	0
2047    	-20.86, 41.32, -7.20 	0.23, 29.96, -7.15 	0.00, -0.00 	13,52,44,83		0.00,0.00	0,0 	0
2056    	-20.86, 41.31, -7.20 	0.24, 29.96, -7.15 	0.00, -0.00 	13,52,44,93		0.00,0.00	0,0 	0
2065    	-20.86, 41.32, -7.20 	0.24, 29.96, -7.15 	0.00, -0.00 	13,52,44,102		0.00,0.00	0,0 	0
2074    	-20.86, 41.31, -7.20 	0.25, 29.96, -7.15 	0.00, -0.00 	13,52,44,112		0.00,0.00	0,0 	0
2083    	-20.85, 41.31, -7.20 	0.24, 29.96, -7.14 	0.00, -0.00 	13,52,44,122		0.00,0.00	0,0 	0
2092    	-20.85, 41.31, -7.20 	0.24, 29.96, -7.15 	0.00, -0.00 	13,52,44,131		0.00,0.00	0,0 	0
2101    	-20.85, 41.32, -7.20 	0.25, 29.97, -7.14 	0.00, -0.00 	13,52,44,141		0.00,0.00	0,0 	0
2110    	-20.85, 41.31, -7.19 	0.25, 29.97, -7.14 	0.00, -0.00 	13,52,44,151		0.00,0.00	0,0 	0
2119    	-20.86, 41.31, -7.19 	0.24, 29.96, -7.14 	0.00, -0.00 	13,52,44,160		0.00,0.00	0,0 	0
2128    	-20.86, 41.32, -7.20 	0.25, 29.96, -7.14 	0.00, -0.00 	13,52,44,170		0.00,0.00	0,0 	0
2137    	-20.86, 41.32, -7.20 	0.25, 29.96, -7.14 	0.00, -0.00 	13,52,44,180		0.00,0.00	0,0 	0
2146    	-20.86, 41.32, -7.20 	0.27, 29.97, -7.14 	0.00, -0.00 	13,52,44,189		0.00,0.00	0,0 	0
2155    	-20.85, 41.32, -7.20 	0.29, 29.97, -7.14 	0.00, -0.00 	13,52,44,199		0.00,0.00	0,0 	0
2164    	-20.85, 41.32, -7.20 	0.31, 29.95, -7.15 	0.00, -0.00 	13,52,44,209		0.00,0.00	0,0 	0
2173    	-20.85, 41.32, -7.20 	0.32, 29.96, -7.15 	0.00, -0.00 	13,52,44,219		0.00,0.00	0,0 	0
2182    	-20.85, 41.32, -7.20 	0.32, 29.95, -7.15 	0.00, -0.00 	13,52,44,228		0.00,0.00	0,0 	0
2191    	-20.85, 41.31, -7.20 	0.31, 29.95, -7.15 	0.00, -0.00 	13,52,44,238		0.00,0.00	0,0 	0
2200    	-20.85, 41.32, -7.20 	0.31, 29.93, -7.15 	0.00, -0.00 	13,52,44,248		0.00,0.00	0,0 	0
2209    	-20.86, 41.32, -7.20 	0.26, 29.71, -7.11 	0.00, -0.00 	13,52,44,257		0.00,0.00	0,0 	0
2218    	-20.86, 41.32, -7.20 	0.20, 29.45, -7.07 	0.00, -0.00 	13,52,44,267		0.00,0.00	0,0 	0
2227    	-20.86, 41.32, -7.20 	0.14, 29.08, -7.02 	0.00, -0.00 	13,52,44,277		0.00,0.00	0,0 	0
2236    	-20.86, 41.32, -7.20 	0.03, 28.60, -6.97 	0.00, -0.00 	13,52,44,286		0.00,0.00	0,0 	0
2245    	-20.86, 41.32, -7.20 	-0.16, 28.00, -6.93 	0.00, -0.00 	13,52,44,296		0.00,0.00	0,0 	0
2254    	-20.86, 41.32, -7.20 	-0.44, 27.29, -6.93 	0.00, -0.00 	13,52,44,306		0.00,0.00	0,0 	0
2263    	-20.86, 41.32, -7.20 	-0.76, 26.50, -6.95 	0.00, -0.00 	13,52,44,315		0.00,0.00	0,0 	0
2272    	-20.86, 41.32, -7.20 	-1.13, 25.61, -7.00 	0.00, -0.00 	13,52,44,325		0.00,0.00	0,0 	0
2281    	-20.86, 41.32, -7.20 	-1.52, 24.57, -7.03 	0.00, -0.00 	13,52,44,335		0.00,0.00	0,0 	0
2290    	-20.86, 41.32, -7.20 	-1.94, 23.42, -7.09 	0.00, -0.00 	13,52,44,344		0.00,0.00	0,0 	0
2299    	-20.86, 41.32, -7.20 	-2.30, 22.15, -7.15 	0.00, -0.00 	13,52,44,354		0.00,0.00	0,0 	0
2308    	-20.86, 41.32, -7.20 	-2.61, 20.81, -7.23 	0.00, -0.00 	13,52,44,364		0.00,0.00	0,0 	0
2317    	-20.86, 41.31, -7.19 	-2.78, 19.42, -7.35 	0.00, -0.00 	13,52,44,373		0.00,0.00	0,0 	0
2326    	-20.88, 41.31, -7.19 	-2.91, 17.97, -7.51 	0.00, -0.00 	13,52,44,383		0.00,0.00	0,0 	0
2335    	-20.88, 41.31, -7.19 	-2.99, 16.41, -7.61 	0.00, -0.00 	13,52,44,393		0.00,0.00	0,0 	0
2344    	-20.85, 41.31, -7.20 	-2.96, 14.82, -7.66 	0.00, -0.00 	13,52,44,402		0.00,0.00	0,0 	0
2353    	-20.86, 41.31, -7.20 	-2.81, 13.34, -7.67 	0.00, -0.00 	13,52,44,412		0.00,0.00	0,0 	0
2362    	-20.85, 41.31, -7.20 	-2.50, 11.87, -7.62 	0.00, -0.00 	13,52,44,422		0.00,0.00	0,0 	0
2371    	-20.86, 41.31, -7.20 	-2.18, 10.54, -7.59 	0.00, -0.00 	13,52,44,432		0.00,0.00	0,0 	0
2380    	-20.86, 41.32, -7.20 	-1.81, 9.33, -7.57 	0.00, -0.00 	13,52,44,441		0.00,0.00	0,0 	0
2389    	-20.86, 41.31, -7.19 	-1.49, 8.25, -7.51 	0.00, -0.00 	13,52,44,451		0.00,0.00	0,0 	0
2398    	-20.86, 41.31, -7.19 	-1.26, 7.32, -7.49 	0.00, -0.00 	13,52,44,461		0.00,0.00	0,0 	0
2407    	-20.86, 41.32, -7.19 	-1.09, 6.38, -7.42 	0.00, -0.00 	13,52,44,470		0.00,0.00	0,0 	0
2416    	-20.86, 41.31, -7.19 	-0.94, 5.48, -7.34 	0.00, -0.00 	13,52,44,480		0.00,0.00	0,0 	0
2425    	-20.86, 41.32, -7.19 	-0.75, 4.68, -7.26 	0.00, -0.00 	13,52,44,490		0.00,0.00	0,0 	0
2434    	-20.86, 41.31, -7.19 	-0.54, 3.96, -7.17 	0.00, -0.00 	13,52,44,499		0.00,0.00	0,0 	0
2443    	-20.88, 41.31, -7.20 	-0.37, 3.27, -7.06 	0.00, -0.00 	13,52,44,509		0.00,0.00	0,0 	0
2452    	-20.86, 41.31, -7.19 	-0.19, 2.63, -6.90 	0.00, -0.00 	13,52,44,519		0.00,0.00	0,0 	0
