#Time 	Sensor1         Sensor2         Target          Time            Vel             
#================================================================

17      	-20.86, 41.34, -7.20 	-1.20, -0.54, -6.68 	0.00, 30.00 	13,53,6,300		0.00,0.00	0,0 	0
26      	-20.86, 41.31, -7.20 	-1.21, -0.54, -6.67 	0.00, 30.00 	13,53,6,310		3.20,1.29	0,0 	0
35      	-20.85, 41.32, -7.20 	-1.18, -0.56, -6.68 	0.00, 30.00 	13,53,6,319		1.85,3.51	0,0 	0
44      	-20.86, 41.32, -7.20 	-1.18, -0.56, -6.69 	0.00, 30.00 	13,53,6,329		1.31,0.00	0,0 	0
53      	-20.85, 41.32, -7.20 	-1.18, -0.56, -6.69 	0.00, 30.00 	13,53,6,339		1.31,0.00	0,0 	0
62      	-20.86, 41.32, -7.20 	-1.18, -0.55, -6.70 	0.00, 30.00 	13,53,6,349		1.31,1.16	0,0 	0
71      	-20.86, 41.32, -7.20 	-1.16, -0.54, -6.71 	0.00, 30.00 	13,53,6,358		0.00,2.81	0,0 	0
80      	-20.85, 41.32, -7.20 	-1.16, -0.55, -6.69 	0.00, 30.00 	13,53,6,368		1.31,1.16	0,0 	0
89      	-20.86, 41.32, -7.21 	-1.16, -0.55, -6.69 	0.00, 30.00 	13,53,6,378		1.31,0.00	0,0 	0
98      	-20.86, 41.32, -7.20 	-1.16, -0.56, -6.68 	0.00, 30.00 	13,53,6,387		0.00,1.16	0,0 	0
107     	-20.86, 41.32, -7.20 	-1.17, -0.56, -6.67 	0.00, 30.00 	13,53,6,397		0.00,1.29	0,0 	0
116     	-20.85, 41.31, -7.20 	-1.18, -0.56, -6.68 	0.00, 30.00 	13,53,6,407		2.27,1.29	0,0 	0
125     	-20.86, 41.31, -7.20 	-1.18, -0.56, -6.69 	0.00, 30.00 	13,53,6,416		1.31,0.00	0,0 	0
134     	-20.86, 41.32, -7.20 	-1.20, -0.55, -6.70 	0.00, 30.00 	13,53,6,426		1.60,1.76	0,0 	0
143     	-20.85, 41.32, -7.20 	-1.20, -0.55, -6.70 	0.00, 30.00 	13,53,6,436		1.31,0.00	0,0 	0
152     	-20.86, 41.32, -7.20 	-1.14, -0.56, -6.72 	0.00, 30.00 	13,53,6,445		1.31,6.59	0,0 	0
161     	-20.86, 41.32, -7.20 	-1.12, -0.56, -6.71 	0.00, 30.00 	13,53,6,455		0.00,1.29	0,0 	0
170     	-20.86, 41.31, -7.20 	-1.14, -0.57, -6.71 	0.00, 30.00 	13,53,6,465		1.60,1.72	0,0 	0
179     	-20.86, 41.32, -7.20 	-1.12, -0.57, -6.69 	0.00, 30.00 	13,53,6,474		1.60,1.29	0,0 	0
188     	-20.86, 41.32, -7.20 	-1.12, -0.57, -6.69 	0.00, 30.00 	13,53,6,484		0.00,0.00	0,0 	0
197     	-20.86, 41.32, -7.20 	-1.13, -0.55, -6.69 	0.00, 30.00 	13,53,6,494		0.00,2.32	0,0 	0
206     	-20.85, 41.31, -7.20 	-1.15, -0.57, -6.68 	0.00, 30.00 	13,53,6,503		2.27,3.44	0,0 	0
215     	-20.86, 41.31, -7.20 	-1.16, -0.56, -6.71 	0.00, 30.00 	13,53,6,513		1.31,1.76	0,0 	0
224     	-20.86, 41.31, -7.20 	-1.16, -0.55, -6.71 	0.00, 30.00 	13,53,6,523		0.00,1.16	0,0 	0
233     	-20.85, 41.31, -7.20 	-1.16, -0.55, -6.71 	0.00, 30.00 	13,53,6,532		1.31,0.00	0,0 	0
242     	-20.85, 41.31, -7.20 	-1.16, -0.55, -6.71 	0.00, 30.00 	13,53,6,542		0.00,0.00	0,0 	0
251     	-20.85, 41.31, -7.20 	-1.12, -0.57, -6.71 	0.00, 30.00 	13,53,6,552		0.00,4.56	0,0 	0
260     	-20.86, 41.31, -7.20 	-1.12, -0.57, -6.71 	0.00, 30.00 	13,53,6,562		1.31,0.00	0,0 	0
269     	-20.86, 41.31, -7.20 	-1.16, -0.56, -6.70 	0.00, 30.00 	13,53,6,571		0.00,4.07	0,0 	0
278     	-20.86, 41.31, -7.20 	-1.16, -0.56, -6.70 	0.00, 30.00 	13,53,6,581		0.00,0.00	0,0 	0
287     	-20.86, 41.31, -7.20 	-1.16, -0.56, -6.70 	0.00, 30.00 	13,53,6,591		0.00,0.00	0,0 	0
296     	-20.86, 41.31, -7.20 	-1.16, -0.56, -6.70 	0.00, 30.00 	13,53,6,600		0.00,0.00	0,0 	0
305     	-20.86, 41.31, -7.20 	-1.16, -0.56, -6.70 	0.00, 30.00 	13,53,6,610		0.00,0.00	0,0 	0
314     	-20.86, 41.31, -7.20 	-1.16, -0.56, -6.70 	0.00, 30.00 	13,53,6,620		0.00,0.00	0,0 	0
323     	-20.86, 41.31, -7.20 	-1.17, -0.56, -6.71 	0.00, 30.00 	13,53,6,629		0.00,1.29	0,0 	0
332     	-20.86, 41.31, -7.20 	-1.16, -0.54, -6.71 	0.00, 30.00 	13,53,6,639		0.00,2.63	0,0 	0
341     	-20.86, 41.31, -7.20 	-1.13, -0.55, -6.71 	0.00, 30.00 	13,53,6,649		0.00,4.07	0,0 	0
350     	-20.85, 41.31, -7.20 	-1.13, -0.55, -6.71 	0.00, 30.00 	13,53,6,658		1.31,0.00	0,0 	0
359     	-20.85, 41.31, -7.20 	-1.12, -0.56, -6.70 	0.00, 30.00 	13,53,6,668		0.00,1.16	0,0 	0
368     	-20.85, 41.31, -7.20 	-1.11, -0.56, -6.70 	0.00, 30.00 	13,53,6,678		0.00,1.29	0,0 	0
377     	-20.85, 41.31, -7.20 	-1.12, -0.57, -6.68 	0.00, 30.00 	13,53,6,687		0.00,1.72	0,0 	0
386     	-20.85, 41.31, -7.20 	-1.12, -0.57, -6.68 	0.00, 30.00 	13,53,6,697		0.00,0.00	0,0 	0
395     	-20.85, 41.31, -7.20 	-1.12, -0.57, -6.68 	0.00, 30.00 	13,53,6,707		0.00,0.00	0,0 	0
404     	-20.86, 41.31, -7.20 	-1.12, -0.57, -6.68 	0.00, 30.00 	13,53,6,716		1.31,0.00	0,0 	0
413     	-20.86, 41.31, -7.20 	-1.12, -0.57, -6.68 	0.00, 30.00 	13,53,6,726		0.00,0.00	0,0 	0
422     	-20.85, 41.31, -7.20 	-1.12, -0.57, -6.68 	0.00, 30.00 	13,53,6,736		1.31,0.00	0,0 	0
431     	-20.85, 41.31, -7.20 	-1.12, -0.57, -6.68 	0.00, 30.00 	13,53,6,745		0.00,0.00	0,0 	0
440     	-20.85, 41.31, -7.20 	-1.12, -0.57, -6.68 	0.00, 30.00 	13,53,6,755		0.00,0.00	0,0 	0
449     	-20.85, 41.31, -7.20 	-1.12, -0.57, -6.68 	0.00, 30.00 	13,53,6,765		0.00,0.00	0,0 	0
458     	-20.85, 41.31, -7.20 	-1.12, -0.57, -6.68 	0.00, 30.00 	13,53,6,774		0.00,0.00	0,0 	0
467     	-20.85, 41.32, -7.20 	-1.11, -0.58, -6.67 	0.00, 30.00 	13,53,6,784		1.60,1.76	0,0 	0
476     	-20.85, 41.31, -7.20 	-1.11, -0.58, -6.67 	0.00, 30.00 	13,53,6,794		1.60,0.00	0,0 	0
485     	-20.85, 41.31, -7.20 	-1.17, -0.57, -6.66 	0.00, 30.00 	13,53,6,804		0.00,6.59	0,0 	0
494     	-20.86, 41.31, -7.19 	-1.18, -0.57, -6.66 	0.00, 30.00 	13,53,6,813		1.31,1.29	0,0 	0
503     	-20.86, 41.31, -7.20 	-1.18, -0.57, -6.66 	0.00, 30.00 	13,53,6,823		0.00,0.00	0,0 	0
512     	-20.86, 41.31, -7.20 	-1.17, -0.57, -6.66 	0.00, 30.00 	13,53,6,833		0.00,1.29	0,0 	0
521     	-20.86, 41.31, -7.20 	-1.15, -0.59, -6.68 	0.00, 30.00 	13,53,6,842		0.00,3.51	0,0 	0
530     	-20.85, 41.31, -7.20 	-1.15, -0.59, -6.68 	0.00, 30.00 	13,53,6,852		1.31,0.00	0,0 	0
539     	-20.85, 41.31, -7.20 	-1.15, -0.59, -6.68 	0.00, 30.00 	13,53,6,862		0.00,0.00	0,0 	0
548     	-20.85, 41.31, -7.20 	-1.15, -0.59, -6.68 	0.00, 30.00 	13,53,6,871		0.00,0.00	0,0 	0
557     	-20.85, 41.31, -7.20 	-1.15, -0.59, -6.66 	0.00, 30.00 	13,53,6,881		0.00,0.00	0,0 	0
566     	-20.85, 41.31, -7.20 	-1.15, -0.59, -6.66 	0.00, 30.00 	13,53,6,891		0.00,0.00	0,0 	0
575     	-20.86, 41.31, -7.20 	-1.15, -0.59, -6.66 	0.00, 30.00 	13,53,6,900		1.31,0.00	0,0 	0
584     	-20.86, 41.31, -7.19 	-1.18, -0.57, -6.66 	0.00, 30.00 	13,53,6,910		0.00,4.56	0,0 	0
593     	-20.86, 41.31, -7.19 	-1.17, -0.57, -6.66 	0.00, 30.00 	13,53,6,920		0.00,1.29	0,0 	0
602     	-20.86, 41.31, -7.19 	-1.21, -0.58, -6.65 	0.00, 30.00 	13,53,6,929		0.00,4.03	0,0 	0
611     	-20.86, 41.31, -7.19 	-1.16, -0.60, -6.66 	0.00, 30.00 	13,53,6,939		0.00,5.71	0,0 	0
620     	-20.86, 41.31, -7.20 	-1.16, -0.60, -6.66 	0.00, 30.00 	13,53,6,949		0.00,0.00	0,0 	0
629     	-20.86, 41.31, -7.20 	-1.17, -0.61, -6.65 	0.00, 30.00 	13,53,6,958		0.00,1.72	0,0 	0
638     	-20.85, 41.31, -7.20 	-1.15, -0.60, -6.66 	0.00, 30.00 	13,53,6,968		1.31,2.81	0,0 	0
647     	-20.85, 41.31, -7.20 	-1.15, -0.60, -6.66 	0.00, 30.00 	13,53,6,978		0.00,0.00	0,0 	0
656     	-20.85, 41.32, -7.20 	-1.15, -0.60, -6.66 	0.00, 30.00 	13,53,6,987		1.60,0.00	0,0 	0
665     	-20.86, 41.31, -7.20 	-1.15, -0.60, -6.66 	0.00, 30.00 	13,53,6,997		1.85,0.00	0,0 	0
674     	-20.86, 41.32, -7.20 	-1.15, -0.60, -6.66 	0.00, 30.00 	13,53,7,7		1.60,0.00	0,0 	0
683     	-20.86, 41.32, -7.20 	-1.18, -0.61, -6.67 	0.00, 30.00 	13,53,7,17		0.00,4.03	0,0 	0
692     	-20.86, 41.31, -7.20 	-1.18, -0.61, -6.67 	0.00, 30.00 	13,53,7,26		1.60,0.00	0,0 	0
701     	-20.85, 41.31, -7.20 	-1.18, -0.60, -6.67 	0.00, 30.00 	13,53,7,36		1.31,1.16	0,0 	0
710     	-20.86, 41.31, -7.20 	-1.20, -0.62, -6.66 	0.00, 30.00 	13,53,7,46		1.31,3.44	0,0 	0
719     	-20.85, 41.31, -7.20 	-1.19, -0.62, -6.65 	0.00, 30.00 	13,53,7,55		1.31,1.29	0,0 	0
728     	-20.85, 41.31, -7.20 	-1.17, -0.61, -6.65 	0.00, 30.00 	13,53,7,65		0.00,2.81	0,0 	0
737     	-20.85, 41.31, -7.20 	-1.17, -0.60, -6.67 	0.00, 30.00 	13,53,7,75		0.00,1.16	0,0 	0
746     	-20.85, 41.31, -7.20 	-1.15, -0.59, -6.67 	0.00, 30.00 	13,53,7,84		0.00,2.81	0,0 	0
755     	-20.85, 41.31, -7.20 	-1.18, -0.56, -6.68 	0.00, 30.00 	13,53,7,94		0.00,5.27	0,0 	0
764     	-20.85, 41.31, -7.20 	-1.24, -0.54, -6.68 	0.00, 30.00 	13,53,7,104		0.00,6.92	0,0 	0
773     	-20.85, 41.31, -7.20 	-1.20, -0.41, -6.72 	0.00, 30.00 	13,53,7,113		0.00,14.76	0,0 	0
782     	-20.85, 41.31, -7.20 	-1.20, -0.08, -6.82 	0.00, 30.00 	13,53,7,123		0.00,37.14	0,0 	0
791     	-20.85, 41.31, -7.20 	-1.23, 0.98, -7.11 	0.00, 30.00 	13,53,7,133		0.00,117.20	0,0 	0
800     	-20.85, 41.31, -7.20 	-1.25, 2.07, -7.34 	0.00, 30.00 	13,53,7,142		0.00,121.84	0,0 	0
809     	-20.85, 41.31, -7.20 	-1.28, 2.61, -7.36 	0.00, 30.00 	13,53,7,152		0.00,59.23	0,0 	0
818     	-20.85, 41.32, -7.20 	-1.33, 3.27, -7.36 	0.00, 30.00 	13,53,7,162		1.60,74.38	0,0 	0
827     	-20.85, 41.31, -7.20 	-1.48, 4.06, -7.38 	0.00, 30.00 	13,53,7,171		1.60,88.49	0,0 	0
836     	-20.85, 41.32, -7.20 	-1.73, 5.11, -7.51 	0.00, 30.00 	13,53,7,181		1.60,119.98	0,0 	0
845     	-20.85, 41.32, -7.20 	-2.02, 6.28, -7.66 	0.00, 30.00 	13,53,7,191		0.00,134.47	0,0 	0
854     	-20.85, 41.32, -7.20 	-2.28, 7.40, -7.75 	0.00, 30.00 	13,53,7,200		0.00,128.22	0,0 	0
863     	-20.85, 41.32, -7.21 	-2.58, 8.52, -7.82 	0.00, 30.00 	13,53,7,210		0.00,127.97	0,0 	0
872     	-20.85, 41.32, -7.20 	-2.73, 9.71, -7.90 	0.00, 30.00 	13,53,7,220		0.00,133.06	0,0 	0
881     	-20.85, 41.31, -7.20 	-2.73, 10.91, -8.01 	0.00, 30.00 	13,53,7,229		1.60,133.47	0,0 	0
890     	-20.85, 41.31, -7.20 	-2.58, 12.15, -8.14 	0.00, 30.00 	13,53,7,239		0.00,139.41	0,0 	0
899     	-20.85, 41.32, -7.20 	-2.45, 13.48, -8.30 	0.00, 30.00 	13,53,7,249		1.60,148.28	0,0 	0
908     	-20.85, 41.32, -7.20 	-2.42, 14.83, -8.42 	0.00, 30.00 	13,53,7,259		0.00,149.81	0,0 	0
917     	-20.85, 41.32, -7.20 	-2.38, 16.21, -8.52 	0.00, 30.00 	13,53,7,268		0.00,153.34	0,0 	0
926     	-20.85, 41.32, -7.20 	-2.31, 17.57, -8.56 	0.00, 30.00 	13,53,7,278		0.00,151.17	0,0 	0
935     	-20.84, 41.32, -7.20 	-2.26, 18.91, -8.59 	0.00, 30.00 	13,53,7,288		1.31,148.78	0,0 	0
944     	-20.85, 41.31, -7.20 	-2.19, 20.24, -8.58 	0.00, 30.00 	13,53,7,297		1.85,148.86	0,0 	0
953     	-20.85, 41.31, -7.20 	-2.04, 21.57, -8.58 	0.00, 30.00 	13,53,7,307		0.00,148.59	0,0 	0
962     	-20.85, 41.31, -7.20 	-1.85, 22.86, -8.55 	0.00, 30.00 	13,53,7,317		0.00,144.78	0,0 	0
971     	-20.85, 41.31, -7.20 	-1.59, 24.11, -8.50 	0.00, 30.00 	13,53,7,326		0.00,141.49	0,0 	0
980     	-20.85, 41.31, -7.20 	-1.32, 25.29, -8.46 	0.00, 30.00 	13,53,7,336		0.00,135.04	0,0 	0
989     	-20.85, 41.31, -7.20 	-1.02, 26.37, -8.41 	0.00, 30.00 	13,53,7,346		0.00,124.57	0,0 	0
998     	-20.85, 41.31, -7.20 	-0.71, 27.35, -8.35 	0.00, 30.00 	13,53,7,355		0.00,113.96	0,0 	0
1007    	-20.84, 41.30, -7.20 	-0.40, 28.16, -8.30 	0.00, 30.00 	13,53,7,365		1.31,96.22	1000,1 	0
1016    	-20.84, 41.32, -7.20 	-0.15, 28.86, -8.23 	0.00, 30.00 	13,53,7,375		1.60,83.14	1000,1 	0
1025    	-20.85, 41.32, -7.20 	0.05, 29.47, -8.11 	0.00, 30.00 	13,53,7,384		1.31,71.19	1000,1 	0
1034    	-20.85, 41.32, -7.20 	0.18, 30.01, -7.93 	0.00, 30.00 	13,53,7,394		0.00,61.21	1000,1 	0
1043    	-20.85, 41.31, -7.20 	0.28, 30.45, -7.74 	0.00, 30.00 	13,53,7,404		1.60,50.18	1000,1 	0
1052    	-20.85, 41.32, -7.20 	0.35, 30.73, -7.58 	0.00, 30.00 	13,53,7,413		1.60,32.44	1000,1 	0
1061    	-20.85, 41.31, -7.20 	0.33, 30.82, -7.47 	0.00, 30.00 	13,53,7,423		1.60,10.81	1000,1 	0
1070    	-20.85, 41.31, -7.20 	0.19, 30.75, -7.40 	0.00, 30.00 	13,53,7,433		0.00,17.37	1000,1 	0
1079    	-20.85, 41.31, -7.20 	-0.00, 30.56, -7.37 	0.00, 30.00 	13,53,7,442		0.00,30.02	1000,1 	0
1088    	-20.85, 41.31, -7.20 	-0.24, 30.29, -7.37 	0.00, 30.00 	13,53,7,452		0.00,39.34	1000,1 	0
1097    	-20.85, 41.31, -7.20 	-0.44, 30.04, -7.37 	0.00, 30.00 	13,53,7,462		0.00,35.94	1000,1 	0
1106    	-20.85, 41.31, -7.20 	-0.57, 29.79, -7.37 	0.00, 30.00 	13,53,7,472		0.00,31.61	1000,1 	0
1115    	-20.85, 41.31, -7.20 	-0.63, 29.60, -7.35 	0.00, 30.00 	13,53,7,481		0.00,22.14	1000,1 	0
1124    	-20.84, 41.32, -7.20 	-0.70, 29.44, -7.30 	0.00, 30.00 	13,53,7,491		1.85,19.46	1000,1 	0
1133    	-20.85, 41.31, -7.20 	-0.76, 29.29, -7.23 	0.00, 30.00 	13,53,7,501		1.85,17.37	1000,1 	0
1142    	-20.85, 41.31, -7.20 	-0.81, 29.19, -7.19 	0.00, 30.00 	13,53,7,510		0.00,13.17	1000,1 	0
1151    	-20.85, 41.31, -7.20 	-0.82, 29.11, -7.19 	0.00, 30.00 	13,53,7,520		0.00,8.20	1000,1 	0
1160    	-20.86, 41.31, -7.20 	-0.80, 29.10, -7.20 	0.00, 30.00 	13,53,7,530		1.31,2.86	1000,1 	0
1169    	-20.86, 41.31, -7.20 	-0.71, 29.08, -7.20 	0.00, 30.00 	13,53,7,539		0.00,9.39	1000,1 	0
1178    	-20.86, 41.31, -7.20 	-0.63, 29.07, -7.18 	0.00, 30.00 	13,53,7,549		0.00,9.15	1000,1 	0
1187    	-20.85, 41.32, -7.20 	-0.59, 29.05, -7.16 	0.00, 30.00 	13,53,7,559		1.85,5.71	1000,1 	0
1196    	-20.85, 41.31, -7.20 	-0.54, 29.06, -7.15 	0.00, 30.00 	13,53,7,568		1.60,5.17	1000,1 	0
1205    	-20.85, 41.31, -7.20 	-0.50, 29.07, -7.14 	0.00, 30.00 	13,53,7,578		0.00,4.03	1000,1 	0
1214    	-20.85, 41.31, -7.20 	-0.47, 29.07, -7.14 	0.00, 30.00 	13,53,7,588		0.00,3.88	1000,1 	0
1223    	-20.85, 41.31, -7.20 	-0.46, 29.09, -7.14 	0.00, 30.00 	13,53,7,597		0.00,2.63	1000,1 	0
1232    	-20.85, 41.31, -7.20 	-0.46, 29.08, -7.14 	0.00, 30.00 	13,53,7,607		0.00,1.16	1000,1 	0
1241    	-20.85, 41.31, -7.20 	-0.45, 29.09, -7.15 	0.00, 30.00 	13,53,7,617		0.00,1.72	1000,1 	0
1250    	-20.85, 41.31, -7.20 	-0.44, 29.11, -7.15 	0.00, 30.00 	13,53,7,626		0.00,2.63	1000,1 	0
1259    	-20.86, 41.31, -7.20 	-0.40, 29.20, -7.18 	0.00, 30.00 	13,53,7,636		1.31,11.07	1000,1 	0
1268    	-20.86, 41.31, -7.20 	-0.33, 29.36, -7.20 	0.00, 30.00 	13,53,7,646		0.00,19.46	1000,1 	0
1277    	-20.85, 41.31, -7.20 	-0.29, 29.46, -7.20 	0.00, 30.00 	13,53,7,655		1.31,11.56	1000,1 	0
1286    	-20.85, 41.31, -7.20 	-0.25, 29.52, -7.19 	0.00, 30.00 	13,53,7,665		0.00,7.90	1000,1 	0
1295    	-20.85, 41.31, -7.20 	-0.27, 29.55, -7.18 	0.00, 30.00 	13,53,7,675		0.00,3.74	1000,1 	0
1304    	-20.85, 41.31, -7.20 	-0.28, 29.59, -7.17 	0.00, 30.00 	13,53,7,684		0.00,4.84	1000,1 	0
1313    	-20.85, 41.31, -7.20 	-0.30, 29.62, -7.17 	0.00, 30.00 	13,53,7,694		0.00,4.38	1000,1 	0
1322    	-20.85, 41.31, -7.20 	-0.32, 29.67, -7.17 	0.00, 30.00 	13,53,7,704		0.00,4.84	1000,1 	0
1331    	-20.85, 41.32, -7.20 	-0.35, 29.70, -7.17 	0.00, 30.00 	13,53,7,714		1.60,5.27	1000,1 	0
1340    	-20.85, 41.31, -7.20 	-0.37, 29.72, -7.17 	0.00, 30.00 	13,53,7,723		1.60,2.68	1000,1 	0
1349    	-20.85, 41.31, -7.20 	-0.38, 29.75, -7.18 	0.00, 30.00 	13,53,7,733		0.00,3.74	1000,1 	0
1358    	-20.85, 41.31, -7.20 	-0.35, 29.80, -7.18 	0.00, 30.00 	13,53,7,743		0.00,6.92	1000,1 	0
1367    	-20.85, 41.31, -7.20 	-0.32, 29.86, -7.19 	0.00, 30.00 	13,53,7,752		0.00,7.38	1000,1 	0
1376    	-20.85, 41.31, -7.20 	-0.29, 29.92, -7.19 	0.00, 30.00 	13,53,7,762		0.00,6.92	1000,1 	0
1385    	-20.85, 41.31, -7.20 	-0.27, 29.98, -7.19 	0.00, 30.00 	13,53,7,772		0.00,7.38	1000,1 	0
1394    	-20.85, 41.31, -7.20 	-0.26, 30.05, -7.19 	0.00, 30.00 	13,53,7,781		0.00,8.20	1000,1 	0
1403    	-20.85, 41.31, -7.20 	-0.26, 30.10, -7.20 	0.00, 30.00 	13,53,7,791		0.00,5.80	1000,1 	0
1412    	-20.85, 41.31, -7.20 	-0.28, 30.13, -7.19 	0.00, 30.00 	13,53,7,801		0.00,2.68	1000,1 	0
1421    	-20.85, 41.32, -7.20 	-0.28, 30.13, -7.18 	0.00, 30.00 	13,53,7,810		1.60,0.00	1000,1 	0
1430    	-20.85, 41.31, -7.20 	-0.30, 30.14, -7.18 	0.00, 30.00 	13,53,7,820		1.60,2.86	1000,1 	0
1439    	-20.85, 41.31, -7.19 	-0.29, 30.15, -7.18 	0.00, 30.00 	13,53,7,830		0.00,1.72	1000,1 	0
1448    	-20.85, 41.31, -7.20 	-0.29, 30.16, -7.19 	0.00, 30.00 	13,53,7,839		0.00,1.16	1000,1 	0
1457    	-20.86, 41.31, -7.20 	-0.27, 30.16, -7.19 	0.00, 30.00 	13,53,7,849		1.31,2.59	1000,1 	0
1466    	-20.85, 41.31, -7.20 	-0.27, 30.16, -7.19 	0.00, 30.00 	13,53,7,859		1.31,0.00	1000,1 	0
1475    	-20.85, 41.31, -7.20 	-0.25, 30.16, -7.19 	0.00, 30.00 	13,53,7,868		0.00,1.29	1000,1 	0
1484    	-20.85, 41.31, -7.20 	-0.25, 30.16, -7.19 	0.00, 30.00 	13,53,7,878		0.00,0.00	1000,1 	0
1493    	-20.85, 41.31, -7.20 	-0.24, 30.17, -7.19 	0.00, 30.00 	13,53,7,888		0.00,1.72	1000,1 	0
1502    	-20.85, 41.31, -7.20 	-0.24, 30.16, -7.19 	0.00, 30.00 	13,53,7,897		0.00,1.16	1000,1 	0
1511    	-20.85, 41.31, -7.20 	-0.24, 30.17, -7.19 	0.00, 30.00 	13,53,7,907		0.00,1.16	1000,1 	0
1520    	-20.85, 41.32, -7.20 	-0.24, 30.17, -7.19 	0.00, 30.00 	13,53,7,917		1.60,0.00	1000,1 	0
1529    	-20.86, 41.31, -7.19 	-0.24, 30.16, -7.19 	0.00, 30.00 	13,53,7,927		1.85,1.16	1000,1 	0
1538    	-20.86, 41.31, -7.19 	-0.25, 30.16, -7.19 	0.00, 30.00 	13,53,7,936		0.00,1.29	1000,1 	0
1547    	-20.86, 41.31, -7.19 	-0.25, 30.15, -7.19 	0.00, 30.00 	13,53,7,946		0.00,1.16	1000,1 	0
1556    	-20.86, 41.31, -7.20 	-0.24, 30.16, -7.19 	0.00, 30.00 	13,53,7,956		0.00,1.72	1000,1 	0
1565    	-20.86, 41.31, -7.20 	-0.23, 30.15, -7.19 	0.00, 30.00 	13,53,7,965		0.00,1.76	1000,1 	0
1574    	-20.85, 41.31, -7.20 	-0.22, 30.15, -7.19 	0.00, 30.00 	13,53,7,975		1.31,1.29	1000,1 	0
1583    	-20.85, 41.31, -7.20 	-0.22, 30.15, -7.19 	0.00, 30.00 	13,53,7,985		0.00,0.00	1000,1 	0
1592    	-20.85, 41.31, -7.20 	-0.22, 30.15, -7.19 	0.00, 30.00 	13,53,7,994		0.00,0.00	1000,1 	0
1601    	-20.85, 41.31, -7.20 	-0.22, 30.15, -7.19 	0.00, 30.00 	13,53,7,4		0.00,0.00	1000,1 	0
1610    	-20.86, 41.31, -7.20 	-0.23, 30.15, -7.19 	0.00, 30.00 	13,53,8,14		1.31,1.29	1000,1 	0
1619    	-20.86, 41.31, -7.20 	-0.23, 30.14, -7.19 	0.00, 30.00 	13,53,8,23		0.00,1.16	1000,1 	0
1628    	-20.86, 41.32, -7.20 	-0.23, 30.15, -7.18 	0.00, 30.00 	13,53,8,33		1.60,1.16	1000,1 	0
1637    	-20.86, 41.32, -7.20 	-0.23, 30.15, -7.18 	0.00, 30.00 	13,53,8,43		0.00,0.00	1000,1 	0
1646    	-20.86, 41.31, -7.20 	-0.23, 30.14, -7.19 	0.00, 30.00 	13,53,8,52		1.60,1.16	1000,1 	0
1655    	-20.86, 41.31, -7.20 	-0.23, 30.14, -7.19 	0.00, 30.00 	13,53,8,62		0.00,0.00	1000,1 	0
1664    	-20.86, 41.31, -7.20 	-0.22, 30.14, -7.19 	0.00, 30.00 	13,53,8,72		0.00,1.29	1000,1 	0
1673    	-20.86, 41.31, -7.20 	-0.22, 30.15, -7.18 	0.00, 30.00 	13,53,8,81		0.00,1.16	1000,1 	0
1682    	-20.85, 41.31, -7.20 	-0.21, 30.14, -7.19 	0.00, 30.00 	13,53,8,91		1.31,1.76	1000,1 	0
1691    	-20.85, 41.31, -7.20 	-0.21, 30.14, -7.19 	0.00, 30.00 	13,53,8,101		0.00,0.00	1000,1 	0
1700    	-20.85, 41.32, -7.20 	-0.21, 30.14, -7.18 	0.00, 30.00 	13,53,8,110		1.60,0.00	1000,1 	0
1709    	-20.86, 41.31, -7.20 	-0.22, 30.14, -7.18 	0.00, 30.00 	13,53,8,120		1.85,1.29	1000,1 	0
1718    	-20.86, 41.31, -7.20 	-0.19, 30.12, -7.18 	0.00, 30.00 	13,53,8,130		0.00,3.51	1000,1 	0
1727    	-20.86, 41.31, -7.20 	-0.21, 30.11, -7.18 	0.00, 30.00 	13,53,8,140		0.00,1.72	1000,1 	0
1736    	-20.86, 41.31, -7.20 	-0.19, 30.12, -7.18 	0.00, 30.00 	13,53,8,149		0.00,1.72	1000,1 	0
1745    	-20.86, 41.31, -7.20 	-0.18, 30.12, -7.18 	0.00, 30.00 	13,53,8,159		0.00,1.29	1000,1 	0
1754    	-20.86, 41.31, -7.20 	-0.18, 30.12, -7.18 	0.00, 30.00 	13,53,8,169		0.00,0.00	1000,1 	0
1763    	-20.86, 41.31, -7.20 	-0.17, 30.11, -7.18 	0.00, 30.00 	13,53,8,178		0.00,1.76	1000,1 	0
1772    	-20.86, 41.31, -7.20 	-0.16, 30.11, -7.18 	0.00, -0.00 	13,53,8,198		0.00,1.29	1000,1 	0
1781    	-20.86, 41.31, -7.20 	-0.16, 30.10, -7.18 	0.00, -0.00 	13,53,8,207		0.00,1.16	1000,1 	0
1790    	-20.86, 41.31, -7.20 	-0.17, 30.07, -7.17 	0.00, -0.00 	13,53,8,217		0.00,2.63	1000,1 	0
1799    	-20.86, 41.31, -7.20 	-0.19, 29.96, -7.14 	0.00, -0.00 	13,53,8,227		0.00,12.97	1000,1 	0
1808    	-20.86, 41.31, -7.20 	-0.23, 29.73, -7.10 	0.00, -0.00 	13,53,8,236		0.00,25.95	1000,1 	0
1817    	-20.86, 41.31, -7.20 	-0.29, 29.44, -7.05 	0.00, -0.00 	13,53,8,246		0.00,33.26	1000,1 	0
1826    	-20.86, 41.31, -7.20 	-0.35, 29.03, -7.01 	0.00, -0.00 	13,53,8,256		0.00,45.98	1000,1 	0
1835    	-20.86, 41.31, -7.20 	-0.44, 28.53, -6.98 	0.00, -0.00 	13,53,8,265		0.00,55.55	1000,1 	0
1844    	-20.86, 41.31, -7.20 	-0.59, 27.94, -6.94 	0.00, -0.00 	13,53,8,275		0.00,68.56	1000,1 	0
1853    	-20.86, 41.31, -7.20 	-0.78, 27.28, -6.93 	0.00, -0.00 	13,53,8,285		0.00,76.29	1000,1 	0
1862    	-20.86, 41.31, -7.20 	-1.01, 26.57, -6.91 	0.00, -0.00 	13,53,8,294		0.00,82.26	1000,1 	0
1871    	-20.85, 41.31, -7.20 	-1.27, 25.81, -6.93 	0.00, -0.00 	13,53,8,304		1.31,90.07	1000,1 	0
1880    	-20.86, 41.32, -7.20 	-1.50, 25.05, -6.97 	0.00, -0.00 	13,53,8,314		2.27,87.73	1000,1 	0
1889    	-20.86, 41.32, -7.20 	-1.76, 24.31, -7.04 	0.00, -0.00 	13,53,8,323		0.00,86.83	1000,1 	0
1898    	-20.86, 41.32, -7.20 	-2.00, 23.49, -7.08 	0.00, -0.00 	13,53,8,333		0.00,94.72	1000,1 	0
1907    	-20.86, 41.31, -7.19 	-2.22, 22.68, -7.16 	0.00, -0.00 	13,53,8,343		1.60,94.35	1000,1 	0
1916    	-20.86, 41.31, -7.19 	-2.39, 21.82, -7.23 	0.00, -0.00 	13,53,8,352		0.00,97.24	1000,1 	0
1925    	-20.86, 41.31, -7.19 	-2.59, 20.87, -7.28 	0.00, -0.00 	13,53,8,362		0.00,107.10	1000,1 	0
1934    	-20.86, 41.31, -7.20 	-2.77, 19.83, -7.30 	0.00, -0.00 	13,53,8,372		0.00,118.15	1000,1 	0
1943    	-20.86, 41.31, -7.20 	-2.91, 18.70, -7.28 	0.00, -0.00 	13,53,8,382		0.00,126.63	1000,1 	0
1952    	-20.85, 41.31, -7.20 	-3.14, 17.34, -7.20 	0.00, -0.00 	13,53,8,391		1.31,152.29	1000,1 	0
1961    	-20.85, 41.31, -7.20 	-3.32, 15.83, -7.07 	0.00, -0.00 	13,53,8,401		0.00,169.75	1000,1 	0
1970    	-20.85, 41.31, -7.19 	-3.45, 14.22, -6.93 	0.00, -0.00 	13,53,8,411		0.00,179.51	1000,1 	0
1979    	-20.85, 41.32, -7.19 	-3.48, 12.61, -6.81 	0.00, -0.00 	13,53,8,420		1.60,178.83	1000,1 	0
1988    	-20.85, 41.31, -7.19 	-3.49, 10.96, -6.70 	0.00, -0.00 	13,53,8,430		1.60,183.39	1000,1 	0
1997    	-20.86, 41.31, -7.19 	-3.44, 9.32, -6.60 	0.00, -0.00 	13,53,8,440		1.31,182.20	1000,1 	0
2006    	-20.86, 41.31, -7.19 	-3.20, 7.69, -6.51 	0.00, -0.00 	13,53,8,449		0.00,182.49	1000,1 	0
2015    	-20.86, 41.31, -7.19 	-2.83, 6.07, -6.45 	0.00, -0.00 	13,53,8,459		0.00,185.09	1000,1 	0
2024    	-20.86, 41.31, -7.19 	-2.20, 4.50, -6.43 	0.00, -0.00 	13,53,8,469		0.00,187.57	1000,1 	0
2033    	-20.86, 41.31, -7.19 	-1.46, 3.09, -6.43 	0.00, -0.00 	13,53,8,478		0.00,176.71	1000,1 	0
2042    	-20.86, 41.31, -7.19 	-0.35, 1.85, -6.34 	0.00, -0.00 	13,53,8,488		0.00,185.07	1000,1 	0
2051    	-20.86, 41.31, -7.19 	1.27, 0.93, -6.12 	0.00, -0.00 	13,53,8,498		0.00,207.02	1000,1 	0
2060    	-20.86, 41.31, -7.19 	2.57, 0.09, -5.81 	0.00, -0.00 	13,53,8,507		0.00,171.70	1000,1 	0
2069    	-20.86, 41.31, -7.20 	3.22, -0.64, -5.94 	0.00, -0.00 	13,53,8,517		0.00,109.10	1000,1 	0
2078    	-20.86, 41.31, -7.20 	2.96, -0.88, -6.46 	0.00, -0.00 	13,53,8,527		0.00,39.57	1000,1 	0
2087    	-20.86, 41.31, -7.20 	2.03, -0.84, -6.78 	0.00, -0.00 	13,53,8,536		0.00,103.86	1000,1 	0
2096    	-20.85, 41.31, -7.20 	1.27, -0.95, -6.82 	0.00, -0.00 	13,53,8,546		1.31,85.93	1000,1 	0
2105    	-20.86, 41.32, -7.20 	0.96, -1.17, -6.76 	0.00, -0.00 	13,53,8,556		2.27,41.54	1000,1 	0
2114    	-20.86, 41.32, -7.20 	0.77, -1.30, -6.71 	0.00, -0.00 	13,53,8,565		0.00,25.79	1000,1 	0
2123    	-20.86, 41.32, -7.20 	0.67, -1.34, -6.71 	0.00, -0.00 	13,53,8,575		0.00,11.26	1000,1 	0
2132    	-20.86, 41.31, -7.20 	0.83, -1.31, -6.75 	0.00, -0.00 	13,53,8,585		1.60,17.10	1000,1 	0
2141    	-20.86, 41.31, -7.20 	1.06, -1.23, -6.76 	0.00, -0.00 	13,53,8,594		0.00,26.96	1000,1 	0
2150    	-20.86, 41.31, -7.20 	1.06, -1.13, -6.78 	0.00, -0.00 	13,53,8,604		0.00,10.50	1000,1 	0
2159    	-20.86, 41.31, -7.20 	1.01, -1.02, -6.81 	0.00, -0.00 	13,53,8,614		0.00,13.87	1000,1 	0
2168    	-20.86, 41.31, -7.20 	0.95, -0.98, -6.82 	0.00, -0.00 	13,53,8,624		0.00,8.04	1000,1 	0
2177    	-20.85, 41.31, -7.20 	0.96, -0.95, -6.80 	0.00, -0.00 	13,53,8,633		1.31,3.69	1000,1 	0
2186    	-20.86, 41.32, -7.20 	0.88, -0.93, -6.81 	0.00, -0.00 	13,53,8,643		2.27,9.39	1000,1 	0
2195    	-20.86, 41.32, -7.20 	0.89, -0.85, -6.83 	0.00, -0.00 	13,53,8,653		0.00,9.35	1000,1 	0
2204    	-20.86, 41.32, -7.20 	0.76, -0.61, -6.86 	0.00, -0.00 	13,53,8,662		0.00,29.90	1000,1 	0
2213    	-20.86, 41.32, -7.20 	0.51, -0.14, -6.89 	0.00, -0.00 	13,53,8,672		0.00,58.75	1000,1 	0
