#Time 	Sensor1         Sensor2         Target          Time            Vel             
#================================================================

18      	-20.90, 40.91, -7.19 	0.04, 0.14, -6.76 	0.00, 30.00 	13,54,21,625		0.00,0.00	0,0 	0
27      	-20.90, 40.91, -7.19 	0.05, 0.13, -6.75 	0.00, 30.00 	13,54,21,635		0.00,1.76	0,0 	0
36      	-20.90, 40.91, -7.19 	0.04, 0.14, -6.74 	0.00, 30.00 	13,54,21,645		0.00,1.76	0,0 	0
45      	-20.90, 40.91, -7.19 	0.06, 0.17, -6.74 	0.00, 30.00 	13,54,21,654		0.00,4.30	0,0 	0
54      	-20.90, 40.91, -7.19 	0.04, 0.15, -6.74 	0.00, 30.00 	13,54,21,664		0.00,3.44	0,0 	0
63      	-20.90, 40.91, -7.19 	0.02, 0.20, -6.72 	0.00, 30.00 	13,54,21,674		0.00,4.84	0,0 	0
72      	-20.90, 40.91, -7.19 	0.01, 0.22, -6.74 	0.00, 30.00 	13,54,21,684		0.00,2.68	0,0 	0
81      	-20.90, 40.91, -7.19 	0.01, 0.22, -6.73 	0.00, 30.00 	13,54,21,693		0.00,0.00	0,0 	0
90      	-20.90, 40.91, -7.19 	0.00, 0.18, -6.73 	0.00, 30.00 	13,54,21,703		0.00,3.69	0,0 	0
99      	-20.90, 40.91, -7.19 	0.05, 0.18, -6.72 	0.00, 30.00 	13,54,21,713		0.00,5.17	0,0 	0
108     	-20.90, 40.91, -7.19 	0.07, 0.17, -6.74 	0.00, 30.00 	13,54,21,722		0.00,2.86	0,0 	0
117     	-20.90, 40.91, -7.19 	0.06, 0.17, -6.73 	0.00, 30.00 	13,54,21,732		0.00,1.29	0,0 	0
126     	-20.90, 40.91, -7.19 	0.06, 0.17, -6.72 	0.00, 30.00 	13,54,21,742		0.00,0.00	0,0 	0
135     	-20.90, 40.93, -7.19 	-0.01, 0.17, -6.74 	0.00, 30.00 	13,54,21,751		1.60,7.76	0,0 	0
144     	-20.91, 40.93, -7.19 	-0.00, 0.22, -6.73 	0.00, 30.00 	13,54,21,761		1.31,4.79	0,0 	0
153     	-20.90, 40.91, -7.19 	-0.01, 0.22, -6.74 	0.00, 30.00 	13,54,21,771		2.27,1.29	0,0 	0
162     	-20.90, 40.91, -7.19 	-0.00, 0.24, -6.74 	0.00, 30.00 	13,54,21,780		0.00,2.63	0,0 	0
171     	-20.90, 40.91, -7.19 	-0.01, 0.25, -6.75 	0.00, 30.00 	13,54,21,790		0.00,1.76	0,0 	0
180     	-20.90, 40.91, -7.19 	-0.01, 0.24, -6.73 	0.00, 30.00 	13,54,21,800		0.00,1.16	0,0 	0
189     	-20.90, 40.91, -7.19 	-0.01, 0.23, -6.73 	0.00, 30.00 	13,54,21,809		0.00,1.16	0,0 	0
198     	-20.90, 40.91, -7.19 	-0.01, 0.24, -6.75 	0.00, 30.00 	13,54,21,819		0.00,1.16	0,0 	0
207     	-20.91, 40.91, -7.19 	-0.01, 0.24, -6.74 	0.00, 30.00 	13,54,21,829		1.31,0.00	0,0 	0
216     	-20.91, 40.91, -7.19 	-0.01, 0.24, -6.74 	0.00, 30.00 	13,54,21,838		0.00,0.00	0,0 	0
225     	-20.90, 40.91, -7.19 	-0.01, 0.23, -6.72 	0.00, 30.00 	13,54,21,848		1.31,1.16	0,0 	0
234     	-20.90, 40.91, -7.19 	-0.02, 0.22, -6.72 	0.00, 30.00 	13,54,21,858		0.00,1.72	0,0 	0
243     	-20.90, 40.91, -7.19 	0.03, 0.23, -6.73 	0.00, 30.00 	13,54,21,867		0.00,6.55	0,0 	0
252     	-20.90, 40.91, -7.19 	0.03, 0.22, -6.73 	0.00, 30.00 	13,54,21,877		0.00,1.16	0,0 	0
261     	-20.90, 40.91, -7.19 	0.02, 0.21, -6.74 	0.00, 30.00 	13,54,21,887		0.00,1.72	0,0 	0
270     	-20.90, 40.91, -7.19 	0.04, 0.20, -6.72 	0.00, 30.00 	13,54,21,897		0.00,1.76	0,0 	0
279     	-20.90, 40.91, -7.19 	0.04, 0.20, -6.72 	0.00, 30.00 	13,54,21,906		0.00,0.00	0,0 	0
288     	-20.90, 40.91, -7.19 	0.02, 0.21, -6.73 	0.00, 30.00 	13,54,21,916		0.00,1.76	0,0 	0
297     	-20.90, 40.91, -7.19 	0.02, 0.21, -6.73 	0.00, 30.00 	13,54,21,926		0.00,0.00	0,0 	0
306     	-20.90, 40.91, -7.19 	-0.03, 0.20, -6.73 	0.00, 30.00 	13,54,21,935		0.00,6.47	0,0 	0
315     	-20.90, 40.91, -7.19 	-0.01, 0.19, -6.72 	0.00, 30.00 	13,54,21,945		0.00,2.86	0,0 	0
324     	-20.90, 40.91, -7.19 	-0.01, 0.22, -6.72 	0.00, 30.00 	13,54,21,955		0.00,2.32	0,0 	0
333     	-20.90, 40.93, -7.19 	-0.01, 0.24, -6.72 	0.00, 30.00 	13,54,21,964		1.60,2.32	0,0 	0
342     	-20.90, 40.91, -7.19 	0.01, 0.23, -6.74 	0.00, 30.00 	13,54,21,974		1.60,2.86	0,0 	0
351     	-20.90, 40.91, -7.19 	0.01, 0.25, -6.73 	0.00, 30.00 	13,54,21,984		0.00,2.32	0,0 	0
360     	-20.91, 40.93, -7.19 	0.02, 0.25, -6.73 	0.00, 30.00 	13,54,21,993		2.27,1.29	0,0 	0
369     	-20.91, 40.93, -7.19 	0.01, 0.25, -6.73 	0.00, 30.00 	13,54,21,3		0.00,1.29	0,0 	0
378     	-20.91, 40.93, -7.19 	0.02, 0.25, -6.73 	0.00, 30.00 	13,54,22,13		0.00,1.29	0,0 	0
387     	-20.90, 40.91, -7.19 	0.01, 0.23, -6.74 	0.00, 30.00 	13,54,22,22		2.27,2.63	0,0 	0
396     	-20.90, 40.91, -7.19 	0.02, 0.23, -6.74 	0.00, 30.00 	13,54,22,32		0.00,1.29	0,0 	0
405     	-20.90, 40.91, -7.19 	0.01, 0.23, -6.74 	0.00, 30.00 	13,54,22,42		0.00,1.29	0,0 	0
414     	-20.90, 40.91, -7.19 	0.02, 0.23, -6.74 	0.00, 30.00 	13,54,22,51		0.00,1.29	0,0 	0
423     	-20.90, 40.91, -7.19 	0.01, 0.23, -6.74 	0.00, 30.00 	13,54,22,61		0.00,1.29	0,0 	0
432     	-20.90, 40.91, -7.19 	0.02, 0.23, -6.74 	0.00, 30.00 	13,54,22,71		0.00,1.29	0,0 	0
441     	-20.90, 40.91, -7.19 	0.04, 0.25, -6.74 	0.00, 30.00 	13,54,22,80		0.00,3.44	0,0 	0
450     	-20.91, 40.91, -7.19 	0.06, 0.26, -6.74 	0.00, 30.00 	13,54,22,90		1.31,1.72	0,0 	0
459     	-20.91, 40.91, -7.19 	0.06, 0.26, -6.74 	0.00, 30.00 	13,54,22,100		0.00,0.00	0,0 	0
468     	-20.90, 40.91, -7.19 	0.06, 0.26, -6.74 	0.00, 30.00 	13,54,22,109		1.31,0.00	0,0 	0
477     	-20.90, 40.91, -7.19 	0.06, 0.25, -6.73 	0.00, 30.00 	13,54,22,119		0.00,1.16	0,0 	0
486     	-20.90, 40.91, -7.19 	0.06, 0.24, -6.73 	0.00, 30.00 	13,54,22,129		0.00,1.16	0,0 	0
495     	-20.90, 40.91, -7.19 	0.06, 0.25, -6.75 	0.00, 30.00 	13,54,22,139		0.00,1.16	0,0 	0
504     	-20.90, 40.91, -7.19 	0.06, 0.24, -6.75 	0.00, 30.00 	13,54,22,148		0.00,1.16	0,0 	0
513     	-20.90, 40.91, -7.19 	0.06, 0.24, -6.75 	0.00, 30.00 	13,54,22,158		0.00,0.00	0,0 	0
522     	-20.91, 40.91, -7.19 	0.09, 0.28, -6.76 	0.00, 30.00 	13,54,22,168		1.31,5.99	0,0 	0
531     	-20.91, 40.91, -7.19 	0.09, 0.27, -6.75 	0.00, 30.00 	13,54,22,177		0.00,1.16	0,0 	0
540     	-20.91, 40.93, -7.19 	0.04, 0.28, -6.75 	0.00, 30.00 	13,54,22,187		1.60,5.33	0,0 	0
549     	-20.90, 40.91, -7.19 	0.04, 0.26, -6.75 	0.00, 30.00 	13,54,22,196		2.27,2.32	0,0 	0
558     	-20.90, 40.91, -7.19 	0.07, 0.25, -6.76 	0.00, 30.00 	13,54,22,206		0.00,2.86	0,0 	0
567     	-20.90, 40.91, -7.19 	0.04, 0.25, -6.75 	0.00, 30.00 	13,54,22,216		0.00,2.59	0,0 	0
576     	-20.90, 40.91, -7.19 	0.09, 0.21, -6.75 	0.00, 30.00 	13,54,22,226		0.00,7.02	0,0 	0
585     	-20.90, 40.91, -7.19 	0.07, 0.21, -6.73 	0.00, 30.00 	13,54,22,235		0.00,2.59	0,0 	0
594     	-20.90, 40.91, -7.19 	0.05, 0.21, -6.75 	0.00, 30.00 	13,54,22,245		0.00,2.59	0,0 	0
603     	-20.90, 40.91, -7.19 	0.03, 0.22, -6.75 	0.00, 30.00 	13,54,22,255		0.00,1.76	0,0 	0
612     	-20.90, 40.91, -7.19 	0.05, 0.24, -6.73 	0.00, 30.00 	13,54,22,264		0.00,2.63	0,0 	0
621     	-20.90, 40.91, -7.19 	0.02, 0.26, -6.77 	0.00, 30.00 	13,54,22,274		0.00,3.51	0,0 	0
630     	-20.90, 40.93, -7.19 	0.01, 0.27, -6.77 	0.00, 30.00 	13,54,22,284		1.60,1.76	0,0 	0
639     	-20.90, 40.93, -7.19 	-0.03, 0.27, -6.75 	0.00, 30.00 	13,54,22,293		0.00,3.88	0,0 	0
648     	-20.90, 40.91, -7.19 	0.01, 0.26, -6.75 	0.00, 30.00 	13,54,22,303		1.60,4.07	0,0 	0
657     	-20.91, 40.91, -7.19 	0.06, 0.25, -6.74 	0.00, 30.00 	13,54,22,313		1.31,5.33	0,0 	0
666     	-20.90, 40.91, -7.19 	0.01, 0.24, -6.77 	0.00, 30.00 	13,54,22,322		1.31,5.28	0,0 	0
675     	-20.90, 40.91, -7.19 	0.00, 0.16, -6.76 	0.00, 30.00 	13,54,22,332		0.00,8.20	0,0 	0
684     	-20.90, 40.91, -7.19 	0.01, 0.15, -6.77 	0.00, 30.00 	13,54,22,342		0.00,1.76	0,0 	0
693     	-20.90, 40.91, -7.19 	-0.01, 0.16, -6.79 	0.00, 30.00 	13,54,22,352		0.00,2.86	0,0 	0
702     	-20.90, 40.93, -7.19 	-0.05, 0.17, -6.79 	0.00, 30.00 	13,54,22,361		1.60,4.07	0,0 	0
711     	-20.90, 40.93, -7.19 	-0.03, 0.19, -6.79 	0.00, 30.00 	13,54,22,371		0.00,2.63	0,0 	0
720     	-20.90, 40.93, -7.19 	-0.02, 0.22, -6.79 	0.00, 30.00 	13,54,22,381		0.00,2.63	0,0 	0
729     	-20.91, 40.93, -7.19 	0.01, 0.22, -6.80 	0.00, 30.00 	13,54,22,390		1.31,3.88	0,0 	0
738     	-20.91, 40.93, -7.19 	0.04, 0.20, -6.79 	0.00, 30.00 	13,54,22,400		0.00,3.51	0,0 	0
747     	-20.91, 40.91, -7.19 	0.05, 0.20, -6.79 	0.00, 30.00 	13,54,22,409		1.60,1.29	0,0 	0
756     	-20.91, 40.91, -7.19 	0.07, 0.19, -6.76 	0.00, 30.00 	13,54,22,419		0.00,2.86	0,0 	0
765     	-20.90, 40.91, -7.19 	0.02, 0.18, -6.75 	0.00, 30.00 	13,54,22,429		1.31,5.17	0,0 	0
774     	-20.90, 40.91, -7.19 	0.08, 0.13, -6.75 	0.00, 30.00 	13,54,22,439		0.00,8.78	0,0 	0
783     	-20.90, 40.93, -7.19 	0.07, 0.16, -6.75 	0.00, 30.00 	13,54,22,448		1.60,3.74	0,0 	0
792     	-20.90, 40.93, -7.19 	0.04, 0.15, -6.77 	0.00, 30.00 	13,54,22,458		0.00,4.03	0,0 	0
801     	-20.90, 40.91, -7.19 	0.00, 0.14, -6.72 	0.00, 30.00 	13,54,22,468		1.60,4.03	0,0 	0
810     	-20.91, 40.91, -7.19 	0.03, 0.11, -6.72 	0.00, 30.00 	13,54,22,477		1.31,4.38	0,0 	0
819     	-20.90, 40.93, -7.19 	-0.06, 0.16, -6.74 	0.00, 30.00 	13,54,22,487		1.85,10.85	0,0 	0
828     	-20.91, 40.93, -7.19 	-0.04, 0.14, -6.74 	0.00, 30.00 	13,54,22,497		1.31,2.68	0,0 	0
837     	-20.91, 40.93, -7.19 	0.01, 0.12, -6.73 	0.00, 30.00 	13,54,22,506		0.00,6.92	0,0 	0
846     	-20.91, 40.93, -7.19 	0.03, 0.12, -6.73 	0.00, 30.00 	13,54,22,516		0.00,1.29	0,0 	0
855     	-20.90, 40.91, -7.19 	0.04, 0.14, -6.73 	0.00, 30.00 	13,54,22,526		2.27,2.63	0,0 	0
864     	-20.90, 40.91, -7.19 	0.05, 0.13, -6.73 	0.00, 30.00 	13,54,22,535		0.00,1.76	0,0 	0
873     	-20.90, 40.93, -7.19 	0.06, 0.13, -6.72 	0.00, 30.00 	13,54,22,545		1.60,1.29	0,0 	0
882     	-20.91, 40.93, -7.19 	0.00, 0.12, -6.72 	0.00, 30.00 	13,54,22,555		1.31,6.55	0,0 	0
891     	-20.90, 40.91, -7.19 	0.00, 0.15, -6.74 	0.00, 30.00 	13,54,22,564		2.27,3.48	0,0 	0
900     	-20.90, 40.91, -7.19 	0.01, 0.15, -6.74 	0.00, 30.00 	13,54,22,574		0.00,1.29	0,0 	0
909     	-20.90, 40.91, -7.19 	0.01, 0.14, -6.74 	0.00, 30.00 	13,54,22,584		0.00,1.16	0,0 	0
918     	-20.91, 40.91, -7.19 	0.00, 0.16, -6.76 	0.00, 30.00 	13,54,22,593		1.31,2.68	0,0 	0
927     	-20.90, 40.93, -7.19 	0.01, 0.15, -6.75 	0.00, 30.00 	13,54,22,603		1.85,1.76	0,0 	0
936     	-20.91, 40.93, -7.19 	0.03, 0.15, -6.74 	0.00, 30.00 	13,54,22,613		1.31,1.29	0,0 	0
945     	-20.91, 40.91, -7.19 	0.02, 0.16, -6.76 	0.00, 30.00 	13,54,22,622		1.60,1.16	0,0 	0
954     	-20.90, 40.93, -7.19 	0.04, 0.17, -6.74 	0.00, 30.00 	13,54,22,632		1.85,1.72	0,0 	0
963     	-20.90, 40.93, -7.19 	0.05, 0.16, -6.75 	0.00, 30.00 	13,54,22,642		0.00,1.76	0,0 	0
972     	-20.90, 40.93, -7.19 	0.05, 0.15, -6.73 	0.00, 30.00 	13,54,22,652		0.00,1.16	0,0 	0
981     	-20.90, 40.93, -7.19 	0.01, 0.15, -6.75 	0.00, 30.00 	13,54,22,661		0.00,3.88	0,0 	0
990     	-20.90, 40.91, -7.19 	-0.02, 0.15, -6.76 	0.00, 30.00 	13,54,22,671		1.60,3.88	0,0 	0
999     	-20.90, 40.91, -7.19 	-0.03, 0.16, -6.75 	0.00, 30.00 	13,54,22,681		0.00,1.76	0,0 	0
1008    	-20.91, 40.93, -7.19 	-0.02, 0.20, -6.79 	0.00, 30.00 	13,54,22,690		2.27,4.79	1000,1 	0
1017    	-20.91, 40.93, -7.19 	-0.00, 0.25, -6.79 	0.00, 30.00 	13,54,22,700		0.00,5.27	1000,1 	0
1026    	-20.91, 40.93, -7.19 	-0.00, 0.27, -6.82 	0.00, 30.00 	13,54,22,710		0.00,2.32	1000,1 	0
1035    	-20.91, 40.91, -7.19 	0.09, 0.19, -6.82 	0.00, 30.00 	13,54,22,719		1.60,14.04	1000,1 	0
1044    	-20.91, 40.91, -7.19 	0.15, 0.13, -6.88 	0.00, 30.00 	13,54,22,729		0.00,8.78	1000,1 	0
1053    	-20.91, 40.91, -7.19 	0.22, 0.20, -6.93 	0.00, 30.00 	13,54,22,739		0.00,10.32	1000,1 	0
1062    	-20.91, 40.91, -7.19 	0.20, 0.24, -6.92 	0.00, 30.00 	13,54,22,748		0.00,5.36	1000,1 	0
1071    	-20.91, 40.91, -7.19 	0.02, 0.29, -6.92 	0.00, 30.00 	13,54,22,758		0.00,20.37	1000,1 	0
1080    	-20.90, 40.93, -7.19 	-0.06, 0.36, -6.95 	0.00, 30.00 	13,54,22,768		1.85,12.29	1000,1 	0
1089    	-20.90, 40.91, -7.19 	-0.20, 0.48, -6.98 	0.00, 30.00 	13,54,22,777		1.60,20.11	1000,1 	0
1098    	-20.91, 40.91, -7.19 	-0.09, 0.54, -6.93 	0.00, 30.00 	13,54,22,787		1.31,12.90	1000,1 	0
1107    	-20.91, 40.91, -7.19 	-0.12, 0.55, -6.89 	0.00, 30.00 	13,54,22,797		0.00,2.86	1000,1 	0
1116    	-20.91, 40.93, -7.19 	-0.14, 0.52, -6.83 	0.00, 30.00 	13,54,22,806		1.60,4.30	1000,1 	0
1125    	-20.91, 40.93, -7.19 	-0.19, 0.48, -6.79 	0.00, 30.00 	13,54,22,816		0.00,6.18	1000,1 	0
1134    	-20.91, 40.91, -7.19 	-0.18, 0.41, -6.78 	0.00, 30.00 	13,54,22,826		1.60,8.12	1000,1 	0
1143    	-20.91, 40.91, -7.19 	-0.12, 0.39, -6.81 	0.00, 30.00 	13,54,22,835		0.00,6.92	1000,1 	0
1152    	-20.90, 40.93, -7.19 	-0.08, 0.41, -6.81 	0.00, 30.00 	13,54,22,845		1.85,5.63	1000,1 	0
1161    	-20.90, 40.91, -7.19 	-0.01, 0.42, -6.81 	0.00, 30.00 	13,54,22,855		1.60,7.82	1000,1 	0
1170    	-20.91, 40.91, -7.19 	0.02, 0.50, -6.83 	0.00, 30.00 	13,54,22,864		1.31,8.93	1000,1 	0
1179    	-20.90, 40.91, -7.19 	0.10, 0.53, -6.85 	0.00, 30.00 	13,54,22,874		1.31,9.64	1000,1 	0
1188    	-20.90, 40.91, -7.19 	0.10, 0.66, -6.91 	0.00, 30.00 	13,54,22,884		0.00,13.93	1000,1 	0
1197    	-20.90, 40.91, -7.19 	0.12, 0.76, -6.95 	0.00, 30.00 	13,54,22,894		0.00,11.84	1000,1 	0
1206    	-20.91, 40.91, -7.19 	0.15, 0.94, -7.03 	0.00, 30.00 	13,54,22,903		1.31,20.03	1000,1 	0
1215    	-20.91, 40.91, -7.19 	0.20, 1.13, -7.18 	0.00, 30.00 	13,54,22,913		0.00,21.74	1000,1 	0
1224    	-20.90, 40.91, -7.19 	0.38, 1.30, -7.30 	0.00, 30.00 	13,54,22,923		1.31,27.53	1000,1 	0
1233    	-20.90, 40.91, -7.19 	0.55, 1.48, -7.36 	0.00, 30.00 	13,54,22,932		0.00,27.39	1000,1 	0
1242    	-20.90, 40.91, -7.19 	0.70, 1.73, -7.47 	0.00, 30.00 	13,54,22,942		0.00,32.92	1000,1 	0
1251    	-20.90, 40.91, -7.19 	0.79, 1.95, -7.55 	0.00, 30.00 	13,54,22,952		0.00,26.29	1000,1 	0
1260    	-20.90, 40.91, -7.19 	0.76, 2.23, -7.67 	0.00, 30.00 	13,54,22,961		0.00,31.39	1000,1 	0
1269    	-20.90, 40.91, -7.19 	0.75, 2.60, -7.73 	0.00, 30.00 	13,54,22,971		0.00,40.62	1000,1 	0
1278    	-20.90, 40.90, -7.19 	0.83, 2.96, -7.80 	0.00, 30.00 	13,54,22,981		1.60,40.59	1000,1 	0
1287    	-20.90, 40.91, -7.19 	0.84, 3.36, -7.87 	0.00, 30.00 	13,54,22,990		1.60,45.29	1000,1 	0
1296    	-20.90, 40.93, -7.19 	0.92, 3.83, -7.95 	0.00, 30.00 	13,54,22,0		1.60,53.28	1000,1 	0
1305    	-20.90, 40.93, -7.19 	1.05, 4.25, -8.04 	0.00, 30.00 	13,54,23,10		0.00,48.65	1000,1 	0
1314    	-20.90, 40.93, -7.19 	1.26, 4.73, -8.16 	0.00, 30.00 	13,54,23,19		0.00,57.81	1000,1 	0
1323    	-20.90, 40.93, -7.19 	1.49, 5.23, -8.35 	0.00, 30.00 	13,54,23,29		0.00,61.48	1000,1 	0
1332    	-20.90, 40.93, -7.19 	1.71, 5.82, -8.51 	0.00, 30.00 	13,54,23,39		0.00,69.93	1000,1 	0
1341    	-20.90, 40.93, -7.19 	1.92, 6.43, -8.60 	0.00, 30.00 	13,54,23,48		0.00,71.63	1000,1 	0
1350    	-20.88, 40.91, -7.19 	2.05, 7.15, -8.67 	0.00, 30.00 	13,54,23,58		2.27,81.50	1000,1 	0
1359    	-20.90, 40.90, -7.19 	2.09, 7.88, -8.71 	0.00, 30.00 	13,54,23,68		1.85,80.30	1000,1 	0
1368    	-20.90, 40.91, -7.19 	2.06, 8.62, -8.78 	0.00, 30.00 	13,54,23,78		1.60,82.40	1000,1 	0
1377    	-20.90, 40.91, -7.19 	2.04, 9.33, -8.80 	0.00, 30.00 	13,54,23,87		0.00,78.92	1000,1 	0
1386    	-20.90, 40.91, -7.19 	2.12, 10.09, -8.89 	0.00, 30.00 	13,54,23,97		0.00,85.45	1000,1 	0
1395    	-20.90, 40.91, -7.19 	2.27, 10.87, -9.04 	0.00, 30.00 	13,54,23,107		0.00,87.67	1000,1 	0
1404    	-20.90, 40.91, -7.19 	2.38, 11.67, -9.13 	0.00, 30.00 	13,54,23,116		0.00,90.40	1000,1 	0
1413    	-20.90, 40.91, -7.19 	2.58, 12.56, -9.23 	0.00, 30.00 	13,54,23,126		0.00,101.48	1000,1 	0
1422    	-20.90, 40.91, -7.19 	2.69, 13.45, -9.36 	0.00, 30.00 	13,54,23,136		0.00,99.56	1000,1 	0
1431    	-20.90, 40.91, -7.19 	2.81, 14.40, -9.49 	0.00, 30.00 	13,54,23,145		0.00,105.65	1000,1 	0
1440    	-20.90, 40.91, -7.19 	2.87, 15.33, -9.58 	0.00, 30.00 	13,54,23,155		0.00,103.60	1000,1 	0
1449    	-20.90, 40.91, -7.19 	2.89, 16.32, -9.62 	0.00, 30.00 	13,54,23,165		0.00,110.32	1000,1 	0
1458    	-20.88, 40.90, -7.19 	2.88, 17.22, -9.64 	0.00, 30.00 	13,54,23,174		2.27,99.80	1000,1 	0
1467    	-20.88, 40.91, -7.19 	2.86, 18.15, -9.65 	0.00, 30.00 	13,54,23,184		1.60,103.28	1000,1 	0
1476    	-20.88, 40.91, -7.19 	2.85, 19.03, -9.63 	0.00, 30.00 	13,54,23,194		0.00,98.63	1000,1 	0
1485    	-20.90, 40.91, -7.19 	2.88, 19.90, -9.61 	0.00, 30.00 	13,54,23,203		1.31,96.42	1000,1 	0
1494    	-20.90, 40.91, -7.19 	2.86, 20.72, -9.59 	0.00, 30.00 	13,54,23,213		0.00,90.51	1000,1 	0
1503    	-20.90, 40.93, -7.19 	2.85, 21.54, -9.56 	0.00, 30.00 	13,54,23,223		1.60,91.67	1000,1 	0
1512    	-20.90, 40.93, -7.19 	2.84, 22.33, -9.51 	0.00, 30.00 	13,54,23,232		0.00,88.19	1000,1 	0
1521    	-20.90, 40.93, -7.19 	2.78, 23.06, -9.44 	0.00, 30.00 	13,54,23,242		0.00,81.42	1000,1 	0
1530    	-20.90, 40.93, -7.19 	2.68, 23.75, -9.36 	0.00, 30.00 	13,54,23,252		0.00,77.32	1000,1 	0
1539    	-20.90, 40.93, -7.19 	2.55, 24.42, -9.27 	0.00, 30.00 	13,54,23,261		0.00,75.42	1000,1 	0
1548    	-20.88, 40.91, -7.19 	2.45, 25.04, -9.18 	0.00, 30.00 	13,54,23,271		2.27,70.23	1000,1 	0
1557    	-20.90, 40.90, -7.19 	2.35, 25.63, -9.08 	0.00, 30.00 	13,54,23,281		1.85,65.80	1000,1 	0
1566    	-20.90, 40.91, -7.19 	2.28, 26.15, -8.99 	0.00, 30.00 	13,54,23,290		1.60,58.37	1000,1 	0
1575    	-20.90, 40.91, -7.19 	2.18, 26.62, -8.89 	0.00, 30.00 	13,54,23,300		0.00,53.19	1000,1 	0
1584    	-20.90, 40.91, -7.19 	2.08, 27.03, -8.81 	0.00, 30.00 	13,54,23,310		0.00,47.77	1000,1 	0
1593    	-20.90, 40.91, -7.19 	1.97, 27.37, -8.71 	0.00, 30.00 	13,54,23,319		0.00,39.88	1000,1 	0
1602    	-20.91, 40.91, -7.19 	1.85, 27.70, -8.62 	0.00, 30.00 	13,54,23,329		1.31,38.04	1000,1 	0
1611    	-20.90, 40.93, -7.19 	1.73, 27.99, -8.53 	0.00, 30.00 	13,54,23,339		1.85,35.22	1000,1 	0
1620    	-20.91, 40.93, -7.19 	1.60, 28.22, -8.44 	0.00, 30.00 	13,54,23,349		1.31,29.90	1000,1 	0
1629    	-20.90, 40.91, -7.19 	1.48, 28.44, -8.36 	0.00, 30.00 	13,54,23,358		2.27,27.82	1000,1 	0
1638    	-20.90, 40.91, -7.19 	1.35, 28.65, -8.29 	0.00, 30.00 	13,54,23,368		0.00,26.80	1000,1 	0
1647    	-20.90, 40.91, -7.19 	1.25, 28.86, -8.24 	0.00, 30.00 	13,54,23,378		0.00,25.61	1000,1 	0
1656    	-20.90, 40.91, -7.19 	1.13, 29.04, -8.19 	0.00, 30.00 	13,54,23,387		0.00,24.79	1000,1 	0
1665    	-20.90, 40.93, -7.19 	1.04, 29.22, -8.13 	0.00, 30.00 	13,54,23,397		1.60,21.88	1000,1 	0
1674    	-20.90, 40.91, -7.19 	0.95, 29.38, -8.09 	0.00, 30.00 	13,54,23,407		1.60,20.82	1000,1 	0
1683    	-20.90, 40.93, -7.19 	0.88, 29.56, -8.06 	0.00, 30.00 	13,54,23,416		1.60,21.35	1000,1 	0
1692    	-20.90, 40.93, -7.19 	0.81, 29.72, -8.01 	0.00, 30.00 	13,54,23,426		0.00,18.69	1000,1 	0
1701    	-20.90, 40.93, -7.19 	0.75, 29.86, -7.96 	0.00, 30.00 	13,54,23,436		0.00,17.61	1000,1 	0
1710    	-20.90, 40.93, -7.19 	0.68, 30.01, -7.91 	0.00, 30.00 	13,54,23,445		0.00,17.61	1000,1 	0
1719    	-20.90, 40.91, -7.19 	0.63, 30.14, -7.84 	0.00, 30.00 	13,54,23,455		1.60,16.05	1000,1 	0
1728    	-20.90, 40.91, -7.19 	0.56, 30.25, -7.77 	0.00, 30.00 	13,54,23,465		0.00,15.07	1000,1 	0
1737    	-20.90, 40.93, -7.19 	0.51, 30.34, -7.66 	0.00, 30.00 	13,54,23,474		1.60,10.72	1000,1 	0
1746    	-20.90, 40.93, -7.19 	0.42, 30.40, -7.55 	0.00, 30.00 	13,54,23,484		0.00,11.53	1000,1 	0
1755    	-20.90, 40.93, -7.19 	0.38, 30.42, -7.42 	0.00, 30.00 	13,54,23,494		0.00,5.71	1000,1 	0
1764    	-20.90, 40.93, -7.19 	0.34, 30.39, -7.30 	0.00, 30.00 	13,54,23,503		0.00,5.16	1000,1 	0
1773    	-20.90, 40.93, -7.19 	0.24, 30.28, -7.20 	0.00, 30.00 	13,54,23,513		0.00,16.27	1000,1 	0
1782    	-20.90, 40.93, -7.19 	0.17, 30.15, -7.15 	0.00, 30.00 	13,54,23,523		0.00,16.46	1000,1 	0
1791    	-20.90, 40.93, -7.19 	0.12, 30.08, -7.14 	0.00, 30.00 	13,54,23,532		0.00,9.54	1000,1 	0
1800    	-20.90, 40.91, -7.19 	0.12, 30.07, -7.14 	0.00, 30.00 	13,54,23,542		1.60,1.16	1000,1 	0
1809    	-20.90, 40.91, -7.19 	0.13, 30.06, -7.15 	0.00, 30.00 	13,54,23,552		0.00,1.76	1000,1 	0
1818    	-20.90, 40.93, -7.19 	0.15, 30.07, -7.15 	0.00, 30.00 	13,54,23,562		1.60,1.72	1000,1 	0
1827    	-20.90, 40.93, -7.19 	0.13, 30.07, -7.15 	0.00, 30.00 	13,54,23,571		0.00,1.29	1000,1 	0
1836    	-20.90, 40.93, -7.19 	0.12, 30.06, -7.15 	0.00, 30.00 	13,54,23,581		0.00,1.72	1000,1 	0
1845    	-20.90, 40.93, -7.19 	0.11, 30.06, -7.15 	0.00, 30.00 	13,54,23,591		0.00,1.29	1000,1 	0
1854    	-20.90, 40.93, -7.19 	0.10, 30.06, -7.15 	0.00, 30.00 	13,54,23,600		0.00,1.29	1000,1 	0
1863    	-20.90, 40.93, -7.19 	0.10, 30.07, -7.14 	0.00, 30.00 	13,54,23,610		0.00,1.16	1000,1 	0
1872    	-20.90, 40.93, -7.19 	0.09, 30.06, -7.14 	0.00, 30.00 	13,54,23,620		0.00,1.72	1000,1 	0
1881    	-20.90, 40.91, -7.19 	0.11, 30.06, -7.14 	0.00, 30.00 	13,54,23,629		1.60,2.59	1000,1 	0
1890    	-20.90, 40.91, -7.19 	0.10, 30.06, -7.14 	0.00, 30.00 	13,54,23,639		0.00,1.29	1000,1 	0
1899    	-20.90, 40.91, -7.19 	0.12, 30.06, -7.14 	0.00, 30.00 	13,54,23,649		0.00,2.59	1000,1 	0
1908    	-20.90, 40.91, -7.19 	0.12, 30.06, -7.14 	0.00, 30.00 	13,54,23,658		0.00,0.00	1000,1 	0
1917    	-20.90, 40.91, -7.19 	0.13, 30.06, -7.15 	0.00, 30.00 	13,54,23,668		0.00,1.29	1000,1 	0
1926    	-20.90, 40.91, -7.19 	0.12, 30.06, -7.14 	0.00, 30.00 	13,54,23,678		0.00,1.29	1000,1 	0
1935    	-20.90, 40.91, -7.19 	0.15, 30.07, -7.14 	0.00, 30.00 	13,54,23,687		0.00,2.81	1000,1 	0
1944    	-20.90, 40.91, -7.19 	0.13, 30.07, -7.14 	0.00, 30.00 	13,54,23,697		0.00,1.29	1000,1 	0
1953    	-20.90, 40.91, -7.19 	0.12, 30.07, -7.14 	0.00, 30.00 	13,54,23,707		0.00,1.29	1000,1 	0
1962    	-20.90, 40.91, -7.19 	0.12, 30.06, -7.14 	0.00, 30.00 	13,54,23,716		0.00,1.16	1000,1 	0
1971    	-20.90, 40.91, -7.19 	0.12, 30.06, -7.14 	0.00, 30.00 	13,54,23,726		0.00,0.00	1000,1 	0
1980    	-20.90, 40.91, -7.19 	0.12, 30.06, -7.14 	0.00, 30.00 	13,54,23,736		0.00,0.00	1000,1 	0
1989    	-20.90, 40.91, -7.19 	0.12, 30.06, -7.14 	0.00, 30.00 	13,54,23,745		0.00,0.00	1000,1 	0
1998    	-20.90, 40.91, -7.19 	0.13, 30.06, -7.14 	0.00, 30.00 	13,54,23,755		0.00,1.29	1000,1 	0
2007    	-20.91, 40.91, -7.19 	0.13, 30.06, -7.13 	0.00, 30.00 	13,54,23,765		1.31,0.00	1000,1 	0
2016    	-20.90, 40.91, -7.19 	0.13, 30.06, -7.13 	0.00, 30.00 	13,54,23,774		1.31,0.00	1000,1 	0
2025    	-20.90, 40.91, -7.19 	0.13, 30.06, -7.14 	0.00, 30.00 	13,54,23,784		0.00,0.00	1000,1 	0
2034    	-20.90, 40.91, -7.18 	0.13, 30.07, -7.14 	0.00, 30.00 	13,54,23,794		0.00,1.16	1000,1 	0
2043    	-20.90, 40.91, -7.19 	0.12, 30.06, -7.14 	0.00, 30.00 	13,54,23,804		0.00,1.72	1000,1 	0
2052    	-20.90, 40.91, -7.19 	0.12, 30.06, -7.14 	0.00, 30.00 	13,54,23,813		0.00,0.00	1000,1 	0
2061    	-20.90, 40.91, -7.19 	0.12, 30.06, -7.13 	0.00, 30.00 	13,54,23,823		0.00,0.00	1000,1 	0
2070    	-20.90, 40.91, -7.19 	0.12, 30.05, -7.13 	0.00, 30.00 	13,54,23,833		0.00,1.16	1000,1 	0
2079    	-20.90, 40.91, -7.19 	0.12, 30.06, -7.13 	0.00, 30.00 	13,54,23,842		0.00,1.16	1000,1 	0
2088    	-20.90, 40.91, -7.19 	0.12, 30.06, -7.13 	0.00, 30.00 	13,54,23,852		0.00,0.00	1000,1 	0
2097    	-20.90, 40.91, -7.19 	0.12, 30.06, -7.14 	0.00, 30.00 	13,54,23,862		0.00,0.00	1000,1 	0
2106    	-20.90, 40.91, -7.19 	0.13, 30.06, -7.13 	0.00, 30.00 	13,54,23,871		0.00,1.29	1000,1 	0
2115    	-20.90, 40.91, -7.19 	0.13, 30.06, -7.13 	0.00, 30.00 	13,54,23,881		0.00,0.00	1000,1 	0
2124    	-20.90, 40.91, -7.19 	0.13, 30.06, -7.14 	0.00, 30.00 	13,54,23,891		0.00,0.00	1000,1 	0
2133    	-20.90, 40.91, -7.19 	0.13, 30.07, -7.14 	0.00, 30.00 	13,54,23,900		0.00,1.16	1000,1 	0
2142    	-20.90, 40.91, -7.19 	0.12, 30.07, -7.14 	0.00, 30.00 	13,54,23,910		0.00,1.29	1000,1 	0
2151    	-20.90, 40.91, -7.19 	0.11, 30.07, -7.13 	0.00, 30.00 	13,54,23,920		0.00,1.29	1000,1 	0
2160    	-20.90, 40.91, -7.19 	0.13, 30.07, -7.13 	0.00, 30.00 	13,54,23,929		0.00,2.59	1000,1 	0
2169    	-20.90, 40.91, -7.19 	0.13, 30.06, -7.13 	0.00, 30.00 	13,54,23,939		0.00,1.16	1000,1 	0
2178    	-20.90, 40.91, -7.19 	0.12, 30.07, -7.13 	0.00, 30.00 	13,54,23,949		0.00,1.76	1000,1 	0
2187    	-20.90, 40.91, -7.19 	0.13, 30.07, -7.13 	0.00, 30.00 	13,54,23,958		0.00,1.29	1000,1 	0
2196    	-20.90, 40.91, -7.19 	0.13, 30.07, -7.13 	0.00, 30.00 	13,54,23,968		0.00,0.00	1000,1 	0
2205    	-20.90, 40.91, -7.19 	0.13, 30.08, -7.13 	0.00, -0.00 	13,54,23,987		0.00,1.16	1000,1 	0
2214    	-20.90, 40.91, -7.19 	0.13, 30.08, -7.13 	0.00, -0.00 	13,54,23,997		0.00,0.00	1000,1 	0
2223    	-20.88, 40.91, -7.19 	0.12, 30.08, -7.13 	0.00, -0.00 	13,54,24,7		1.48,1.46	1000,1 	0
2232    	-20.90, 40.91, -7.19 	0.12, 30.08, -7.13 	0.00, -0.00 	13,54,24,17		1.48,0.00	1000,1 	0
2241    	-20.90, 40.91, -7.19 	0.11, 30.08, -7.13 	0.00, -0.00 	13,54,24,26		0.00,1.46	1000,1 	0
2250    	-20.90, 40.91, -7.19 	0.12, 30.08, -7.13 	0.00, -0.00 	13,54,24,36		0.00,1.46	1000,1 	0
2259    	-20.90, 40.91, -7.19 	0.13, 30.07, -7.13 	0.00, -0.00 	13,54,24,46		0.00,1.97	1000,1 	0
2268    	-20.90, 40.91, -7.19 	0.15, 30.08, -7.13 	0.00, -0.00 	13,54,24,55		0.00,1.94	1000,1 	0
2277    	-20.90, 40.91, -7.19 	0.15, 30.08, -7.13 	0.00, -0.00 	13,54,24,65		0.00,0.00	1000,1 	0
2286    	-20.90, 40.91, -7.19 	0.16, 30.08, -7.13 	0.00, -0.00 	13,54,24,75		0.00,1.46	1000,1 	0
2295    	-20.90, 40.91, -7.19 	0.14, 30.09, -7.14 	0.00, -0.00 	13,54,24,84		0.00,1.97	1000,1 	0
2304    	-20.88, 40.91, -7.19 	0.15, 30.08, -7.14 	0.00, -0.00 	13,54,24,94		1.48,1.31	1000,1 	0
2313    	-20.90, 40.91, -7.19 	0.13, 30.09, -7.14 	0.00, -0.00 	13,54,24,104		1.48,1.97	1000,1 	0
2322    	-20.90, 40.91, -7.19 	0.13, 30.08, -7.14 	0.00, -0.00 	13,54,24,113		0.00,1.31	1000,1 	0
2331    	-20.90, 40.91, -7.19 	0.14, 30.09, -7.13 	0.00, -0.00 	13,54,24,123		0.00,1.94	1000,1 	0
2340    	-20.90, 40.91, -7.19 	0.13, 30.08, -7.13 	0.00, -0.00 	13,54,24,133		0.00,1.94	1000,1 	0
2349    	-20.90, 40.91, -7.19 	0.16, 30.07, -7.14 	0.00, -0.00 	13,54,24,142		0.00,3.21	1000,1 	0
2358    	-20.88, 40.90, -7.19 	0.16, 30.05, -7.14 	0.00, -0.00 	13,54,24,152		2.55,2.61	1000,1 	0
2367    	-20.90, 40.90, -7.19 	0.17, 30.02, -7.13 	0.00, -0.00 	13,54,24,162		1.69,4.81	1000,1 	0
2376    	-20.90, 40.91, -7.19 	0.20, 29.97, -7.11 	0.00, -0.00 	13,54,24,171		2.06,8.23	1000,1 	0
2385    	-20.90, 40.91, -7.19 	0.21, 29.35, -7.01 	0.00, -0.00 	13,54,24,181		0.00,88.02	1000,1 	0
2394    	-20.90, 40.91, -7.19 	0.13, 28.82, -7.04 	0.00, -0.00 	13,54,24,191		0.00,76.99	1000,1 	0
2403    	-20.90, 40.91, -7.19 	-0.01, 28.18, -7.14 	0.00, -0.00 	13,54,24,200		0.00,93.50	1000,1 	0
2412    	-20.90, 40.91, -7.19 	-0.22, 27.44, -7.28 	0.00, -0.00 	13,54,24,210		0.00,109.47	1000,1 	0
2421    	-20.90, 40.91, -7.19 	-0.41, 26.61, -7.45 	0.00, -0.00 	13,54,24,220		0.00,121.43	1000,1 	0
2430    	-20.90, 40.91, -7.19 	-0.66, 25.67, -7.66 	0.00, -0.00 	13,54,24,229		0.00,139.33	1000,1 	0
2439    	-20.90, 40.91, -7.19 	-0.89, 24.63, -7.88 	0.00, -0.00 	13,54,24,239		0.00,151.85	1000,1 	0
2448    	-20.90, 40.91, -7.19 	-1.16, 23.47, -8.09 	0.00, -0.00 	13,54,24,249		0.00,170.74	1000,1 	0
2457    	-20.90, 40.91, -7.19 	-1.43, 22.25, -8.30 	0.00, -0.00 	13,54,24,259		0.00,177.95	1000,1 	0
2466    	-20.90, 40.91, -7.19 	-1.62, 20.94, -8.52 	0.00, -0.00 	13,54,24,268		0.00,189.07	1000,1 	0
2475    	-20.90, 40.91, -7.19 	-1.82, 19.56, -8.72 	0.00, -0.00 	13,54,24,278		0.00,199.35	1000,1 	0
2484    	-20.90, 40.91, -7.19 	-1.94, 18.15, -8.90 	0.00, -0.00 	13,54,24,288		0.00,202.49	1000,1 	0
2493    	-20.90, 40.91, -7.19 	-2.16, 16.68, -9.04 	0.00, -0.00 	13,54,24,297		0.00,211.90	1000,1 	0
2502    	-20.90, 40.91, -7.19 	-2.33, 15.25, -9.15 	0.00, -0.00 	13,54,24,307		0.00,206.23	1000,1 	0
2511    	-20.90, 40.91, -7.19 	-2.47, 13.75, -9.18 	0.00, -0.00 	13,54,24,317		0.00,214.69	1000,1 	0
2520    	-20.90, 40.91, -7.19 	-2.57, 12.28, -9.16 	0.00, -0.00 	13,54,24,326		0.00,211.08	1000,1 	0
2529    	-20.90, 40.91, -7.19 	-2.52, 10.86, -9.11 	0.00, -0.00 	13,54,24,336		0.00,202.94	1000,1 	0
2538    	-20.90, 40.91, -7.19 	-2.31, 9.43, -9.07 	0.00, -0.00 	13,54,24,346		0.00,206.01	1000,1 	0
2547    	-20.90, 40.91, -7.19 	-1.96, 8.16, -9.09 	0.00, -0.00 	13,54,24,355		0.00,187.97	1000,1 	0
2556    	-20.90, 40.91, -7.19 	-1.67, 6.91, -9.11 	0.00, -0.00 	13,54,24,365		0.00,183.14	1000,1 	0
2565    	-20.90, 40.91, -7.19 	-1.40, 5.71, -9.15 	0.00, -0.00 	13,54,24,375		0.00,176.59	1000,1 	0
2574    	-20.90, 40.93, -7.19 	-1.33, 4.56, -9.20 	0.00, -0.00 	13,54,24,384		2.06,164.32	1000,1 	0
2583    	-20.90, 40.93, -7.19 	-1.43, 3.52, -9.17 	0.00, -0.00 	13,54,24,394		0.00,148.67	1000,1 	0
2592    	-20.90, 40.93, -7.19 	-1.87, 2.47, -8.93 	0.00, -0.00 	13,54,24,404		0.00,162.81	1000,1 	0
2601    	-20.90, 40.93, -7.19 	-2.02, 1.66, -8.63 	0.00, -0.00 	13,54,24,413		0.00,117.42	1000,1 	0
2610    	-20.90, 40.93, -7.19 	-1.97, 1.13, -8.36 	0.00, -0.00 	13,54,24,423		0.00,76.37	1000,1 	0
2619    	-20.90, 40.93, -7.19 	-1.55, 0.67, -8.09 	0.00, -0.00 	13,54,24,433		0.00,88.66	1000,1 	0
2628    	-20.90, 40.93, -7.19 	-0.60, 0.33, -7.91 	0.00, -0.00 	13,54,24,442		0.00,144.91	1000,1 	0
