#Time 	Sensor1         Sensor2         Target          Time            Vel             
#================================================================

16      	-25.39, 18.98, -7.00 	0.37, 1.38, -6.95 	0.00, 10.00 	14,25,46,228		0.00,0.00	0,0 	0
25      	-25.39, 18.98, -7.00 	0.35, 1.38, -6.95 	0.00, 10.00 	14,25,46,238		0.00,2.45	0,0 	0
34      	-25.39, 18.98, -7.00 	0.35, 1.36, -6.93 	0.00, 10.00 	14,25,46,248		0.00,2.32	0,0 	0
43      	-25.37, 18.98, -7.00 	0.35, 1.35, -6.95 	0.00, 10.00 	14,25,46,257		1.43,1.16	0,0 	0
52      	-25.37, 18.98, -7.00 	0.35, 1.35, -6.95 	0.00, 10.00 	14,25,46,267		0.00,0.00	0,0 	0
61      	-25.37, 18.98, -7.00 	0.35, 1.35, -6.95 	0.00, 10.00 	14,25,46,277		0.00,0.00	0,0 	0
70      	-25.39, 18.98, -7.00 	0.35, 1.37, -6.97 	0.00, 10.00 	14,25,46,286		1.43,2.32	0,0 	0
79      	-25.39, 18.99, -7.00 	0.35, 1.37, -6.96 	0.00, 10.00 	14,25,46,296		1.32,0.00	0,0 	0
88      	-25.40, 19.00, -7.00 	0.35, 1.38, -6.97 	0.00, 10.00 	14,25,46,306		2.18,1.16	0,0 	0
97      	-25.40, 19.00, -6.99 	0.34, 1.38, -6.97 	0.00, 10.00 	14,25,46,315		0.00,1.23	0,0 	0
106     	-25.41, 18.99, -7.00 	0.34, 1.39, -6.96 	0.00, 10.00 	14,25,46,325		1.68,1.16	0,0 	0
115     	-25.39, 18.98, -7.00 	0.34, 1.39, -6.96 	0.00, 10.00 	14,25,46,335		3.45,0.00	0,0 	0
124     	-25.37, 18.98, -7.00 	0.31, 1.39, -6.96 	0.00, 10.00 	14,25,46,344		1.43,3.68	0,0 	0
133     	-25.37, 18.98, -7.00 	0.32, 1.38, -6.95 	0.00, 10.00 	14,25,46,354		0.00,1.71	0,0 	0
142     	-25.37, 18.98, -7.00 	0.32, 1.38, -6.95 	0.00, 10.00 	14,25,46,364		0.00,0.00	0,0 	0
151     	-25.37, 18.98, -7.00 	0.32, 1.38, -6.95 	0.00, 10.00 	14,25,46,373		0.00,0.00	0,0 	0
160     	-25.37, 18.98, -7.00 	0.32, 1.37, -6.96 	0.00, 10.00 	14,25,46,383		0.00,1.16	0,0 	0
169     	-25.38, 18.99, -7.00 	0.31, 1.37, -6.97 	0.00, 10.00 	14,25,46,393		1.32,1.23	0,0 	0
178     	-25.36, 18.99, -7.00 	0.34, 1.38, -6.97 	0.00, 10.00 	14,25,46,402		1.43,3.84	0,0 	0
187     	-25.36, 18.99, -7.00 	0.35, 1.38, -6.97 	0.00, 10.00 	14,25,46,412		0.00,1.23	0,0 	0
196     	-25.38, 18.99, -7.00 	0.34, 1.39, -6.96 	0.00, 10.00 	14,25,46,422		1.43,1.71	0,0 	0
205     	-25.39, 18.99, -7.00 	0.31, 1.39, -6.96 	0.00, 10.00 	14,25,46,431		1.43,3.68	0,0 	0
214     	-25.37, 18.98, -7.00 	0.31, 1.36, -6.95 	0.00, 10.00 	14,25,46,441		2.18,3.48	0,0 	0
223     	-25.37, 18.98, -7.00 	0.32, 1.35, -6.95 	0.00, 10.00 	14,25,46,451		0.00,1.71	0,0 	0
232     	-25.37, 18.98, -7.00 	0.34, 1.35, -6.95 	0.00, 10.00 	14,25,46,461		0.00,2.45	0,0 	0
241     	-25.37, 18.98, -7.00 	0.34, 1.35, -6.95 	0.00, 10.00 	14,25,46,470		0.00,0.00	0,0 	0
250     	-25.37, 18.98, -7.00 	0.33, 1.35, -6.96 	0.00, 10.00 	14,25,46,480		0.00,1.23	0,0 	0
259     	-25.37, 18.96, -7.00 	0.34, 1.36, -6.96 	0.00, 10.00 	14,25,46,490		1.32,1.67	0,0 	0
268     	-25.36, 18.98, -7.00 	0.33, 1.34, -6.95 	0.00, 10.00 	14,25,46,499		1.68,2.60	0,0 	0
277     	-25.37, 18.98, -6.99 	0.34, 1.36, -6.95 	0.00, 10.00 	14,25,46,509		1.43,2.60	0,0 	0
286     	-25.39, 18.98, -6.99 	0.34, 1.36, -6.95 	0.00, 10.00 	14,25,46,519		1.43,0.00	0,0 	0
295     	-25.39, 18.98, -6.99 	0.36, 1.34, -6.95 	0.00, 10.00 	14,25,46,528		0.00,3.41	0,0 	0
304     	-25.38, 18.97, -6.99 	0.35, 1.35, -6.95 	0.00, 10.00 	14,25,46,538		1.32,1.71	0,0 	0
313     	-25.37, 18.98, -7.00 	0.35, 1.36, -6.94 	0.00, 10.00 	14,25,46,548		1.68,1.16	0,0 	0
322     	-25.37, 18.98, -7.00 	0.35, 1.36, -6.94 	0.00, 10.00 	14,25,46,557		0.00,0.00	0,0 	0
331     	-25.37, 18.98, -7.00 	0.35, 1.35, -6.95 	0.00, 10.00 	14,25,46,567		0.00,1.16	0,0 	0
340     	-25.37, 18.98, -7.00 	0.35, 1.35, -6.95 	0.00, 10.00 	14,25,46,577		0.00,0.00	0,0 	0
349     	-25.39, 18.99, -7.00 	0.34, 1.35, -6.96 	0.00, 10.00 	14,25,46,586		2.18,1.23	0,0 	0
358     	-25.39, 18.99, -6.99 	0.35, 1.36, -6.96 	0.00, 10.00 	14,25,46,596		0.00,1.67	0,0 	0
367     	-25.39, 18.98, -7.00 	0.35, 1.37, -6.95 	0.00, 10.00 	14,25,46,606		1.32,1.16	0,0 	0
376     	-25.39, 18.98, -7.00 	0.35, 1.37, -6.95 	0.00, 10.00 	14,25,46,615		0.00,0.00	0,0 	0
385     	-25.39, 18.98, -7.00 	0.34, 1.37, -6.96 	0.00, 10.00 	14,25,46,625		0.00,1.23	0,0 	0
394     	-25.40, 18.98, -6.99 	0.34, 1.37, -6.96 	0.00, 10.00 	14,25,46,635		1.43,0.00	0,0 	0
403     	-25.40, 18.99, -6.99 	0.34, 1.37, -6.96 	0.00, 10.00 	14,25,46,644		1.32,0.00	0,0 	0
412     	-25.39, 18.99, -6.99 	0.34, 1.37, -6.96 	0.00, 10.00 	14,25,46,654		1.43,0.00	0,0 	0
421     	-25.40, 18.98, -6.99 	0.35, 1.37, -6.96 	0.00, 10.00 	14,25,46,664		1.68,1.23	0,0 	0
430     	-25.37, 18.98, -7.00 	0.34, 1.34, -6.95 	0.00, 10.00 	14,25,46,673		2.86,3.67	0,0 	0
439     	-25.37, 18.98, -7.00 	0.34, 1.33, -6.95 	0.00, 10.00 	14,25,46,683		0.00,1.16	0,0 	0
448     	-25.37, 18.96, -7.00 	0.34, 1.33, -6.95 	0.00, 10.00 	14,25,46,693		1.32,0.00	0,0 	0
457     	-25.39, 18.98, -7.00 	0.34, 1.34, -6.95 	0.00, 10.00 	14,25,46,703		2.18,1.16	0,0 	0
466     	-25.39, 18.98, -7.00 	0.32, 1.34, -6.96 	0.00, 10.00 	14,25,46,712		0.00,2.45	0,0 	0
475     	-25.39, 18.98, -7.00 	0.32, 1.35, -6.95 	0.00, 10.00 	14,25,46,722		0.00,1.16	0,0 	0
484     	-25.39, 18.98, -7.00 	0.32, 1.35, -6.95 	0.00, 10.00 	14,25,46,732		0.00,0.00	0,0 	0
493     	-25.40, 18.98, -6.99 	0.34, 1.35, -6.95 	0.00, 10.00 	14,25,46,741		1.43,2.45	0,0 	0
502     	-25.40, 18.99, -6.99 	0.34, 1.35, -6.95 	0.00, 10.00 	14,25,46,751		1.32,0.00	0,0 	0
511     	-25.38, 18.99, -7.00 	0.33, 1.35, -6.96 	0.00, 10.00 	14,25,46,761		2.86,1.23	0,0 	0
520     	-25.37, 18.98, -7.00 	0.34, 1.36, -6.95 	0.00, 10.00 	14,25,46,770		1.32,1.67	0,0 	0
529     	-25.37, 18.98, -7.00 	0.34, 1.36, -6.95 	0.00, 10.00 	14,25,46,780		0.00,0.00	0,0 	0
538     	-25.37, 18.96, -7.00 	0.34, 1.36, -6.95 	0.00, 10.00 	14,25,46,790		1.32,0.00	0,0 	0
547     	-25.39, 18.99, -7.00 	0.34, 1.37, -6.95 	0.00, 10.00 	14,25,46,799		3.31,1.16	0,0 	0
556     	-25.39, 18.98, -7.00 	0.34, 1.37, -6.97 	0.00, 10.00 	14,25,46,809		1.32,0.00	0,0 	0
565     	-25.39, 18.98, -7.00 	0.34, 1.38, -6.96 	0.00, 10.00 	14,25,46,819		0.00,1.16	0,0 	0
574     	-25.39, 18.99, -6.99 	0.36, 1.36, -6.97 	0.00, 10.00 	14,25,46,828		1.32,3.41	0,0 	0
583     	-25.39, 18.99, -6.99 	0.39, 1.35, -6.97 	0.00, 10.00 	14,25,46,838		0.00,2.73	0,0 	0
592     	-25.39, 18.99, -6.99 	0.37, 1.36, -6.97 	0.00, 10.00 	14,25,46,848		0.00,1.71	0,0 	0
601     	-25.39, 18.99, -6.99 	0.36, 1.33, -6.96 	0.00, 10.00 	14,25,46,857		0.00,3.67	0,0 	0
610     	-25.39, 18.99, -6.99 	0.36, 1.31, -6.97 	0.00, 10.00 	14,25,46,867		0.00,1.16	0,0 	0
619     	-25.39, 18.99, -6.99 	0.37, 1.28, -6.96 	0.00, 10.00 	14,25,46,877		0.00,3.48	0,0 	0
628     	-25.39, 18.99, -6.99 	0.35, 1.31, -6.94 	0.00, 10.00 	14,25,46,886		0.00,3.71	0,0 	0
637     	-25.39, 18.99, -6.99 	0.39, 1.31, -6.96 	0.00, 10.00 	14,25,46,896		0.00,3.68	0,0 	0
646     	-25.38, 19.01, -7.00 	0.35, 1.34, -6.96 	0.00, 10.00 	14,25,46,906		2.66,4.39	0,0 	0
655     	-25.39, 19.00, -7.00 	0.35, 1.35, -6.96 	0.00, 10.00 	14,25,46,916		1.68,1.16	0,0 	0
664     	-25.38, 19.01, -7.00 	0.35, 1.34, -6.97 	0.00, 10.00 	14,25,46,925		1.68,1.16	0,0 	0
673     	-25.39, 18.99, -6.99 	0.36, 1.36, -6.98 	0.00, 10.00 	14,25,46,935		2.66,2.60	0,0 	0
682     	-25.40, 18.98, -6.99 	0.34, 1.33, -6.96 	0.00, 10.00 	14,25,46,945		1.68,4.22	0,0 	0
691     	-25.40, 18.99, -6.99 	0.34, 1.35, -6.94 	0.00, 10.00 	14,25,46,954		1.32,2.32	0,0 	0
700     	-25.38, 18.99, -7.00 	0.31, 1.34, -6.94 	0.00, 10.00 	14,25,46,964		2.86,3.84	0,0 	0
709     	-25.37, 18.98, -7.00 	0.32, 1.34, -6.95 	0.00, 10.00 	14,25,46,974		1.32,1.23	0,0 	0
718     	-25.37, 18.98, -7.00 	0.32, 1.30, -6.93 	0.00, 10.00 	14,25,46,983		0.00,3.48	0,0 	0
727     	-25.39, 18.99, -6.99 	0.34, 1.31, -6.93 	0.00, 10.00 	14,25,46,993		2.18,2.69	0,0 	0
736     	-25.39, 18.99, -6.99 	0.34, 1.33, -6.93 	0.00, 10.00 	14,25,47,3		0.00,1.16	0,0 	0
745     	-25.39, 18.99, -6.99 	0.32, 1.31, -6.94 	0.00, 10.00 	14,25,47,12		0.00,2.69	0,0 	0
754     	-25.39, 18.98, -6.99 	0.32, 1.32, -6.95 	0.00, 10.00 	14,25,47,22		1.32,1.16	0,0 	0
763     	-25.38, 18.97, -6.99 	0.32, 1.34, -6.95 	0.00, 10.00 	14,25,47,32		1.32,1.16	0,0 	0
772     	-25.39, 18.98, -6.99 	0.35, 1.33, -6.93 	0.00, 10.00 	14,25,47,41		1.32,3.88	0,0 	0
781     	-25.40, 18.98, -6.99 	0.32, 1.34, -6.93 	0.00, 10.00 	14,25,47,51		1.43,3.88	0,0 	0
790     	-25.37, 18.98, -7.00 	0.34, 1.33, -6.91 	0.00, 10.00 	14,25,47,61		2.86,2.73	0,0 	0
799     	-25.37, 18.98, -7.00 	0.33, 1.31, -6.92 	0.00, 10.00 	14,25,47,70		0.00,1.67	0,0 	0
808     	-25.37, 18.98, -7.00 	0.38, 1.31, -6.92 	0.00, 10.00 	14,25,47,80		0.00,4.91	0,0 	0
817     	-25.39, 18.99, -6.99 	0.38, 1.31, -6.92 	0.00, 10.00 	14,25,47,90		2.18,0.00	0,0 	0
826     	-25.39, 18.99, -6.99 	0.38, 1.31, -6.92 	0.00, 10.00 	14,25,47,99		0.00,0.00	0,0 	0
835     	-25.40, 19.00, -6.99 	0.40, 1.33, -6.92 	0.00, 10.00 	14,25,47,109		2.18,2.69	0,0 	0
844     	-25.40, 19.00, -6.99 	0.43, 1.35, -6.93 	0.00, 10.00 	14,25,47,119		0.00,4.31	0,0 	0
853     	-25.40, 19.00, -6.99 	0.42, 1.38, -6.93 	0.00, 10.00 	14,25,47,128		0.00,3.71	0,0 	0
862     	-25.40, 18.99, -6.99 	0.42, 1.41, -6.94 	0.00, 10.00 	14,25,47,138		1.32,3.48	0,0 	0
871     	-25.38, 18.99, -6.99 	0.43, 1.39, -6.94 	0.00, 10.00 	14,25,47,148		2.86,2.65	0,0 	0
880     	-25.39, 18.98, -6.99 	0.43, 1.39, -6.92 	0.00, 10.00 	14,25,47,158		1.68,0.00	0,0 	0
889     	-25.39, 18.98, -6.99 	0.40, 1.38, -6.93 	0.00, 10.00 	14,25,47,167		0.00,3.84	0,0 	0
898     	-25.39, 18.98, -6.99 	0.41, 1.37, -6.93 	0.00, 10.00 	14,25,47,177		0.00,1.71	0,0 	0
907     	-25.39, 18.99, -6.99 	0.40, 1.37, -6.93 	0.00, 10.00 	14,25,47,187		1.32,1.23	0,0 	0
916     	-25.39, 18.99, -6.99 	0.41, 1.36, -6.93 	0.00, 10.00 	14,25,47,196		0.00,1.71	0,0 	0
925     	-25.39, 18.99, -6.99 	0.40, 1.36, -6.94 	0.00, 10.00 	14,25,47,206		0.00,1.23	0,0 	0
934     	-25.38, 18.99, -6.99 	0.44, 1.37, -6.93 	0.00, 10.00 	14,25,47,216		1.43,5.02	0,0 	0
943     	-25.37, 18.98, -6.99 	0.44, 1.38, -6.94 	0.00, 10.00 	14,25,47,225		1.32,1.16	0,0 	0
952     	-25.38, 18.99, -6.99 	0.44, 1.37, -6.94 	0.00, 10.00 	14,25,47,235		1.32,1.16	0,0 	0
961     	-25.37, 18.98, -6.99 	0.40, 1.38, -6.94 	0.00, 10.00 	14,25,47,245		1.32,5.06	0,0 	0
970     	-25.36, 18.96, -7.00 	0.41, 1.38, -6.94 	0.00, 10.00 	14,25,47,254		2.18,1.23	0,0 	0
979     	-25.37, 18.98, -7.00 	0.41, 1.38, -6.94 	0.00, 10.00 	14,25,47,264		2.18,0.00	0,0 	0
988     	-25.37, 18.98, -7.00 	0.41, 1.39, -6.93 	0.00, 10.00 	14,25,47,274		0.00,1.16	0,0 	0
997     	-25.37, 18.98, -7.00 	0.39, 1.38, -6.93 	0.00, 10.00 	14,25,47,283		0.00,2.69	0,0 	0
1006    	-25.38, 18.99, -7.00 	0.37, 1.37, -6.92 	0.00, 10.00 	14,25,47,293		1.32,1.67	1000,1 	0
1015    	-25.36, 18.99, -7.00 	0.37, 1.37, -6.92 	0.00, 10.00 	14,25,47,303		1.43,0.00	1000,1 	0
1024    	-25.38, 18.99, -6.99 	0.34, 1.37, -6.93 	0.00, 10.00 	14,25,47,312		1.43,3.68	1000,1 	0
1033    	-25.38, 18.99, -6.99 	0.37, 1.38, -6.95 	0.00, 10.00 	14,25,47,322		0.00,3.84	1000,1 	0
1042    	-25.40, 18.99, -6.99 	0.34, 1.37, -6.94 	0.00, 10.00 	14,25,47,332		2.86,3.84	1000,1 	0
1051    	-25.37, 18.98, -6.98 	0.34, 1.37, -6.94 	0.00, 10.00 	14,25,47,341		3.45,0.00	1000,1 	0
1060    	-25.39, 18.98, -6.99 	0.34, 1.37, -6.94 	0.00, 10.00 	14,25,47,351		1.43,0.00	1000,1 	0
1069    	-25.39, 18.99, -7.00 	0.31, 1.38, -6.94 	0.00, 10.00 	14,25,47,361		1.32,3.88	1000,1 	0
1078    	-25.39, 18.99, -7.00 	0.31, 1.38, -6.94 	0.00, 10.00 	14,25,47,371		0.00,0.00	1000,1 	0
1087    	-25.40, 18.98, -7.00 	0.29, 1.37, -6.94 	0.00, 10.00 	14,25,47,380		1.68,2.69	1000,1 	0
1096    	-25.40, 18.99, -7.00 	0.33, 1.38, -6.93 	0.00, 10.00 	14,25,47,390		1.32,5.02	1000,1 	0
1105    	-25.38, 18.99, -6.99 	0.36, 1.39, -6.94 	0.00, 10.00 	14,25,47,400		2.86,3.84	1000,1 	0
1114    	-25.38, 19.00, -6.99 	0.38, 1.39, -6.96 	0.00, 10.00 	14,25,47,409		1.32,2.45	1000,1 	0
1123    	-25.38, 19.00, -6.99 	0.38, 1.41, -6.95 	0.00, 10.00 	14,25,47,419		0.00,2.32	1000,1 	0
1132    	-25.38, 19.00, -6.99 	0.41, 1.40, -6.96 	0.00, 10.00 	14,25,47,429		0.00,2.73	1000,1 	0
1141    	-25.37, 18.98, -6.99 	0.35, 1.40, -6.95 	0.00, 10.00 	14,25,47,438		2.64,6.13	1000,1 	0
1150    	-25.38, 18.99, -7.00 	0.37, 1.41, -6.94 	0.00, 10.00 	14,25,47,448		1.32,2.69	1000,1 	0
1159    	-25.39, 18.99, -7.00 	0.36, 1.41, -6.93 	0.00, 10.00 	14,25,47,458		1.43,1.23	1000,1 	0
1168    	-25.36, 18.98, -7.00 	0.35, 1.37, -6.92 	0.00, 10.00 	14,25,47,467		3.45,4.78	1000,1 	0
1177    	-25.36, 18.99, -7.00 	0.34, 1.37, -6.93 	0.00, 10.00 	14,25,47,477		1.32,1.23	1000,1 	0
1186    	-25.36, 18.99, -7.00 	0.37, 1.41, -6.93 	0.00, 10.00 	14,25,47,487		0.00,5.87	1000,1 	0
1195    	-25.36, 18.99, -7.00 	0.36, 1.38, -6.90 	0.00, 10.00 	14,25,47,496		0.00,3.67	1000,1 	0
1204    	-25.39, 19.00, -7.00 	0.37, 1.41, -6.93 	0.00, 10.00 	14,25,47,506		3.45,3.67	1000,1 	0
1213    	-25.38, 19.01, -7.00 	0.42, 1.39, -6.95 	0.00, 10.00 	14,25,47,516		1.68,5.47	1000,1 	0
1222    	-25.39, 19.00, -7.00 	0.54, 1.49, -6.99 	0.00, 10.00 	14,25,47,525		1.68,17.63	1000,1 	0
1231    	-25.38, 19.00, -6.99 	0.60, 1.55, -7.02 	0.00, 10.00 	14,25,47,535		1.43,9.29	1000,1 	0
1240    	-25.39, 18.99, -6.99 	0.63, 1.63, -7.04 	0.00, 10.00 	14,25,47,545		1.68,9.92	1000,1 	0
1249    	-25.39, 18.99, -7.00 	0.60, 1.62, -6.98 	0.00, 10.00 	14,25,47,554		0.00,3.84	1000,1 	0
1258    	-25.36, 18.98, -7.00 	0.67, 1.59, -6.90 	0.00, 10.00 	14,25,47,564		3.45,8.20	1000,1 	0
1267    	-25.36, 18.99, -7.00 	0.67, 1.60, -6.87 	0.00, 10.00 	14,25,47,574		1.32,1.16	1000,1 	0
1276    	-25.36, 18.99, -7.00 	0.53, 1.60, -6.85 	0.00, 10.00 	14,25,47,583		0.00,14.72	1000,1 	0
1285    	-25.37, 19.00, -7.00 	0.63, 1.65, -6.88 	0.00, 10.00 	14,25,47,593		1.32,12.37	1000,1 	0
1294    	-25.37, 19.00, -7.00 	0.66, 1.71, -6.93 	0.00, 10.00 	14,25,47,603		0.00,7.81	1000,1 	0
1303    	-25.38, 19.01, -7.00 	0.72, 1.78, -7.00 	0.00, 10.00 	14,25,47,613		2.18,9.19	1000,1 	0
1312    	-25.38, 18.99, -7.00 	0.72, 1.79, -7.05 	0.00, 10.00 	14,25,47,622		2.64,1.16	1000,1 	0
1321    	-25.36, 18.99, -6.99 	0.72, 1.81, -7.06 	0.00, 10.00 	14,25,47,632		1.43,2.32	1000,1 	0
1330    	-25.37, 18.98, -6.99 	0.66, 1.79, -7.07 	0.00, 10.00 	14,25,47,642		1.68,6.52	1000,1 	0
1339    	-25.37, 18.98, -6.99 	0.63, 1.81, -7.08 	0.00, 10.00 	14,25,47,651		0.00,4.39	1000,1 	0
1348    	-25.37, 18.98, -6.99 	0.46, 1.77, -7.07 	0.00, 10.00 	14,25,47,661		0.00,18.66	1000,1 	0
1357    	-25.36, 18.99, -7.00 	0.41, 1.60, -7.02 	0.00, 10.00 	14,25,47,671		1.68,20.55	1000,1 	0
1366    	-25.36, 18.98, -7.00 	0.47, 1.67, -7.09 	0.00, 10.00 	14,25,47,680		1.32,10.09	1000,1 	0
1375    	-25.36, 18.99, -7.00 	0.59, 1.90, -7.26 	0.00, 10.00 	14,25,47,690		1.32,29.23	1000,1 	0
1384    	-25.37, 18.98, -7.00 	0.87, 2.14, -7.40 	0.00, 10.00 	14,25,47,700		1.68,41.20	1000,1 	0
1393    	-25.39, 19.00, -6.99 	1.02, 2.43, -7.53 	0.00, 10.00 	14,25,47,709		3.31,35.45	1000,1 	0
1402    	-25.39, 18.99, -6.99 	1.03, 2.60, -7.58 	0.00, 10.00 	14,25,47,719		1.32,19.75	1000,1 	0
1411    	-25.39, 18.99, -6.99 	0.98, 2.71, -7.58 	0.00, 10.00 	14,25,47,729		0.00,12.69	1000,1 	0
1420    	-25.40, 18.99, -6.99 	0.99, 2.91, -7.58 	0.00, 10.00 	14,25,47,738		1.43,22.07	1000,1 	0
1429    	-25.39, 18.98, -6.99 	0.96, 3.05, -7.61 	0.00, 10.00 	14,25,47,748		2.18,16.48	1000,1 	0
1438    	-25.39, 18.99, -6.99 	0.93, 3.17, -7.66 	0.00, 10.00 	14,25,47,758		1.32,13.36	1000,1 	0
1447    	-25.40, 18.98, -6.99 	0.88, 3.34, -7.78 	0.00, 10.00 	14,25,47,767		1.68,20.43	1000,1 	0
1456    	-25.40, 18.99, -6.99 	0.90, 3.55, -7.88 	0.00, 10.00 	14,25,47,777		1.32,23.44	1000,1 	0
1465    	-25.39, 18.99, -6.99 	0.91, 3.74, -7.94 	0.00, 10.00 	14,25,47,787		1.43,20.91	1000,1 	0
1474    	-25.39, 18.99, -6.99 	0.92, 3.96, -8.05 	0.00, 10.00 	14,25,47,796		0.00,24.39	1000,1 	0
1483    	-25.39, 18.99, -6.99 	0.90, 4.17, -8.15 	0.00, 10.00 	14,25,47,806		0.00,23.27	1000,1 	0
1492    	-25.39, 18.99, -6.99 	0.96, 4.46, -8.25 	0.00, 10.00 	14,25,47,816		0.00,33.19	1000,1 	0
1501    	-25.38, 18.99, -6.99 	0.94, 4.67, -8.30 	0.00, 10.00 	14,25,47,826		1.43,23.27	1000,1 	0
1510    	-25.37, 18.98, -6.99 	0.90, 4.93, -8.35 	0.00, 10.00 	14,25,47,835		1.32,29.33	1000,1 	0
1519    	-25.38, 18.99, -6.99 	0.75, 5.34, -8.43 	0.00, 10.00 	14,25,47,845		1.32,48.29	1000,1 	0
1528    	-25.40, 18.99, -6.99 	0.73, 5.82, -8.53 	0.00, 10.00 	14,25,47,855		2.86,53.44	1000,1 	0
1537    	-25.39, 18.98, -6.99 	0.82, 6.35, -8.60 	0.00, 10.00 	14,25,47,864		2.18,60.23	1000,1 	0
1546    	-25.39, 18.98, -6.99 	0.97, 6.80, -8.64 	0.00, 10.00 	14,25,47,874		0.00,52.48	1000,1 	0
1555    	-25.39, 18.98, -6.99 	1.10, 7.15, -8.68 	0.00, 10.00 	14,25,47,884		0.00,41.21	1000,1 	0
1564    	-25.39, 18.99, -6.99 	1.14, 7.48, -8.69 	0.00, 10.00 	14,25,47,893		1.32,37.38	1000,1 	0
1573    	-25.40, 19.00, -6.99 	1.04, 7.79, -8.69 	0.00, 10.00 	14,25,47,903		2.18,35.25	1000,1 	0
1582    	-25.40, 19.00, -6.99 	0.85, 7.92, -8.66 	0.00, 10.00 	14,25,47,913		0.00,25.98	1000,1 	0
1591    	-25.40, 19.00, -6.99 	0.59, 8.13, -8.64 	0.00, 10.00 	14,25,47,922		0.00,36.88	1000,1 	0
1600    	-25.40, 18.99, -6.99 	0.42, 8.28, -8.61 	0.00, 10.00 	14,25,47,932		1.32,25.58	1000,1 	0
1609    	-25.40, 19.00, -6.99 	0.22, 8.39, -8.58 	0.00, 10.00 	14,25,47,942		1.32,25.14	1000,1 	0
1618    	-25.40, 18.99, -6.99 	-0.03, 8.45, -8.53 	0.00, 10.00 	14,25,47,951		1.32,28.00	1000,1 	0
1627    	-25.40, 19.00, -6.99 	-0.24, 8.52, -8.48 	0.00, 10.00 	14,25,47,961		1.32,24.83	1000,1 	0
1636    	-25.39, 18.99, -6.99 	-0.46, 8.60, -8.42 	0.00, 10.00 	14,25,47,971		2.18,26.40	1000,1 	0
1645    	-25.39, 18.99, -6.99 	-0.62, 8.76, -8.42 	0.00, 10.00 	14,25,47,980		0.00,24.69	1000,1 	0
1654    	-25.37, 18.98, -7.00 	-0.71, 8.94, -8.49 	0.00, 10.00 	14,25,47,990		2.18,23.26	1000,1 	0
1663    	-25.36, 18.99, -7.00 	-0.78, 9.19, -8.56 	0.00, 10.00 	14,25,47,0		1.68,28.95	1000,1 	0
1672    	-25.39, 19.00, -6.99 	-0.81, 9.41, -8.64 	0.00, 10.00 	14,25,48,9		3.45,24.55	1000,1 	0
1681    	-25.40, 19.00, -6.99 	-0.83, 9.59, -8.67 	0.00, 10.00 	14,25,48,19		1.43,19.80	1000,1 	0
1690    	-25.40, 19.00, -6.99 	-0.91, 9.74, -8.63 	0.00, 10.00 	14,25,48,29		0.00,18.53	1000,1 	0
1699    	-25.41, 19.01, -7.00 	-0.99, 9.82, -8.52 	0.00, 10.00 	14,25,48,38		1.32,12.77	1000,1 	0
1708    	-25.39, 19.01, -7.00 	-1.10, 9.95, -8.39 	0.00, 10.00 	14,25,48,48		1.43,18.74	1000,1 	0
1717    	-25.37, 18.98, -7.00 	-1.17, 10.01, -8.24 	0.00, 10.00 	14,25,48,58		4.54,10.23	1000,1 	0
1726    	-25.37, 18.98, -7.00 	-1.19, 10.09, -8.07 	0.00, 10.00 	14,25,48,68		0.00,9.65	1000,1 	0
1735    	-25.36, 18.99, -7.00 	-1.18, 10.21, -7.95 	0.00, 10.00 	14,25,48,77		1.68,12.81	1000,1 	0
1744    	-25.36, 18.99, -7.00 	-1.13, 10.24, -7.85 	0.00, 10.00 	14,25,48,87		0.00,6.99	1000,1 	0
1753    	-25.36, 18.99, -7.00 	-1.10, 10.34, -7.80 	0.00, 10.00 	14,25,48,97		0.00,12.11	1000,1 	0
1762    	-25.36, 18.99, -7.00 	-1.09, 10.44, -7.77 	0.00, 10.00 	14,25,48,106		0.00,10.50	1000,1 	0
1771    	-25.36, 18.99, -7.00 	-1.10, 10.52, -7.71 	0.00, 10.00 	14,25,48,116		0.00,9.39	1000,1 	0
1780    	-25.38, 19.00, -6.99 	-1.14, 10.61, -7.65 	0.00, 10.00 	14,25,48,126		2.18,11.14	1000,1 	0
1789    	-25.39, 18.99, -6.99 	-1.14, 10.68, -7.61 	0.00, 10.00 	14,25,48,135		1.68,6.97	1000,1 	0
1798    	-25.38, 18.99, -6.99 	-1.18, 10.71, -7.55 	0.00, 10.00 	14,25,48,145		1.43,5.12	1000,1 	0
1807    	-25.38, 18.97, -6.99 	-1.19, 10.72, -7.49 	0.00, 10.00 	14,25,48,155		2.66,1.70	1000,1 	0
1816    	-25.37, 18.98, -7.00 	-1.29, 10.72, -7.37 	0.00, 10.00 	14,25,48,164		1.68,11.04	1000,1 	0
1825    	-25.37, 18.98, -7.00 	-1.34, 10.60, -7.19 	0.00, 10.00 	14,25,48,174		0.00,14.06	1000,1 	0
1834    	-25.37, 18.98, -7.00 	-1.45, 10.56, -6.95 	0.00, 10.00 	14,25,48,184		0.00,13.03	1000,1 	0
1843    	-25.37, 18.98, -7.00 	-1.34, 10.65, -6.79 	0.00, 10.00 	14,25,48,193		0.00,15.96	1000,1 	0
1852    	-25.38, 18.99, -7.00 	-1.16, 10.82, -6.82 	0.00, 10.00 	14,25,48,203		1.32,27.66	1000,1 	0
1861    	-25.36, 18.98, -7.00 	-0.97, 10.96, -6.93 	0.00, 10.00 	14,25,48,213		2.18,25.50	1000,1 	0
1870    	-25.36, 18.98, -7.00 	-1.00, 11.02, -7.02 	0.00, 10.00 	14,25,48,222		0.00,7.43	1000,1 	0
1879    	-25.38, 19.00, -7.00 	-0.99, 11.07, -7.08 	0.00, 10.00 	14,25,48,232		3.31,5.91	1000,1 	0
1888    	-25.38, 19.00, -7.00 	-0.95, 11.02, -7.11 	0.00, 10.00 	14,25,48,242		0.00,6.93	1000,1 	0
1897    	-25.39, 19.00, -7.00 	-1.01, 11.01, -7.11 	0.00, 10.00 	14,25,48,251		1.43,6.22	1000,1 	0
1906    	-25.38, 19.00, -7.00 	-1.05, 10.96, -7.07 	0.00, 10.00 	14,25,48,261		1.43,7.53	1000,1 	0
1915    	-25.35, 18.99, -7.00 	-1.00, 10.93, -7.02 	0.00, 10.00 	14,25,48,271		3.45,6.07	1000,1 	0
1924    	-25.35, 18.99, -7.00 	-0.99, 10.93, -7.00 	0.00, 10.00 	14,25,48,281		0.00,1.23	1000,1 	0
1933    	-25.35, 19.00, -7.00 	-0.96, 10.95, -7.03 	0.00, 10.00 	14,25,48,290		1.32,4.31	1000,1 	0
1942    	-25.35, 18.97, -7.00 	-0.96, 10.98, -7.06 	0.00, 10.00 	14,25,48,300		2.64,3.48	1000,1 	0
1951    	-25.38, 18.99, -6.99 	-0.98, 10.98, -7.06 	0.00, 10.00 	14,25,48,310		3.45,2.45	1000,1 	0
1960    	-25.39, 19.00, -7.00 	-0.98, 10.99, -7.07 	0.00, 10.00 	14,25,48,319		2.18,1.16	1000,1 	0
1969    	-25.39, 19.01, -7.00 	-0.96, 11.00, -7.06 	0.00, 10.00 	14,25,48,329		1.32,2.69	1000,1 	0
1978    	-25.39, 19.00, -6.99 	-1.03, 11.05, -7.07 	0.00, 10.00 	14,25,48,339		1.32,9.46	1000,1 	0
1987    	-25.41, 19.01, -6.99 	-0.99, 11.04, -7.07 	0.00, 10.00 	14,25,48,348		2.18,5.06	1000,1 	0
1996    	-25.40, 19.00, -7.00 	-1.02, 11.05, -7.07 	0.00, 10.00 	14,25,48,358		1.32,3.88	1000,1 	0
2005    	-25.37, 18.98, -7.00 	-1.00, 11.00, -7.05 	0.00, 10.00 	14,25,48,368		4.37,6.35	1000,1 	0
2014    	-25.38, 18.99, -7.00 	-1.03, 10.98, -7.04 	0.00, 10.00 	14,25,48,377		1.32,4.31	1000,1 	0
2023    	-25.37, 18.98, -6.99 	-1.03, 10.97, -7.02 	0.00, 10.00 	14,25,48,387		1.32,1.16	1000,1 	0
2032    	-25.39, 18.98, -6.99 	-1.04, 10.94, -7.00 	0.00, 10.00 	14,25,48,397		1.43,3.67	1000,1 	0
2041    	-25.40, 18.98, -6.99 	-1.05, 10.97, -7.03 	0.00, 10.00 	14,25,48,406		1.43,3.71	1000,1 	0
2050    	-25.40, 18.99, -6.99 	-1.01, 11.01, -7.07 	0.00, 10.00 	14,25,48,416		1.32,6.69	1000,1 	0
2059    	-25.41, 18.99, -6.98 	-0.99, 11.07, -7.07 	0.00, 10.00 	14,25,48,426		1.43,7.34	1000,1 	0
2068    	-25.41, 18.99, -6.99 	-1.05, 11.07, -7.04 	0.00, 10.00 	14,25,48,435		0.00,7.36	1000,1 	0
2077    	-25.41, 18.99, -6.98 	-1.02, 11.08, -7.02 	0.00, 10.00 	14,25,48,445		0.00,3.84	1000,1 	0
2086    	-25.41, 18.99, -6.98 	-1.03, 11.05, -6.97 	0.00, 10.00 	14,25,48,455		0.00,3.67	1000,1 	0
2095    	-25.41, 18.99, -6.99 	-1.05, 11.02, -6.95 	0.00, 10.00 	14,25,48,464		0.00,4.22	1000,1 	0
2104    	-25.39, 18.98, -6.99 	-1.04, 10.99, -6.95 	0.00, 10.00 	14,25,48,474		3.45,3.71	1000,1 	0
2113    	-25.40, 18.99, -6.99 	-0.99, 10.97, -6.98 	0.00, 10.00 	14,25,48,484		2.18,5.47	1000,1 	0
2122    	-25.39, 18.98, -6.99 	-0.95, 10.98, -7.00 	0.00, 10.00 	14,25,48,493		2.18,5.02	1000,1 	0
2131    	-25.39, 18.98, -6.99 	-0.97, 11.00, -7.01 	0.00, 10.00 	14,25,48,503		0.00,3.41	1000,1 	0
2140    	-25.39, 18.98, -6.98 	-0.95, 11.03, -7.05 	0.00, 10.00 	14,25,48,513		0.00,4.22	1000,1 	0
2149    	-25.38, 18.97, -6.98 	-0.96, 11.05, -7.05 	0.00, 10.00 	14,25,48,523		1.32,2.65	1000,1 	0
2158    	-25.39, 18.99, -6.98 	-0.93, 11.08, -7.08 	0.00, 10.00 	14,25,48,532		2.64,5.02	1000,1 	0
2167    	-25.39, 19.00, -6.99 	-0.96, 11.11, -7.08 	0.00, 10.00 	14,25,48,542		1.32,4.39	1000,1 	0
2176    	-25.40, 19.00, -7.00 	-0.93, 11.12, -7.08 	0.00, 10.00 	14,25,48,552		1.43,3.84	1000,1 	0
2185    	-25.40, 18.99, -7.00 	-1.00, 11.14, -7.08 	0.00, 10.00 	14,25,48,561		1.32,7.76	1000,1 	0
2194    	-25.37, 18.98, -7.00 	-0.98, 11.12, -7.08 	0.00, 10.00 	14,25,48,571		3.45,3.41	1000,1 	0
2203    	-25.38, 18.97, -7.00 	-1.00, 11.12, -7.07 	0.00, 10.00 	14,25,48,581		1.68,2.45	1000,1 	0
2212    	-25.38, 18.97, -7.00 	-1.00, 11.11, -7.08 	0.00, 10.00 	14,25,48,590		0.00,1.16	1000,1 	0
2221    	-25.39, 18.98, -6.99 	-0.98, 11.09, -7.08 	0.00, 10.00 	14,25,48,600		1.32,2.73	1000,1 	0
2230    	-25.39, 18.98, -6.99 	-0.99, 11.08, -7.07 	0.00, 10.00 	14,25,48,610		0.00,1.67	1000,1 	0
2239    	-25.39, 18.98, -6.99 	-1.00, 11.08, -7.07 	0.00, 10.00 	14,25,48,619		0.00,1.23	1000,1 	0
2248    	-25.39, 18.98, -6.99 	-1.00, 11.08, -7.07 	0.00, 10.00 	14,25,48,629		0.00,0.00	1000,1 	0
2257    	-25.39, 18.98, -6.99 	-0.99, 11.08, -7.08 	0.00, 10.00 	14,25,48,639		0.00,1.23	1000,1 	0
2266    	-25.39, 18.98, -6.99 	-1.00, 11.08, -7.08 	0.00, 10.00 	14,25,48,648		0.00,1.23	1000,1 	0
2275    	-25.39, 18.98, -6.99 	-1.00, 11.08, -7.08 	0.00, 10.00 	14,25,48,658		0.00,0.00	1000,1 	0
2284    	-25.39, 18.98, -6.99 	-0.99, 11.09, -7.06 	0.00, 10.00 	14,25,48,668		0.00,1.67	1000,1 	0
2293    	-25.39, 18.98, -6.99 	-1.00, 11.06, -7.05 	0.00, 10.00 	14,25,48,677		0.00,3.67	1000,1 	0
2302    	-25.37, 18.98, -7.00 	-0.97, 11.05, -7.04 	0.00, 10.00 	14,25,48,687		1.43,2.73	1000,1 	0
2311    	-25.37, 18.98, -7.00 	-1.02, 11.04, -7.04 	0.00, 10.00 	14,25,48,697		0.00,5.02	1000,1 	0
2320    	-25.36, 18.98, -7.00 	-0.99, 11.05, -7.04 	0.00, 10.00 	14,25,48,706		1.43,3.84	1000,1 	0
2329    	-25.36, 18.98, -7.00 	-0.99, 11.04, -7.06 	0.00, 10.00 	14,25,48,716		0.00,1.16	1000,1 	0
2338    	-25.39, 18.99, -7.00 	-0.97, 11.07, -7.07 	0.00, 10.00 	14,25,48,726		3.45,3.67	1000,1 	0
2347    	-25.39, 18.99, -7.00 	-0.96, 11.08, -7.08 	0.00, -0.00 	14,25,48,745		0.00,1.67	1000,1 	0
2356    	-25.38, 19.00, -7.00 	-0.96, 11.10, -7.07 	0.00, -0.00 	14,25,48,755		1.37,0.95	0,0 	0
2365    	-25.39, 18.99, -7.00 	-0.95, 11.08, -7.06 	0.00, -0.00 	14,25,48,764		1.37,1.40	0,0 	0
2374    	-25.38, 19.00, -7.00 	-0.95, 11.07, -7.06 	0.00, -0.00 	14,25,48,774		1.37,0.95	0,0 	0
2383    	-25.36, 18.96, -7.00 	-0.96, 11.07, -7.06 	0.00, -0.00 	14,25,48,784		3.72,1.00	0,0 	0
2392    	-25.36, 18.96, -7.00 	-0.96, 11.07, -7.06 	0.00, -0.00 	14,25,48,794		0.00,0.00	0,0 	0
2401    	-25.36, 18.96, -7.00 	-0.95, 11.07, -7.07 	0.00, -0.00 	14,25,48,803		0.00,1.00	1000,1 	0
2410    	-25.36, 18.96, -7.00 	-0.95, 11.06, -7.07 	0.00, -0.00 	14,25,48,813		0.00,0.95	1000,1 	0
2419    	-25.39, 18.98, -7.00 	-0.93, 11.06, -7.07 	0.00, -0.00 	14,25,48,823		2.82,2.01	1000,1 	0
2428    	-25.39, 18.98, -7.00 	-0.92, 11.08, -7.08 	0.00, -0.00 	14,25,48,832		0.00,2.13	1000,1 	0
2437    	-25.39, 18.98, -7.00 	-0.92, 11.10, -7.09 	0.00, -0.00 	14,25,48,842		0.00,0.95	1000,1 	0
2446    	-25.39, 18.98, -6.99 	-0.93, 11.13, -7.17 	0.00, -0.00 	14,25,48,852		0.00,3.04	1000,1 	0
2455    	-25.39, 18.98, -7.00 	-0.86, 11.15, -7.30 	0.00, -0.00 	14,25,48,861		0.00,7.24	1000,1 	0
2464    	-25.39, 18.98, -7.00 	-0.82, 11.14, -7.28 	0.00, -0.00 	14,25,48,871		0.00,3.17	1000,1 	0
2473    	-25.36, 18.96, -7.00 	-0.78, 11.16, -7.31 	0.00, -0.00 	14,25,48,881		2.82,4.41	1000,1 	0
2482    	-25.36, 18.96, -7.00 	-0.69, 11.22, -7.39 	0.00, -0.00 	14,25,48,890		0.00,9.76	1000,1 	0
2491    	-25.36, 18.96, -7.00 	-0.56, 11.34, -7.48 	0.00, -0.00 	14,25,48,900		0.00,15.79	1000,1 	0
2500    	-25.36, 18.98, -7.00 	-0.37, 11.42, -7.54 	0.00, -0.00 	14,25,48,910		1.08,19.46	1000,1 	0
2509    	-25.38, 18.99, -7.00 	-0.09, 11.53, -7.62 	0.00, -0.00 	14,25,48,919		1.79,26.66	1000,1 	0
2518    	-25.39, 18.99, -7.00 	0.05, 11.57, -7.65 	0.00, -0.00 	14,25,48,929		1.17,13.52	1000,1 	0
2527    	-25.37, 18.96, -7.00 	0.19, 11.58, -7.66 	0.00, -0.00 	14,25,48,939		2.71,13.06	1000,1 	0
2536    	-25.39, 18.98, -7.00 	0.35, 11.54, -7.65 	0.00, -0.00 	14,25,48,948		1.79,14.63	1000,1 	0
2545    	-25.39, 18.98, -7.00 	0.49, 11.48, -7.66 	0.00, -0.00 	14,25,48,958		0.00,14.34	1000,1 	0
2554    	-25.39, 18.98, -6.99 	0.65, 11.36, -7.63 	0.00, -0.00 	14,25,48,968		0.00,18.26	1000,1 	0
2563    	-25.39, 18.98, -6.99 	0.73, 11.22, -7.62 	0.00, -0.00 	14,25,48,978		0.00,14.32	1000,1 	0
2572    	-25.37, 18.96, -7.00 	0.86, 11.05, -7.59 	0.00, -0.00 	14,25,48,987		1.79,18.96	1000,1 	0
2581    	-25.36, 18.98, -7.00 	0.95, 10.85, -7.58 	0.00, -0.00 	14,25,48,997		1.37,20.77	1000,1 	0
2590    	-25.36, 18.98, -7.00 	0.99, 10.61, -7.62 	0.00, -0.00 	14,25,49,7		0.00,22.11	1000,1 	0
2599    	-25.39, 18.99, -7.00 	1.06, 10.36, -7.69 	0.00, -0.00 	14,25,49,16		2.82,23.69	1000,1 	0
2608    	-25.39, 18.99, -7.00 	1.12, 10.04, -7.76 	0.00, -0.00 	14,25,49,26		0.00,28.85	1000,1 	0
2617    	-25.37, 18.96, -7.00 	1.09, 9.70, -7.82 	0.00, -0.00 	14,25,49,36		2.71,31.43	1000,1 	0
2626    	-25.39, 18.98, -7.00 	1.04, 9.28, -7.88 	0.00, -0.00 	14,25,49,45		1.79,38.35	1000,1 	0
2635    	-25.39, 18.98, -7.00 	0.94, 8.80, -7.92 	0.00, -0.00 	14,25,49,55		0.00,44.64	1000,1 	0
2644    	-25.39, 18.98, -7.00 	0.86, 8.24, -7.98 	0.00, -0.00 	14,25,49,65		0.00,50.82	1000,1 	0
2653    	-25.39, 18.98, -7.00 	0.78, 7.64, -8.03 	0.00, -0.00 	14,25,49,74		0.00,55.65	1000,1 	0
2662    	-25.39, 18.98, -6.99 	0.66, 6.98, -8.06 	0.00, -0.00 	14,25,49,84		0.00,60.81	1000,1 	0
2671    	-25.36, 18.98, -7.00 	0.57, 6.33, -8.09 	0.00, -0.00 	14,25,49,94		2.34,59.55	1000,1 	0
2680    	-25.36, 18.98, -7.00 	0.45, 5.77, -8.13 	0.00, -0.00 	14,25,49,103		0.00,52.46	1000,1 	0
2689    	-25.39, 18.99, -7.00 	0.39, 5.26, -8.25 	0.00, -0.00 	14,25,49,113		2.82,46.00	1000,1 	0
2698    	-25.39, 18.99, -7.00 	0.39, 4.86, -8.38 	0.00, -0.00 	14,25,49,123		0.00,37.04	1000,1 	0
2707    	-25.37, 18.98, -7.00 	0.47, 4.41, -8.43 	0.00, -0.00 	14,25,49,132		1.79,41.58	1000,1 	0
2716    	-25.39, 18.98, -7.00 	0.47, 4.03, -8.46 	0.00, -0.00 	14,25,49,142		1.17,34.19	1000,1 	0
2725    	-25.39, 18.98, -7.00 	0.32, 3.64, -8.45 	0.00, -0.00 	14,25,49,152		0.00,37.96	1000,1 	0
2734    	-25.39, 18.98, -7.00 	0.13, 3.26, -8.42 	0.00, -0.00 	14,25,49,161		0.00,39.20	1000,1 	0
2743    	-25.39, 18.98, -7.00 	-0.12, 2.77, -8.25 	0.00, -0.00 	14,25,49,171		0.00,49.48	1000,1 	0
2752    	-25.39, 18.98, -7.00 	-0.33, 2.33, -8.10 	0.00, -0.00 	14,25,49,181		0.00,44.31	1000,1 	0
2761    	-25.36, 18.96, -7.00 	-0.40, 1.99, -7.95 	0.00, -0.00 	14,25,49,191		2.82,31.99	1000,1 	0
2770    	-25.36, 18.98, -7.00 	-0.34, 1.86, -7.91 	0.00, -0.00 	14,25,49,200		1.08,12.54	1000,1 	0
2779    	-25.39, 18.98, -7.00 	-0.21, 1.70, -7.86 	0.00, -0.00 	14,25,49,210		2.34,19.57	0,0 	0
2788    	-25.39, 18.98, -6.99 	-0.06, 1.65, -7.83 	0.00, -0.00 	14,25,49,220		0.00,13.97	0,0 	0
2797    	-25.39, 18.98, -6.99 	-0.04, 1.59, -7.78 	0.00, -0.00 	14,25,49,229		0.00,5.19	0,0 	0
2806    	-25.39, 18.98, -6.99 	-0.05, 1.55, -7.66 	0.00, -0.00 	14,25,49,239		0.00,3.91	0,0 	0
2815    	-25.39, 18.98, -6.99 	0.03, 1.48, -7.48 	0.00, -0.00 	14,25,49,249		0.00,9.77	0,0 	0
