#Time 	Sensor1         Sensor2         Target          Time            Vel             
#================================================================

14      	-26.36, -27.75, -6.28 	-0.82, -0.09, -6.69 	0.00, 20.00 	11,2,48,503		0.00,0.00	0,0 	0
23      	-26.34, -27.77, -6.26 	-0.80, -0.09, -6.70 	0.00, 20.00 	11,2,48,514		3.32,2.25	0,0 	0
31      	-26.30, -27.77, -6.25 	-0.80, -0.09, -6.70 	0.00, 20.00 	11,2,48,522		5.05,0.00	0,0 	0
40      	-26.31, -27.75, -6.26 	-0.80, -0.09, -6.70 	0.00, 20.00 	11,2,48,533		2.71,0.00	0,0 	0
49      	-26.29, -27.78, -6.23 	-0.78, -0.10, -6.69 	0.00, 20.00 	11,2,48,542		3.32,2.55	0,0 	0
57      	-26.30, -27.77, -6.24 	-0.78, -0.10, -6.70 	0.00, 20.00 	11,2,48,551		1.26,0.00	0,0 	0
66      	-26.32, -27.76, -6.24 	-0.78, -0.09, -6.70 	0.00, 20.00 	11,2,48,561		2.55,1.23	0,0 	0
75      	-26.28, -27.80, -6.24 	-0.78, -0.09, -6.70 	0.00, 20.00 	11,2,48,571		5.80,0.00	0,0 	0
83      	-26.30, -27.80, -6.21 	-0.77, -0.09, -6.70 	0.00, 20.00 	11,2,48,580		2.53,1.26	0,0 	0
92      	-26.33, -27.83, -6.21 	-0.77, -0.09, -6.71 	0.00, 20.00 	11,2,48,590		4.36,0.00	0,0 	0
101     	-26.32, -27.80, -6.22 	-0.76, -0.08, -6.69 	0.00, 20.00 	11,2,48,600		3.71,1.67	0,0 	0
109     	-26.32, -27.80, -6.22 	-0.75, -0.08, -6.70 	0.00, 20.00 	11,2,48,609		0.00,1.26	0,0 	0
118     	-26.32, -27.79, -6.21 	-0.75, -0.08, -6.70 	0.00, 20.00 	11,2,48,619		1.24,0.00	0,0 	0
127     	-26.30, -27.80, -6.22 	-0.75, -0.08, -6.70 	0.00, 20.00 	11,2,48,629		2.55,0.00	0,0 	0
135     	-26.29, -27.76, -6.21 	-0.75, -0.08, -6.70 	0.00, 20.00 	11,2,48,638		4.38,0.00	0,0 	0
144     	-26.23, -27.78, -6.21 	-0.78, -0.07, -6.70 	0.00, 20.00 	11,2,48,648		6.84,3.58	0,0 	0
153     	-26.20, -27.78, -6.22 	-0.78, -0.07, -6.70 	0.00, 20.00 	11,2,48,658		3.37,0.00	0,0 	0
161     	-26.22, -27.81, -6.21 	-0.78, -0.07, -6.70 	0.00, 20.00 	11,2,48,667		4.90,0.00	0,0 	0
170     	-26.24, -27.80, -6.18 	-0.78, -0.07, -6.70 	0.00, 20.00 	11,2,48,677		2.55,0.00	0,0 	0
179     	-26.27, -27.83, -6.18 	-0.79, -0.08, -6.70 	0.00, 20.00 	11,2,48,687		5.04,1.67	0,0 	0
187     	-26.28, -27.82, -6.18 	-0.77, -0.08, -6.70 	0.00, 20.00 	11,2,48,696		1.87,2.53	0,0 	0
196     	-26.25, -27.82, -6.19 	-0.77, -0.08, -6.70 	0.00, 20.00 	11,2,48,706		3.37,0.00	0,0 	0
205     	-26.26, -27.83, -6.18 	-0.77, -0.09, -6.68 	0.00, 20.00 	11,2,48,716		1.68,1.23	0,0 	0
213     	-26.27, -27.85, -6.19 	-0.77, -0.09, -6.68 	0.00, 20.00 	11,2,48,725		2.78,0.00	0,0 	0
222     	-26.28, -27.85, -6.16 	-0.75, -0.09, -6.69 	0.00, 20.00 	11,2,48,735		1.12,2.25	0,0 	0
231     	-26.29, -27.88, -6.16 	-0.75, -0.09, -6.69 	0.00, 20.00 	11,2,48,745		2.73,0.00	0,0 	0
240     	-26.31, -27.89, -6.15 	-0.75, -0.09, -6.69 	0.00, 20.00 	11,2,48,755		2.58,0.00	0,0 	0
248     	-26.32, -27.87, -6.17 	-0.78, -0.08, -6.69 	0.00, 20.00 	11,2,48,764		1.87,4.02	0,0 	0
257     	-26.29, -27.89, -6.16 	-0.78, -0.08, -6.69 	0.00, 20.00 	11,2,48,774		3.58,0.00	0,0 	0
266     	-26.32, -27.84, -6.17 	-0.78, -0.08, -6.69 	0.00, 20.00 	11,2,48,784		5.96,0.00	0,0 	0
274     	-26.26, -27.87, -6.14 	-0.78, -0.08, -6.69 	0.00, 20.00 	11,2,48,793		8.05,0.00	0,0 	0
283     	-26.29, -27.86, -6.14 	-0.78, -0.08, -6.69 	0.00, 20.00 	11,2,48,803		3.37,0.00	0,0 	0
292     	-26.29, -27.86, -6.14 	-0.78, -0.08, -6.69 	0.00, 20.00 	11,2,48,813		0.00,0.00	0,0 	0
300     	-26.26, -27.88, -6.13 	-0.77, -0.08, -6.69 	0.00, 20.00 	11,2,48,822		4.02,1.26	0,0 	0
309     	-26.27, -27.85, -6.13 	-0.77, -0.08, -6.69 	0.00, 20.00 	11,2,48,832		2.71,0.00	0,0 	0
318     	-26.24, -27.83, -6.13 	-0.77, -0.08, -6.69 	0.00, 20.00 	11,2,48,842		3.36,0.00	0,0 	0
326     	-26.19, -27.83, -6.13 	-0.77, -0.08, -6.69 	0.00, 20.00 	11,2,48,851		6.32,0.00	0,0 	0
336     	-26.20, -27.81, -6.13 	-0.76, -0.07, -6.70 	0.00, 20.00 	11,2,48,862		2.44,1.50	0,0 	0
344     	-26.22, -27.82, -6.10 	-0.76, -0.09, -6.70 	0.00, 20.00 	11,2,48,871		2.90,2.76	0,0 	0
352     	-26.17, -27.85, -6.10 	-0.74, -0.08, -6.71 	0.00, 20.00 	11,2,48,880		6.87,2.89	0,0 	0
361     	-26.19, -27.83, -6.10 	-0.77, -0.08, -6.70 	0.00, 20.00 	11,2,48,890		2.55,3.37	0,0 	0
370     	-26.23, -27.86, -6.10 	-0.77, -0.07, -6.70 	0.00, 20.00 	11,2,48,900		4.20,1.23	0,0 	0
378     	-26.22, -27.84, -6.10 	-0.80, -0.04, -6.69 	0.00, 20.00 	11,2,48,909		1.39,4.67	0,0 	0
387     	-26.25, -27.83, -6.11 	-0.78, -0.04, -6.69 	0.00, 20.00 	11,2,48,919		3.58,2.25	0,0 	0
396     	-26.26, -27.84, -6.07 	-0.79, -0.08, -6.69 	0.00, 20.00 	11,2,48,929		1.24,3.86	0,0 	0
405     	-26.24, -27.80, -6.09 	-0.77, -0.08, -6.70 	0.00, 20.00 	11,2,48,939		5.09,2.25	0,0 	0
413     	-26.23, -27.78, -6.09 	-0.79, -0.07, -6.69 	0.00, 20.00 	11,2,48,948		3.07,2.87	0,0 	0
422     	-26.23, -27.77, -6.08 	-0.77, -0.07, -6.70 	0.00, 20.00 	11,2,48,958		1.24,2.25	0,0 	0
431     	-26.26, -27.79, -6.06 	-0.76, -0.07, -6.69 	0.00, 20.00 	11,2,48,968		4.20,1.12	0,0 	0
439     	-26.22, -27.82, -6.07 	-0.74, -0.08, -6.70 	0.00, 20.00 	11,2,48,977		6.52,2.87	0,0 	0
448     	-26.23, -27.84, -6.07 	-0.76, -0.08, -6.70 	0.00, 20.00 	11,2,48,987		2.73,2.25	0,0 	0
457     	-26.22, -27.86, -6.07 	-0.75, -0.09, -6.68 	0.00, 20.00 	11,2,48,997		2.55,1.66	0,0 	0
465     	-26.23, -27.88, -6.07 	-0.73, -0.09, -6.69 	0.00, 20.00 	11,2,49,6		3.07,2.53	0,0 	0
474     	-26.26, -27.87, -6.07 	-0.77, -0.08, -6.68 	0.00, 20.00 	11,2,49,16		3.58,4.65	0,0 	0
483     	-26.26, -27.85, -6.07 	-0.75, -0.07, -6.68 	0.00, 20.00 	11,2,49,26		1.24,2.57	0,0 	0
491     	-26.20, -27.87, -6.07 	-0.74, -0.07, -6.68 	0.00, 20.00 	11,2,49,35		7.69,1.26	0,0 	0
500     	-26.24, -27.82, -6.08 	-0.76, -0.09, -6.68 	0.00, 20.00 	11,2,49,45		7.44,3.34	0,0 	0
509     	-26.24, -27.82, -6.07 	-0.75, -0.09, -6.68 	0.00, 20.00 	11,2,49,55		0.00,1.12	0,0 	0
517     	-26.24, -27.82, -6.07 	-0.75, -0.09, -6.68 	0.00, 20.00 	11,2,49,64		0.00,0.00	0,0 	0
527     	-26.27, -27.82, -6.09 	-0.75, -0.09, -6.68 	0.00, 20.00 	11,2,49,75		3.03,0.00	0,0 	0
535     	-26.21, -27.82, -6.08 	-0.75, -0.09, -6.68 	0.00, 20.00 	11,2,49,84		7.58,0.00	0,0 	0
543     	-26.22, -27.81, -6.08 	-0.75, -0.09, -6.68 	0.00, 20.00 	11,2,49,93		1.87,0.00	0,0 	0
552     	-26.22, -27.82, -6.10 	-0.75, -0.09, -6.68 	0.00, 20.00 	11,2,49,103		1.24,0.00	0,0 	0
562     	-26.22, -27.81, -6.10 	-0.75, -0.08, -6.68 	0.00, 20.00 	11,2,49,114		1.11,1.11	0,0 	0
570     	-26.19, -27.81, -6.09 	-0.75, -0.08, -6.68 	0.00, 20.00 	11,2,49,122		3.79,0.00	0,0 	0
579     	-26.19, -27.82, -6.10 	-0.75, -0.08, -6.68 	0.00, 20.00 	11,2,49,132		1.24,0.00	0,0 	0
588     	-26.21, -27.82, -6.09 	-0.73, -0.08, -6.68 	0.00, 20.00 	11,2,49,142		2.25,2.25	0,0 	0
597     	-26.22, -27.82, -6.10 	-0.73, -0.08, -6.68 	0.00, 20.00 	11,2,49,152		1.12,0.00	0,0 	0
605     	-26.23, -27.82, -6.06 	-0.73, -0.08, -6.68 	0.00, 20.00 	11,2,49,161		1.26,0.00	0,0 	0
614     	-26.17, -27.83, -6.06 	-0.73, -0.06, -6.68 	0.00, 20.00 	11,2,49,171		6.84,2.46	0,0 	0
623     	-26.20, -27.83, -6.06 	-0.73, -0.06, -6.68 	0.00, 20.00 	11,2,49,181		3.37,0.00	0,0 	0
631     	-26.20, -27.82, -6.06 	-0.73, -0.06, -6.68 	0.00, 20.00 	11,2,49,190		1.39,0.00	0,0 	0
640     	-26.23, -27.83, -6.07 	-0.73, -0.09, -6.68 	0.00, 20.00 	11,2,49,200		3.60,3.68	0,0 	0
649     	-26.24, -27.81, -6.08 	-0.78, -0.08, -6.68 	0.00, 20.00 	11,2,49,210		2.71,5.74	0,0 	0
657     	-26.26, -27.81, -6.08 	-0.77, -0.09, -6.69 	0.00, 20.00 	11,2,49,219		2.53,1.86	0,0 	0
666     	-26.22, -27.82, -6.08 	-0.77, -0.09, -6.69 	0.00, 20.00 	11,2,49,229		4.65,0.00	0,0 	0
675     	-26.24, -27.81, -6.09 	-0.77, -0.09, -6.69 	0.00, 20.00 	11,2,49,239		2.55,0.00	0,0 	0
683     	-26.23, -27.81, -6.09 	-0.76, -0.09, -6.69 	0.00, 20.00 	11,2,49,248		1.26,1.26	0,0 	0
692     	-26.28, -27.79, -6.08 	-0.75, -0.07, -6.69 	0.00, 20.00 	11,2,49,258		6.11,2.71	0,0 	0
701     	-26.28, -27.78, -6.08 	-0.75, -0.07, -6.69 	0.00, 20.00 	11,2,49,268		1.24,0.00	0,0 	0
709     	-26.28, -27.74, -6.09 	-0.75, -0.07, -6.69 	0.00, 20.00 	11,2,49,277		4.18,0.00	0,0 	0
719     	-26.27, -27.75, -6.08 	-0.75, -0.07, -6.69 	0.00, 20.00 	11,2,49,288		1.50,0.00	0,0 	0
727     	-26.27, -27.75, -6.06 	-0.75, -0.07, -6.68 	0.00, 20.00 	11,2,49,297		0.00,0.00	0,0 	0
735     	-26.24, -27.77, -6.05 	-0.75, -0.07, -6.68 	0.00, 20.00 	11,2,49,306		4.02,0.00	0,0 	0
744     	-26.25, -27.75, -6.07 	-0.75, -0.09, -6.69 	0.00, 20.00 	11,2,49,316		1.66,2.46	0,0 	0
753     	-26.20, -27.77, -6.06 	-0.79, -0.08, -6.69 	0.00, 20.00 	11,2,49,326		5.74,4.65	0,0 	0
761     	-26.20, -27.79, -6.06 	-0.78, -0.09, -6.69 	0.00, 20.00 	11,2,49,335		2.78,1.86	0,0 	0
770     	-26.20, -27.80, -6.06 	-0.77, -0.07, -6.68 	0.00, 20.00 	11,2,49,345		1.24,2.71	0,0 	0
779     	-26.22, -27.77, -6.06 	-0.77, -0.07, -6.68 	0.00, 20.00 	11,2,49,355		4.32,0.00	0,0 	0
788     	-26.15, -27.79, -6.06 	-0.77, -0.07, -6.68 	0.00, 20.00 	11,2,49,365		8.21,0.00	0,0 	0
796     	-26.15, -27.79, -6.06 	-0.77, -0.08, -6.69 	0.00, 20.00 	11,2,49,374		0.00,1.38	0,0 	0
805     	-26.15, -27.79, -6.06 	-0.77, -0.09, -6.69 	0.00, 20.00 	11,2,49,384		0.00,1.23	0,0 	0
814     	-26.19, -27.81, -6.05 	-0.77, -0.08, -6.69 	0.00, 20.00 	11,2,49,394		5.15,1.23	0,0 	0
822     	-26.19, -27.81, -6.05 	-0.76, -0.08, -6.69 	0.00, 20.00 	11,2,49,403		0.00,1.26	0,0 	0
831     	-26.21, -27.82, -6.02 	-0.76, -0.08, -6.69 	0.00, 20.00 	11,2,49,413		2.57,0.00	0,0 	0
840     	-26.21, -27.81, -6.02 	-0.76, -0.07, -6.70 	0.00, 20.00 	11,2,49,423		1.24,1.23	0,0 	0
848     	-26.20, -27.79, -6.02 	-0.76, -0.07, -6.70 	0.00, 20.00 	11,2,49,432		3.07,0.00	0,0 	0
857     	-26.21, -27.79, -6.02 	-0.76, -0.07, -6.70 	0.00, 20.00 	11,2,49,442		1.12,0.00	0,0 	0
866     	-26.15, -27.80, -6.02 	-0.79, -0.05, -6.70 	0.00, 20.00 	11,2,49,452		6.84,3.58	0,0 	0
874     	-26.16, -27.80, -6.02 	-0.79, -0.05, -6.70 	0.00, 20.00 	11,2,49,461		1.26,0.00	0,0 	0
883     	-26.16, -27.80, -6.05 	-0.79, -0.05, -6.70 	0.00, 20.00 	11,2,49,471		0.00,0.00	0,0 	0
892     	-26.17, -27.81, -6.04 	-0.78, -0.05, -6.70 	0.00, 20.00 	11,2,49,481		1.68,1.12	0,0 	0
900     	-26.13, -27.84, -6.04 	-0.76, -0.06, -6.71 	0.00, 20.00 	11,2,49,490		5.74,2.53	0,0 	0
910     	-26.14, -27.86, -6.04 	-0.76, -0.06, -6.71 	0.00, 20.00 	11,2,49,501		2.46,0.00	0,0 	0
918     	-26.17, -27.83, -6.06 	-0.76, -0.08, -6.71 	0.00, 20.00 	11,2,49,510		4.68,2.76	0,0 	0
926     	-26.19, -27.85, -6.06 	-0.76, -0.08, -6.71 	0.00, 20.00 	11,2,49,519		2.90,0.00	0,0 	0
935     	-26.20, -27.83, -6.06 	-0.76, -0.09, -6.69 	0.00, 20.00 	11,2,49,529		1.66,1.23	0,0 	0
944     	-26.22, -27.83, -6.05 	-0.75, -0.09, -6.69 	0.00, 20.00 	11,2,49,539		2.25,1.12	0,0 	0
952     	-26.24, -27.81, -6.03 	-0.80, -0.08, -6.70 	0.00, 20.00 	11,2,49,548		3.74,6.45	0,0 	0
961     	-26.26, -27.81, -6.03 	-0.80, -0.08, -6.70 	0.00, 20.00 	11,2,49,558		2.25,0.00	0,0 	0
970     	-26.27, -27.83, -6.04 	-0.80, -0.08, -6.70 	0.00, 20.00 	11,2,49,568		2.73,0.00	0,0 	0
978     	-26.27, -27.83, -6.03 	-0.80, -0.08, -6.70 	0.00, 20.00 	11,2,49,577		0.00,0.00	0,0 	0
987     	-26.26, -27.89, -6.02 	-0.79, -0.08, -6.70 	0.00, 20.00 	11,2,49,587		6.56,1.12	0,0 	0
996     	-26.26, -27.88, -6.02 	-0.78, -0.07, -6.69 	0.00, 20.00 	11,2,49,597		1.24,1.67	0,0 	0
1005    	-26.30, -27.88, -6.02 	-0.78, -0.08, -6.69 	0.00, 20.00 	11,2,49,607		4.49,1.23	1000,1 	0
1013    	-26.30, -27.88, -6.02 	-0.78, -0.08, -6.69 	0.00, 20.00 	11,2,49,616		0.00,0.00	1000,1 	0
1022    	-26.25, -27.88, -6.03 	-0.78, -0.08, -6.69 	0.00, 20.00 	11,2,49,626		5.61,0.00	1000,1 	0
1031    	-26.24, -27.88, -6.02 	-0.78, -0.08, -6.69 	0.00, 20.00 	11,2,49,636		1.12,0.00	1000,1 	0
1039    	-26.25, -27.88, -6.00 	-0.76, -0.06, -6.70 	0.00, 20.00 	11,2,49,645		1.26,3.76	1000,1 	0
1048    	-26.26, -27.88, -6.02 	-0.77, -0.07, -6.70 	0.00, 20.00 	11,2,49,655		1.12,1.67	1000,1 	0
1057    	-26.27, -27.91, -6.01 	-0.77, -0.07, -6.70 	0.00, 20.00 	11,2,49,665		3.89,0.00	1000,1 	0
1065    	-26.29, -27.90, -6.01 	-0.75, -0.07, -6.71 	0.00, 20.00 	11,2,49,674		2.87,2.53	1000,1 	0
1074    	-26.31, -27.89, -6.02 	-0.77, -0.06, -6.70 	0.00, 20.00 	11,2,49,684		2.55,2.55	1000,1 	0
1083    	-26.30, -27.88, -6.03 	-0.77, -0.06, -6.71 	0.00, 20.00 	11,2,49,694		1.68,0.00	1000,1 	0
1091    	-26.25, -27.92, -5.99 	-0.77, -0.06, -6.71 	0.00, 20.00 	11,2,49,703		8.38,0.00	1000,1 	0
1101    	-26.27, -27.92, -6.00 	-0.76, -0.07, -6.71 	0.00, 20.00 	11,2,49,714		2.02,1.49	1000,1 	0
1109    	-26.27, -27.92, -6.00 	-0.76, -0.07, -6.71 	0.00, 20.00 	11,2,49,723		0.00,0.00	1000,1 	0
1117    	-26.22, -27.92, -6.00 	-0.76, -0.08, -6.70 	0.00, 20.00 	11,2,49,732		6.32,1.38	1000,1 	0
1126    	-26.24, -27.92, -5.98 	-0.76, -0.08, -6.70 	0.00, 20.00 	11,2,49,742		2.25,0.00	1000,1 	0
1135    	-26.21, -27.91, -5.99 	-0.77, -0.07, -6.71 	0.00, 20.00 	11,2,49,752		3.60,1.66	1000,1 	0
1143    	-26.22, -27.91, -5.99 	-0.77, -0.07, -6.70 	0.00, 20.00 	11,2,49,761		1.26,0.00	1000,1 	0
1152    	-26.22, -27.90, -5.98 	-0.77, -0.04, -6.70 	0.00, 20.00 	11,2,49,771		1.24,2.46	1000,1 	0
1161    	-26.16, -27.92, -5.96 	-0.76, -0.06, -6.70 	0.00, 20.00 	11,2,49,781		7.15,1.66	1000,1 	0
1169    	-26.13, -27.94, -5.96 	-0.77, -0.07, -6.71 	0.00, 20.00 	11,2,49,790		4.02,1.88	1000,1 	0
1178    	-26.14, -27.94, -5.96 	-0.77, -0.07, -6.71 	0.00, 20.00 	11,2,49,800		1.12,0.00	1000,1 	0
1187    	-26.14, -27.98, -5.96 	-0.76, -0.07, -6.71 	0.00, 20.00 	11,2,49,810		4.95,1.12	1000,1 	0
1196    	-26.17, -27.98, -5.97 	-0.76, -0.07, -6.71 	0.00, 20.00 	11,2,49,820		3.37,0.00	1000,1 	0
1204    	-26.17, -27.98, -5.96 	-0.76, -0.07, -6.71 	0.00, 20.00 	11,2,49,829		0.00,0.00	1000,1 	0
1213    	-26.17, -27.98, -5.96 	-0.76, -0.07, -6.71 	0.00, 20.00 	11,2,49,839		0.00,0.00	1000,1 	0
1222    	-26.16, -27.97, -5.96 	-0.75, -0.07, -6.71 	0.00, 20.00 	11,2,49,849		1.68,1.12	1000,1 	0
1230    	-26.19, -28.01, -5.94 	-0.75, -0.07, -6.71 	0.00, 20.00 	11,2,49,858		6.77,0.00	1000,1 	0
1239    	-26.21, -27.99, -5.95 	-0.77, -0.06, -6.71 	0.00, 20.00 	11,2,49,868		3.32,2.55	1000,1 	0
1248    	-26.20, -27.99, -5.94 	-0.77, -0.07, -6.71 	0.00, 20.00 	11,2,49,878		1.12,1.23	1000,1 	0
1256    	-26.21, -27.99, -5.95 	-0.76, -0.06, -6.71 	0.00, 20.00 	11,2,49,887		1.26,1.88	1000,1 	0
1265    	-26.20, -27.99, -5.94 	-0.76, -0.06, -6.71 	0.00, 20.00 	11,2,49,897		1.12,0.00	1000,1 	0
1274    	-26.23, -28.00, -5.94 	-0.76, -0.06, -6.71 	0.00, 20.00 	11,2,49,907		3.60,0.00	1000,1 	0
1282    	-26.25, -27.97, -5.95 	-0.76, -0.06, -6.71 	0.00, 20.00 	11,2,49,916		4.86,0.00	1000,1 	0
1291    	-26.25, -27.98, -5.95 	-0.77, -0.07, -6.71 	0.00, 20.00 	11,2,49,926		1.24,1.67	1000,1 	0
1300    	-26.25, -27.98, -5.95 	-0.77, -0.08, -6.71 	0.00, 20.00 	11,2,49,936		0.00,1.23	1000,1 	0
1308    	-26.21, -27.97, -5.95 	-0.77, -0.08, -6.71 	0.00, 20.00 	11,2,49,945		5.25,0.00	1000,1 	0
1318    	-26.21, -28.00, -5.94 	-0.77, -0.08, -6.71 	0.00, 20.00 	11,2,49,956		3.34,0.00	1000,1 	0
1326    	-26.21, -28.00, -5.95 	-0.77, -0.08, -6.71 	0.00, 20.00 	11,2,49,965		0.00,0.00	1000,1 	0
1334    	-26.20, -27.99, -5.95 	-0.75, -0.07, -6.72 	0.00, 20.00 	11,2,49,974		1.89,2.89	1000,1 	0
1343    	-26.20, -27.99, -5.95 	-0.75, -0.07, -6.72 	0.00, 20.00 	11,2,49,984		0.00,0.00	1000,1 	0
1352    	-26.20, -27.99, -5.95 	-0.74, -0.07, -6.72 	0.00, 20.00 	11,2,49,994		0.00,1.12	1000,1 	0
1361    	-26.21, -28.01, -5.95 	-0.74, -0.08, -6.70 	0.00, 20.00 	11,2,50,4		2.73,1.23	1000,1 	0
1369    	-26.19, -28.03, -5.95 	-0.74, -0.08, -6.70 	0.00, 20.00 	11,2,50,13		3.74,0.00	1000,1 	0
1378    	-26.19, -28.02, -5.95 	-0.75, -0.09, -6.71 	0.00, 20.00 	11,2,50,23		1.24,1.67	1000,1 	0
1387    	-26.17, -28.01, -5.96 	-0.76, -0.08, -6.72 	0.00, 20.00 	11,2,50,33		2.58,1.66	1000,1 	0
1395    	-26.17, -28.00, -5.98 	-0.76, -0.09, -6.72 	0.00, 20.00 	11,2,50,42		1.39,1.38	1000,1 	0
1404    	-26.19, -27.99, -5.98 	-0.74, -0.09, -6.70 	0.00, 20.00 	11,2,50,52		2.55,2.25	1000,1 	0
1413    	-26.16, -28.00, -6.00 	-0.78, -0.07, -6.71 	0.00, 20.00 	11,2,50,62		3.58,5.10	1000,1 	0
1421    	-26.23, -27.96, -5.99 	-0.79, -0.08, -6.68 	0.00, 20.00 	11,2,50,71		10.40,1.88	1000,1 	0
1430    	-26.21, -27.98, -6.00 	-0.78, -0.07, -6.66 	0.00, 20.00 	11,2,50,81		3.32,1.67	1000,1 	0
1439    	-26.18, -27.93, -6.01 	-0.73, -0.06, -6.60 	0.00, 20.00 	11,2,50,91		6.02,5.76	1000,1 	0
1447    	-26.16, -27.96, -5.99 	-0.68, 0.03, -6.52 	0.00, 20.00 	11,2,50,100		3.74,12.77	1000,1 	0
1456    	-26.23, -27.89, -6.00 	-0.68, 0.23, -6.56 	0.00, 20.00 	11,2,50,110		10.75,22.12	1000,1 	0
1465    	-26.17, -27.86, -6.01 	-0.61, 0.49, -6.70 	0.00, 20.00 	11,2,50,120		6.76,30.28	1000,1 	0
1473    	-26.17, -27.79, -6.00 	-0.61, 0.78, -6.89 	0.00, 20.00 	11,2,50,129		8.35,35.93	1000,1 	0
1483    	-26.21, -27.64, -6.05 	-0.62, 1.12, -7.08 	0.00, 20.00 	11,2,50,140		14.99,34.30	1000,1 	0
1491    	-26.17, -27.53, -6.07 	-0.61, 1.39, -7.20 	0.00, 20.00 	11,2,50,149		14.47,33.15	1000,1 	0
1499    	-26.15, -27.33, -6.13 	-0.63, 1.64, -7.29 	0.00, 20.00 	11,2,50,158		25.11,31.97	1000,1 	0
1508    	-26.18, -27.19, -6.17 	-0.64, 1.81, -7.37 	0.00, 20.00 	11,2,50,168		16.40,18.54	1000,1 	0
1517    	-26.16, -26.87, -6.31 	-0.67, 2.02, -7.43 	0.00, 20.00 	11,2,50,178		35.89,23.55	1000,1 	0
1525    	-26.16, -26.51, -6.46 	-0.66, 2.41, -7.56 	0.00, 20.00 	11,2,50,187		44.56,48.36	1000,1 	0
1534    	-26.14, -26.16, -6.61 	-0.62, 3.33, -7.81 	0.00, 20.00 	11,2,50,197		38.39,103.16	1000,1 	0
1543    	-26.18, -25.65, -6.77 	-0.56, 4.42, -8.01 	0.00, 20.00 	11,2,50,207		57.25,120.38	1000,1 	0
1552    	-26.13, -25.12, -6.88 	-0.49, 5.03, -8.10 	0.00, 20.00 	11,2,50,217		59.47,69.04	1000,1 	0
1560    	-26.08, -24.56, -6.96 	-0.46, 5.66, -8.20 	0.00, 20.00 	11,2,50,226		69.75,78.76	1000,1 	0
1569    	-25.91, -24.02, -7.06 	-0.43, 6.33, -8.28 	0.00, 20.00 	11,2,50,236		63.10,73.68	1000,1 	0
1578    	-25.79, -23.49, -7.19 	-0.37, 6.95, -8.36 	0.00, 20.00 	11,2,50,246		60.36,70.17	1000,1 	0
1586    	-25.68, -22.88, -7.33 	-0.32, 7.58, -8.42 	0.00, 20.00 	11,2,50,255		77.53,78.86	1000,1 	0
1595    	-25.64, -22.34, -7.45 	-0.33, 8.19, -8.46 	0.00, 20.00 	11,2,50,265		60.70,67.59	1000,1 	0
1604    	-25.49, -21.93, -7.53 	-0.25, 8.86, -8.50 	0.00, 20.00 	11,2,50,275		48.20,75.16	1000,1 	0
1612    	-25.39, -21.51, -7.62 	-0.18, 9.51, -8.57 	0.00, 20.00 	11,2,50,284		53.97,81.80	1000,1 	0
1621    	-25.24, -21.06, -7.73 	-0.13, 10.16, -8.60 	0.00, 20.00 	11,2,50,294		52.94,72.50	1000,1 	0
1630    	-24.97, -20.60, -7.81 	-0.14, 10.82, -8.63 	0.00, 20.00 	11,2,50,304		59.33,72.50	1000,1 	0
1638    	-24.81, -20.12, -7.91 	-0.16, 11.48, -8.60 	0.00, 20.00 	11,2,50,313		62.60,83.00	1000,1 	0
1647    	-24.67, -19.81, -8.03 	-0.18, 12.12, -8.56 	0.00, 20.00 	11,2,50,323		37.31,71.32	1000,1 	0
1656    	-24.54, -19.63, -8.15 	-0.16, 12.81, -8.52 	0.00, 20.00 	11,2,50,333		25.10,76.13	1000,1 	0
1664    	-24.43, -19.35, -8.27 	-0.14, 13.41, -8.48 	0.00, 20.00 	11,2,50,342		37.15,75.98	1000,1 	0
1674    	-24.25, -19.05, -8.38 	-0.17, 13.99, -8.42 	0.00, 20.00 	11,2,50,353		35.76,57.65	1000,1 	0
1682    	-24.08, -18.69, -8.48 	-0.21, 14.57, -8.38 	0.00, 20.00 	11,2,50,362		48.60,72.17	1000,1 	0
1690    	-23.84, -18.35, -8.56 	-0.22, 15.08, -8.34 	0.00, 20.00 	11,2,50,371		52.75,63.63	1000,1 	0
1699    	-23.65, -18.04, -8.61 	-0.27, 15.57, -8.28 	0.00, 20.00 	11,2,50,381		40.30,55.61	1000,1 	0
1708    	-23.52, -17.70, -8.61 	-0.35, 16.05, -8.20 	0.00, 20.00 	11,2,50,391		40.43,53.89	1000,1 	0
1716    	-23.38, -17.37, -8.61 	-0.43, 16.50, -8.12 	0.00, 20.00 	11,2,50,400		45.04,56.32	1000,1 	0
1725    	-23.18, -17.05, -8.62 	-0.48, 16.90, -8.03 	0.00, 20.00 	11,2,50,410		41.37,44.84	1000,1 	0
1734    	-23.04, -16.77, -8.67 	-0.50, 17.25, -7.95 	0.00, 20.00 	11,2,50,420		35.47,39.41	1000,1 	0
1743    	-22.96, -16.59, -8.71 	-0.51, 17.56, -7.88 	0.00, 20.00 	11,2,50,430		21.38,34.44	1000,1 	0
1751    	-22.91, -16.45, -8.73 	-0.51, 17.84, -7.83 	0.00, 20.00 	11,2,50,439		19.23,34.55	1000,1 	0
1760    	-22.79, -16.29, -8.71 	-0.50, 18.09, -7.78 	0.00, 20.00 	11,2,50,449		21.38,28.24	1000,1 	0
1769    	-22.74, -16.11, -8.74 	-0.48, 18.33, -7.74 	0.00, 20.00 	11,2,50,459		21.56,27.05	1000,1 	0
1777    	-22.66, -16.00, -8.78 	-0.47, 18.58, -7.70 	0.00, 20.00 	11,2,50,468		17.29,30.39	1000,1 	0
1786    	-22.53, -15.92, -8.82 	-0.47, 18.79, -7.67 	0.00, 20.00 	11,2,50,478		16.09,23.33	1000,1 	0
1795    	-22.46, -15.84, -8.84 	-0.45, 18.98, -7.62 	0.00, 20.00 	11,2,50,488		12.70,22.14	1000,1 	0
1803    	-22.41, -15.73, -8.86 	-0.46, 19.16, -7.57 	0.00, 20.00 	11,2,50,497		14.86,22.23	1000,1 	0
1812    	-22.31, -15.61, -8.85 	-0.48, 19.32, -7.51 	0.00, 20.00 	11,2,50,507		17.74,17.32	1000,1 	0
1821    	-22.24, -15.44, -8.84 	-0.49, 19.46, -7.44 	0.00, 20.00 	11,2,50,517		19.81,16.10	1000,1 	0
1829    	-22.20, -15.34, -8.82 	-0.51, 19.59, -7.38 	0.00, 20.00 	11,2,50,526		13.13,16.75	1000,1 	0
1838    	-22.09, -15.25, -8.83 	-0.52, 19.69, -7.33 	0.00, 20.00 	11,2,50,536		16.72,11.26	1000,1 	0
1847    	-21.99, -15.17, -8.85 	-0.51, 19.77, -7.27 	0.00, 20.00 	11,2,50,546		13.38,8.68	1000,1 	0
1855    	-21.94, -15.13, -8.87 	-0.49, 19.85, -7.22 	0.00, 20.00 	11,2,50,555		8.46,10.01	1000,1 	0
1864    	-21.94, -15.13, -8.86 	-0.46, 19.90, -7.16 	0.00, 20.00 	11,2,50,565		0.00,7.03	1000,1 	0
1873    	-21.93, -15.08, -8.86 	-0.43, 19.97, -7.10 	0.00, 20.00 	11,2,50,575		5.09,7.72	1000,1 	0
1881    	-21.88, -15.05, -8.85 	-0.41, 19.99, -7.04 	0.00, 20.00 	11,2,50,584		7.61,3.76	1000,1 	0
1890    	-21.82, -15.00, -8.85 	-0.38, 20.03, -6.99 	0.00, 20.00 	11,2,50,594		9.19,5.98	1000,1 	0
1899    	-21.77, -14.95, -8.85 	-0.37, 20.05, -6.97 	0.00, 20.00 	11,2,50,604		6.72,2.71	1000,1 	0
1907    	-21.77, -14.97, -8.85 	-0.39, 20.08, -6.97 	0.00, 20.00 	11,2,50,613		1.39,3.73	1000,1 	0
1916    	-21.72, -14.92, -8.86 	-0.41, 20.08, -6.96 	0.00, 20.00 	11,2,50,623		7.52,2.25	1000,1 	0
1925    	-21.70, -14.93, -8.86 	-0.41, 20.08, -6.96 	0.00, 20.00 	11,2,50,633		2.55,0.00	1000,1 	0
1934    	-21.72, -14.87, -8.87 	-0.40, 20.09, -6.95 	0.00, 20.00 	11,2,50,643		7.73,1.67	1000,1 	0
1942    	-21.67, -14.86, -8.88 	-0.40, 20.10, -6.95 	0.00, 20.00 	11,2,50,652		6.48,1.38	1000,1 	0
1951    	-21.67, -14.85, -8.87 	-0.40, 20.11, -6.96 	0.00, 20.00 	11,2,50,662		1.24,1.23	1000,1 	0
1960    	-21.65, -14.85, -8.86 	-0.40, 20.12, -6.96 	0.00, 20.00 	11,2,50,672		2.25,1.23	1000,1 	0
1968    	-21.62, -14.84, -8.86 	-0.41, 20.12, -6.96 	0.00, 20.00 	11,2,50,681		4.05,1.26	1000,1 	0
1977    	-21.64, -14.78, -8.86 	-0.41, 20.12, -6.97 	0.00, 20.00 	11,2,50,691		7.01,0.00	1000,1 	0
1986    	-21.63, -14.80, -8.85 	-0.41, 20.12, -6.97 	0.00, 20.00 	11,2,50,701		3.32,0.00	1000,1 	0
1994    	-21.60, -14.76, -8.86 	-0.40, 20.12, -6.97 	0.00, 20.00 	11,2,50,710		6.14,1.26	1000,1 	0
2003    	-21.58, -14.74, -8.86 	-0.40, 20.13, -6.96 	0.00, 20.00 	11,2,50,720		3.36,1.23	1000,1 	0
2012    	-21.57, -14.74, -8.86 	-0.41, 20.10, -6.95 	0.00, 20.00 	11,2,50,730		1.12,3.86	1000,1 	0
2020    	-21.58, -14.69, -8.87 	-0.42, 20.11, -6.96 	0.00, 20.00 	11,2,50,739		5.70,1.86	1000,1 	0
2029    	-21.54, -14.70, -8.87 	-0.41, 20.11, -6.95 	0.00, 20.00 	11,2,50,749		4.65,1.12	1000,1 	0
2038    	-21.54, -14.69, -8.88 	-0.40, 20.13, -6.95 	0.00, 20.00 	11,2,50,759		1.24,2.71	1000,1 	0
2046    	-21.56, -14.69, -8.88 	-0.39, 20.13, -6.94 	0.00, 20.00 	11,2,50,768		2.53,1.26	1000,1 	0
2056    	-21.53, -14.69, -8.88 	-0.38, 20.12, -6.93 	0.00, 20.00 	11,2,50,779		3.03,1.49	1000,1 	0
2064    	-21.51, -14.68, -8.88 	-0.38, 20.12, -6.93 	0.00, 20.00 	11,2,50,788		2.90,0.00	1000,1 	0
2072    	-21.53, -14.68, -8.89 	-0.38, 20.11, -6.93 	0.00, 20.00 	11,2,50,797		2.53,1.38	1000,1 	0
2081    	-21.51, -14.68, -8.89 	-0.37, 20.11, -6.93 	0.00, 20.00 	11,2,50,807		2.25,1.12	1000,1 	0
2090    	-21.50, -14.68, -8.89 	-0.38, 20.11, -6.93 	0.00, 20.00 	11,2,50,817		1.12,1.12	1000,1 	0
2098    	-21.51, -14.67, -8.88 	-0.37, 20.11, -6.93 	0.00, 20.00 	11,2,50,826		1.87,1.26	1000,1 	0
2107    	-21.53, -14.65, -8.90 	-0.36, 20.12, -6.93 	0.00, 20.00 	11,2,50,836		3.32,1.67	1000,1 	0
2116    	-21.51, -14.63, -8.89 	-0.37, 20.11, -6.93 	0.00, 20.00 	11,2,50,846		3.36,1.67	1000,1 	0
2125    	-21.52, -14.63, -8.89 	-0.35, 20.11, -6.94 	0.00, 20.00 	11,2,50,856		1.12,2.25	1000,1 	0
2133    	-21.51, -14.61, -8.90 	-0.36, 20.12, -6.93 	0.00, 20.00 	11,2,50,865		3.07,1.86	1000,1 	0
2142    	-21.52, -14.58, -8.89 	-0.36, 20.12, -6.94 	0.00, 20.00 	11,2,50,875		2.71,0.00	1000,1 	0
2151    	-21.52, -14.61, -8.89 	-0.36, 20.13, -6.94 	0.00, 20.00 	11,2,50,885		2.48,1.23	1000,1 	0
2159    	-21.49, -14.58, -8.90 	-0.37, 20.12, -6.94 	0.00, 20.00 	11,2,50,894		4.73,1.88	1000,1 	0
2168    	-21.46, -14.61, -8.90 	-0.36, 20.12, -6.93 	0.00, 20.00 	11,2,50,904		4.16,1.12	1000,1 	0
2177    	-21.46, -14.60, -8.91 	-0.36, 20.12, -6.93 	0.00, 20.00 	11,2,50,914		1.24,0.00	1000,1 	0
2185    	-21.44, -14.61, -8.92 	-0.36, 20.12, -6.93 	0.00, 20.00 	11,2,50,923		2.87,0.00	1000,1 	0
2194    	-21.46, -14.60, -8.92 	-0.36, 20.12, -6.93 	0.00, 20.00 	11,2,50,933		2.55,0.00	1000,1 	0
2203    	-21.43, -14.59, -8.93 	-0.36, 20.12, -6.93 	0.00, 20.00 	11,2,50,943		2.58,0.00	1000,1 	0
2211    	-21.45, -14.59, -8.93 	-0.36, 20.12, -6.93 	0.00, 20.00 	11,2,50,952		2.53,0.00	1000,1 	0
2220    	-21.44, -14.61, -8.93 	-0.36, 20.12, -6.93 	0.00, 20.00 	11,2,50,962		3.32,0.00	1000,1 	0
2229    	-21.45, -14.60, -8.93 	-0.36, 20.13, -6.94 	0.00, 20.00 	11,2,50,972		1.66,1.23	1000,1 	0
2237    	-21.46, -14.57, -8.92 	-0.36, 20.13, -6.93 	0.00, 20.00 	11,2,50,981		3.74,0.00	1000,1 	0
2247    	-21.45, -14.57, -8.93 	-0.36, 20.13, -6.94 	0.00, 20.00 	11,2,50,992		1.01,0.00	1000,1 	0
2255    	-21.43, -14.59, -8.93 	-0.36, 20.12, -6.94 	0.00, 20.00 	11,2,51,1		2.87,1.38	1000,1 	0
2263    	-21.42, -14.60, -8.92 	-0.37, 20.12, -6.94 	0.00, 20.00 	11,2,51,10		1.87,1.26	1000,1 	0
2272    	-21.44, -14.59, -8.93 	-0.37, 20.12, -6.94 	0.00, 20.00 	11,2,51,20		2.55,0.00	1000,1 	0
2281    	-21.42, -14.56, -8.93 	-0.38, 20.12, -6.93 	0.00, 20.00 	11,2,51,30		3.36,1.12	1000,1 	0
2289    	-21.40, -14.58, -8.94 	-0.37, 20.11, -6.93 	0.00, 20.00 	11,2,51,39		2.87,1.86	1000,1 	0
2298    	-21.40, -14.58, -8.93 	-0.38, 20.11, -6.93 	0.00, 20.00 	11,2,51,49		0.00,1.12	1000,1 	0
2307    	-21.39, -14.54, -8.94 	-0.38, 20.12, -6.93 	0.00, 20.00 	11,2,51,59		3.89,1.23	1000,1 	0
2316    	-21.40, -14.54, -8.93 	-0.37, 20.11, -6.93 	0.00, 20.00 	11,2,51,69		1.12,1.66	1000,1 	0
2325    	-21.40, -14.56, -8.94 	-0.36, 20.13, -6.93 	0.00, -0.00 	11,2,51,88		2.78,3.05	1000,1 	0
2334    	-21.39, -14.58, -8.94 	-0.36, 20.13, -6.93 	0.00, -0.00 	11,2,51,98		1.50,0.00	1000,1 	0
2342    	-21.40, -14.55, -8.94 	-0.35, 20.14, -6.93 	0.00, -0.00 	11,2,51,107		2.44,1.50	1000,1 	0
2351    	-21.37, -14.57, -8.96 	-0.36, 20.14, -6.93 	0.00, -0.00 	11,2,51,117		3.22,1.01	1000,1 	0
2360    	-21.37, -14.55, -8.96 	-0.36, 20.14, -6.93 	0.00, -0.00 	11,2,51,127		1.11,0.00	1000,1 	0
2368    	-21.39, -14.54, -8.96 	-0.36, 20.14, -6.94 	0.00, -0.00 	11,2,51,136		2.30,0.00	1000,1 	0
2377    	-21.36, -14.57, -8.96 	-0.36, 20.13, -6.93 	0.00, -0.00 	11,2,51,146		3.74,1.11	1000,1 	0
2386    	-21.38, -14.58, -8.96 	-0.36, 20.14, -6.94 	0.00, -0.00 	11,2,51,156		2.32,1.11	1000,1 	0
2394    	-21.37, -14.57, -8.97 	-0.36, 20.13, -6.93 	0.00, -0.00 	11,2,51,165		1.51,1.11	1000,1 	0
2403    	-21.40, -14.58, -8.97 	-0.36, 20.13, -6.93 	0.00, -0.00 	11,2,51,175		3.24,0.00	1000,1 	0
2412    	-21.38, -14.59, -8.97 	-0.37, 20.13, -6.93 	0.00, -0.00 	11,2,51,185		2.30,1.01	1000,1 	0
2420    	-21.40, -14.56, -8.96 	-0.37, 20.12, -6.93 	0.00, -0.00 	11,2,51,194		2.99,1.11	1000,1 	0
2430    	-21.37, -14.58, -8.96 	-0.37, 20.13, -6.94 	0.00, -0.00 	11,2,51,205		2.93,1.00	1000,1 	0
2438    	-21.35, -14.58, -8.98 	-0.36, 20.14, -6.94 	0.00, -0.00 	11,2,51,214		2.25,1.67	1000,1 	0
2446    	-21.35, -14.57, -8.98 	-0.37, 20.13, -6.94 	0.00, -0.00 	11,2,51,223		1.11,1.50	1000,1 	0
2455    	-21.34, -14.57, -8.99 	-0.37, 20.12, -6.93 	0.00, -0.00 	11,2,51,233		1.01,1.11	1000,1 	0
2464    	-21.35, -14.55, -8.98 	-0.37, 20.12, -6.93 	0.00, -0.00 	11,2,51,243		1.50,0.00	1000,1 	0
2472    	-21.38, -14.55, -8.98 	-0.36, 20.12, -6.93 	0.00, -0.00 	11,2,51,252		3.03,1.01	1000,1 	0
2481    	-21.36, -14.58, -8.98 	-0.37, 20.11, -6.93 	0.00, -0.00 	11,2,51,262		2.99,1.50	1000,1 	0
2490    	-21.34, -14.57, -8.99 	-0.37, 20.11, -6.93 	0.00, -0.00 	11,2,51,272		2.32,0.00	1000,1 	0
2499    	-21.34, -14.59, -8.99 	-0.37, 20.11, -6.93 	0.00, -0.00 	11,2,51,282		2.23,0.00	1000,1 	0
2507    	-21.36, -14.58, -8.99 	-0.36, 20.10, -6.93 	0.00, -0.00 	11,2,51,291		2.55,1.66	1000,1 	0
2516    	-21.35, -14.59, -8.99 	-0.36, 20.09, -6.92 	0.00, -0.00 	11,2,51,301		1.50,1.11	1000,1 	0
2525    	-21.35, -14.59, -9.00 	-0.37, 20.05, -6.91 	0.00, -0.00 	11,2,51,311		0.00,3.16	1000,1 	0
2533    	-21.37, -14.62, -8.99 	-0.40, 19.99, -6.90 	0.00, -0.00 	11,2,51,320		3.50,7.31	1000,1 	0
2542    	-21.36, -14.62, -8.98 	-0.43, 19.78, -6.86 	0.00, -0.00 	11,2,51,330		0.92,19.19	1000,1 	0
2551    	-21.35, -14.61, -8.99 	-0.48, 19.21, -6.81 	0.00, -0.00 	11,2,51,340		1.01,52.34	1000,1 	0
2559    	-21.33, -14.63, -9.00 	-0.45, 18.86, -6.86 	0.00, -0.00 	11,2,51,349		3.74,34.46	1000,1 	0
2568    	-21.33, -14.66, -9.00 	-0.40, 18.51, -6.93 	0.00, -0.00 	11,2,51,359		2.02,32.57	1000,1 	0
2577    	-21.35, -14.66, -9.01 	-0.34, 18.07, -7.00 	0.00, -0.00 	11,2,51,369		1.84,39.81	1000,1 	0
2585    	-21.35, -14.72, -9.00 	-0.27, 17.61, -7.10 	0.00, -0.00 	11,2,51,378		6.68,47.05	1000,1 	0
2594    	-21.39, -14.75, -8.97 	-0.22, 17.10, -7.19 	0.00, -0.00 	11,2,51,388		4.39,42.72	1000,1 	0
2603    	-21.44, -14.90, -8.95 	-0.15, 16.53, -7.27 	0.00, -0.00 	11,2,51,398		13.70,51.83	1000,1 	0
2611    	-21.51, -15.12, -8.91 	-0.10, 15.93, -7.37 	0.00, -0.00 	11,2,51,407		21.04,54.58	1000,1 	0
2621    	-21.71, -15.44, -8.81 	-0.06, 15.30, -7.44 	0.00, -0.00 	11,2,51,418		34.32,57.49	1000,1 	0
2629    	-21.97, -15.86, -8.73 	-0.06, 14.61, -7.51 	0.00, -0.00 	11,2,51,427		49.97,69.66	1000,1 	0
2637    	-22.39, -16.60, -8.54 	-0.03, 13.89, -7.57 	0.00, -0.00 	11,2,51,436		76.62,65.43	1000,1 	0
2646    	-22.85, -17.50, -8.37 	-0.04, 13.16, -7.63 	0.00, -0.00 	11,2,51,446		91.92,66.32	1000,1 	0
2655    	-23.27, -18.34, -8.15 	-0.04, 12.37, -7.69 	0.00, -0.00 	11,2,51,456		85.76,71.36	1000,1 	0
2663    	-23.53, -19.01, -7.97 	0.02, 11.59, -7.75 	0.00, -0.00 	11,2,51,465		65.49,71.65	1000,1 	0
2672    	-23.74, -19.51, -7.85 	0.02, 10.79, -7.78 	0.00, -0.00 	11,2,51,475		48.96,72.37	1000,1 	0
2681    	-23.92, -19.98, -7.83 	0.04, 10.03, -7.79 	0.00, -0.00 	11,2,51,485		46.10,69.44	1000,1 	0
2690    	-24.17, -20.43, -7.82 	0.06, 9.22, -7.77 	0.00, -0.00 	11,2,51,495		46.78,73.45	1000,1 	0
2698    	-24.32, -20.83, -7.81 	0.02, 8.39, -7.73 	0.00, -0.00 	11,2,51,504		42.32,82.90	1000,1 	0
2707    	-24.47, -21.17, -7.79 	0.02, 7.54, -7.69 	0.00, -0.00 	11,2,51,514		34.05,77.39	1000,1 	0
2716    	-24.62, -21.50, -7.78 	-0.01, 6.75, -7.66 	0.00, -0.00 	11,2,51,524		32.76,72.35	1000,1 	0
2724    	-24.84, -21.96, -7.69 	0.01, 6.04, -7.63 	0.00, -0.00 	11,2,51,533		51.15,70.87	1000,1 	0
2733    	-25.07, -22.36, -7.56 	-0.03, 5.31, -7.58 	0.00, -0.00 	11,2,51,543		42.32,66.35	1000,1 	0
2742    	-25.19, -22.71, -7.51 	-0.11, 4.60, -7.55 	0.00, -0.00 	11,2,51,553		32.80,64.50	1000,1 	0
2750    	-25.33, -23.11, -7.47 	-0.16, 3.95, -7.49 	0.00, -0.00 	11,2,51,562		43.38,65.30	1000,1 	0
2759    	-25.48, -23.52, -7.45 	-0.22, 3.33, -7.44 	0.00, -0.00 	11,2,51,572		36.15,51.66	1000,1 	0
2768    	-25.63, -24.03, -7.44 	-0.23, 2.74, -7.38 	0.00, -0.00 	11,2,51,582		48.20,54.25	1000,1 	0
2776    	-25.78, -24.48, -7.42 	-0.24, 2.24, -7.34 	0.00, -0.00 	11,2,51,591		47.65,49.73	1000,1 	0
2803    	-25.91, -24.98, -7.40 	-0.24, 1.82, -7.27 	0.00, -0.00 	11,2,51,619		46.58,38.18	1000,1 	0
2803    	-25.98, -25.37, -7.41 	-0.24, 1.48, -7.23 	0.00, -0.00 	11,2,51,619		0.00,0.00	1000,1 	0
2806    	-26.04, -25.78, -7.39 	-0.25, 1.14, -7.20 	0.00, -0.00 	11,2,51,623		207.25,171.30	1000,1 	0
2813    	-26.15, -26.15, -7.34 	-0.35, 0.80, -7.15 	0.00, -0.00 	11,2,51,631		55.77,50.38	1000,1 	0
2821    	-26.37, -26.51, -7.26 	-0.42, 0.53, -7.10 	0.00, -0.00 	11,2,51,640		47.37,30.28	1000,1 	0
