#Time 	Sensor1         Sensor2         Target          Time            Vel             
#================================================================

12      	-26.73, -26.71, -6.81 	-0.06, -0.19, -6.74 	0.00, 20.00 	11,2,16,481		0.00,0.00	0,0 	0
16      	-26.70, -26.75, -6.80 	-0.03, -0.20, -6.73 	0.00, 20.00 	11,2,16,490		13.04,8.05	0,0 	0
25      	-26.75, -26.71, -6.79 	-0.03, -0.20, -6.73 	0.00, 20.00 	11,2,16,500		7.66,0.00	0,0 	0
34      	-26.79, -26.70, -6.77 	-0.02, -0.19, -6.73 	0.00, 20.00 	11,2,16,510		4.65,1.67	0,0 	0
42      	-26.78, -26.71, -6.74 	-0.04, -0.19, -6.74 	0.00, 20.00 	11,2,16,519		2.87,2.53	0,0 	0
51      	-26.74, -26.67, -6.73 	-0.02, -0.19, -6.73 	0.00, 20.00 	11,2,16,529		6.02,2.25	0,0 	0
60      	-26.79, -26.71, -6.70 	-0.05, -0.17, -6.75 	0.00, 20.00 	11,2,16,539		6.72,3.58	0,0 	0
68      	-26.80, -26.68, -6.66 	-0.05, -0.19, -6.74 	0.00, 20.00 	11,2,16,548		4.86,1.38	0,0 	0
77      	-26.86, -26.64, -6.66 	-0.03, -0.17, -6.75 	0.00, 20.00 	11,2,16,558		7.66,2.57	0,0 	0
86      	-26.80, -26.65, -6.63 	-0.03, -0.20, -6.74 	0.00, 20.00 	11,2,16,568		6.74,2.46	0,0 	0
94      	-26.78, -26.66, -6.61 	-0.04, -0.20, -6.73 	0.00, 20.00 	11,2,16,577		2.87,1.26	0,0 	0
103     	-26.75, -26.67, -6.60 	0.00, -0.20, -6.74 	0.00, 20.00 	11,2,16,587		3.58,4.49	0,0 	0
112     	-26.75, -26.69, -6.56 	-0.04, -0.20, -6.73 	0.00, 20.00 	11,2,16,597		2.48,4.49	0,0 	0
120     	-26.79, -26.68, -6.52 	-0.03, -0.17, -6.75 	0.00, 20.00 	11,2,16,606		5.23,3.05	0,0 	0
129     	-26.75, -26.71, -6.49 	-0.03, -0.15, -6.76 	0.00, 20.00 	11,2,16,616		5.80,2.46	0,0 	0
138     	-26.71, -26.72, -6.45 	0.00, -0.15, -6.75 	0.00, 20.00 	11,2,16,626		4.49,3.37	0,0 	0
146     	-26.69, -26.70, -6.45 	0.02, -0.17, -6.74 	0.00, 20.00 	11,2,16,635		2.90,2.87	0,0 	0
155     	-26.69, -26.72, -6.40 	-0.05, -0.16, -6.74 	0.00, 20.00 	11,2,16,645		1.24,7.86	0,0 	0
164     	-26.66, -26.68, -6.39 	-0.07, -0.15, -6.75 	0.00, 20.00 	11,2,16,655		5.04,2.55	0,0 	0
172     	-26.64, -26.69, -6.39 	-0.04, -0.14, -6.73 	0.00, 20.00 	11,2,16,664		2.87,4.04	0,0 	0
181     	-26.58, -26.72, -6.35 	-0.01, -0.13, -6.75 	0.00, 20.00 	11,2,16,674		7.15,3.60	0,0 	0
190     	-26.56, -26.75, -6.33 	-0.01, -0.14, -6.77 	0.00, 20.00 	11,2,16,684		4.32,1.23	0,0 	0
199     	-26.56, -26.82, -6.32 	-0.04, -0.16, -6.76 	0.00, 20.00 	11,2,16,694		7.50,4.19	0,0 	0
207     	-26.60, -26.85, -6.30 	0.00, -0.14, -6.75 	0.00, 20.00 	11,2,16,703		6.59,5.78	0,0 	0
216     	-26.58, -26.91, -6.28 	-0.02, -0.15, -6.75 	0.00, 20.00 	11,2,16,713		6.56,2.57	0,0 	0
225     	-26.55, -26.97, -6.26 	-0.06, -0.15, -6.74 	0.00, 20.00 	11,2,16,723		7.01,4.49	0,0 	0
233     	-26.54, -26.99, -6.26 	-0.05, -0.14, -6.74 	0.00, 20.00 	11,2,16,732		3.04,1.88	0,0 	0
242     	-26.52, -26.98, -6.24 	-0.08, -0.13, -6.74 	0.00, 20.00 	11,2,16,742		2.58,3.58	0,0 	0
251     	-26.46, -26.99, -6.22 	-0.09, -0.13, -6.75 	0.00, 20.00 	11,2,16,752		6.84,1.12	0,0 	0
259     	-26.47, -27.01, -6.20 	-0.09, -0.11, -6.74 	0.00, 20.00 	11,2,16,761		3.07,2.76	0,0 	0
268     	-26.44, -26.99, -6.19 	-0.09, -0.11, -6.74 	0.00, 20.00 	11,2,16,771		4.20,0.00	0,0 	0
277     	-26.46, -26.96, -6.18 	-0.07, -0.13, -6.74 	0.00, 20.00 	11,2,16,781		4.32,3.31	0,0 	0
285     	-26.42, -26.99, -6.17 	-0.07, -0.13, -6.74 	0.00, 20.00 	11,2,16,790		6.52,0.00	0,0 	0
294     	-26.40, -26.99, -6.16 	-0.07, -0.13, -6.74 	0.00, 20.00 	11,2,16,800		2.25,0.00	0,0 	0
303     	-26.36, -27.03, -6.15 	-0.07, -0.13, -6.74 	0.00, 20.00 	11,2,16,810		5.80,0.00	0,0 	0
311     	-26.38, -27.01, -6.14 	-0.07, -0.13, -6.74 	0.00, 20.00 	11,2,16,819		2.87,0.00	0,0 	0
320     	-26.36, -27.02, -6.13 	-0.06, -0.14, -6.73 	0.00, 20.00 	11,2,16,829		2.25,1.66	0,0 	0
329     	-26.37, -27.02, -6.10 	-0.06, -0.13, -6.73 	0.00, 20.00 	11,2,16,839		1.12,1.23	0,0 	0
337     	-26.34, -27.04, -6.09 	-0.04, -0.12, -6.75 	0.00, 20.00 	11,2,16,848		4.68,2.89	0,0 	0
346     	-26.31, -27.04, -6.07 	-0.04, -0.12, -6.75 	0.00, 20.00 	11,2,16,858		3.37,0.00	0,0 	0
355     	-26.31, -27.05, -6.05 	-0.05, -0.12, -6.75 	0.00, 20.00 	11,2,16,868		1.24,1.12	0,0 	0
364     	-26.30, -27.06, -6.03 	-0.03, -0.13, -6.75 	0.00, 20.00 	11,2,16,878		1.66,2.55	0,0 	0
372     	-26.31, -27.07, -6.02 	-0.03, -0.12, -6.75 	0.00, 20.00 	11,2,16,887		1.89,1.38	0,0 	0
381     	-26.29, -27.04, -6.04 	-0.08, -0.11, -6.75 	0.00, 20.00 	11,2,16,897		4.36,5.74	0,0 	0
390     	-26.29, -27.04, -6.05 	-0.08, -0.11, -6.75 	0.00, 20.00 	11,2,16,907		0.00,0.00	0,0 	0
398     	-26.31, -27.06, -6.01 	-0.07, -0.11, -6.74 	0.00, 20.00 	11,2,16,916		3.78,1.26	0,0 	0
407     	-26.32, -27.04, -6.02 	-0.07, -0.11, -6.74 	0.00, 20.00 	11,2,16,926		2.71,0.00	0,0 	0
416     	-26.27, -27.01, -6.02 	-0.07, -0.12, -6.75 	0.00, 20.00 	11,2,16,936		6.76,1.23	0,0 	0
424     	-26.33, -27.02, -6.01 	-0.07, -0.10, -6.75 	0.00, 20.00 	11,2,16,945		7.72,2.76	0,0 	0
433     	-26.36, -26.98, -6.00 	-0.09, -0.10, -6.75 	0.00, 20.00 	11,2,16,955		4.99,2.25	0,0 	0
442     	-26.34, -26.99, -6.00 	-0.09, -0.10, -6.75 	0.00, 20.00 	11,2,16,965		2.55,0.00	0,0 	0
450     	-26.34, -26.99, -6.00 	-0.08, -0.10, -6.74 	0.00, 20.00 	11,2,16,974		0.00,1.26	0,0 	0
459     	-26.31, -26.98, -5.99 	-0.07, -0.13, -6.74 	0.00, 20.00 	11,2,16,984		3.60,3.84	0,0 	0
468     	-26.30, -27.01, -5.99 	-0.11, -0.08, -6.75 	0.00, 20.00 	11,2,16,994		2.71,6.63	0,0 	0
476     	-26.31, -27.01, -5.99 	-0.11, -0.10, -6.75 	0.00, 20.00 	11,2,17,3		1.26,1.38	0,0 	0
485     	-26.36, -27.02, -5.99 	-0.09, -0.10, -6.75 	0.00, 20.00 	11,2,17,13		5.76,2.25	0,0 	0
494     	-26.30, -26.98, -5.98 	-0.08, -0.11, -6.75 	0.00, 20.00 	11,2,17,23		7.73,1.66	0,0 	0
502     	-26.32, -26.99, -5.99 	-0.07, -0.11, -6.75 	0.00, 20.00 	11,2,17,32		2.90,1.26	0,0 	0
511     	-26.33, -26.97, -5.98 	-0.06, -0.11, -6.76 	0.00, 20.00 	11,2,17,42		2.71,1.12	0,0 	0
520     	-26.30, -26.96, -5.99 	-0.05, -0.12, -6.75 	0.00, 20.00 	11,2,17,52		3.60,1.66	0,0 	0
528     	-26.30, -26.97, -5.99 	-0.05, -0.13, -6.76 	0.00, 20.00 	11,2,17,61		1.39,1.38	0,0 	0
537     	-26.29, -26.96, -6.00 	-0.08, -0.15, -6.74 	0.00, 20.00 	11,2,17,71		1.68,4.19	0,0 	0
546     	-26.29, -26.96, -6.00 	-0.08, -0.15, -6.75 	0.00, 20.00 	11,2,17,81		0.00,0.00	0,0 	0
555     	-26.29, -26.96, -6.00 	-0.06, -0.15, -6.75 	0.00, 20.00 	11,2,17,91		0.00,2.25	0,0 	0
563     	-26.30, -26.97, -5.98 	-0.07, -0.13, -6.75 	0.00, 20.00 	11,2,17,100		1.89,3.03	0,0 	0
572     	-26.32, -26.98, -5.97 	-0.07, -0.13, -6.75 	0.00, 20.00 	11,2,17,110		2.58,0.00	0,0 	0
581     	-26.32, -26.98, -5.97 	-0.11, -0.12, -6.75 	0.00, 20.00 	11,2,17,120		0.00,4.65	0,0 	0
589     	-26.32, -26.98, -5.97 	-0.10, -0.13, -6.75 	0.00, 20.00 	11,2,17,129		0.00,1.86	0,0 	0
598     	-26.30, -26.98, -5.97 	-0.08, -0.13, -6.75 	0.00, 20.00 	11,2,17,139		2.25,2.25	0,0 	0
607     	-26.36, -26.97, -5.99 	-0.08, -0.13, -6.74 	0.00, 20.00 	11,2,17,149		6.84,0.00	0,0 	0
615     	-26.33, -26.97, -6.00 	-0.10, -0.13, -6.75 	0.00, 20.00 	11,2,17,158		3.79,2.53	0,0 	0
624     	-26.33, -26.97, -6.00 	-0.10, -0.13, -6.75 	0.00, 20.00 	11,2,17,168		0.00,0.00	0,0 	0
633     	-26.33, -26.97, -6.01 	-0.09, -0.14, -6.75 	0.00, 20.00 	11,2,17,178		0.00,1.66	0,0 	0
641     	-26.33, -26.97, -6.02 	-0.06, -0.13, -6.75 	0.00, 20.00 	11,2,17,187		0.00,4.04	0,0 	0
650     	-26.32, -26.97, -6.02 	-0.06, -0.15, -6.75 	0.00, 20.00 	11,2,17,197		1.12,2.46	0,0 	0
659     	-26.27, -26.98, -6.00 	-0.05, -0.15, -6.75 	0.00, 20.00 	11,2,17,207		5.74,1.12	0,0 	0
667     	-26.28, -26.98, -6.01 	-0.05, -0.15, -6.74 	0.00, 20.00 	11,2,17,216		1.26,0.00	0,0 	0
676     	-26.29, -26.94, -6.02 	-0.05, -0.15, -6.74 	0.00, 20.00 	11,2,17,226		5.06,0.00	0,0 	0
685     	-26.29, -26.94, -6.02 	-0.04, -0.15, -6.75 	0.00, 20.00 	11,2,17,236		0.00,1.12	0,0 	0
693     	-26.29, -26.94, -6.02 	-0.06, -0.14, -6.75 	0.00, 20.00 	11,2,17,245		0.00,2.87	0,0 	0
702     	-26.29, -26.94, -6.02 	-0.03, -0.13, -6.74 	0.00, 20.00 	11,2,17,255		0.00,3.60	0,0 	0
711     	-26.29, -26.94, -6.02 	-0.03, -0.13, -6.74 	0.00, 20.00 	11,2,17,265		0.00,0.00	0,0 	0
719     	-26.30, -26.97, -6.02 	-0.05, -0.14, -6.75 	0.00, 20.00 	11,2,17,274		4.38,2.89	0,0 	0
728     	-26.30, -26.96, -6.04 	-0.05, -0.14, -6.75 	0.00, 20.00 	11,2,17,284		1.24,0.00	0,0 	0
737     	-26.30, -26.96, -6.05 	-0.05, -0.13, -6.75 	0.00, 20.00 	11,2,17,294		0.00,1.23	0,0 	0
746     	-26.30, -26.96, -6.04 	-0.03, -0.14, -6.74 	0.00, 20.00 	11,2,17,304		0.00,2.55	0,0 	0
754     	-26.34, -26.97, -6.05 	-0.06, -0.14, -6.74 	0.00, 20.00 	11,2,17,313		5.25,3.79	0,0 	0
763     	-26.34, -26.96, -6.05 	-0.08, -0.15, -6.74 	0.00, 20.00 	11,2,17,323		1.24,2.57	0,0 	0
772     	-26.37, -26.95, -6.05 	-0.06, -0.14, -6.74 	0.00, 20.00 	11,2,17,333		3.58,2.57	0,0 	0
780     	-26.36, -26.93, -6.05 	-0.06, -0.14, -6.74 	0.00, 20.00 	11,2,17,342		3.07,0.00	0,0 	0
789     	-26.32, -26.91, -6.07 	-0.08, -0.15, -6.75 	0.00, 20.00 	11,2,17,352		5.15,2.57	0,0 	0
798     	-26.31, -26.87, -6.07 	-0.07, -0.13, -6.75 	0.00, 20.00 	11,2,17,362		3.89,2.71	0,0 	0
806     	-26.29, -26.85, -6.06 	-0.06, -0.13, -6.74 	0.00, 20.00 	11,2,17,371		3.78,1.26	0,0 	0
815     	-26.27, -26.83, -6.07 	-0.06, -0.13, -6.74 	0.00, 20.00 	11,2,17,381		2.73,0.00	0,0 	0
824     	-26.31, -26.81, -6.06 	-0.06, -0.13, -6.74 	0.00, 20.00 	11,2,17,391		5.10,0.00	0,0 	0
832     	-26.37, -26.83, -6.06 	-0.05, -0.14, -6.74 	0.00, 20.00 	11,2,17,400		6.93,1.86	0,0 	0
841     	-26.33, -26.84, -6.07 	-0.04, -0.14, -6.75 	0.00, 20.00 	11,2,17,410		4.65,1.12	0,0 	0
850     	-26.33, -26.86, -6.06 	-0.04, -0.15, -6.74 	0.00, 20.00 	11,2,17,420		2.48,1.23	0,0 	0
858     	-26.34, -26.86, -6.07 	-0.04, -0.15, -6.74 	0.00, 20.00 	11,2,17,429		1.26,0.00	0,0 	0
867     	-26.34, -26.88, -6.06 	-0.06, -0.15, -6.74 	0.00, 20.00 	11,2,17,439		2.47,2.25	0,0 	0
876     	-26.37, -26.86, -6.08 	-0.06, -0.15, -6.73 	0.00, 20.00 	11,2,17,449		4.16,0.00	0,0 	0
884     	-26.35, -26.86, -6.09 	-0.06, -0.15, -6.73 	0.00, 20.00 	11,2,17,458		2.53,0.00	0,0 	0
893     	-26.35, -26.87, -6.09 	-0.04, -0.14, -6.73 	0.00, 20.00 	11,2,17,468		1.24,2.57	0,0 	0
902     	-26.35, -26.88, -6.11 	-0.05, -0.15, -6.74 	0.00, 20.00 	11,2,17,478		1.24,1.67	0,0 	0
910     	-26.33, -26.93, -6.11 	-0.03, -0.15, -6.73 	0.00, 20.00 	11,2,17,487		6.09,2.53	0,0 	0
919     	-26.30, -26.92, -6.11 	-0.06, -0.15, -6.73 	0.00, 20.00 	11,2,17,497		3.60,3.37	0,0 	0
928     	-26.33, -26.91, -6.12 	-0.07, -0.15, -6.74 	0.00, 20.00 	11,2,17,507		3.58,1.12	0,0 	0
937     	-26.34, -26.90, -6.10 	-0.05, -0.14, -6.73 	0.00, 20.00 	11,2,17,517		1.12,2.57	0,0 	0
945     	-26.35, -26.89, -6.10 	-0.05, -0.14, -6.73 	0.00, 20.00 	11,2,17,526		1.87,0.00	0,0 	0
954     	-26.35, -26.88, -6.10 	-0.03, -0.15, -6.74 	0.00, 20.00 	11,2,17,536		1.24,2.55	0,0 	0
963     	-26.33, -26.89, -6.11 	-0.05, -0.15, -6.75 	0.00, 20.00 	11,2,17,546		2.55,2.25	0,0 	0
971     	-26.32, -26.89, -6.10 	-0.05, -0.15, -6.75 	0.00, 20.00 	11,2,17,555		1.26,0.00	0,0 	0
980     	-26.37, -26.90, -6.11 	-0.05, -0.15, -6.75 	0.00, 20.00 	11,2,17,565		5.76,0.00	0,0 	0
989     	-26.39, -26.86, -6.14 	-0.02, -0.15, -6.74 	0.00, 20.00 	11,2,17,575		5.41,3.37	0,0 	0
997     	-26.39, -26.90, -6.13 	-0.04, -0.16, -6.74 	0.00, 20.00 	11,2,17,584		5.57,2.89	0,0 	0
1006    	-26.38, -26.91, -6.13 	-0.06, -0.16, -6.75 	0.00, 20.00 	11,2,17,594		1.66,2.25	1000,1 	0
1015    	-26.38, -26.91, -6.16 	-0.06, -0.16, -6.75 	0.00, 20.00 	11,2,17,604		0.00,0.00	1000,1 	0
1023    	-26.34, -26.90, -6.15 	-0.02, -0.15, -6.74 	0.00, 20.00 	11,2,17,613		5.25,5.25	1000,1 	0
1032    	-26.36, -26.90, -6.14 	-0.04, -0.15, -6.74 	0.00, 20.00 	11,2,17,623		2.25,2.25	1000,1 	0
1041    	-26.41, -26.89, -6.14 	-0.04, -0.15, -6.74 	0.00, 20.00 	11,2,17,633		5.74,0.00	1000,1 	0
1049    	-26.41, -26.89, -6.14 	-0.02, -0.13, -6.73 	0.00, 20.00 	11,2,17,642		0.00,3.76	1000,1 	0
1058    	-26.39, -26.88, -6.16 	-0.03, -0.14, -6.73 	0.00, 20.00 	11,2,17,652		2.58,1.67	1000,1 	0
1067    	-26.39, -26.88, -6.18 	-0.03, -0.14, -6.73 	0.00, 20.00 	11,2,17,662		0.00,0.00	1000,1 	0
1075    	-26.40, -26.90, -6.18 	-0.05, -0.14, -6.73 	0.00, 20.00 	11,2,17,671		3.07,2.53	1000,1 	0
1084    	-26.38, -26.94, -6.17 	-0.05, -0.14, -6.73 	0.00, 20.00 	11,2,17,681		4.32,0.00	1000,1 	0
1093    	-26.36, -26.93, -6.18 	-0.03, -0.14, -6.74 	0.00, 20.00 	11,2,17,691		2.57,2.25	1000,1 	0
1101    	-26.41, -26.90, -6.18 	-0.03, -0.14, -6.73 	0.00, 20.00 	11,2,17,700		6.87,0.00	1000,1 	0
1111    	-26.42, -26.91, -6.17 	-0.03, -0.14, -6.73 	0.00, 20.00 	11,2,17,710		1.51,0.00	1000,1 	0
1120    	-26.42, -26.91, -6.17 	-0.02, -0.14, -6.73 	0.00, 20.00 	11,2,17,720		0.00,1.12	1000,1 	0
1129    	-26.42, -26.92, -6.18 	-0.02, -0.14, -6.73 	0.00, 20.00 	11,2,17,730		1.24,0.00	1000,1 	0
1137    	-26.37, -26.92, -6.19 	-0.02, -0.14, -6.73 	0.00, 20.00 	11,2,17,739		6.48,0.00	1000,1 	0
1147    	-26.37, -26.92, -6.19 	0.00, -0.13, -6.74 	0.00, 20.00 	11,2,17,749		0.00,2.31	1000,1 	0
1156    	-26.33, -26.92, -6.19 	0.00, -0.13, -6.74 	0.00, 20.00 	11,2,17,759		4.49,0.00	1000,1 	0
1164    	-26.34, -26.89, -6.21 	0.00, -0.14, -6.73 	0.00, 20.00 	11,2,17,768		3.05,1.38	1000,1 	0
1173    	-26.31, -26.92, -6.21 	0.00, -0.14, -6.73 	0.00, 20.00 	11,2,17,778		4.16,0.00	1000,1 	0
1182    	-26.37, -26.95, -6.21 	0.00, -0.14, -6.73 	0.00, 20.00 	11,2,17,788		7.73,0.00	1000,1 	0
1190    	-26.36, -26.94, -6.22 	-0.01, -0.12, -6.73 	0.00, 20.00 	11,2,17,797		1.89,3.03	1000,1 	0
1199    	-26.36, -26.92, -6.23 	0.01, -0.14, -6.73 	0.00, 20.00 	11,2,17,807		2.47,3.31	1000,1 	0
1208    	-26.31, -26.91, -6.24 	0.01, -0.12, -6.75 	0.00, 20.00 	11,2,17,817		5.76,2.46	1000,1 	0
1216    	-26.35, -26.89, -6.24 	-0.03, -0.13, -6.75 	0.00, 20.00 	11,2,17,826		5.23,5.25	1000,1 	0
1225    	-26.35, -26.90, -6.23 	-0.02, -0.14, -6.75 	0.00, 20.00 	11,2,17,836		1.24,1.66	1000,1 	0
1234    	-26.34, -26.90, -6.23 	-0.02, -0.14, -6.75 	0.00, 20.00 	11,2,17,846		1.12,0.00	1000,1 	0
1242    	-26.35, -26.93, -6.22 	0.00, -0.14, -6.75 	0.00, 20.00 	11,2,17,855		3.07,2.53	1000,1 	0
1251    	-26.32, -26.91, -6.21 	0.00, -0.14, -6.75 	0.00, 20.00 	11,2,17,865		4.20,0.00	1000,1 	0
1260    	-26.33, -26.93, -6.21 	0.00, -0.12, -6.75 	0.00, 20.00 	11,2,17,875		2.73,2.46	1000,1 	0
1268    	-26.35, -26.95, -6.24 	-0.01, -0.12, -6.75 	0.00, 20.00 	11,2,17,884		3.78,1.26	1000,1 	0
1277    	-26.34, -26.95, -6.24 	-0.01, -0.12, -6.75 	0.00, 20.00 	11,2,17,894		1.12,0.00	1000,1 	0
1286    	-26.35, -26.97, -6.25 	-0.02, -0.13, -6.75 	0.00, 20.00 	11,2,17,904		2.73,1.67	1000,1 	0
1294    	-26.37, -26.95, -6.25 	-0.02, -0.13, -6.75 	0.00, 20.00 	11,2,17,913		3.74,0.00	1000,1 	0
1303    	-26.35, -26.98, -6.25 	-0.04, -0.14, -6.75 	0.00, 20.00 	11,2,17,923		4.32,2.57	1000,1 	0
1312    	-26.35, -26.99, -6.26 	-0.04, -0.13, -6.73 	0.00, 20.00 	11,2,17,933		1.24,1.23	1000,1 	0
1321    	-26.36, -26.99, -6.25 	-0.04, -0.14, -6.73 	0.00, 20.00 	11,2,17,943		1.12,1.23	1000,1 	0
1329    	-26.36, -26.98, -6.28 	-0.02, -0.14, -6.72 	0.00, 20.00 	11,2,17,952		1.39,2.53	1000,1 	0
1338    	-26.34, -26.95, -6.28 	-0.04, -0.15, -6.72 	0.00, 20.00 	11,2,17,962		4.36,2.57	1000,1 	0
1346    	-26.36, -26.94, -6.30 	-0.05, -0.14, -6.71 	0.00, 20.00 	11,2,17,971		2.87,1.86	1000,1 	0
1355    	-26.35, -26.95, -6.28 	-0.02, -0.13, -6.71 	0.00, 20.00 	11,2,17,981		1.66,3.60	1000,1 	0
1364    	-26.32, -26.95, -6.30 	0.14, -0.08, -6.65 	0.00, 20.00 	11,2,17,991		3.37,17.98	1000,1 	0
1373    	-26.36, -26.95, -6.31 	0.24, 0.14, -6.56 	0.00, 20.00 	11,2,18,1		4.49,26.63	1000,1 	0
1381    	-26.36, -26.92, -6.33 	0.06, 0.36, -6.49 	0.00, 20.00 	11,2,18,10		4.18,35.64	1000,1 	0
1390    	-26.37, -26.86, -6.34 	-0.14, 0.71, -6.56 	0.00, 20.00 	11,2,18,20		6.28,44.61	1000,1 	0
1399    	-26.39, -26.81, -6.36 	-0.18, 1.21, -6.71 	0.00, 20.00 	11,2,18,30		5.96,55.61	1000,1 	0
1407    	-26.33, -26.73, -6.42 	-0.14, 1.77, -6.94 	0.00, 20.00 	11,2,18,39		13.54,70.52	1000,1 	0
1416    	-26.29, -26.63, -6.46 	-0.22, 2.26, -7.11 	0.00, 20.00 	11,2,18,49		12.05,55.09	1000,1 	0
1425    	-26.26, -26.42, -6.57 	-0.27, 2.57, -7.19 	0.00, 20.00 	11,2,18,59		23.64,34.98	1000,1 	0
1433    	-26.21, -26.14, -6.66 	-0.40, 2.83, -7.24 	0.00, 20.00 	11,2,18,68		35.22,35.65	1000,1 	0
1442    	-26.12, -25.84, -6.71 	-0.44, 3.19, -7.29 	0.00, 20.00 	11,2,18,78		34.41,39.81	1000,1 	0
1451    	-26.06, -25.50, -6.76 	-0.47, 3.63, -7.34 	0.00, 20.00 	11,2,18,88		38.83,49.29	1000,1 	0
1459    	-26.00, -24.98, -6.84 	-0.49, 4.37, -7.45 	0.00, 20.00 	11,2,18,97		65.68,92.72	1000,1 	0
1468    	-25.94, -24.42, -6.90 	-0.44, 5.41, -7.58 	0.00, 20.00 	11,2,18,107		62.00,115.47	1000,1 	0
1477    	-25.84, -23.86, -6.96 	-0.32, 6.17, -7.73 	0.00, 20.00 	11,2,18,117		63.84,85.41	1000,1 	0
1485    	-25.67, -23.43, -7.07 	-0.22, 6.81, -7.84 	0.00, 20.00 	11,2,18,126		57.70,80.68	1000,1 	0
1494    	-25.57, -23.10, -7.18 	-0.20, 7.39, -7.95 	0.00, 20.00 	11,2,18,136		38.58,65.08	1000,1 	0
1503    	-25.48, -22.80, -7.23 	-0.14, 7.99, -8.00 	0.00, 20.00 	11,2,18,146		34.41,66.50	1000,1 	0
1512    	-25.33, -22.45, -7.32 	-0.16, 8.57, -8.05 	0.00, 20.00 	11,2,18,156		42.76,65.20	1000,1 	0
1520    	-25.13, -22.03, -7.43 	-0.15, 9.17, -8.08 	0.00, 20.00 	11,2,18,165		57.80,74.60	1000,1 	0
1529    	-25.01, -21.64, -7.47 	-0.03, 9.72, -8.09 	0.00, 20.00 	11,2,18,175		44.86,62.51	1000,1 	0
1538    	-24.89, -21.28, -7.54 	0.07, 10.27, -8.12 	0.00, 20.00 	11,2,18,185		42.47,62.12	1000,1 	0
1546    	-24.80, -20.96, -7.59 	0.14, 10.84, -8.17 	0.00, 20.00 	11,2,18,194		41.72,72.16	1000,1 	0
1555    	-24.62, -20.59, -7.66 	0.24, 11.38, -8.23 	0.00, 20.00 	11,2,18,204		44.79,60.91	1000,1 	0
1564    	-24.48, -20.20, -7.73 	0.29, 11.93, -8.28 	0.00, 20.00 	11,2,18,214		47.03,61.52	1000,1 	0
1572    	-24.32, -19.82, -7.76 	0.32, 12.40, -8.31 	0.00, 20.00 	11,2,18,223		50.70,58.04	1000,1 	0
1581    	-24.17, -19.46, -7.77 	0.31, 12.87, -8.31 	0.00, 20.00 	11,2,18,233		43.51,52.88	1000,1 	0
1590    	-24.00, -19.12, -7.80 	0.29, 13.35, -8.33 	0.00, 20.00 	11,2,18,243		42.53,52.88	1000,1 	0
1598    	-23.75, -18.85, -7.85 	0.33, 13.87, -8.36 	0.00, 20.00 	11,2,18,252		45.57,65.00	1000,1 	0
1607    	-23.63, -18.47, -7.89 	0.40, 14.38, -8.36 	0.00, 20.00 	11,2,18,262		43.98,58.03	1000,1 	0
1616    	-23.46, -18.12, -7.95 	0.45, 14.86, -8.34 	0.00, 20.00 	11,2,18,272		43.20,52.94	1000,1 	0
1624    	-23.32, -17.82, -8.03 	0.44, 15.30, -8.31 	0.00, 20.00 	11,2,18,281		42.46,55.29	1000,1 	0
1633    	-23.21, -17.51, -8.13 	0.45, 15.72, -8.26 	0.00, 20.00 	11,2,18,291		36.20,46.67	1000,1 	0
1642    	-23.08, -17.25, -8.18 	0.42, 16.14, -8.23 	0.00, 20.00 	11,2,18,301		31.62,46.84	1000,1 	0
1650    	-22.93, -16.96, -8.22 	0.40, 16.54, -8.20 	0.00, 20.00 	11,2,18,310		41.71,49.95	1000,1 	0
1659    	-22.77, -16.74, -8.25 	0.35, 16.93, -8.15 	0.00, 20.00 	11,2,18,320		30.08,43.45	1000,1 	0
1668    	-22.62, -16.53, -8.29 	0.29, 17.29, -8.08 	0.00, 20.00 	11,2,18,330		28.42,41.21	1000,1 	0
1676    	-22.54, -16.30, -8.35 	0.26, 17.65, -8.01 	0.00, 20.00 	11,2,18,339		30.63,44.45	1000,1 	0
1686    	-22.41, -16.04, -8.40 	0.21, 17.97, -7.91 	0.00, 20.00 	11,2,18,349		29.06,32.57	1000,1 	0
1695    	-22.33, -15.82, -8.42 	0.22, 18.26, -7.82 	0.00, 20.00 	11,2,18,359		26.05,31.93	1000,1 	0
1705    	-22.28, -15.66, -8.45 	0.24, 18.50, -7.72 	0.00, 20.00 	11,2,18,369		16.44,24.34	1000,1 	0
1713    	-22.20, -15.55, -8.46 	0.27, 18.69, -7.62 	0.00, 20.00 	11,2,18,378		16.57,23.64	1000,1 	0
1722    	-22.21, -15.48, -8.46 	0.27, 18.87, -7.53 	0.00, 20.00 	11,2,18,388		8.72,19.67	1000,1 	0
1730    	-22.20, -15.33, -8.48 	0.29, 19.01, -7.43 	0.00, 20.00 	11,2,18,397		18.10,18.16	1000,1 	0
1739    	-22.11, -15.16, -8.49 	0.31, 19.17, -7.35 	0.00, 20.00 	11,2,18,407		22.32,18.46	1000,1 	0
1748    	-22.06, -15.02, -8.51 	0.33, 19.31, -7.27 	0.00, 20.00 	11,2,18,417		15.56,14.92	1000,1 	0
1757    	-22.00, -14.92, -8.52 	0.37, 19.44, -7.19 	0.00, 20.00 	11,2,18,427		12.53,15.14	1000,1 	0
1765    	-21.94, -14.87, -8.54 	0.35, 19.54, -7.11 	0.00, 20.00 	11,2,18,436		10.34,12.67	1000,1 	0
1774    	-21.95, -14.78, -8.54 	0.39, 19.62, -7.08 	0.00, 20.00 	11,2,18,446		9.95,10.84	1000,1 	0
1783    	-21.87, -14.74, -8.56 	0.42, 19.72, -7.06 	0.00, 20.00 	11,2,18,456		10.30,11.30	1000,1 	0
1791    	-21.83, -14.66, -8.59 	0.49, 19.84, -7.06 	0.00, 20.00 	11,2,18,465		10.49,17.64	1000,1 	0
1800    	-21.79, -14.61, -8.60 	0.55, 19.96, -7.04 	0.00, 20.00 	11,2,18,475		7.68,14.67	1000,1 	0
1809    	-21.76, -14.55, -8.63 	0.59, 20.03, -7.03 	0.00, 20.00 	11,2,18,485		7.08,8.66	1000,1 	0
1817    	-21.74, -14.51, -8.64 	0.61, 20.05, -7.03 	0.00, 20.00 	11,2,18,494		5.72,3.76	1000,1 	0
1826    	-21.70, -14.48, -8.67 	0.58, 20.03, -7.01 	0.00, 20.00 	11,2,18,504		5.86,4.19	1000,1 	0
1835    	-21.67, -14.46, -8.66 	0.57, 20.00, -7.01 	0.00, 20.00 	11,2,18,514		4.20,3.86	1000,1 	0
1843    	-21.67, -14.41, -8.68 	0.56, 19.95, -7.01 	0.00, 20.00 	11,2,18,523		5.57,5.68	1000,1 	0
1852    	-21.63, -14.41, -8.67 	0.53, 19.92, -7.00 	0.00, 20.00 	11,2,18,533		4.49,5.01	1000,1 	0
1861    	-21.64, -14.39, -8.68 	0.51, 19.86, -6.98 	0.00, 20.00 	11,2,18,543		2.71,6.25	1000,1 	0
1869    	-21.65, -14.37, -8.69 	0.48, 19.84, -6.97 	0.00, 20.00 	11,2,18,552		3.05,4.71	1000,1 	0
1878    	-21.64, -14.33, -8.70 	0.48, 19.81, -6.96 	0.00, 20.00 	11,2,18,562		3.89,3.68	1000,1 	0
1887    	-21.60, -14.34, -8.71 	0.46, 19.82, -6.97 	0.00, 20.00 	11,2,18,572		4.49,2.55	1000,1 	0
1896    	-21.57, -14.34, -8.73 	0.46, 19.81, -6.96 	0.00, 20.00 	11,2,18,582		3.37,1.23	1000,1 	0
1904    	-21.57, -14.33, -8.75 	0.45, 19.81, -6.95 	0.00, 20.00 	11,2,18,591		1.39,1.26	1000,1 	0
1913    	-21.57, -14.34, -8.75 	0.46, 19.81, -6.95 	0.00, 20.00 	11,2,18,601		1.24,1.12	1000,1 	0
1922    	-21.55, -14.33, -8.75 	0.46, 19.80, -6.96 	0.00, 20.00 	11,2,18,611		2.58,1.23	1000,1 	0
1930    	-21.56, -14.35, -8.75 	0.48, 19.81, -6.96 	0.00, 20.00 	11,2,18,620		3.07,2.89	1000,1 	0
1940    	-21.53, -14.36, -8.75 	0.48, 19.81, -6.97 	0.00, 20.00 	11,2,18,630		3.22,0.00	1000,1 	0
1949    	-21.53, -14.34, -8.75 	0.47, 19.81, -6.97 	0.00, 20.00 	11,2,18,640		2.47,1.12	1000,1 	0
1957    	-21.53, -14.34, -8.77 	0.47, 19.81, -6.97 	0.00, 20.00 	11,2,18,649		0.00,0.00	1000,1 	0
1966    	-21.51, -14.32, -8.79 	0.44, 19.82, -6.96 	0.00, 20.00 	11,2,18,659		2.73,3.58	1000,1 	0
1975    	-21.51, -14.32, -8.80 	0.44, 19.81, -6.95 	0.00, 20.00 	11,2,18,669		0.00,1.23	1000,1 	0
1983    	-21.52, -14.30, -8.82 	0.44, 19.82, -6.95 	0.00, 20.00 	11,2,18,678		1.87,1.38	1000,1 	0
1992    	-21.50, -14.27, -8.81 	0.45, 19.82, -6.96 	0.00, 20.00 	11,2,18,688		4.36,1.12	1000,1 	0
2001    	-21.49, -14.26, -8.82 	0.44, 19.81, -6.96 	0.00, 20.00 	11,2,18,698		1.68,1.67	1000,1 	0
2009    	-21.51, -14.28, -8.81 	0.42, 19.79, -6.96 	0.00, 20.00 	11,2,18,706		3.78,3.76	1000,1 	0
2018    	-21.50, -14.27, -8.83 	0.40, 19.77, -6.94 	0.00, 20.00 	11,2,18,717		1.68,3.34	1000,1 	0
2027    	-21.48, -14.28, -8.82 	0.37, 19.74, -6.92 	0.00, 20.00 	11,2,18,726		2.55,5.01	1000,1 	0
2035    	-21.49, -14.29, -8.84 	0.32, 19.68, -6.90 	0.00, 20.00 	11,2,18,735		1.89,9.40	1000,1 	0
2044    	-21.49, -14.29, -8.85 	0.25, 19.61, -6.88 	0.00, 20.00 	11,2,18,745		0.00,10.96	1000,1 	0
2053    	-21.49, -14.28, -8.86 	0.25, 19.41, -6.87 	0.00, 20.00 	11,2,18,755		1.24,22.12	1000,1 	0
2061    	-21.52, -14.32, -8.86 	0.33, 19.27, -6.94 	0.00, 20.00 	11,2,18,765		5.67,19.34	1000,1 	0
2070    	-21.53, -14.33, -8.88 	0.40, 19.12, -7.02 	0.00, 20.00 	11,2,18,774		1.24,18.84	1000,1 	0
2079    	-21.54, -14.33, -8.88 	0.43, 18.95, -7.11 	0.00, 20.00 	11,2,18,784		1.12,18.92	1000,1 	0
2089    	-21.54, -14.36, -8.87 	0.44, 18.76, -7.21 	0.00, 20.00 	11,2,18,795		3.34,18.88	1000,1 	0
2097    	-21.53, -14.38, -8.88 	0.47, 18.55, -7.31 	0.00, 20.00 	11,2,18,803		3.05,26.49	1000,1 	0
2106    	-21.54, -14.44, -8.88 	0.47, 18.31, -7.40 	0.00, 20.00 	11,2,18,813		6.30,27.03	1000,1 	0
2115    	-21.56, -14.47, -8.87 	0.46, 18.01, -7.51 	0.00, 20.00 	11,2,18,823		4.36,33.15	1000,1 	0
2123    	-21.59, -14.53, -8.88 	0.42, 17.64, -7.61 	0.00, 20.00 	11,2,18,832		7.96,45.68	1000,1 	0
2132    	-21.62, -14.66, -8.87 	0.43, 17.24, -7.72 	0.00, 20.00 	11,2,18,842		15.04,45.47	1000,1 	0
2141    	-21.67, -14.85, -8.85 	0.44, 16.76, -7.85 	0.00, 20.00 	11,2,18,852		21.56,52.88	1000,1 	0
2149    	-21.82, -15.06, -8.82 	0.49, 16.26, -8.00 	0.00, 20.00 	11,2,18,861		33.14,62.56	1000,1 	0
2158    	-21.94, -15.44, -8.75 	0.54, 15.70, -8.12 	0.00, 20.00 	11,2,18,871		43.98,63.05	1000,1 	0
2167    	-22.16, -15.89, -8.71 	0.59, 15.09, -8.24 	0.00, 20.00 	11,2,18,881		55.25,67.93	1000,1 	0
2175    	-22.36, -16.50, -8.64 	0.61, 14.44, -8.34 	0.00, 20.00 	11,2,18,890		80.11,80.32	1000,1 	0
2184    	-22.61, -17.18, -8.54 	0.61, 13.76, -8.43 	0.00, 20.00 	11,2,18,900		80.85,76.15	1000,1 	0
2193    	-22.88, -17.88, -8.38 	0.65, 13.05, -8.52 	0.00, 20.00 	11,2,18,910		83.93,78.82	1000,1 	0
2201    	-23.14, -18.44, -8.20 	0.66, 12.34, -8.61 	0.00, 20.00 	11,2,18,919		77.00,88.51	1000,1 	0
2210    	-23.30, -18.89, -8.11 	0.72, 11.63, -8.69 	0.00, 20.00 	11,2,18,929		52.09,79.03	1000,1 	0
2219    	-23.36, -19.26, -8.14 	0.74, 10.95, -8.76 	0.00, 20.00 	11,2,18,939		42.36,76.29	1000,1 	0
2227    	-23.48, -19.62, -8.22 	0.77, 10.27, -8.82 	0.00, 20.00 	11,2,18,948		46.81,84.45	1000,1 	0
2236    	-23.62, -19.98, -8.24 	0.83, 9.59, -8.86 	0.00, 20.00 	11,2,18,959		43.14,76.59	1000,1 	0
2245    	-23.79, -20.35, -8.22 	0.82, 8.87, -8.88 	0.00, 20.00 	11,2,18,968		45.92,79.83	1000,1 	0
2253    	-23.99, -20.74, -8.18 	0.85, 8.20, -8.86 	0.00, 20.00 	11,2,18,977		53.99,83.07	1000,1 	0
2262    	-24.09, -21.02, -8.13 	0.82, 7.64, -8.87 	0.00, 20.00 	11,2,18,987		33.83,62.64	1000,1 	0
2271    	-24.24, -21.30, -8.09 	0.82, 7.08, -8.85 	0.00, 20.00 	11,2,18,997		34.35,62.65	1000,1 	0
2280    	-24.34, -21.61, -8.07 	0.77, 6.58, -8.84 	0.00, 20.00 	11,2,19,7		36.20,55.39	1000,1 	0
2288    	-24.50, -21.97, -8.05 	0.72, 6.15, -8.85 	0.00, 20.00 	11,2,19,16		49.40,54.04	1000,1 	0
2297    	-24.66, -22.28, -8.06 	0.68, 5.75, -8.85 	0.00, 20.00 	11,2,19,26		38.69,44.36	1000,1 	0
2306    	-24.72, -22.52, -8.06 	0.56, 5.40, -8.86 	0.00, 20.00 	11,2,19,36		27.86,41.29	1000,1 	0
2314    	-24.91, -22.80, -8.06 	0.48, 5.04, -8.85 	0.00, 20.00 	11,2,19,45		42.28,46.27	1000,1 	0
2323    	-24.92, -23.12, -8.05 	0.39, 4.68, -8.83 	0.00, 20.00 	11,2,19,55		34.65,41.58	1000,1 	0
2332    	-24.98, -23.43, -8.01 	0.31, 4.34, -8.83 	0.00, 20.00 	11,2,19,65		35.16,38.71	1000,1 	0
2340    	-25.05, -23.66, -7.98 	0.29, 4.02, -8.78 	0.00, 20.00 	11,2,19,74		30.28,40.09	1000,1 	0
2349    	-25.08, -23.86, -7.95 	0.37, 3.76, -8.75 	0.00, 20.00 	11,2,19,84		22.41,29.57	1000,1 	0
2358    	-25.07, -24.07, -7.97 	0.37, 3.54, -8.75 	0.00, 20.00 	11,2,19,94		23.60,24.58	1000,1 	0
2366    	-25.19, -24.18, -7.93 	0.38, 3.30, -8.73 	0.00, 20.00 	11,2,19,103		20.69,30.48	1000,1 	0
2375    	-25.20, -24.29, -7.88 	0.40, 3.09, -8.76 	0.00, 20.00 	11,2,19,113		12.38,23.55	1000,1 	0
2384    	-25.26, -24.34, -7.86 	0.43, 2.91, -8.78 	0.00, 20.00 	11,2,19,123		9.19,19.91	1000,1 	0
2392    	-25.31, -24.41, -7.80 	0.49, 2.80, -8.80 	0.00, 20.00 	11,2,19,132		9.81,16.34	1000,1 	0
2401    	-25.32, -24.43, -7.81 	0.54, 2.74, -8.82 	0.00, 20.00 	11,2,19,142		2.73,8.29	1000,1 	0
2410    	-25.39, -24.48, -7.83 	0.61, 2.69, -8.84 	0.00, 20.00 	11,2,19,152		10.05,9.23	1000,1 	0
2418    	-25.36, -24.55, -7.81 	0.61, 2.73, -8.88 	0.00, 20.00 	11,2,19,161		9.14,4.14	1000,1 	0
2427    	-25.42, -24.55, -7.85 	0.63, 2.76, -8.91 	0.00, 20.00 	11,2,19,171		6.74,4.33	1000,1 	0
2436    	-25.39, -24.57, -7.83 	0.63, 2.79, -8.92 	0.00, 20.00 	11,2,19,181		4.16,3.68	1000,1 	0
2444    	-25.38, -24.57, -7.85 	0.67, 2.82, -8.93 	0.00, 20.00 	11,2,19,190		1.26,5.64	1000,1 	0
2453    	-25.38, -24.56, -7.85 	0.64, 2.85, -8.93 	0.00, 20.00 	11,2,19,200		1.24,4.15	1000,1 	0
2462    	-25.42, -24.55, -7.87 	0.66, 2.91, -8.93 	0.00, 20.00 	11,2,19,210		4.65,7.72	1000,1 	0
2471    	-25.41, -24.56, -7.88 	0.62, 3.10, -8.96 	0.00, 20.00 	11,2,19,220		1.66,21.32	1000,1 	0
2479    	-25.42, -24.50, -7.85 	0.55, 3.91, -9.01 	0.00, 20.00 	11,2,19,229		7.06,101.53	1000,1 	0
2488    	-25.39, -24.47, -7.85 	0.30, 6.02, -9.11 	0.00, 20.00 	11,2,19,239		5.04,235.77	1000,1 	0
2497    	-25.41, -24.48, -7.85 	0.26, 7.26, -9.09 	0.00, 20.00 	11,2,19,249		2.58,137.82	1000,1 	0
2505    	-25.38, -24.40, -7.88 	0.25, 8.02, -9.07 	0.00, 20.00 	11,2,19,258		10.49,95.36	1000,1 	0
2514    	-25.30, -24.23, -7.91 	0.23, 8.73, -8.98 	0.00, 20.00 	11,2,19,268		21.38,78.74	1000,1 	0
2523    	-25.21, -23.95, -7.92 	0.18, 9.43, -8.91 	0.00, 20.00 	11,2,19,278		32.31,77.69	1000,1 	0
2531    	-25.02, -23.38, -7.99 	0.09, 10.16, -8.82 	0.00, 20.00 	11,2,19,287		75.37,92.30	1000,1 	0
2540    	-24.76, -22.63, -8.10 	0.01, 10.87, -8.71 	0.00, 20.00 	11,2,19,297		88.28,79.29	1000,1 	0
2549    	-24.51, -21.69, -8.24 	0.01, 11.60, -8.63 	0.00, 20.00 	11,2,19,307		108.04,81.09	1000,1 	0
2557    	-24.10, -20.70, -8.42 	-0.04, 12.26, -8.54 	0.00, 20.00 	11,2,19,316		133.74,83.28	1000,1 	0
2566    	-23.81, -19.77, -8.51 	-0.04, 12.93, -8.47 	0.00, 20.00 	11,2,19,326		107.96,73.69	1000,1 	0
2575    	-23.59, -19.03, -8.53 	-0.04, 13.52, -8.39 	0.00, 20.00 	11,2,19,336		85.83,66.33	1000,1 	0
2583    	-23.40, -18.62, -8.52 	-0.01, 14.14, -8.32 	0.00, 20.00 	11,2,19,345		57.30,77.36	1000,1 	0
2592    	-23.28, -18.31, -8.55 	-0.02, 14.66, -8.24 	0.00, 20.00 	11,2,19,355		36.91,57.74	1000,1 	0
2601    	-23.03, -18.14, -8.60 	0.00, 15.18, -8.16 	0.00, 20.00 	11,2,19,365		33.61,57.71	1000,1 	0
2609    	-22.90, -17.87, -8.71 	0.05, 15.66, -8.07 	0.00, 20.00 	11,2,19,374		36.32,60.93	1000,1 	0
2618    	-22.75, -17.54, -8.81 	0.08, 16.13, -7.99 	0.00, 20.00 	11,2,19,384		40.47,51.59	1000,1 	0
2627    	-22.61, -17.25, -8.88 	0.08, 16.54, -7.91 	0.00, 20.00 	11,2,19,394		36.60,45.44	1000,1 	0
2635    	-22.54, -17.01, -8.95 	0.11, 16.92, -7.81 	0.00, 20.00 	11,2,19,403		30.28,48.38	1000,1 	0
2644    	-22.39, -16.85, -9.00 	0.13, 17.31, -7.74 	0.00, 20.00 	11,2,19,413		24.45,43.00	1000,1 	0
2653    	-22.31, -16.69, -9.03 	0.22, 17.63, -7.68 	0.00, 20.00 	11,2,19,423		20.23,36.80	1000,1 	0
2661    	-22.24, -16.48, -9.04 	0.27, 17.95, -7.62 	0.00, 20.00 	11,2,19,432		27.59,40.42	1000,1 	0
2670    	-22.11, -16.25, -9.05 	0.32, 18.22, -7.57 	0.00, 20.00 	11,2,19,442		29.40,31.06	1000,1 	0
2679    	-22.02, -16.02, -9.04 	0.36, 18.49, -7.50 	0.00, 20.00 	11,2,19,452		27.59,29.69	1000,1 	0
2688    	-21.92, -15.85, -9.04 	0.41, 18.70, -7.42 	0.00, 20.00 	11,2,19,462		21.23,23.80	1000,1 	0
2696    	-21.82, -15.76, -9.03 	0.45, 18.88, -7.35 	0.00, 20.00 	11,2,19,471		17.88,23.82	1000,1 	0
2705    	-21.72, -15.60, -9.01 	0.49, 19.06, -7.29 	0.00, 20.00 	11,2,19,481		20.15,19.96	1000,1 	0
2714    	-21.59, -15.44, -9.01 	0.49, 19.22, -7.21 	0.00, 20.00 	11,2,19,491		23.05,18.42	1000,1 	0
2722    	-21.52, -15.28, -8.99 	0.50, 19.37, -7.15 	0.00, 20.00 	11,2,19,500		20.99,17.96	1000,1 	0
2731    	-21.46, -15.13, -8.98 	0.47, 19.47, -7.08 	0.00, 20.00 	11,2,19,510		18.66,11.53	1000,1 	0
2740    	-21.35, -15.02, -8.99 	0.46, 19.53, -7.05 	0.00, 20.00 	11,2,19,520		16.80,7.44	1000,1 	0
2748    	-21.24, -14.91, -8.98 	0.49, 19.61, -7.06 	0.00, 20.00 	11,2,19,529		19.77,10.42	1000,1 	0
2757    	-21.15, -14.86, -8.96 	0.57, 19.75, -7.07 	0.00, 20.00 	11,2,19,539		10.96,17.85	1000,1 	0
2766    	-21.12, -14.78, -8.97 	0.62, 19.86, -7.06 	0.00, 20.00 	11,2,19,549		9.33,13.54	1000,1 	0
2774    	-21.10, -14.75, -8.98 	0.67, 19.94, -7.04 	0.00, 20.00 	11,2,19,558		4.90,10.95	1000,1 	0
2783    	-21.05, -14.69, -9.00 	0.67, 19.97, -7.03 	0.00, 20.00 	11,2,19,568		8.72,3.68	1000,1 	0
2792    	-21.02, -14.66, -9.01 	0.68, 19.98, -7.02 	0.00, 20.00 	11,2,19,578		4.20,1.67	1000,1 	0
2800    	-20.96, -14.64, -9.00 	0.64, 19.99, -7.02 	0.00, 20.00 	11,2,19,587		8.10,5.23	1000,1 	0
2809    	-20.95, -14.57, -9.00 	0.59, 19.98, -7.00 	0.00, 20.00 	11,2,19,597		8.75,5.76	1000,1 	0
2818    	-20.95, -14.52, -9.00 	0.53, 19.97, -6.99 	0.00, 20.00 	11,2,19,607		4.95,6.86	1000,1 	0
2826    	-20.89, -14.51, -8.98 	0.51, 19.98, -6.99 	0.00, 20.00 	11,2,19,616		7.72,2.53	1000,1 	0
2835    	-20.87, -14.49, -8.96 	0.54, 19.96, -6.98 	0.00, 20.00 	11,2,19,626		2.73,3.58	1000,1 	0
2844    	-20.87, -14.47, -8.94 	0.52, 19.95, -6.97 	0.00, 20.00 	11,2,19,636		2.47,2.57	1000,1 	0
2853    	-20.90, -14.46, -8.93 	0.51, 19.95, -6.97 	0.00, 20.00 	11,2,19,646		3.58,1.12	1000,1 	0
2861    	-20.88, -14.44, -8.93 	0.51, 19.95, -6.97 	0.00, 20.00 	11,2,19,655		3.78,0.00	1000,1 	0
2870    	-20.85, -14.43, -8.93 	0.51, 19.94, -6.97 	0.00, 20.00 	11,2,19,665		3.60,1.23	1000,1 	0
2878    	-20.85, -14.43, -8.92 	0.51, 19.95, -6.97 	0.00, 20.00 	11,2,19,674		0.00,1.38	1000,1 	0
2887    	-20.86, -14.41, -8.94 	0.51, 19.94, -6.97 	0.00, 20.00 	11,2,19,684		1.66,1.23	1000,1 	0
2896    	-20.84, -14.41, -8.95 	0.52, 19.95, -6.97 	0.00, 20.00 	11,2,19,694		2.25,1.67	1000,1 	0
2905    	-20.84, -14.39, -8.95 	0.52, 19.94, -6.97 	0.00, 20.00 	11,2,19,704		2.48,1.23	1000,1 	0
2913    	-20.82, -14.39, -8.95 	0.51, 19.94, -6.97 	0.00, 20.00 	11,2,19,713		2.53,1.26	1000,1 	0
2922    	-20.83, -14.40, -8.94 	0.51, 19.95, -6.97 	0.00, 20.00 	11,2,19,723		1.68,1.23	1000,1 	0
2931    	-20.81, -14.42, -8.94 	0.51, 19.95, -6.97 	0.00, 20.00 	11,2,19,733		2.55,0.00	1000,1 	0
2939    	-20.82, -14.38, -8.95 	0.51, 19.94, -6.97 	0.00, 20.00 	11,2,19,742		4.35,1.38	1000,1 	0
2948    	-20.80, -14.39, -8.95 	0.52, 19.94, -6.97 	0.00, 20.00 	11,2,19,752		2.55,1.12	1000,1 	0
2957    	-20.78, -14.38, -8.96 	0.52, 19.95, -6.97 	0.00, 20.00 	11,2,19,762		2.58,1.23	1000,1 	0
2965    	-20.80, -14.38, -8.96 	0.51, 19.95, -6.97 	0.00, 20.00 	11,2,19,771		2.53,1.26	1000,1 	0
2974    	-20.78, -14.37, -8.96 	0.51, 19.95, -6.97 	0.00, 20.00 	11,2,19,781		2.58,0.00	1000,1 	0
2983    	-20.81, -14.35, -8.98 	0.51, 19.95, -6.97 	0.00, 20.00 	11,2,19,791		4.16,0.00	1000,1 	0
2991    	-20.78, -14.36, -8.97 	0.51, 19.95, -6.97 	0.00, 20.00 	11,2,19,800		4.02,0.00	1000,1 	0
3000    	-20.78, -14.36, -8.97 	0.51, 19.94, -6.97 	0.00, 20.00 	11,2,19,810		0.00,1.23	1000,1 	0
3009    	-20.79, -14.33, -8.99 	0.51, 19.95, -6.97 	0.00, 20.00 	11,2,19,820		3.87,1.23	1000,1 	0
3017    	-20.77, -14.32, -8.98 	0.51, 19.95, -6.97 	0.00, 20.00 	11,2,19,829		2.90,0.00	1000,1 	0
3026    	-20.76, -14.29, -8.99 	0.51, 19.95, -6.97 	0.00, 20.00 	11,2,19,839		2.73,0.00	1000,1 	0
3035    	-20.75, -14.28, -8.99 	0.51, 19.94, -6.97 	0.00, 20.00 	11,2,19,849		1.24,1.23	1000,1 	0
3044    	-20.75, -14.27, -9.00 	0.52, 19.94, -6.97 	0.00, 20.00 	11,2,19,859		1.24,1.12	1000,1 	0
3052    	-20.72, -14.26, -9.01 	0.52, 19.94, -6.97 	0.00, 20.00 	11,2,19,868		4.05,0.00	1000,1 	0
3061    	-20.71, -14.28, -9.00 	0.52, 19.93, -6.97 	0.00, 20.00 	11,2,19,878		2.71,1.23	1000,1 	0
3069    	-20.70, -14.26, -9.01 	0.51, 19.93, -6.97 	0.00, 20.00 	11,2,19,887		3.07,1.26	1000,1 	0
3078    	-20.69, -14.26, -9.01 	0.52, 19.94, -6.97 	0.00, 20.00 	11,2,19,897		1.12,1.67	1000,1 	0
3087    	-20.70, -14.23, -9.02 	0.51, 19.94, -6.96 	0.00, 20.00 	11,2,19,907		3.87,1.12	1000,1 	0
3096    	-20.69, -14.25, -9.00 	0.52, 19.94, -6.97 	0.00, 20.00 	11,2,19,917		2.71,1.12	1000,1 	0
3104    	-20.68, -14.23, -9.04 	0.52, 19.95, -6.97 	0.00, 20.00 	11,2,19,926		3.07,1.38	1000,1 	0
3113    	-20.67, -14.23, -9.03 	0.53, 19.95, -6.97 	0.00, 20.00 	11,2,19,936		1.12,1.12	1000,1 	0
3122    	-20.66, -14.24, -9.03 	0.52, 19.95, -6.97 	0.00, 20.00 	11,2,19,946		1.66,1.12	1000,1 	0
3130    	-20.68, -14.23, -9.04 	0.52, 19.96, -6.97 	0.00, 20.00 	11,2,19,955		2.87,1.38	1000,1 	0
3139    	-20.68, -14.25, -9.05 	0.53, 19.95, -6.97 	0.00, 20.00 	11,2,19,965		2.47,1.66	1000,1 	0
3148    	-20.69, -14.24, -9.06 	0.52, 19.95, -6.97 	0.00, 20.00 	11,2,19,975		1.66,1.12	1000,1 	0
3156    	-20.68, -14.25, -9.06 	0.52, 19.95, -6.97 	0.00, 20.00 	11,2,19,984		1.87,0.00	1000,1 	0
3165    	-20.66, -14.25, -9.06 	0.52, 19.95, -6.97 	0.00, 20.00 	11,2,19,994		2.25,0.00	1000,1 	0
3174    	-20.64, -14.24, -9.07 	0.51, 19.95, -6.96 	0.00, 20.00 	11,2,20,4		2.58,1.12	1000,1 	0
3182    	-20.64, -14.23, -9.08 	0.51, 19.95, -6.96 	0.00, 20.00 	11,2,20,13		1.39,0.00	1000,1 	0
3191    	-20.62, -14.22, -9.07 	0.51, 19.95, -6.96 	0.00, -0.00 	11,2,20,33		2.58,0.00	1000,1 	0
3199    	-20.60, -14.21, -9.10 	0.51, 19.95, -6.96 	0.00, -0.00 	11,2,20,42		2.11,0.00	1000,1 	0
3208    	-20.59, -14.21, -9.10 	0.52, 19.95, -6.96 	0.00, -0.00 	11,2,20,52		0.92,0.92	1000,1 	0
3217    	-20.61, -14.22, -9.10 	0.52, 19.95, -6.96 	0.00, -0.00 	11,2,20,62		2.11,0.00	1000,1 	0
3225    	-20.59, -14.20, -9.11 	0.52, 19.95, -6.96 	0.00, -0.00 	11,2,20,71		2.75,0.00	1000,1 	0
3234    	-20.59, -14.21, -9.12 	0.52, 19.95, -6.96 	0.00, -0.00 	11,2,20,81		1.01,0.00	1000,1 	0
3243    	-20.61, -14.21, -9.11 	0.52, 19.95, -6.96 	0.00, -0.00 	11,2,20,91		1.84,0.00	1000,1 	0
3251    	-20.59, -14.22, -9.13 	0.52, 19.95, -6.96 	0.00, -0.00 	11,2,20,100		2.09,0.00	1000,1 	0
3260    	-20.55, -14.21, -9.13 	0.51, 19.94, -6.96 	0.00, -0.00 	11,2,20,110		3.82,1.37	1000,1 	0
3269    	-20.60, -14.19, -9.13 	0.52, 19.94, -6.96 	0.00, -0.00 	11,2,20,120		5.00,0.92	1000,1 	0
3278    	-20.57, -14.22, -9.15 	0.52, 19.95, -6.96 	0.00, -0.00 	11,2,20,130		4.08,1.00	1000,1 	0
3286    	-20.58, -14.22, -9.15 	0.51, 19.95, -6.97 	0.00, -0.00 	11,2,20,139		1.01,1.01	1000,1 	0
3295    	-20.57, -14.22, -9.15 	0.52, 19.95, -6.96 	0.00, -0.00 	11,2,20,149		0.92,0.92	1000,1 	0
3304    	-20.56, -14.20, -9.16 	0.51, 19.95, -6.96 	0.00, -0.00 	11,2,20,159		2.23,0.92	1000,1 	0
3312    	-20.54, -14.22, -9.17 	0.52, 19.95, -6.96 	0.00, -0.00 	11,2,20,168		2.72,0.92	1000,1 	0
3321    	-20.53, -14.21, -9.17 	0.52, 19.95, -6.96 	0.00, -0.00 	11,2,20,178		1.37,0.00	1000,1 	0
3330    	-20.53, -14.22, -9.17 	0.52, 19.95, -6.96 	0.00, -0.00 	11,2,20,188		1.01,0.00	1000,1 	0
3338    	-20.51, -14.25, -9.19 	0.52, 19.94, -6.96 	0.00, -0.00 	11,2,20,197		2.72,1.00	1000,1 	0
3347    	-20.51, -14.27, -9.19 	0.52, 19.95, -6.96 	0.00, -0.00 	11,2,20,207		2.03,1.00	1000,1 	0
3356    	-20.48, -14.28, -9.20 	0.52, 19.95, -6.96 	0.00, -0.00 	11,2,20,217		2.93,0.00	1000,1 	0
3364    	-20.50, -14.26, -9.21 	0.52, 19.94, -6.97 	0.00, -0.00 	11,2,20,226		2.72,1.00	1000,1 	0
3373    	-20.50, -14.27, -9.22 	0.52, 19.93, -6.96 	0.00, -0.00 	11,2,20,236		0.93,0.92	1000,1 	0
3382    	-20.51, -14.28, -9.22 	0.50, 19.88, -6.94 	0.00, -0.00 	11,2,20,246		1.26,4.69	1000,1 	0
3390    	-20.49, -14.29, -9.22 	0.45, 19.81, -6.90 	0.00, -0.00 	11,2,20,255		2.09,7.61	1000,1 	0
3399    	-20.49, -14.31, -9.24 	0.37, 19.70, -6.86 	0.00, -0.00 	11,2,20,265		1.86,11.46	1000,1 	0
3408    	-20.50, -14.32, -9.25 	0.24, 19.50, -6.82 	0.00, -0.00 	11,2,20,275		1.26,20.28	0,0 	0
3417    	-20.48, -14.32, -9.25 	0.14, 19.21, -6.86 	0.00, -0.00 	11,2,20,285		1.84,27.46	0,0 	0
3425    	-20.50, -14.30, -9.25 	0.21, 18.99, -6.99 	0.00, -0.00 	11,2,20,294		2.72,21.34	0,0 	0
3434    	-20.55, -14.36, -9.24 	0.31, 18.71, -7.14 	0.00, -0.00 	11,2,20,304		5.76,24.75	0,0 	0
3442    	-20.55, -14.38, -9.25 	0.38, 18.35, -7.28 	0.00, -0.00 	11,2,20,313		2.02,32.92	0,0 	0
3451    	-20.55, -14.42, -9.25 	0.49, 17.95, -7.44 	0.00, -0.00 	11,2,20,323		3.71,34.58	0,0 	0
3460    	-20.56, -14.48, -9.26 	0.61, 17.46, -7.58 	0.00, -0.00 	11,2,20,333		4.73,42.11	0,0 	0
3469    	-20.62, -14.63, -9.25 	0.76, 16.93, -7.74 	0.00, -0.00 	11,2,20,343		14.95,50.57	0,0 	0
3477    	-20.78, -14.85, -9.19 	0.87, 16.35, -7.89 	0.00, -0.00 	11,2,20,352		24.61,53.50	0,0 	0
3486    	-21.00, -15.25, -9.10 	0.99, 15.73, -8.01 	0.00, -0.00 	11,2,20,362		37.58,52.81	0,0 	0
3495    	-21.28, -15.77, -9.00 	1.09, 15.04, -8.13 	0.00, -0.00 	11,2,20,372		54.38,63.17	0,0 	0
3503    	-21.68, -16.51, -8.91 	1.12, 14.26, -8.20 	0.00, -0.00 	11,2,20,381		75.78,70.50	0,0 	0
3512    	-22.12, -17.36, -8.76 	1.11, 13.44, -8.23 	0.00, -0.00 	11,2,20,391		80.53,69.08	0,0 	0
3521    	-22.51, -18.12, -8.61 	1.11, 12.60, -8.26 	0.00, -0.00 	11,2,20,401		70.78,70.02	0,0 	0
3529    	-22.85, -18.62, -8.51 	1.17, 11.75, -8.27 	0.00, -0.00 	11,2,20,410		55.34,76.65	0,0 	0
3538    	-23.16, -19.06, -8.42 	1.26, 10.87, -8.28 	0.00, -0.00 	11,2,20,420		44.65,74.28	0,0 	0
3548    	-23.38, -19.61, -8.33 	1.25, 9.97, -8.27 	0.00, -0.00 	11,2,20,430		49.25,74.62	0,0 	0
3556    	-23.62, -20.19, -8.26 	1.20, 9.08, -8.22 	0.00, -0.00 	11,2,20,439		62.94,89.56	0,0 	0
3565    	-23.78, -20.72, -8.17 	1.16, 8.21, -8.17 	0.00, -0.00 	11,2,20,449		50.40,79.38	0,0 	0
3574    	-23.97, -21.21, -8.10 	1.13, 7.37, -8.12 	0.00, -0.00 	11,2,20,459		47.36,76.36	0,0 	0
3582    	-24.18, -21.61, -8.07 	1.11, 6.53, -8.02 	0.00, -0.00 	11,2,20,468		45.65,83.99	0,0 	0
3591    	-24.32, -21.99, -8.02 	1.11, 5.75, -7.94 	0.00, -0.00 	11,2,20,478		36.26,70.36	0,0 	0
3600    	-24.46, -22.34, -7.97 	1.10, 4.97, -7.84 	0.00, -0.00 	11,2,20,488		34.65,71.33	0,0 	0
3609    	-24.61, -22.80, -7.88 	1.12, 4.24, -7.75 	0.00, -0.00 	11,2,20,498		48.72,73.07	0,0 	0
3617    	-24.87, -23.33, -7.72 	1.14, 3.54, -7.66 	0.00, -0.00 	11,2,20,507		58.52,69.71	0,0 	0
3626    	-25.03, -23.84, -7.60 	1.02, 2.84, -7.62 	0.00, -0.00 	11,2,20,517		48.45,64.90	0,0 	0
3634    	-25.19, -24.21, -7.54 	0.82, 2.18, -7.55 	0.00, -0.00 	11,2,20,526		40.56,68.63	0,0 	0
3643    	-25.20, -24.61, -7.51 	0.72, 1.60, -7.48 	0.00, -0.00 	11,2,20,536		36.45,53.81	0,0 	0
3652    	-25.32, -24.96, -7.48 	0.70, 1.15, -7.48 	0.00, -0.00 	11,2,20,546		33.77,40.20	0,0 	0
