#Time 	Sensor1         Sensor2         Target          Time            Vel             
#================================================================

11      	-26.26, -26.65, -6.42 	0.11, 0.25, -6.74 	0.00, 10.00 	11,1,19,637		0.00,0.00	0,0 	0
16      	-26.23, -26.66, -6.39 	0.11, 0.24, -6.74 	0.00, 10.00 	11,1,19,647		6.44,2.21	0,0 	0
24      	-26.26, -26.60, -6.37 	0.12, 0.24, -6.73 	0.00, 10.00 	11,1,19,656		9.72,1.26	0,0 	0
34      	-26.17, -26.64, -6.35 	0.12, 0.23, -6.73 	0.00, 10.00 	11,1,19,667		11.00,1.11	0,0 	0
42      	-26.18, -26.63, -6.34 	0.12, 0.23, -6.73 	0.00, 10.00 	11,1,19,676		1.87,0.00	0,0 	0
51      	-26.24, -26.56, -6.33 	0.08, 0.22, -6.73 	0.00, 10.00 	11,1,19,686		10.75,4.67	0,0 	0
59      	-26.24, -26.57, -6.33 	0.09, 0.22, -6.72 	0.00, 10.00 	11,1,19,695		1.39,1.26	0,0 	0
68      	-26.23, -26.58, -6.30 	0.09, 0.22, -6.72 	0.00, 10.00 	11,1,19,705		1.66,0.00	0,0 	0
77      	-26.25, -26.55, -6.28 	0.11, 0.22, -6.72 	0.00, 10.00 	11,1,19,715		4.32,2.25	0,0 	0
85      	-26.19, -26.53, -6.27 	0.11, 0.24, -6.74 	0.00, 10.00 	11,1,19,724		8.10,2.76	0,0 	0
94      	-26.19, -26.53, -6.28 	0.11, 0.23, -6.73 	0.00, 10.00 	11,1,19,734		0.00,1.23	0,0 	0
103     	-26.25, -26.51, -6.25 	0.08, 0.24, -6.73 	0.00, 10.00 	11,1,19,744		7.15,3.58	0,0 	0
111     	-26.19, -26.50, -6.23 	0.10, 0.23, -6.73 	0.00, 10.00 	11,1,19,753		7.72,2.87	0,0 	0
120     	-26.20, -26.49, -6.22 	0.10, 0.24, -6.73 	0.00, 10.00 	11,1,19,763		1.66,1.23	0,0 	0
129     	-26.23, -26.51, -6.21 	0.11, 0.23, -6.73 	0.00, 10.00 	11,1,19,773		4.20,1.66	0,0 	0
137     	-26.20, -26.51, -6.17 	0.11, 0.23, -6.73 	0.00, 10.00 	11,1,19,782		3.79,0.00	0,0 	0
146     	-26.21, -26.47, -6.17 	0.07, 0.22, -6.73 	0.00, 10.00 	11,1,19,792		3.87,4.67	0,0 	0
155     	-26.20, -26.46, -6.15 	0.09, 0.22, -6.73 	0.00, 10.00 	11,1,19,802		1.68,2.25	0,0 	0
163     	-26.22, -26.47, -6.14 	0.09, 0.21, -6.74 	0.00, 10.00 	11,1,19,811		2.90,1.38	0,0 	0
172     	-26.21, -26.45, -6.12 	0.12, 0.22, -6.75 	0.00, 10.00 	11,1,19,821		2.73,3.60	0,0 	0
181     	-26.23, -26.43, -6.12 	0.12, 0.23, -6.74 	0.00, 10.00 	11,1,19,831		3.32,1.23	0,0 	0
189     	-26.20, -26.43, -6.11 	0.16, 0.23, -6.73 	0.00, 10.00 	11,1,19,840		3.79,5.05	0,0 	0
198     	-26.15, -26.42, -6.11 	0.12, 0.23, -6.73 	0.00, 10.00 	11,1,19,850		5.76,4.49	0,0 	0
207     	-26.18, -26.41, -6.10 	0.12, 0.21, -6.73 	0.00, 10.00 	11,1,19,860		3.58,2.46	0,0 	0
215     	-26.14, -26.41, -6.07 	0.13, 0.22, -6.73 	0.00, 10.00 	11,1,19,869		5.05,1.88	0,0 	0
225     	-26.15, -26.41, -6.06 	0.13, 0.22, -6.73 	0.00, 10.00 	11,1,19,880		1.01,0.00	0,0 	0
233     	-26.18, -26.42, -6.03 	0.10, 0.21, -6.73 	0.00, 10.00 	11,1,19,889		4.05,4.04	0,0 	0
242     	-26.15, -26.41, -6.04 	0.12, 0.22, -6.72 	0.00, 10.00 	11,1,19,899		3.60,2.57	0,0 	0
250     	-26.15, -26.39, -6.02 	0.12, 0.23, -6.72 	0.00, 10.00 	11,1,19,908		3.05,1.38	0,0 	0
259     	-26.17, -26.37, -6.02 	0.11, 0.24, -6.74 	0.00, 10.00 	11,1,19,918		2.55,1.66	0,0 	0
268     	-26.17, -26.37, -6.00 	0.12, 0.25, -6.74 	0.00, 10.00 	11,1,19,928		0.00,1.67	0,0 	0
276     	-26.14, -26.35, -5.99 	0.09, 0.24, -6.74 	0.00, 10.00 	11,1,19,937		4.73,4.04	0,0 	0
285     	-26.18, -26.33, -5.99 	0.08, 0.24, -6.73 	0.00, 10.00 	11,1,19,947		5.10,1.12	0,0 	0
294     	-26.18, -26.35, -5.98 	0.08, 0.25, -6.73 	0.00, 10.00 	11,1,19,957		2.48,1.23	0,0 	0
302     	-26.17, -26.35, -5.98 	0.11, 0.24, -6.73 	0.00, 10.00 	11,1,19,966		1.26,4.02	0,0 	0
311     	-26.18, -26.36, -5.97 	0.08, 0.24, -6.74 	0.00, 10.00 	11,1,19,976		1.68,3.37	0,0 	0
320     	-26.12, -26.38, -5.97 	0.09, 0.23, -6.74 	0.00, 10.00 	11,1,19,986		6.84,1.66	0,0 	0
328     	-26.09, -26.39, -5.96 	0.09, 0.23, -6.74 	0.00, 10.00 	11,1,19,995		4.02,0.00	0,0 	0
337     	-26.11, -26.37, -5.95 	0.10, 0.24, -6.74 	0.00, 10.00 	11,1,20,5		3.32,1.67	0,0 	0
346     	-26.13, -26.38, -5.94 	0.10, 0.24, -6.73 	0.00, 10.00 	11,1,20,15		2.58,0.00	0,0 	0
354     	-26.17, -26.40, -5.95 	0.10, 0.24, -6.73 	0.00, 10.00 	11,1,20,24		4.73,0.00	0,0 	0
363     	-26.17, -26.40, -5.95 	0.06, 0.24, -6.73 	0.00, 10.00 	11,1,20,34		0.00,4.49	0,0 	0
372     	-26.14, -26.39, -5.93 	0.07, 0.23, -6.72 	0.00, 10.00 	11,1,20,44		2.58,1.66	0,0 	0
380     	-26.13, -26.39, -5.92 	0.07, 0.24, -6.72 	0.00, 10.00 	11,1,20,53		1.26,1.38	0,0 	0
389     	-26.15, -26.40, -5.91 	0.07, 0.22, -6.72 	0.00, 10.00 	11,1,20,63		1.68,2.46	0,0 	0
398     	-26.13, -26.39, -5.90 	0.07, 0.23, -6.74 	0.00, 10.00 	11,1,20,73		1.68,1.23	0,0 	0
406     	-26.12, -26.39, -5.89 	0.09, 0.24, -6.73 	0.00, 10.00 	11,1,20,82		1.26,2.89	0,0 	0
416     	-26.16, -26.35, -5.89 	0.09, 0.24, -6.73 	0.00, 10.00 	11,1,20,93		5.22,0.00	0,0 	0
424     	-26.16, -26.35, -5.89 	0.09, 0.24, -6.73 	0.00, 10.00 	11,1,20,102		0.00,0.00	0,0 	0
432     	-26.13, -26.37, -5.88 	0.09, 0.24, -6.73 	0.00, 10.00 	11,1,20,111		4.02,0.00	0,0 	0
441     	-26.14, -26.34, -5.87 	0.10, 0.24, -6.72 	0.00, 10.00 	11,1,20,121		2.71,1.12	0,0 	0
450     	-26.12, -26.35, -5.86 	0.11, 0.22, -6.72 	0.00, 10.00 	11,1,20,131		2.55,2.69	0,0 	0
459     	-26.07, -26.37, -5.86 	0.11, 0.24, -6.74 	0.00, 10.00 	11,1,20,141		5.73,2.46	0,0 	0
467     	-26.07, -26.37, -5.85 	0.08, 0.23, -6.74 	0.00, 10.00 	11,1,20,150		0.00,4.04	0,0 	0
476     	-26.05, -26.35, -5.84 	0.08, 0.23, -6.74 	0.00, 10.00 	11,1,20,160		3.36,0.00	0,0 	0
485     	-26.06, -26.33, -5.83 	0.07, 0.23, -6.73 	0.00, 10.00 	11,1,20,170		1.66,1.12	0,0 	0
493     	-26.06, -26.34, -5.82 	0.07, 0.23, -6.73 	0.00, 10.00 	11,1,20,179		1.39,0.00	0,0 	0
502     	-26.05, -26.35, -5.81 	0.07, 0.24, -6.73 	0.00, 10.00 	11,1,20,189		1.12,1.23	0,0 	0
511     	-26.04, -26.36, -5.81 	0.08, 0.24, -6.73 	0.00, 10.00 	11,1,20,199		1.66,1.12	0,0 	0
519     	-26.04, -26.35, -5.81 	0.08, 0.24, -6.73 	0.00, 10.00 	11,1,20,208		1.39,0.00	0,0 	0
528     	-26.07, -26.32, -5.81 	0.09, 0.24, -6.72 	0.00, 10.00 	11,1,20,218		4.16,1.12	0,0 	0
537     	-26.07, -26.32, -5.78 	0.09, 0.24, -6.72 	0.00, 10.00 	11,1,20,228		0.00,0.00	0,0 	0
545     	-26.06, -26.33, -5.79 	0.08, 0.24, -6.73 	0.00, 10.00 	11,1,20,237		1.87,1.26	0,0 	0
554     	-26.04, -26.36, -5.79 	0.08, 0.24, -6.73 	0.00, 10.00 	11,1,20,247		3.32,0.00	0,0 	0
563     	-26.04, -26.35, -5.79 	0.08, 0.24, -6.73 	0.00, 10.00 	11,1,20,257		1.24,0.00	0,0 	0
571     	-26.02, -26.37, -5.75 	0.09, 0.24, -6.73 	0.00, 10.00 	11,1,20,266		3.74,1.26	0,0 	0
580     	-26.02, -26.37, -5.75 	0.09, 0.23, -6.72 	0.00, 10.00 	11,1,20,276		0.00,1.23	0,0 	0
589     	-26.02, -26.38, -5.75 	0.10, 0.21, -6.73 	0.00, 10.00 	11,1,20,286		1.24,2.69	0,0 	0
597     	-26.02, -26.38, -5.73 	0.09, 0.22, -6.73 	0.00, 10.00 	11,1,20,295		0.00,1.86	0,0 	0
606     	-26.01, -26.37, -5.74 	0.09, 0.21, -6.73 	0.00, 10.00 	11,1,20,305		1.68,1.23	0,0 	0
615     	-26.00, -26.35, -5.74 	0.10, 0.22, -6.73 	0.00, 10.00 	11,1,20,315		2.73,1.67	0,0 	0
623     	-25.99, -26.31, -5.75 	0.07, 0.23, -6.73 	0.00, 10.00 	11,1,20,324		4.38,4.02	0,0 	0
632     	-25.99, -26.32, -5.74 	0.07, 0.23, -6.73 	0.00, 10.00 	11,1,20,334		1.24,0.00	0,0 	0
641     	-25.99, -26.32, -5.73 	0.11, 0.23, -6.74 	0.00, 10.00 	11,1,20,344		0.00,4.49	0,0 	0
650     	-25.96, -26.29, -5.74 	0.10, 0.23, -6.74 	0.00, 10.00 	11,1,20,354		5.04,1.12	0,0 	0
658     	-25.98, -26.30, -5.74 	0.11, 0.23, -6.74 	0.00, 10.00 	11,1,20,363		2.90,1.26	0,0 	0
667     	-25.97, -26.30, -5.73 	0.11, 0.23, -6.74 	0.00, 10.00 	11,1,20,373		1.12,0.00	0,0 	0
676     	-25.96, -26.31, -5.72 	0.11, 0.23, -6.74 	0.00, 10.00 	11,1,20,383		1.66,0.00	0,0 	0
684     	-25.96, -26.33, -5.72 	0.11, 0.23, -6.74 	0.00, 10.00 	11,1,20,392		1.39,0.00	0,0 	0
693     	-25.96, -26.31, -5.72 	0.09, 0.23, -6.74 	0.00, 10.00 	11,1,20,402		1.24,2.25	0,0 	0
702     	-25.98, -26.31, -5.72 	0.10, 0.23, -6.75 	0.00, 10.00 	11,1,20,412		2.25,1.12	0,0 	0
710     	-25.98, -26.33, -5.72 	0.11, 0.23, -6.74 	0.00, 10.00 	11,1,20,421		1.39,1.26	0,0 	0
719     	-25.96, -26.30, -5.73 	0.10, 0.23, -6.74 	0.00, 10.00 	11,1,20,431		3.36,1.12	0,0 	0
728     	-25.98, -26.26, -5.73 	0.10, 0.23, -6.74 	0.00, 10.00 	11,1,20,441		5.41,0.00	0,0 	0
736     	-25.99, -26.29, -5.74 	0.09, 0.23, -6.73 	0.00, 10.00 	11,1,20,450		4.38,1.26	0,0 	0
745     	-25.97, -26.30, -5.74 	0.09, 0.23, -6.74 	0.00, 10.00 	11,1,20,460		2.55,0.00	0,0 	0
754     	-25.97, -26.30, -5.73 	0.09, 0.22, -6.73 	0.00, 10.00 	11,1,20,470		0.00,1.23	0,0 	0
762     	-25.94, -26.29, -5.72 	0.10, 0.22, -6.73 	0.00, 10.00 	11,1,20,479		4.05,1.26	0,0 	0
771     	-25.93, -26.29, -5.73 	0.09, 0.24, -6.73 	0.00, 10.00 	11,1,20,489		1.12,2.69	0,0 	0
780     	-25.99, -26.28, -5.72 	0.09, 0.23, -6.74 	0.00, 10.00 	11,1,20,499		6.84,1.23	0,0 	0
788     	-25.99, -26.29, -5.72 	0.10, 0.23, -6.73 	0.00, 10.00 	11,1,20,508		1.39,1.26	0,0 	0
798     	-25.98, -26.29, -5.71 	0.10, 0.23, -6.73 	0.00, 10.00 	11,1,20,519		1.01,0.00	0,0 	0
806     	-25.98, -26.29, -5.71 	0.11, 0.24, -6.73 	0.00, 10.00 	11,1,20,528		0.00,1.88	0,0 	0
815     	-25.99, -26.29, -5.72 	0.11, 0.25, -6.75 	0.00, 10.00 	11,1,20,538		1.12,1.23	0,0 	0
823     	-26.03, -26.26, -5.71 	0.10, 0.25, -6.75 	0.00, 10.00 	11,1,20,547		6.52,1.26	0,0 	0
832     	-26.03, -26.26, -5.71 	0.10, 0.25, -6.75 	0.00, 10.00 	11,1,20,557		0.00,0.00	0,0 	0
841     	-26.03, -26.27, -5.71 	0.11, 0.23, -6.75 	0.00, 10.00 	11,1,20,567		1.24,2.69	0,0 	0
849     	-26.03, -26.27, -5.71 	0.11, 0.23, -6.74 	0.00, 10.00 	11,1,20,576		0.00,0.00	0,0 	0
858     	-25.96, -26.28, -5.71 	0.11, 0.24, -6.75 	0.00, 10.00 	11,1,20,586		7.94,1.23	0,0 	0
867     	-25.97, -26.31, -5.72 	0.10, 0.24, -6.75 	0.00, 10.00 	11,1,20,596		3.89,1.12	0,0 	0
875     	-25.96, -26.31, -5.72 	0.11, 0.23, -6.74 	0.00, 10.00 	11,1,20,605		1.26,1.86	0,0 	0
884     	-25.96, -26.31, -5.72 	0.11, 0.23, -6.74 	0.00, 10.00 	11,1,20,615		0.00,0.00	0,0 	0
893     	-25.98, -26.35, -5.71 	0.11, 0.23, -6.73 	0.00, 10.00 	11,1,20,625		4.36,0.00	0,0 	0
901     	-25.99, -26.32, -5.71 	0.11, 0.23, -6.73 	0.00, 10.00 	11,1,20,634		3.05,0.00	0,0 	0
910     	-25.98, -26.29, -5.72 	0.11, 0.23, -6.73 	0.00, 10.00 	11,1,20,644		3.89,0.00	0,0 	0
919     	-25.98, -26.29, -5.74 	0.11, 0.23, -6.72 	0.00, 10.00 	11,1,20,654		0.00,0.00	0,0 	0
927     	-25.98, -26.29, -5.74 	0.12, 0.23, -6.73 	0.00, 10.00 	11,1,20,663		0.00,1.26	0,0 	0
937     	-25.98, -26.29, -5.74 	0.12, 0.23, -6.73 	0.00, 10.00 	11,1,20,673		0.00,0.00	0,0 	0
946     	-25.98, -26.29, -5.74 	0.12, 0.23, -6.73 	0.00, 10.00 	11,1,20,683		0.00,0.00	0,0 	0
954     	-26.00, -26.28, -5.74 	0.12, 0.23, -6.73 	0.00, 10.00 	11,1,20,692		2.87,0.00	0,0 	0
963     	-26.02, -26.30, -5.74 	0.13, 0.23, -6.72 	0.00, 10.00 	11,1,20,702		3.36,1.12	0,0 	0
972     	-26.03, -26.30, -5.74 	0.13, 0.23, -6.72 	0.00, 10.00 	11,1,20,712		1.12,0.00	0,0 	0
980     	-25.99, -26.31, -5.75 	0.13, 0.23, -6.72 	0.00, 10.00 	11,1,20,721		5.23,0.00	0,0 	0
989     	-25.99, -26.32, -5.75 	0.13, 0.23, -6.72 	0.00, 10.00 	11,1,20,731		1.24,0.00	0,0 	0
998     	-26.00, -26.35, -5.75 	0.13, 0.23, -6.72 	0.00, 10.00 	11,1,20,741		2.73,0.00	0,0 	0
1007    	-26.00, -26.36, -5.75 	0.13, 0.23, -6.72 	0.00, 10.00 	11,1,20,751		1.24,0.00	1000,1 	0
1015    	-25.99, -26.39, -5.76 	0.13, 0.23, -6.72 	0.00, 10.00 	11,1,20,760		4.35,0.00	1000,1 	0
1024    	-25.99, -26.41, -5.75 	0.13, 0.23, -6.72 	0.00, 10.00 	11,1,20,770		2.48,0.00	1000,1 	0
1033    	-25.99, -26.40, -5.75 	0.12, 0.21, -6.73 	0.00, 10.00 	11,1,20,780		1.24,2.71	1000,1 	0
1041    	-25.94, -26.43, -5.75 	0.09, 0.21, -6.73 	0.00, 10.00 	11,1,20,789		6.87,3.79	1000,1 	0
1050    	-25.94, -26.43, -5.75 	0.11, 0.22, -6.73 	0.00, 10.00 	11,1,20,799		0.00,2.57	1000,1 	0
1059    	-25.94, -26.43, -5.75 	0.11, 0.22, -6.73 	0.00, 10.00 	11,1,20,809		0.00,0.00	1000,1 	0
1067    	-25.93, -26.39, -5.76 	0.11, 0.22, -6.73 	0.00, 10.00 	11,1,20,818		4.38,0.00	1000,1 	0
1076    	-25.93, -26.40, -5.76 	0.10, 0.23, -6.72 	0.00, 10.00 	11,1,20,828		1.24,1.66	1000,1 	0
1086    	-25.93, -26.40, -5.76 	0.10, 0.23, -6.72 	0.00, 10.00 	11,1,20,838		0.00,0.00	1000,1 	0
1094    	-25.93, -26.40, -5.76 	0.10, 0.23, -6.72 	0.00, 10.00 	11,1,20,847		0.00,0.00	1000,1 	0
1103    	-25.94, -26.39, -5.75 	0.09, 0.23, -6.73 	0.00, 10.00 	11,1,20,857		1.66,1.12	1000,1 	0
1112    	-25.93, -26.36, -5.76 	0.10, 0.21, -6.73 	0.00, 10.00 	11,1,20,867		3.89,2.69	1000,1 	0
1120    	-25.93, -26.37, -5.76 	0.11, 0.21, -6.72 	0.00, 10.00 	11,1,20,876		1.39,1.26	1000,1 	0
1129    	-25.94, -26.35, -5.74 	0.13, 0.21, -6.72 	0.00, 10.00 	11,1,20,886		2.71,2.25	1000,1 	0
1138    	-25.94, -26.34, -5.74 	0.13, 0.21, -6.72 	0.00, 10.00 	11,1,20,896		1.24,0.00	1000,1 	0
1146    	-25.94, -26.34, -5.74 	0.13, 0.21, -6.72 	0.00, 10.00 	11,1,20,905		0.00,0.00	1000,1 	0
1155    	-25.95, -26.34, -5.75 	0.12, 0.21, -6.72 	0.00, 10.00 	11,1,20,915		1.12,1.12	1000,1 	0
1164    	-25.96, -26.37, -5.75 	0.14, 0.21, -6.73 	0.00, 10.00 	11,1,20,925		3.89,2.25	1000,1 	0
1172    	-25.96, -26.37, -5.75 	0.13, 0.21, -6.74 	0.00, 10.00 	11,1,20,934		0.00,1.26	1000,1 	0
1182    	-25.95, -26.37, -5.73 	0.09, 0.21, -6.73 	0.00, 10.00 	11,1,20,945		1.01,4.04	1000,1 	0
1190    	-25.95, -26.37, -5.74 	0.09, 0.21, -6.73 	0.00, 10.00 	11,1,20,954		0.00,0.00	1000,1 	0
1199    	-25.91, -26.37, -5.76 	0.09, 0.21, -6.73 	0.00, 10.00 	11,1,20,964		4.49,0.00	1000,1 	0
1208    	-25.90, -26.36, -5.75 	0.10, 0.23, -6.74 	0.00, 10.00 	11,1,20,974		1.68,2.71	1000,1 	0
1216    	-25.90, -26.37, -5.76 	0.10, 0.24, -6.74 	0.00, 10.00 	11,1,20,983		1.39,1.38	1000,1 	0
1225    	-25.91, -26.38, -5.76 	0.11, 0.23, -6.73 	0.00, 10.00 	11,1,20,993		1.68,1.66	1000,1 	0
1233    	-25.91, -26.38, -5.79 	0.10, 0.24, -6.73 	0.00, 10.00 	11,1,21,2		0.00,1.86	1000,1 	0
1242    	-25.92, -26.40, -5.79 	0.10, 0.24, -6.73 	0.00, 10.00 	11,1,21,12		2.73,0.00	1000,1 	0
1251    	-25.92, -26.42, -5.79 	0.11, 0.24, -6.74 	0.00, 10.00 	11,1,21,22		1.24,1.12	1000,1 	0
1259    	-25.99, -26.37, -5.81 	0.11, 0.22, -6.73 	0.00, 10.00 	11,1,21,31		10.40,2.76	1000,1 	0
1268    	-25.96, -26.38, -5.79 	0.11, 0.22, -6.73 	0.00, 10.00 	11,1,21,41		3.58,0.00	1000,1 	0
1277    	-25.96, -26.38, -5.82 	0.11, 0.22, -6.73 	0.00, 10.00 	11,1,21,51		0.00,0.00	1000,1 	0
1285    	-25.96, -26.39, -5.82 	0.11, 0.22, -6.72 	0.00, 10.00 	11,1,21,60		1.39,0.00	1000,1 	0
1294    	-25.97, -26.34, -5.84 	0.10, 0.22, -6.73 	0.00, 10.00 	11,1,21,70		6.28,1.12	1000,1 	0
1303    	-25.95, -26.37, -5.84 	0.10, 0.23, -6.73 	0.00, 10.00 	11,1,21,80		4.32,1.23	1000,1 	0
1311    	-25.94, -26.37, -5.83 	0.10, 0.23, -6.73 	0.00, 10.00 	11,1,21,89		1.26,0.00	1000,1 	0
1320    	-25.95, -26.34, -5.86 	0.09, 0.23, -6.72 	0.00, 10.00 	11,1,21,99		3.87,1.12	1000,1 	0
1329    	-25.99, -26.35, -5.87 	0.09, 0.24, -6.72 	0.00, 10.00 	11,1,21,109		4.67,1.23	1000,1 	0
1337    	-25.99, -26.32, -5.85 	0.07, 0.26, -6.74 	0.00, 10.00 	11,1,21,118		2.78,3.73	1000,1 	0
1346    	-25.99, -26.29, -5.88 	0.07, 0.22, -6.71 	0.00, 10.00 	11,1,21,128		3.71,4.91	1000,1 	0
1355    	-26.03, -26.30, -5.88 	0.07, 0.24, -6.71 	0.00, 10.00 	11,1,21,138		4.67,2.46	1000,1 	0
1363    	-26.01, -26.26, -5.90 	0.08, 0.23, -6.70 	0.00, 10.00 	11,1,21,147		6.14,1.86	1000,1 	0
1373    	-25.97, -26.24, -5.90 	0.08, 0.28, -6.67 	0.00, 10.00 	11,1,21,158		4.64,4.42	1000,1 	0
1381    	-25.94, -26.19, -5.90 	0.10, 0.30, -6.58 	0.00, 10.00 	11,1,21,167		6.14,3.76	1000,1 	0
1390    	-25.96, -26.15, -5.92 	0.14, 0.51, -6.59 	0.00, 10.00 	11,1,21,177		5.41,23.60	1000,1 	0
1398    	-25.97, -26.07, -5.92 	0.25, 0.90, -6.71 	0.00, 10.00 	11,1,21,186		9.81,51.41	1000,1 	0
1407    	-26.00, -25.99, -5.96 	0.35, 1.22, -6.86 	0.00, 10.00 	11,1,21,196		9.26,36.80	1000,1 	0
1416    	-25.95, -25.90, -5.99 	0.29, 1.53, -6.96 	0.00, 10.00 	11,1,21,206		10.91,35.21	1000,1 	0
1424    	-25.89, -25.82, -6.02 	0.13, 1.69, -7.01 	0.00, 10.00 	11,1,21,215		13.54,27.86	1000,1 	0
1433    	-25.84, -25.67, -6.08 	0.06, 1.89, -7.01 	0.00, 10.00 	11,1,21,225		16.75,23.79	1000,1 	0
1442    	-25.78, -25.52, -6.13 	-0.03, 2.06, -7.03 	0.00, 10.00 	11,1,21,235		18.65,20.94	1000,1 	0
1450    	-25.79, -25.28, -6.20 	-0.08, 2.26, -7.05 	0.00, 10.00 	11,1,21,244		29.32,25.94	1000,1 	0
1459    	-25.76, -25.08, -6.25 	-0.10, 2.51, -7.08 	0.00, 10.00 	11,1,21,254		22.41,28.42	1000,1 	0
1468    	-25.73, -24.88, -6.27 	-0.13, 2.89, -7.14 	0.00, 10.00 	11,1,21,264		22.41,41.95	1000,1 	0
1476    	-25.66, -24.67, -6.35 	-0.15, 3.45, -7.21 	0.00, 10.00 	11,1,21,273		27.59,70.59	1000,1 	0
1485    	-25.63, -24.42, -6.47 	-0.15, 4.14, -7.30 	0.00, 10.00 	11,1,21,283		28.58,76.15	1000,1 	0
1494    	-25.47, -24.15, -6.60 	-0.13, 4.87, -7.39 	0.00, 10.00 	11,1,21,293		35.38,81.04	1000,1 	0
1502    	-25.31, -23.85, -6.68 	-0.15, 5.41, -7.44 	0.00, 10.00 	11,1,21,302		41.71,67.84	1000,1 	0
1511    	-25.28, -23.56, -6.70 	-0.12, 5.93, -7.49 	0.00, 10.00 	11,1,21,312		32.28,57.73	1000,1 	0
1520    	-25.18, -23.27, -6.72 	-0.17, 6.38, -7.53 	0.00, 10.00 	11,1,21,322		33.83,50.74	1000,1 	0
1528    	-25.12, -22.92, -6.79 	-0.15, 6.82, -7.55 	0.00, 10.00 	11,1,21,331		44.89,53.88	1000,1 	0
1537    	-24.98, -22.53, -6.87 	-0.18, 7.19, -7.56 	0.00, 10.00 	11,1,21,341		45.85,41.95	1000,1 	0
1546    	-24.91, -22.26, -6.90 	-0.22, 7.57, -7.54 	0.00, 10.00 	11,1,21,351		31.50,42.08	1000,1 	0
1554    	-24.95, -22.06, -6.93 	-0.21, 8.00, -7.56 	0.00, 10.00 	11,1,21,360		25.51,53.88	1000,1 	0
1564    	-24.84, -21.86, -6.99 	-0.23, 8.41, -7.55 	0.00, 10.00 	11,1,21,371		22.55,40.98	1000,1 	0
1572    	-24.86, -21.62, -7.00 	-0.25, 8.75, -7.51 	0.00, 10.00 	11,1,21,380		29.44,42.96	1000,1 	0
1580    	-24.84, -21.46, -7.01 	-0.27, 9.05, -7.45 	0.00, 10.00 	11,1,21,389		20.93,37.46	1000,1 	0
1589    	-24.75, -21.25, -7.04 	-0.27, 9.33, -7.39 	0.00, 10.00 	11,1,21,399		25.26,30.71	1000,1 	0
1598    	-24.68, -21.01, -7.11 	-0.25, 9.56, -7.35 	0.00, 10.00 	11,1,21,409		28.12,25.82	1000,1 	0
1607    	-24.57, -20.79, -7.14 	-0.26, 9.71, -7.29 	0.00, 10.00 	11,1,21,419		27.29,17.32	1000,1 	0
1615    	-24.55, -20.64, -7.18 	-0.26, 9.91, -7.24 	0.00, 10.00 	11,1,21,428		18.16,24.87	1000,1 	0
1624    	-24.50, -20.49, -7.22 	-0.31, 10.11, -7.18 	0.00, 10.00 	11,1,21,438		18.27,23.05	1000,1 	0
1633    	-24.49, -20.41, -7.23 	-0.35, 10.34, -7.12 	0.00, 10.00 	11,1,21,448		8.66,25.15	1000,1 	0
1641    	-24.48, -20.25, -7.29 	-0.35, 10.50, -7.06 	0.00, 10.00 	11,1,21,457		19.55,20.72	1000,1 	0
1650    	-24.39, -20.07, -7.35 	-0.26, 10.63, -7.03 	0.00, 10.00 	11,1,21,467		22.96,17.32	1000,1 	0
1659    	-24.37, -19.92, -7.39 	-0.26, 10.75, -7.00 	0.00, 10.00 	11,1,21,477		16.14,13.51	1000,1 	0
1667    	-24.36, -19.82, -7.44 	-0.27, 10.81, -6.98 	0.00, 10.00 	11,1,21,486		12.61,7.34	1000,1 	0
1676    	-24.36, -19.78, -7.47 	-0.27, 10.90, -6.96 	0.00, 10.00 	11,1,21,496		4.95,9.82	1000,1 	0
1685    	-24.38, -19.78, -7.49 	-0.27, 10.96, -6.93 	0.00, 10.00 	11,1,21,506		2.25,7.37	1000,1 	0
1693    	-24.34, -19.72, -7.51 	-0.27, 11.03, -6.91 	0.00, 10.00 	11,1,21,515		7.96,8.29	1000,1 	0
1702    	-24.36, -19.71, -7.52 	-0.23, 11.08, -6.91 	0.00, 10.00 	11,1,21,525		2.55,7.03	1000,1 	0
1711    	-24.33, -19.62, -7.54 	-0.18, 11.15, -6.91 	0.00, 10.00 	11,1,21,535		10.49,9.30	1000,1 	0
1719    	-24.30, -19.61, -7.56 	-0.18, 11.18, -6.90 	0.00, 10.00 	11,1,21,544		4.05,4.14	1000,1 	0
1728    	-24.37, -19.53, -7.53 	-0.16, 11.18, -6.90 	0.00, 10.00 	11,1,21,553		11.63,2.25	1000,1 	0
1737    	-24.32, -19.52, -7.53 	-0.17, 11.19, -6.90 	0.00, 10.00 	11,1,21,564		5.76,1.66	1000,1 	0
1745    	-24.33, -19.46, -7.53 	-0.15, 11.18, -6.89 	0.00, 10.00 	11,1,21,573		8.70,2.87	1000,1 	0
1755    	-24.30, -19.42, -7.51 	-0.17, 11.15, -6.89 	0.00, 10.00 	11,1,21,584		4.54,3.90	1000,1 	0
1763    	-24.26, -19.47, -7.51 	-0.17, 11.15, -6.89 	0.00, 10.00 	11,1,21,592		7.48,0.00	1000,1 	0
1771    	-24.29, -19.45, -7.51 	-0.14, 11.13, -6.88 	0.00, 10.00 	11,1,21,602		4.68,4.67	1000,1 	0
1780    	-24.24, -19.44, -7.52 	-0.15, 11.15, -6.89 	0.00, 10.00 	11,1,21,612		5.76,2.69	1000,1 	0
1789    	-24.20, -19.44, -7.52 	-0.14, 11.16, -6.89 	0.00, 10.00 	11,1,21,621		4.49,1.67	1000,1 	0
1798    	-24.22, -19.39, -7.51 	-0.13, 11.16, -6.88 	0.00, 10.00 	11,1,21,631		5.41,1.12	1000,1 	0
1806    	-24.21, -19.37, -7.51 	-0.11, 11.16, -6.89 	0.00, 10.00 	11,1,21,641		3.07,2.53	1000,1 	0
1815    	-24.24, -19.34, -7.51 	-0.10, 11.13, -6.89 	0.00, 10.00 	11,1,21,651		4.99,3.84	1000,1 	0
1824    	-24.20, -19.35, -7.51 	-0.13, 11.12, -6.89 	0.00, 10.00 	11,1,21,660		4.65,3.60	1000,1 	0
1832    	-24.20, -19.34, -7.52 	-0.13, 11.12, -6.88 	0.00, 10.00 	11,1,21,669		1.39,0.00	1000,1 	0
1841    	-24.21, -19.31, -7.51 	-0.10, 11.09, -6.88 	0.00, 10.00 	11,1,21,679		2.71,4.15	1000,1 	0
1850    	-24.22, -19.33, -7.52 	-0.10, 11.07, -6.88 	0.00, 10.00 	11,1,21,689		1.68,2.46	1000,1 	0
1858    	-24.23, -19.35, -7.50 	-0.10, 11.06, -6.89 	0.00, 10.00 	11,1,21,698		3.07,1.38	1000,1 	0
1867    	-24.22, -19.33, -7.50 	-0.12, 11.05, -6.88 	0.00, 10.00 	11,1,21,708		2.73,2.57	1000,1 	0
1876    	-24.22, -19.31, -7.50 	-0.10, 11.06, -6.87 	0.00, 10.00 	11,1,21,718		1.24,2.57	1000,1 	0
1884    	-24.22, -19.33, -7.49 	-0.12, 11.07, -6.86 	0.00, 10.00 	11,1,21,728		1.39,2.87	1000,1 	0
1893    	-24.22, -19.33, -7.51 	-0.13, 11.05, -6.86 	0.00, 10.00 	11,1,21,738		0.00,2.71	1000,1 	0
1902    	-24.21, -19.31, -7.51 	-0.14, 11.05, -6.86 	0.00, 10.00 	11,1,21,747		1.68,1.12	1000,1 	0
1910    	-24.20, -19.32, -7.50 	-0.14, 11.03, -6.86 	0.00, 10.00 	11,1,21,756		1.26,2.76	1000,1 	0
1919    	-24.20, -19.33, -7.48 	-0.14, 11.03, -6.86 	0.00, 10.00 	11,1,21,766		1.24,0.00	1000,1 	0
1928    	-24.18, -19.32, -7.49 	-0.12, 11.02, -6.86 	0.00, 10.00 	11,1,21,776		2.58,2.55	1000,1 	0
1936    	-24.18, -19.30, -7.48 	-0.14, 11.00, -6.86 	0.00, 10.00 	11,1,21,786		1.39,1.88	1000,1 	0
1946    	-24.16, -19.33, -7.48 	-0.14, 10.98, -6.86 	0.00, 10.00 	11,1,21,797		2.99,2.21	1000,1 	0
1954    	-24.18, -19.33, -7.47 	-0.14, 10.99, -6.86 	0.00, 10.00 	11,1,21,805		2.53,1.38	1000,1 	0
1962    	-24.20, -19.32, -7.47 	-0.13, 10.98, -6.85 	0.00, 10.00 	11,1,21,814		2.87,1.86	1000,1 	0
1971    	-24.19, -19.30, -7.48 	-0.15, 10.97, -6.86 	0.00, 10.00 	11,1,21,824		1.68,2.57	1000,1 	0
1980    	-24.20, -19.30, -7.49 	-0.14, 10.96, -6.86 	0.00, 10.00 	11,1,21,834		1.12,1.66	1000,1 	0
1989    	-24.20, -19.26, -7.47 	-0.15, 10.96, -6.86 	0.00, 10.00 	11,1,21,844		5.06,1.12	1000,1 	0
1997    	-24.19, -19.28, -7.47 	-0.13, 10.95, -6.86 	0.00, 10.00 	11,1,21,853		3.74,2.87	1000,1 	0
2006    	-24.17, -19.26, -7.46 	-0.14, 10.95, -6.85 	0.00, 10.00 	11,1,21,863		2.73,1.12	1000,1 	0
2015    	-24.17, -19.25, -7.47 	-0.14, 10.95, -6.86 	0.00, 10.00 	11,1,21,873		1.24,0.00	1000,1 	0
2023    	-24.16, -19.25, -7.48 	-0.14, 10.93, -6.85 	0.00, 10.00 	11,1,21,882		1.26,2.76	1000,1 	0
2032    	-24.16, -19.27, -7.48 	-0.12, 10.94, -6.86 	0.00, 10.00 	11,1,21,892		2.47,2.57	1000,1 	0
2040    	-24.17, -19.27, -7.46 	-0.14, 10.93, -6.86 	0.00, -0.00 	11,1,21,911		1.12,2.57	1000,1 	0
2049    	-24.17, -19.26, -7.46 	-0.14, 10.93, -6.86 	0.00, -0.00 	11,1,21,921		1.11,0.00	1000,1 	0
2058    	-24.18, -19.26, -7.47 	-0.15, 10.93, -6.86 	0.00, -0.00 	11,1,21,931		1.01,1.01	1000,1 	0
2066    	-24.17, -19.27, -7.45 	-0.14, 10.92, -6.85 	0.00, -0.00 	11,1,21,940		1.50,1.49	1000,1 	0
2075    	-24.18, -19.24, -7.45 	-0.14, 10.91, -6.85 	0.00, -0.00 	11,1,21,950		3.48,1.11	1000,1 	0
2084    	-24.18, -19.24, -7.46 	-0.13, 10.91, -6.85 	0.00, -0.00 	11,1,21,960		0.00,1.01	1000,1 	0
2092    	-24.18, -19.25, -7.46 	-0.12, 10.90, -6.86 	0.00, -0.00 	11,1,21,969		1.11,1.01	1000,1 	0
2101    	-24.15, -19.25, -7.44 	-0.14, 10.91, -6.85 	0.00, -0.00 	11,1,21,979		3.03,2.02	1000,1 	0
2110    	-24.16, -19.23, -7.44 	-0.13, 10.89, -6.85 	0.00, -0.00 	11,1,21,989		2.44,1.49	1000,1 	0
2118    	-24.16, -19.22, -7.45 	-0.11, 10.88, -6.85 	0.00, -0.00 	11,1,21,998		1.11,2.30	1000,1 	0
2128    	-24.16, -19.25, -7.44 	-0.11, 10.90, -6.85 	0.00, -0.00 	11,1,22,9		3.04,2.01	1000,1 	0
2136    	-24.15, -19.22, -7.44 	-0.11, 10.90, -6.85 	0.00, -0.00 	11,1,22,18		3.89,0.00	1000,1 	0
2144    	-24.15, -19.21, -7.44 	-0.11, 10.90, -6.86 	0.00, -0.00 	11,1,22,27		1.11,0.00	1000,1 	0
2153    	-24.15, -19.22, -7.43 	-0.11, 10.89, -6.85 	0.00, -0.00 	11,1,22,38		1.01,1.00	1000,1 	0
2162    	-24.15, -19.22, -7.44 	-0.11, 10.89, -6.85 	0.00, -0.00 	11,1,22,47		0.00,0.00	1000,1 	0
2172    	-24.16, -19.22, -7.44 	-0.11, 10.89, -6.86 	0.00, -0.00 	11,1,22,58		1.01,0.00	1000,1 	0
2180    	-24.17, -19.20, -7.45 	-0.11, 10.89, -6.86 	0.00, -0.00 	11,1,22,66		1.66,0.00	1000,1 	0
2189    	-24.15, -19.22, -7.44 	-0.11, 10.89, -6.86 	0.00, -0.00 	11,1,22,76		2.55,0.00	1000,1 	0
2198    	-24.16, -19.20, -7.45 	-0.11, 10.88, -6.85 	0.00, -0.00 	11,1,22,86		1.66,1.23	1000,1 	0
2206    	-24.14, -19.23, -7.43 	-0.11, 10.88, -6.85 	0.00, -0.00 	11,1,22,95		3.32,0.00	1000,1 	0
2215    	-24.14, -19.21, -7.44 	-0.11, 10.89, -6.85 	0.00, -0.00 	11,1,22,105		2.47,1.23	1000,1 	0
2224    	-24.13, -19.22, -7.41 	-0.11, 10.89, -6.85 	0.00, -0.00 	11,1,22,115		1.66,0.00	1000,1 	0
2232    	-24.14, -19.21, -7.44 	-0.12, 10.89, -6.85 	0.00, -0.00 	11,1,22,124		1.66,1.12	1000,1 	0
2241    	-24.14, -19.18, -7.44 	-0.12, 10.89, -6.85 	0.00, -0.00 	11,1,22,134		2.23,0.00	1000,1 	0
2250    	-24.13, -19.21, -7.42 	-0.12, 10.89, -6.85 	0.00, -0.00 	11,1,22,144		2.44,0.00	1000,1 	0
2258    	-24.13, -19.22, -7.43 	-0.12, 10.89, -6.85 	0.00, -0.00 	11,1,22,153		1.24,0.00	1000,1 	0
2267    	-24.13, -19.21, -7.42 	-0.12, 10.87, -6.85 	0.00, -0.00 	11,1,22,163		1.11,2.21	1000,1 	0
2276    	-24.15, -19.22, -7.41 	-0.12, 10.87, -6.85 	0.00, -0.00 	11,1,22,173		2.32,0.00	1000,1 	0
2284    	-24.15, -19.22, -7.40 	-0.12, 10.87, -6.85 	0.00, -0.00 	11,1,22,182		0.00,0.00	1000,1 	0
2293    	-24.11, -19.21, -7.41 	-0.13, 10.88, -6.85 	0.00, -0.00 	11,1,22,192		4.20,1.49	1000,1 	0
2302    	-24.11, -19.21, -7.41 	-0.12, 10.87, -6.84 	0.00, -0.00 	11,1,22,202		0.00,1.49	1000,1 	0
2310    	-24.11, -19.21, -7.40 	-0.12, 10.87, -6.84 	0.00, -0.00 	11,1,22,211		0.00,0.00	1000,1 	0
2319    	-24.11, -19.22, -7.40 	-0.10, 10.86, -6.84 	0.00, -0.00 	11,1,22,221		1.01,2.09	1000,1 	0
2328    	-24.11, -19.23, -7.41 	-0.10, 10.86, -6.84 	0.00, -0.00 	11,1,22,231		1.11,0.00	1000,1 	0
2336    	-24.11, -19.23, -7.41 	-0.10, 10.85, -6.84 	0.00, -0.00 	11,1,22,240		0.00,1.11	1000,1 	0
2346    	-24.11, -19.24, -7.41 	-0.10, 10.86, -6.84 	0.00, -0.00 	11,1,22,251		1.11,1.11	1000,1 	0
2354    	-24.09, -19.25, -7.41 	-0.11, 10.87, -6.85 	0.00, -0.00 	11,1,22,260		2.55,1.66	1000,1 	0
2363    	-24.09, -19.24, -7.40 	-0.11, 10.88, -6.84 	0.00, -0.00 	11,1,22,270		1.11,1.11	1000,1 	0
2371    	-24.11, -19.23, -7.41 	-0.11, 10.87, -6.85 	0.00, -0.00 	11,1,22,279		2.55,1.23	1000,1 	0
2380    	-24.10, -19.24, -7.40 	-0.12, 10.87, -6.84 	0.00, -0.00 	11,1,22,289		1.50,1.01	1000,1 	0
2389    	-24.09, -19.23, -7.40 	-0.12, 10.85, -6.85 	0.00, -0.00 	11,1,22,299		1.51,2.21	1000,1 	0
2397    	-24.10, -19.24, -7.40 	-0.12, 10.86, -6.85 	0.00, -0.00 	11,1,22,308		1.68,1.23	1000,1 	0
2406    	-24.10, -19.23, -7.40 	-0.11, 10.86, -6.85 	0.00, -0.00 	11,1,22,318		1.11,1.01	1000,1 	0
2415    	-24.10, -19.24, -7.40 	-0.12, 10.86, -6.84 	0.00, -0.00 	11,1,22,328		1.11,1.01	1000,1 	0
2423    	-24.10, -19.22, -7.40 	-0.12, 10.86, -6.84 	0.00, -0.00 	11,1,22,337		2.48,0.00	1000,1 	0
2432    	-24.10, -19.23, -7.40 	-0.12, 10.87, -6.85 	0.00, -0.00 	11,1,22,347		1.11,1.11	1000,1 	0
2442    	-24.09, -19.22, -7.40 	-0.12, 10.87, -6.85 	0.00, -0.00 	11,1,22,357		1.51,0.00	1000,1 	0
2450    	-24.09, -19.22, -7.40 	-0.12, 10.86, -6.85 	0.00, -0.00 	11,1,22,366		0.00,1.38	0,0 	0
2459    	-24.09, -19.22, -7.40 	-0.10, 10.86, -6.84 	0.00, -0.00 	11,1,22,376		0.00,2.25	0,0 	0
2468    	-24.08, -19.25, -7.40 	-0.11, 10.86, -6.84 	0.00, -0.00 	11,1,22,386		3.48,1.01	0,0 	0
2476    	-24.07, -19.27, -7.37 	-0.11, 10.86, -6.84 	0.00, -0.00 	11,1,22,395		2.71,0.00	0,0 	0
2485    	-24.07, -19.27, -7.37 	-0.10, 10.85, -6.84 	0.00, -0.00 	11,1,22,405		0.00,1.49	0,0 	0
2494    	-24.08, -19.25, -7.37 	-0.10, 10.85, -6.84 	0.00, -0.00 	11,1,22,415		2.44,0.00	0,0 	0
2502    	-24.08, -19.25, -7.37 	-0.09, 10.85, -6.84 	0.00, -0.00 	11,1,22,424		0.00,1.01	0,0 	0
2512    	-24.08, -19.25, -7.37 	-0.10, 10.85, -6.84 	0.00, -0.00 	11,1,22,435		0.00,0.92	0,0 	0
2520    	-24.08, -19.25, -7.37 	-0.10, 10.85, -6.84 	0.00, -0.00 	11,1,22,444		0.00,0.00	0,0 	0
2528    	-24.08, -19.25, -7.37 	-0.09, 10.85, -6.84 	0.00, -0.00 	11,1,22,453		0.00,1.01	0,0 	0
2537    	-24.08, -19.25, -7.37 	-0.10, 10.84, -6.85 	0.00, -0.00 	11,1,22,463		0.00,1.50	0,0 	0
2546    	-24.08, -19.24, -7.37 	-0.10, 10.85, -6.84 	0.00, -0.00 	11,1,22,473		1.11,1.11	0,0 	0
2555    	-24.08, -19.24, -7.37 	-0.10, 10.85, -6.84 	0.00, -0.00 	11,1,22,483		0.00,0.00	0,0 	0
2563    	-24.08, -19.25, -7.37 	-0.10, 10.85, -6.84 	0.00, -0.00 	11,1,22,492		1.24,0.00	0,0 	0
2572    	-24.09, -19.24, -7.38 	-0.10, 10.84, -6.84 	0.00, -0.00 	11,1,22,502		1.50,1.11	0,0 	0
2581    	-24.09, -19.25, -7.37 	-0.10, 10.85, -6.84 	0.00, -0.00 	11,1,22,512		1.11,1.11	0,0 	0
2589    	-24.05, -19.25, -7.37 	-0.10, 10.85, -6.84 	0.00, -0.00 	11,1,22,521		4.49,0.00	0,0 	0
2598    	-24.04, -19.25, -7.38 	-0.08, 10.85, -6.84 	0.00, -0.00 	11,1,22,531		1.01,2.02	0,0 	0
2607    	-24.04, -19.25, -7.40 	-0.08, 10.85, -6.84 	0.00, -0.00 	11,1,22,541		0.00,0.00	0,0 	0
2615    	-24.04, -19.25, -7.40 	-0.08, 10.83, -6.85 	0.00, -0.00 	11,1,22,550		0.00,2.46	0,0 	0
2624    	-24.04, -19.24, -7.39 	-0.08, 10.84, -6.85 	0.00, -0.00 	11,1,22,560		1.11,1.11	0,0 	0
2633    	-24.04, -19.25, -7.39 	-0.08, 10.83, -6.85 	0.00, -0.00 	11,1,22,570		1.11,1.11	0,0 	0
2641    	-24.04, -19.25, -7.39 	-0.08, 10.84, -6.85 	0.00, -0.00 	11,1,22,579		0.00,1.23	0,0 	0
2650    	-24.04, -19.24, -7.39 	-0.08, 10.84, -6.85 	0.00, -0.00 	11,1,22,589		1.11,0.00	0,0 	0
2659    	-24.04, -19.24, -7.39 	-0.09, 10.85, -6.85 	0.00, -0.00 	11,1,22,599		0.00,1.49	0,0 	0
2667    	-24.03, -19.22, -7.38 	-0.10, 10.85, -6.85 	0.00, -0.00 	11,1,22,608		2.73,1.12	0,0 	0
2676    	-24.05, -19.22, -7.39 	-0.09, 10.85, -6.85 	0.00, -0.00 	11,1,22,618		2.02,1.01	0,0 	0
2685    	-24.03, -19.23, -7.37 	-0.09, 10.84, -6.84 	0.00, -0.00 	11,1,22,628		2.30,1.11	0,0 	0
2693    	-24.03, -19.24, -7.38 	-0.08, 10.83, -6.85 	0.00, -0.00 	11,1,22,637		1.24,1.66	0,0 	0
2703    	-24.03, -19.24, -7.38 	-0.08, 10.83, -6.85 	0.00, -0.00 	11,1,22,648		0.00,0.00	0,0 	0
2711    	-24.03, -19.22, -7.38 	-0.09, 10.82, -6.84 	0.00, -0.00 	11,1,22,657		2.03,1.37	0,0 	0
2719    	-24.04, -19.21, -7.39 	-0.09, 10.82, -6.84 	0.00, -0.00 	11,1,22,666		1.15,0.00	0,0 	0
2729    	-24.04, -19.21, -7.38 	-0.09, 10.82, -6.84 	0.00, -0.00 	11,1,22,677		0.00,0.00	0,0 	0
2737    	-24.03, -19.23, -7.38 	-0.09, 10.82, -6.84 	0.00, -0.00 	11,1,22,686		2.44,0.00	0,0 	0
2746    	-24.02, -19.21, -7.37 	-0.09, 10.82, -6.84 	0.00, -0.00 	11,1,22,696		2.23,0.00	0,0 	0
2754    	-24.02, -19.21, -7.37 	-0.09, 10.83, -6.83 	0.00, -0.00 	11,1,22,705		0.00,1.11	0,0 	0
2763    	-24.02, -19.22, -7.37 	-0.09, 10.82, -6.84 	0.00, -0.00 	11,1,22,715		1.01,1.00	0,0 	0
2772    	-24.02, -19.22, -7.37 	-0.09, 10.83, -6.85 	0.00, -0.00 	11,1,22,725		0.00,1.00	0,0 	0
2780    	-24.02, -19.22, -7.37 	-0.09, 10.83, -6.85 	0.00, -0.00 	11,1,22,734		0.00,0.00	0,0 	0
2789    	-24.02, -19.23, -7.37 	-0.09, 10.83, -6.85 	0.00, -0.00 	11,1,22,744		1.01,0.00	0,0 	0
2798    	-24.01, -19.23, -7.37 	-0.08, 10.82, -6.84 	0.00, -0.00 	11,1,22,754		0.92,1.36	0,0 	0
2806    	-24.01, -19.23, -7.37 	-0.08, 10.83, -6.84 	0.00, -0.00 	11,1,22,763		0.00,1.11	0,0 	0
2815    	-24.01, -19.23, -7.37 	-0.08, 10.83, -6.84 	0.00, -0.00 	11,1,22,773		0.00,0.00	0,0 	0
2824    	-24.01, -19.23, -7.37 	-0.08, 10.83, -6.84 	0.00, -0.00 	11,1,22,783		0.00,0.00	0,0 	0
2832    	-24.03, -19.21, -7.37 	-0.08, 10.83, -6.84 	0.00, -0.00 	11,1,22,792		2.99,0.00	0,0 	0
2841    	-24.03, -19.21, -7.38 	-0.09, 10.82, -6.84 	0.00, -0.00 	11,1,22,802		0.00,1.37	0,0 	0
2850    	-24.01, -19.22, -7.37 	-0.08, 10.83, -6.84 	0.00, -0.00 	11,1,22,812		2.09,1.37	0,0 	0
2858    	-24.02, -19.24, -7.37 	-0.08, 10.83, -6.84 	0.00, -0.00 	11,1,22,821		2.46,0.00	0,0 	0
2867    	-24.00, -19.24, -7.37 	-0.08, 10.83, -6.84 	0.00, -0.00 	11,1,22,831		1.84,0.00	0,0 	0
2876    	-24.00, -19.25, -7.37 	-0.08, 10.82, -6.84 	0.00, -0.00 	11,1,22,841		1.01,1.00	0,0 	0
2884    	-24.03, -19.23, -7.36 	-0.07, 10.82, -6.84 	0.00, -0.00 	11,1,22,850		3.40,0.92	0,0 	0
2894    	-24.04, -19.21, -7.39 	-0.08, 10.82, -6.84 	0.00, -0.00 	11,1,22,861		2.21,0.92	0,0 	0
2902    	-24.04, -19.23, -7.37 	-0.08, 10.83, -6.84 	0.00, -0.00 	11,1,22,870		2.23,1.11	0,0 	0
2910    	-24.03, -19.25, -7.38 	-0.08, 10.83, -6.84 	0.00, -0.00 	11,1,22,879		2.21,0.00	0,0 	0
2920    	-24.04, -19.22, -7.37 	-0.08, 10.82, -6.84 	0.00, -0.00 	11,1,22,890		3.16,1.00	0,0 	0
2928    	-24.06, -19.23, -7.38 	-0.09, 10.80, -6.84 	0.00, -0.00 	11,1,22,899		2.32,1.50	0,0 	0
2937    	-24.05, -19.25, -7.38 	-0.09, 10.82, -6.84 	0.00, -0.00 	11,1,22,909		2.21,1.00	0,0 	0
2945    	-24.05, -19.25, -7.38 	-0.09, 10.80, -6.84 	0.00, -0.00 	11,1,22,918		0.00,1.11	0,0 	0
2954    	-24.04, -19.25, -7.38 	-0.09, 10.82, -6.84 	0.00, -0.00 	11,1,22,928		0.92,1.00	0,0 	0
2963    	-24.04, -19.26, -7.38 	-0.09, 10.82, -6.84 	0.00, -0.00 	11,1,22,938		1.01,0.00	0,0 	0
2971    	-24.03, -19.25, -7.38 	-0.09, 10.82, -6.84 	0.00, -0.00 	11,1,22,947		1.51,0.00	0,0 	0
2980    	-24.04, -19.25, -7.39 	-0.09, 10.82, -6.84 	0.00, -0.00 	11,1,22,957		0.92,0.00	0,0 	0
2989    	-24.03, -19.28, -7.39 	-0.09, 10.82, -6.84 	0.00, -0.00 	11,1,22,967		2.22,0.00	0,0 	0
2997    	-24.01, -19.29, -7.38 	-0.09, 10.83, -6.84 	0.00, -0.00 	11,1,22,976		2.30,1.11	0,0 	0
3006    	-24.01, -19.29, -7.38 	-0.09, 10.82, -6.84 	0.00, -0.00 	11,1,22,986		0.00,1.00	0,0 	0
3015    	-23.99, -19.29, -7.38 	-0.09, 10.83, -6.84 	0.00, -0.00 	11,1,22,996		1.84,1.00	0,0 	0
3023    	-24.00, -19.28, -7.38 	-0.09, 10.83, -6.84 	0.00, -0.00 	11,1,23,5		1.50,0.00	0,0 	0
3032    	-24.02, -19.28, -7.40 	-0.09, 10.83, -6.84 	0.00, -0.00 	11,1,23,15		1.84,0.00	0,0 	0
3041    	-23.99, -19.29, -7.39 	-0.09, 10.83, -6.84 	0.00, -0.00 	11,1,23,25		2.93,0.00	0,0 	0
3049    	-23.99, -19.29, -7.39 	-0.09, 10.84, -6.84 	0.00, -0.00 	11,1,23,34		0.00,1.11	0,0 	0
3058    	-23.99, -19.29, -7.39 	-0.10, 10.80, -6.82 	0.00, -0.00 	11,1,23,44		0.00,3.16	0,0 	0
3067    	-24.02, -19.30, -7.39 	-0.07, 10.80, -6.82 	0.00, -0.00 	11,1,23,54		2.95,2.76	0,0 	0
3075    	-24.02, -19.30, -7.40 	-0.08, 10.74, -6.78 	0.00, -0.00 	11,1,23,63		0.00,6.11	0,0 	0
3085    	-24.01, -19.34, -7.39 	-0.15, 10.66, -6.71 	0.00, -0.00 	11,1,23,74		4.43,8.97	0,0 	0
3093    	-24.01, -19.31, -7.40 	-0.17, 10.63, -6.71 	0.00, -0.00 	11,1,23,83		3.48,3.90	0,0 	0
3101    	-24.00, -19.34, -7.40 	-0.14, 10.61, -6.74 	0.00, -0.00 	11,1,23,92		3.53,3.40	0,0 	0
3111    	-24.00, -19.34, -7.41 	-0.10, 10.55, -6.82 	0.00, -0.00 	11,1,23,103		0.00,6.20	0,0 	0
3120    	-24.03, -19.35, -7.42 	-0.12, 10.44, -6.93 	0.00, -0.00 	11,1,23,112		3.24,11.11	0,0 	0
3129    	-24.05, -19.38, -7.40 	-0.11, 10.29, -7.02 	0.00, -0.00 	11,1,23,122		3.02,15.50	0,0 	0
3137    	-24.05, -19.36, -7.40 	-0.13, 10.19, -7.10 	0.00, -0.00 	11,1,23,131		1.24,11.30	0,0 	0
3146    	-24.06, -19.39, -7.41 	-0.10, 10.11, -7.16 	0.00, -0.00 	11,1,23,141		2.46,8.70	0,0 	0
3155    	-24.06, -19.43, -7.40 	-0.08, 10.04, -7.21 	0.00, -0.00 	11,1,23,151		4.46,6.92	0,0 	0
3163    	-24.07, -19.46, -7.40 	-0.09, 9.93, -7.27 	0.00, -0.00 	11,1,23,160		3.89,12.34	0,0 	0
3172    	-24.08, -19.50, -7.38 	-0.11, 9.71, -7.38 	0.00, -0.00 	11,1,23,170		3.50,22.13	0,0 	0
3181    	-24.11, -19.60, -7.38 	-0.13, 9.17, -7.59 	0.00, -0.00 	11,1,23,180		10.25,54.15	0,0 	0
3189    	-24.10, -19.67, -7.36 	-0.15, 8.78, -7.72 	0.00, -0.00 	11,1,23,189		8.72,43.00	0,0 	0
3198    	-24.15, -19.82, -7.32 	-0.18, 8.54, -7.80 	0.00, -0.00 	11,1,23,199		15.07,24.41	0,0 	0
3207    	-24.24, -19.95, -7.30 	-0.32, 8.22, -7.82 	0.00, -0.00 	11,1,23,209		16.24,34.36	0,0 	0
3215    	-24.33, -20.14, -7.23 	-0.43, 7.91, -7.84 	0.00, -0.00 	11,1,23,218		22.96,37.43	0,0 	0
3224    	-24.42, -20.32, -7.20 	-0.53, 7.52, -7.84 	0.00, -0.00 	11,1,23,228		20.67,39.81	0,0 	0
3233    	-24.49, -20.60, -7.15 	-0.58, 7.19, -7.87 	0.00, -0.00 	11,1,23,238		28.56,33.43	0,0 	0
3241    	-24.60, -20.95, -7.13 	-0.66, 6.86, -7.87 	0.00, -0.00 	11,1,23,247		40.97,37.50	0,0 	0
3250    	-24.71, -21.31, -7.08 	-0.66, 6.54, -7.85 	0.00, -0.00 	11,1,23,257		37.15,32.06	0,0 	0
3259    	-24.84, -21.61, -7.00 	-0.70, 6.19, -7.80 	0.00, -0.00 	11,1,23,267		33.22,35.52	0,0 	0
3267    	-24.97, -21.92, -6.91 	-0.73, 5.84, -7.73 	0.00, -0.00 	11,1,23,276		33.58,35.44	0,0 	0
3276    	-25.05, -22.17, -6.82 	-0.79, 5.50, -7.68 	0.00, -0.00 	11,1,23,286		26.65,34.53	0,0 	0
3285    	-25.11, -22.47, -6.76 	-0.82, 5.14, -7.60 	0.00, -0.00 	11,1,23,296		0.00,0.00	0,0 	0
3293    	-25.23, -22.75, -6.70 	-0.83, 4.74, -7.53 	0.00, -0.00 	11,1,23,305		0.00,0.00	0,0 	0
3302    	-25.37, -22.99, -6.70 	-0.79, 4.39, -7.45 	0.00, -0.00 	11,1,23,315		0.00,0.00	0,0 	0
3311    	-25.43, -23.24, -6.68 	-0.70, 3.97, -7.42 	0.00, -0.00 	11,1,23,325		0.00,0.00	0,0 	0
3320    	-25.46, -23.48, -6.64 	-0.69, 3.61, -7.38 	0.00, -0.00 	11,1,23,335		0.00,0.00	0,0 	0
3328    	-25.59, -23.65, -6.60 	-0.73, 3.24, -7.34 	0.00, -0.00 	11,1,23,344		0.00,0.00	0,0 	0
3337    	-25.67, -23.88, -6.56 	-0.70, 2.89, -7.27 	0.00, -0.00 	11,1,23,354		0.00,0.00	0,0 	0
