#Time 	Sensor1         Sensor2         Target          Time            Vel             
#================================================================

18      	-26.51, -27.55, -6.27 	-0.50, -0.33, -6.72 	0.00, 20.00 	11,4,26,639		0.00,0.00	0,0 	0
22      	-26.51, -27.55, -6.27 	-0.49, -0.34, -6.71 	0.00, 20.00 	11,4,26,644		0.00,3.73	0,0 	0
30      	-26.51, -27.53, -6.26 	-0.49, -0.34, -6.72 	0.00, 20.00 	11,4,26,653		1.39,0.00	0,0 	0
39      	-26.48, -27.52, -6.28 	-0.49, -0.34, -6.71 	0.00, 20.00 	11,4,26,663		2.58,0.00	0,0 	0
48      	-26.49, -27.46, -6.27 	-0.49, -0.35, -6.71 	0.00, 20.00 	11,4,26,673		7.50,1.23	0,0 	0
56      	-26.50, -27.45, -6.27 	-0.49, -0.35, -6.71 	0.00, 20.00 	11,4,26,682		1.87,0.00	0,0 	0
65      	-26.50, -27.46, -6.27 	-0.48, -0.35, -6.71 	0.00, 20.00 	11,4,26,692		1.24,1.12	0,0 	0
74      	-26.46, -27.48, -6.26 	-0.48, -0.36, -6.70 	0.00, 20.00 	11,4,26,702		5.10,1.23	0,0 	0
83      	-26.48, -27.49, -6.26 	-0.52, -0.36, -6.70 	0.00, 20.00 	11,4,26,712		2.58,4.49	0,0 	0
91      	-26.47, -27.49, -6.25 	-0.52, -0.35, -6.70 	0.00, 20.00 	11,4,26,721		1.26,1.38	0,0 	0
100     	-26.49, -27.48, -6.25 	-0.52, -0.35, -6.69 	0.00, 20.00 	11,4,26,731		2.55,0.00	0,0 	0
109     	-26.48, -27.51, -6.25 	-0.50, -0.34, -6.71 	0.00, 20.00 	11,4,26,741		3.87,2.57	0,0 	0
117     	-26.52, -27.53, -6.26 	-0.50, -0.35, -6.71 	0.00, 20.00 	11,4,26,750		4.73,1.38	0,0 	0
126     	-26.53, -27.56, -6.24 	-0.49, -0.35, -6.71 	0.00, 20.00 	11,4,26,760		2.73,1.12	0,0 	0
135     	-26.53, -27.56, -6.26 	-0.49, -0.34, -6.71 	0.00, 20.00 	11,4,26,770		0.00,1.23	0,0 	0
143     	-26.54, -27.55, -6.26 	-0.49, -0.35, -6.71 	0.00, 20.00 	11,4,26,779		1.87,1.38	0,0 	0
152     	-26.52, -27.56, -6.26 	-0.49, -0.34, -6.71 	0.00, 20.00 	11,4,26,789		2.55,1.23	0,0 	0
161     	-26.50, -27.60, -6.26 	-0.49, -0.35, -6.71 	0.00, 20.00 	11,4,26,799		5.41,1.23	0,0 	0
169     	-26.51, -27.62, -6.25 	-0.49, -0.34, -6.71 	0.00, 20.00 	11,4,26,808		3.07,1.38	0,0 	0
178     	-26.51, -27.61, -6.26 	-0.49, -0.33, -6.73 	0.00, 20.00 	11,4,26,818		1.24,1.23	0,0 	0
187     	-26.52, -27.61, -6.26 	-0.49, -0.33, -6.73 	0.00, 20.00 	11,4,26,828		1.12,0.00	0,0 	0
195     	-26.50, -27.59, -6.26 	-0.49, -0.34, -6.72 	0.00, 20.00 	11,4,26,837		3.78,1.38	0,0 	0
204     	-26.53, -27.55, -6.26 	-0.49, -0.34, -6.72 	0.00, 20.00 	11,4,26,847		5.96,0.00	0,0 	0
213     	-26.50, -27.57, -6.25 	-0.49, -0.34, -6.72 	0.00, 20.00 	11,4,26,857		4.16,0.00	0,0 	0
221     	-26.50, -27.57, -6.26 	-0.49, -0.34, -6.72 	0.00, 20.00 	11,4,26,866		0.00,0.00	0,0 	0
230     	-26.51, -27.57, -6.26 	-0.48, -0.35, -6.72 	0.00, 20.00 	11,4,26,876		1.12,1.66	0,0 	0
239     	-26.50, -27.55, -6.27 	-0.48, -0.35, -6.71 	0.00, 20.00 	11,4,26,886		2.73,0.00	0,0 	0
247     	-26.51, -27.55, -6.27 	-0.48, -0.35, -6.71 	0.00, 20.00 	11,4,26,895		1.26,0.00	0,0 	0
256     	-26.48, -27.51, -6.25 	-0.48, -0.35, -6.71 	0.00, 20.00 	11,4,26,905		4.36,0.00	0,0 	0
265     	-26.48, -27.51, -6.25 	-0.48, -0.36, -6.71 	0.00, 20.00 	11,4,26,915		0.00,1.23	0,0 	0
274     	-26.48, -27.50, -6.25 	-0.48, -0.35, -6.70 	0.00, 20.00 	11,4,26,925		1.24,1.23	0,0 	0
282     	-26.49, -27.50, -6.26 	-0.48, -0.36, -6.71 	0.00, 20.00 	11,4,26,934		1.26,1.38	0,0 	0
291     	-26.46, -27.54, -6.25 	-0.47, -0.34, -6.71 	0.00, 20.00 	11,4,26,944		4.99,2.71	0,0 	0
300     	-26.48, -27.56, -6.24 	-0.47, -0.34, -6.71 	0.00, 20.00 	11,4,26,954		2.73,0.00	0,0 	0
308     	-26.49, -27.57, -6.24 	-0.47, -0.34, -6.72 	0.00, 20.00 	11,4,26,963		1.89,0.00	0,0 	0
318     	-26.50, -27.56, -6.26 	-0.47, -0.34, -6.72 	0.00, 20.00 	11,4,26,974		1.50,0.00	0,0 	0
326     	-26.50, -27.57, -6.26 	-0.48, -0.35, -6.72 	0.00, 20.00 	11,4,26,983		1.39,1.88	0,0 	0
334     	-26.51, -27.59, -6.26 	-0.50, -0.36, -6.71 	0.00, 20.00 	11,4,26,992		3.07,2.89	0,0 	0
343     	-26.49, -27.61, -6.25 	-0.50, -0.35, -6.71 	0.00, 20.00 	11,4,27,2		3.32,1.23	0,0 	0
352     	-26.48, -27.58, -6.25 	-0.49, -0.34, -6.70 	0.00, 20.00 	11,4,27,12		3.89,1.67	0,0 	0
360     	-26.48, -27.58, -6.25 	-0.52, -0.34, -6.69 	0.00, 20.00 	11,4,27,21		0.00,3.79	0,0 	0
369     	-26.48, -27.57, -6.26 	-0.52, -0.32, -6.72 	0.00, 20.00 	11,4,27,31		1.24,2.46	0,0 	0
378     	-26.49, -27.55, -6.26 	-0.50, -0.31, -6.69 	0.00, 20.00 	11,4,27,41		2.71,2.57	0,0 	0
386     	-26.47, -27.52, -6.25 	-0.50, -0.33, -6.68 	0.00, 20.00 	11,4,27,50		3.07,2.76	0,0 	0
395     	-26.46, -27.51, -6.26 	-0.53, -0.32, -6.68 	0.00, 20.00 	11,4,27,60		1.68,3.58	0,0 	0
404     	-26.52, -27.48, -6.28 	-0.53, -0.35, -6.64 	0.00, 20.00 	11,4,27,70		7.66,3.68	0,0 	0
412     	-26.45, -27.45, -6.27 	-0.56, -0.35, -6.60 	0.00, 20.00 	11,4,27,79		9.82,3.79	0,0 	0
421     	-26.39, -27.46, -6.26 	-0.61, -0.34, -6.57 	0.00, 20.00 	11,4,27,89		6.84,5.74	0,0 	0
430     	-26.47, -27.45, -6.28 	-0.48, -0.28, -6.53 	0.00, 20.00 	11,4,27,99		9.05,15.88	0,0 	0
438     	-26.48, -27.45, -6.30 	-0.34, -0.17, -6.55 	0.00, 20.00 	11,4,27,108		1.26,22.47	0,0 	0
447     	-26.42, -27.41, -6.29 	-0.26, 0.03, -6.67 	0.00, 20.00 	11,4,27,118		7.73,23.52	0,0 	0
456     	-26.41, -27.42, -6.31 	-0.27, 0.17, -6.77 	0.00, 20.00 	11,4,27,128		1.12,15.99	0,0 	0
465     	-26.44, -27.35, -6.29 	-0.31, 0.42, -6.91 	0.00, 20.00 	11,4,27,138		8.12,27.55	0,0 	0
473     	-26.50, -27.31, -6.32 	-0.35, 0.70, -7.00 	0.00, 20.00 	11,4,27,147		8.61,35.06	0,0 	0
482     	-26.49, -27.20, -6.34 	-0.32, 0.91, -7.11 	0.00, 20.00 	11,4,27,157		12.38,23.46	0,0 	0
491     	-26.46, -27.11, -6.38 	-0.35, 1.05, -7.14 	0.00, 20.00 	11,4,27,167		10.49,16.29	0,0 	0
499     	-26.47, -26.95, -6.43 	-0.35, 1.19, -7.19 	0.00, 20.00 	11,4,27,176		21.01,17.99	0,0 	0
509     	-26.41, -26.64, -6.47 	-0.36, 1.37, -7.26 	0.00, 20.00 	11,4,27,187		31.64,17.70	0,0 	0
517     	-26.46, -26.36, -6.51 	-0.41, 1.71, -7.37 	0.00, 20.00 	11,4,27,196		35.54,43.43	0,0 	0
525     	-26.47, -25.99, -6.60 	-0.43, 2.52, -7.55 	0.00, 20.00 	11,4,27,205		46.06,100.99	0,0 	0
534     	-26.33, -25.56, -6.71 	-0.44, 4.04, -7.87 	0.00, 20.00 	11,4,27,215		50.25,168.35	0,0 	0
543     	-26.18, -24.90, -6.82 	-0.40, 4.72, -7.99 	0.00, 20.00 	11,4,27,225		74.61,76.18	0,0 	0
551     	-26.04, -24.22, -6.91 	-0.32, 5.45, -8.11 	0.00, 20.00 	11,4,27,234		87.57,91.44	0,0 	0
560     	-26.00, -23.55, -7.04 	-0.33, 6.16, -8.17 	0.00, 20.00 	11,4,27,244		74.27,78.63	0,0 	0
569     	-25.93, -23.04, -7.19 	-0.35, 6.91, -8.20 	0.00, 20.00 	11,4,27,254		57.26,83.64	0,0 	0
577     	-25.87, -22.53, -7.25 	-0.40, 7.67, -8.24 	0.00, 20.00 	11,4,27,263		64.29,95.66	0,0 	0
586     	-25.71, -21.99, -7.29 	-0.38, 8.38, -8.27 	0.00, 20.00 	11,4,27,273		62.52,78.59	0,0 	0
595     	-25.58, -21.51, -7.40 	-0.33, 9.10, -8.29 	0.00, 20.00 	11,4,27,283		54.75,79.87	0,0 	0
603     	-25.51, -21.12, -7.49 	-0.34, 9.78, -8.29 	0.00, 20.00 	11,4,27,292		49.20,85.70	0,0 	0
612     	-25.47, -20.75, -7.58 	-0.28, 10.50, -8.26 	0.00, 20.00 	11,4,27,302		42.25,79.91	0,0 	0
621     	-25.37, -20.40, -7.67 	-0.25, 11.24, -8.24 	0.00, 20.00 	11,4,27,312		39.49,82.29	0,0 	0
629     	-25.24, -20.03, -7.77 	-0.24, 11.99, -8.20 	0.00, 20.00 	11,4,27,321		49.85,93.95	0,0 	0
638     	-25.09, -19.62, -7.88 	-0.29, 12.70, -8.16 	0.00, 20.00 	11,4,27,331		48.20,78.92	0,0 	0
647     	-24.89, -19.19, -8.02 	-0.34, 13.40, -8.13 	0.00, 20.00 	11,4,27,340		52.52,77.81	0,0 	0
655     	-24.73, -18.86, -8.17 	-0.37, 14.04, -8.11 	0.00, 20.00 	11,4,27,350		45.53,80.32	0,0 	0
664     	-24.61, -18.60, -8.29 	-0.40, 14.64, -8.07 	0.00, 20.00 	11,4,27,360		32.29,66.50	0,0 	0
673     	-24.39, -18.35, -8.37 	-0.44, 15.17, -8.02 	0.00, 20.00 	11,4,27,369		37.15,59.27	0,0 	0
682     	-24.27, -18.10, -8.43 	-0.50, 15.69, -7.96 	0.00, 20.00 	11,4,27,379		31.15,58.33	0,0 	0
690     	-24.15, -17.78, -8.45 	-0.51, 16.14, -7.90 	0.00, 20.00 	11,4,27,389		42.43,56.67	0,0 	0
700     	-23.98, -17.42, -8.48 	-0.49, 16.54, -7.84 	0.00, 20.00 	11,4,27,399		40.31,39.79	0,0 	0
708     	-23.86, -17.11, -8.52 	-0.50, 16.91, -7.79 	0.00, 20.00 	11,4,27,408		41.10,45.64	0,0 	0
716     	-23.84, -16.80, -8.54 	-0.48, 17.25, -7.74 	0.00, 20.00 	11,4,27,418		39.02,42.85	0,0 	0
725     	-23.72, -16.57, -8.56 	-0.45, 17.57, -7.70 	0.00, 20.00 	11,4,27,427		28.89,35.70	0,0 	0
734     	-23.59, -16.34, -8.59 	-0.43, 17.86, -7.68 	0.00, 20.00 	11,4,27,438		29.40,31.96	0,0 	0
742     	-23.45, -16.16, -8.62 	-0.45, 18.11, -7.66 	0.00, 20.00 	11,4,27,446		27.81,31.97	0,0 	0
751     	-23.35, -16.08, -8.64 	-0.49, 18.33, -7.62 	0.00, 20.00 	11,4,27,456		15.05,25.15	0,0 	0
760     	-23.21, -15.98, -8.68 	-0.52, 18.51, -7.60 	0.00, 20.00 	11,4,27,466		18.45,19.91	0,0 	0
768     	-23.11, -15.89, -8.70 	-0.53, 18.67, -7.58 	0.00, 20.00 	11,4,27,475		16.93,19.48	0,0 	0
777     	-23.04, -15.83, -8.69 	-0.53, 18.77, -7.55 	0.00, 20.00 	11,4,27,485		10.08,11.05	0,0 	0
786     	-22.98, -15.73, -8.71 	-0.49, 18.84, -7.54 	0.00, 20.00 	11,4,27,495		13.08,9.26	0,0 	0
794     	-22.91, -15.70, -8.68 	-0.44, 18.88, -7.54 	0.00, 20.00 	11,4,27,504		9.82,8.43	0,0 	0
803     	-22.83, -15.57, -8.70 	-0.39, 18.92, -7.54 	0.00, 20.00 	11,4,27,514		16.87,6.74	0,0 	0
812     	-22.82, -15.55, -8.70 	-0.34, 18.91, -7.54 	0.00, 20.00 	11,4,27,524		2.73,5.61	0,0 	0
820     	-22.77, -15.51, -8.69 	-0.32, 18.89, -7.55 	0.00, 20.00 	11,4,27,533		7.61,3.73	0,0 	0
829     	-22.72, -15.47, -8.70 	-0.30, 18.87, -7.56 	0.00, 20.00 	11,4,27,543		6.72,3.31	0,0 	0
838     	-22.72, -15.46, -8.69 	-0.30, 18.85, -7.57 	0.00, 20.00 	11,4,27,553		1.24,2.46	0,0 	0
847     	-22.66, -15.45, -8.69 	-0.30, 18.85, -7.58 	0.00, 20.00 	11,4,27,563		6.86,0.00	0,0 	0
855     	-22.67, -15.42, -8.69 	-0.31, 18.81, -7.60 	0.00, 20.00 	11,4,27,572		4.35,4.34	0,0 	0
864     	-22.65, -15.41, -8.70 	-0.31, 18.65, -7.69 	0.00, 20.00 	11,4,27,582		2.58,18.44	0,0 	0
873     	-22.64, -15.42, -8.69 	-0.27, 18.11, -7.94 	0.00, 20.00 	11,4,27,592		1.66,60.49	0,0 	0
881     	-22.64, -15.44, -8.68 	-0.16, 17.69, -8.06 	0.00, 20.00 	11,4,27,601		2.78,53.19	0,0 	0
891     	-22.65, -15.45, -8.68 	-0.03, 17.19, -8.18 	0.00, 20.00 	11,4,27,612		1.51,51.87	0,0 	0
899     	-22.63, -15.45, -8.69 	0.18, 16.67, -8.30 	0.00, 20.00 	11,4,27,621		2.53,70.41	0,0 	0
907     	-22.63, -15.52, -8.67 	0.33, 16.07, -8.42 	0.00, 20.00 	11,4,27,630		8.44,77.46	0,0 	0
916     	-22.66, -15.58, -8.66 	0.46, 15.36, -8.51 	0.00, 20.00 	11,4,27,640		8.19,80.47	0,0 	0
925     	-22.70, -15.77, -8.61 	0.55, 14.61, -8.57 	0.00, 20.00 	11,4,27,650		21.34,83.09	0,0 	0
933     	-22.81, -16.13, -8.54 	0.58, 13.78, -8.60 	0.00, 20.00 	11,4,27,659		46.43,103.82	0,0 	0
943     	-22.99, -16.71, -8.42 	0.55, 12.91, -8.60 	0.00, 20.00 	11,4,27,670		61.10,87.31	0,0 	0
952     	-23.35, -17.46, -8.26 	0.50, 12.02, -8.58 	0.00, 20.00 	11,4,27,679		92.30,99.51	0,0 	0
960     	-23.83, -18.31, -8.06 	0.45, 11.06, -8.53 	0.00, 20.00 	11,4,27,688		122.51,120.20	0,0 	0
969     	-24.19, -19.10, -7.86 	0.44, 10.08, -8.50 	0.00, 20.00 	11,4,27,698		96.42,108.06	0,0 	0
978     	-24.28, -19.57, -7.70 	0.45, 9.12, -8.51 	0.00, 20.00 	11,4,27,708		52.65,106.93	0,0 	0
986     	-24.29, -19.88, -7.57 	0.45, 8.13, -8.52 	0.00, 20.00 	11,4,27,717		38.98,124.35	0,0 	0
995     	-24.26, -20.15, -7.51 	0.40, 7.17, -8.51 	0.00, 20.00 	11,4,27,727		29.99,106.87	0,0 	0
1004    	-24.45, -20.35, -7.44 	0.31, 6.24, -8.46 	0.00, 20.00 	11,4,27,737		31.17,103.35	1000,1 	0
1012    	-24.67, -20.70, -7.38 	0.15, 5.28, -8.31 	0.00, 20.00 	11,4,27,746		51.45,121.43	1000,1 	0
1021    	-24.85, -21.08, -7.35 	-0.08, 4.41, -8.09 	0.00, 20.00 	11,4,27,756		45.92,99.50	1000,1 	0
1030    	-24.90, -21.44, -7.32 	-0.34, 3.55, -7.83 	0.00, 20.00 	11,4,27,766		41.13,100.59	1000,1 	0
1039    	-25.00, -21.79, -7.26 	-0.57, 2.60, -7.56 	0.00, 20.00 	11,4,27,776		39.49,107.91	1000,1 	0
1047    	-25.13, -22.13, -7.23 	-0.75, 1.69, -7.33 	0.00, 20.00 	11,4,27,785		45.89,116.37	1000,1 	0
1057    	-25.21, -22.52, -7.15 	-0.81, 0.90, -7.16 	0.00, 20.00 	11,4,27,797		39.51,79.65	1000,1 	0
1065    	-25.35, -22.87, -7.12 	-0.81, 0.28, -7.09 	0.00, 20.00 	11,4,27,805		47.64,77.38	1000,1 	0
1073    	-25.53, -23.26, -7.10 	-0.61, -0.28, -7.09 	0.00, 20.00 	11,4,27,814		54.24,74.24	1000,1 	0
1083    	-25.67, -23.87, -7.16 	-0.55, -0.77, -7.10 	0.00, 20.00 	11,4,27,825		62.37,49.08	1000,1 	0
1091    	-25.83, -24.36, -7.13 	-0.63, -1.14, -7.06 	0.00, 20.00 	11,4,27,834		63.94,47.64	1000,1 	0
1099    	-25.97, -24.72, -7.10 	-0.72, -1.45, -7.07 	0.00, 20.00 	11,4,27,843		48.53,40.06	1000,1 	0
1108    	-26.05, -25.05, -7.01 	-0.71, -1.63, -7.10 	0.00, 20.00 	11,4,27,853		38.03,19.76	1000,1 	0
1117    	-26.02, -25.35, -6.93 	-0.69, -1.69, -7.17 	0.00, 20.00 	11,4,27,863		33.67,7.68	1000,1 	0
1125    	-26.05, -25.64, -6.90 	-0.75, -1.68, -7.17 	0.00, 20.00 	11,4,27,872		36.31,7.69	1000,1 	0
1134    	-26.06, -25.84, -6.96 	-0.80, -1.67, -7.15 	0.00, 20.00 	11,4,27,882		22.28,5.74	1000,1 	0
1143    	-26.08, -26.05, -6.96 	-0.80, -1.65, -7.17 	0.00, 20.00 	11,4,27,892		23.55,2.46	1000,1 	0
1151    	-26.15, -26.29, -6.93 	-0.83, -1.66, -7.15 	0.00, 20.00 	11,4,27,901		30.28,4.04	1000,1 	0
1160    	-26.25, -26.42, -6.87 	-0.83, -1.65, -7.16 	0.00, 20.00 	11,4,27,911		18.05,1.23	1000,1 	0
1169    	-26.27, -26.51, -6.88 	-0.87, -1.60, -7.14 	0.00, 20.00 	11,4,27,921		10.17,6.63	1000,1 	0
1177    	-26.24, -26.63, -6.90 	-1.02, -1.55, -7.01 	0.00, 20.00 	11,4,27,930		16.07,19.69	1000,1 	0
1186    	-26.32, -26.78, -6.91 	-1.20, -1.44, -6.81 	0.00, 20.00 	11,4,27,940		19.60,23.56	1000,1 	0
1195    	-26.39, -26.93, -6.89 	-1.22, -1.38, -6.75 	0.00, 20.00 	11,4,27,950		17.51,6.98	1000,1 	0
1203    	-26.38, -26.98, -6.90 	-1.32, -1.36, -6.68 	0.00, 20.00 	11,4,27,959		7.06,12.91	1000,1 	0
1212    	-26.43, -26.98, -6.90 	-1.40, -1.35, -6.65 	0.00, 20.00 	11,4,27,969		5.61,8.98	1000,1 	0
1221    	-26.43, -26.98, -6.91 	-1.39, -1.41, -6.68 	0.00, 20.00 	11,4,27,979		0.00,6.52	1000,1 	0
1230    	-26.42, -27.06, -6.90 	-1.38, -1.38, -6.68 	0.00, 20.00 	11,4,27,989		8.93,3.86	1000,1 	0
1238    	-26.47, -27.12, -6.87 	-1.36, -1.33, -6.71 	0.00, 20.00 	11,4,27,998		10.52,5.68	1000,1 	0
1247    	-26.46, -27.17, -6.88 	-1.36, -1.31, -6.70 	0.00, 20.00 	11,4,28,8		5.06,2.46	1000,1 	0
1256    	-26.44, -27.20, -6.88 	-1.39, -1.30, -6.69 	0.00, 20.00 	11,4,28,18		4.32,3.58	1000,1 	0
1264    	-26.51, -27.21, -6.86 	-1.42, -1.30, -6.70 	0.00, 20.00 	11,4,28,27		8.96,3.79	1000,1 	0
1273    	-26.56, -27.21, -6.87 	-1.40, -1.28, -6.70 	0.00, 20.00 	11,4,28,37		5.61,3.34	1000,1 	0
1282    	-26.54, -27.22, -6.90 	-1.42, -1.25, -6.71 	0.00, 20.00 	11,4,28,47		2.55,3.31	1000,1 	0
1291    	-26.50, -27.25, -6.90 	-1.39, -1.24, -6.73 	0.00, 20.00 	11,4,28,56		5.10,3.60	1000,1 	0
1300    	-26.56, -27.21, -6.90 	-1.40, -1.25, -6.72 	0.00, 20.00 	11,4,28,66		7.66,1.67	1000,1 	0
1309    	-26.51, -27.24, -6.90 	-1.38, -1.27, -6.74 	0.00, 20.00 	11,4,28,76		6.70,2.55	1000,1 	0
1317    	-26.52, -27.24, -6.92 	-1.40, -1.26, -6.72 	0.00, 20.00 	11,4,28,85		1.26,2.53	1000,1 	0
1326    	-26.52, -27.26, -6.90 	-1.36, -1.24, -6.74 	0.00, 20.00 	11,4,28,95		1.24,5.14	1000,1 	0
1335    	-26.51, -27.26, -6.89 	-1.37, -1.25, -6.73 	0.00, 20.00 	11,4,28,105		1.12,1.67	1000,1 	0
1343    	-26.56, -27.24, -6.89 	-1.37, -1.21, -6.73 	0.00, 20.00 	11,4,28,114		6.45,5.53	1000,1 	0
1352    	-26.57, -27.24, -6.89 	-1.39, -1.18, -6.74 	0.00, 20.00 	11,4,28,124		1.12,4.30	1000,1 	0
1361    	-26.61, -27.23, -6.90 	-1.35, -1.17, -6.71 	0.00, 20.00 	11,4,28,134		4.65,4.67	1000,1 	0
1369    	-26.58, -27.23, -6.90 	-1.38, -1.16, -6.71 	0.00, 20.00 	11,4,28,143		3.79,4.02	1000,1 	0
1378    	-26.58, -27.23, -6.92 	-1.35, -1.13, -6.71 	0.00, 20.00 	11,4,28,153		0.00,4.19	1000,1 	0
1387    	-26.59, -27.23, -6.92 	-1.35, -1.13, -6.69 	0.00, 20.00 	11,4,28,163		1.12,0.00	1000,1 	0
1395    	-26.64, -27.22, -6.92 	-1.39, -1.11, -6.68 	0.00, 20.00 	11,4,28,172		6.45,5.74	1000,1 	0
1404    	-26.66, -27.18, -6.90 	-1.34, -1.09, -6.68 	0.00, 20.00 	11,4,28,182		4.32,5.14	1000,1 	0
1413    	-26.66, -27.20, -6.89 	-1.38, -1.10, -6.67 	0.00, 20.00 	11,4,28,192		1.24,3.60	1000,1 	0
1422    	-26.69, -27.17, -6.90 	-1.38, -1.10, -6.68 	0.00, 20.00 	11,4,28,202		4.16,0.00	1000,1 	0
1430    	-26.67, -27.18, -6.89 	-1.28, -1.08, -6.65 	0.00, 20.00 	11,4,28,211		2.87,11.72	1000,1 	0
1439    	-26.66, -27.15, -6.92 	-1.03, -0.95, -6.68 	0.00, 20.00 	11,4,28,221		3.89,31.81	1000,1 	0
1448    	-26.62, -27.10, -6.93 	-0.62, -0.65, -6.82 	0.00, 20.00 	11,4,28,231		7.68,56.67	1000,1 	0
1456    	-26.65, -27.06, -6.93 	-0.32, -0.23, -7.02 	0.00, 20.00 	11,4,28,240		5.61,63.54	1000,1 	0
1465    	-26.65, -26.97, -6.96 	-0.28, 0.13, -7.23 	0.00, 20.00 	11,4,28,250		9.95,40.69	1000,1 	0
1474    	-26.62, -26.85, -7.00 	-0.17, 0.58, -7.45 	0.00, 20.00 	11,4,28,260		14.06,51.43	1000,1 	0
1482    	-26.63, -26.73, -7.04 	-0.17, 1.00, -7.65 	0.00, 20.00 	11,4,28,269		15.49,52.50	1000,1 	0
1491    	-26.66, -26.46, -7.10 	-0.11, 1.38, -7.77 	0.00, 20.00 	11,4,28,279		29.99,42.03	1000,1 	0
1500    	-26.71, -25.94, -7.15 	-0.14, 1.80, -7.94 	0.00, 20.00 	11,4,28,289		58.61,46.84	1000,1 	0
1508    	-26.68, -25.37, -7.25 	-0.07, 2.46, -8.14 	0.00, 20.00 	11,4,28,298		71.03,83.18	1000,1 	0
1517    	-26.62, -24.73, -7.35 	0.02, 3.72, -8.48 	0.00, 20.00 	11,4,28,308		70.65,140.09	1000,1 	0
1526    	-26.45, -23.88, -7.53 	0.08, 4.89, -8.72 	0.00, 20.00 	11,4,28,318		96.74,130.20	1000,1 	0
1534    	-26.23, -22.93, -7.74 	0.03, 5.77, -8.84 	0.00, 20.00 	11,4,28,327		122.11,110.89	1000,1 	0
1543    	-25.96, -22.09, -7.90 	-0.08, 6.64, -8.91 	0.00, 20.00 	11,4,28,337		97.79,96.93	1000,1 	0
1552    	-25.89, -21.45, -7.95 	-0.09, 7.57, -8.96 	0.00, 20.00 	11,4,28,347		71.96,103.21	1000,1 	0
1560    	-25.79, -20.93, -8.00 	-0.04, 8.51, -9.05 	0.00, 20.00 	11,4,28,356		66.32,118.82	1000,1 	0
1569    	-25.73, -20.44, -8.05 	0.00, 9.45, -9.15 	0.00, 20.00 	11,4,28,366		54.68,104.39	1000,1 	0
1578    	-25.60, -19.96, -8.14 	-0.01, 10.38, -9.22 	0.00, 20.00 	11,4,28,376		54.75,103.21	1000,1 	0
1586    	-25.37, -19.51, -8.18 	0.01, 11.23, -9.25 	0.00, 20.00 	11,4,28,385		63.20,106.37	1000,1 	0
1595    	-25.17, -19.01, -8.20 	0.01, 12.06, -9.26 	0.00, 20.00 	11,4,28,395		60.61,92.13	1000,1 	0
1604    	-25.02, -18.66, -8.26 	-0.02, 12.89, -9.25 	0.00, 20.00 	11,4,28,405		42.35,92.29	1000,1 	0
1612    	-24.88, -18.36, -8.29 	-0.05, 13.73, -9.21 	0.00, 20.00 	11,4,28,414		41.18,105.20	1000,1 	0
1621    	-24.67, -18.03, -8.39 	-0.05, 14.54, -9.14 	0.00, 20.00 	11,4,28,424		43.01,89.67	1000,1 	0
1630    	-24.46, -17.61, -8.50 	-0.04, 15.32, -9.04 	0.00, 20.00 	11,4,28,434		51.84,87.19	1000,1 	0
1639    	-24.26, -17.19, -8.58 	-0.01, 16.03, -8.94 	0.00, 20.00 	11,4,28,444		52.52,78.60	1000,1 	0
1647    	-24.08, -16.79, -8.60 	-0.01, 16.63, -8.79 	0.00, 20.00 	11,4,28,453		54.24,74.62	1000,1 	0
1656    	-23.88, -16.39, -8.64 	0.02, 17.20, -8.67 	0.00, 20.00 	11,4,28,463		49.11,63.87	1000,1 	0
1665    	-23.75, -16.02, -8.66 	0.01, 17.69, -8.56 	0.00, 20.00 	11,4,28,473		44.32,54.11	1000,1 	0
1673    	-23.65, -15.72, -8.70 	-0.01, 18.12, -8.44 	0.00, 20.00 	11,4,28,482		39.39,54.07	1000,1 	0
1682    	-23.50, -15.45, -8.77 	-0.04, 18.54, -8.31 	0.00, 20.00 	11,4,28,492		34.35,46.84	1000,1 	0
1691    	-23.40, -15.15, -8.83 	-0.08, 18.90, -8.17 	0.00, 20.00 	11,4,28,502		35.01,39.65	1000,1 	0
1699    	-23.29, -14.86, -8.89 	-0.13, 19.19, -8.03 	0.00, 20.00 	11,4,28,511		38.46,36.65	1000,1 	0
1708    	-23.14, -14.60, -8.95 	-0.14, 19.44, -7.90 	0.00, 20.00 	11,4,28,521		33.23,28.31	1000,1 	0
1717    	-23.05, -14.40, -8.99 	-0.15, 19.65, -7.77 	0.00, 20.00 	11,4,28,531		24.56,23.42	1000,1 	0
1725    	-22.98, -14.25, -9.01 	-0.16, 19.81, -7.63 	0.00, 20.00 	11,4,28,540		20.99,19.37	1000,1 	0
1734    	-22.90, -14.15, -9.02 	-0.15, 19.92, -7.49 	0.00, 20.00 	11,4,28,550		13.70,12.28	1000,1 	0
1743    	-22.88, -14.04, -9.02 	-0.15, 20.00, -7.38 	0.00, 20.00 	11,4,28,560		12.60,9.82	1000,1 	0
1751    	-22.82, -13.95, -9.04 	-0.18, 20.07, -7.29 	0.00, 20.00 	11,4,28,569		12.86,9.09	1000,1 	0
1760    	-22.73, -13.96, -9.02 	-0.22, 20.13, -7.24 	0.00, 20.00 	11,4,28,579		10.10,7.58	1000,1 	0
1769    	-22.72, -13.93, -9.01 	-0.24, 20.14, -7.20 	0.00, 20.00 	11,4,28,589		2.73,3.58	1000,1 	0
1777    	-22.71, -13.88, -9.00 	-0.27, 20.14, -7.18 	0.00, 20.00 	11,4,28,598		7.09,2.53	1000,1 	0
1786    	-22.65, -13.82, -8.99 	-0.28, 20.13, -7.15 	0.00, 20.00 	11,4,28,608		9.19,1.67	1000,1 	0
1795    	-22.64, -13.78, -8.97 	-0.31, 20.06, -7.08 	0.00, 20.00 	11,4,28,618		5.09,8.13	1000,1 	0
1804    	-22.60, -13.76, -8.97 	-0.38, 19.97, -7.02 	0.00, 20.00 	11,4,28,628		4.20,13.61	1000,1 	0
1812    	-22.61, -13.73, -8.96 	-0.47, 19.88, -6.96 	0.00, 20.00 	11,4,28,637		4.35,15.04	1000,1 	0
1822    	-22.63, -13.72, -8.95 	-0.53, 19.78, -6.96 	0.00, 20.00 	11,4,28,648		2.02,11.69	1000,1 	0
1830    	-22.62, -13.71, -8.93 	-0.55, 19.74, -7.00 	0.00, 20.00 	11,4,28,657		1.89,6.09	1000,1 	0
1838    	-22.59, -13.70, -8.93 	-0.53, 19.73, -7.02 	0.00, 20.00 	11,4,28,666		4.05,2.87	1000,1 	0
1847    	-22.58, -13.67, -8.93 	-0.52, 19.73, -7.01 	0.00, 20.00 	11,4,28,676		3.89,1.12	1000,1 	0
1856    	-22.61, -13.66, -8.92 	-0.53, 19.71, -7.00 	0.00, 20.00 	11,4,28,686		3.58,2.71	1000,1 	0
1864    	-22.57, -13.67, -8.92 	-0.55, 19.69, -6.98 	0.00, 20.00 	11,4,28,695		5.23,2.89	1000,1 	0
1873    	-22.58, -13.66, -8.91 	-0.57, 19.68, -6.97 	0.00, 20.00 	11,4,28,705		1.66,2.57	1000,1 	0
1882    	-22.57, -13.64, -8.91 	-0.60, 19.72, -6.95 	0.00, 20.00 	11,4,28,715		2.73,4.97	1000,1 	0
1890    	-22.56, -13.65, -8.91 	-0.59, 19.76, -6.94 	0.00, 20.00 	11,4,28,724		1.87,5.68	1000,1 	0
1899    	-22.54, -13.63, -8.91 	-0.55, 19.83, -6.96 	0.00, 20.00 	11,4,28,734		3.36,8.66	1000,1 	0
1908    	-22.51, -13.63, -8.90 	-0.52, 19.89, -6.98 	0.00, 20.00 	11,4,28,744		3.37,8.13	1000,1 	0
1916    	-22.53, -13.63, -8.90 	-0.48, 19.95, -6.99 	0.00, 20.00 	11,4,28,753		2.53,7.91	1000,1 	0
1925    	-22.49, -13.63, -8.89 	-0.47, 19.97, -6.99 	0.00, 20.00 	11,4,28,763		4.49,2.71	1000,1 	0
1934    	-22.49, -13.62, -8.88 	-0.48, 20.01, -6.99 	0.00, 20.00 	11,4,28,773		1.24,5.03	1000,1 	0
1942    	-22.49, -13.61, -8.88 	-0.50, 20.07, -6.99 	0.00, 20.00 	11,4,28,782		1.39,7.34	1000,1 	0
1951    	-22.49, -13.63, -8.88 	-0.50, 20.12, -6.98 	0.00, 20.00 	11,4,28,792		2.47,6.14	1000,1 	0
1960    	-22.47, -13.62, -8.89 	-0.50, 20.16, -6.97 	0.00, 20.00 	11,4,28,802		2.58,3.68	1000,1 	0
1968    	-22.46, -13.61, -8.89 	-0.49, 20.19, -6.97 	0.00, 20.00 	11,4,28,811		1.89,4.34	1000,1 	0
1977    	-22.43, -13.62, -8.89 	-0.47, 20.21, -6.96 	0.00, 20.00 	11,4,28,821		3.58,2.71	1000,1 	0
1986    	-22.45, -13.61, -8.89 	-0.47, 20.22, -6.95 	0.00, 20.00 	11,4,28,831		2.55,1.23	1000,1 	0
1995    	-22.45, -13.59, -8.89 	-0.46, 20.23, -6.95 	0.00, 20.00 	11,4,28,841		2.48,1.67	1000,1 	0
2003    	-22.39, -13.58, -8.89 	-0.46, 20.24, -6.95 	0.00, 20.00 	11,4,28,850		6.48,1.38	1000,1 	0
2012    	-22.38, -13.57, -8.89 	-0.46, 20.24, -6.94 	0.00, 20.00 	11,4,28,860		1.68,0.00	1000,1 	0
2021    	-22.36, -13.58, -8.89 	-0.47, 20.25, -6.94 	0.00, 20.00 	11,4,28,870		2.55,1.12	1000,1 	0
2029    	-22.36, -13.54, -8.91 	-0.47, 20.25, -6.95 	0.00, 20.00 	11,4,28,879		4.18,0.00	1000,1 	0
2038    	-22.38, -13.54, -8.93 	-0.47, 20.26, -6.94 	0.00, 20.00 	11,4,28,889		2.25,1.23	1000,1 	0
2047    	-22.34, -13.54, -8.92 	-0.47, 20.26, -6.94 	0.00, 20.00 	11,4,28,899		4.49,0.00	1000,1 	0
2055    	-22.34, -13.53, -8.92 	-0.47, 20.26, -6.94 	0.00, 20.00 	11,4,28,908		1.39,0.00	1000,1 	0
2064    	-22.32, -13.53, -8.92 	-0.47, 20.25, -6.94 	0.00, 20.00 	11,4,28,918		2.25,1.23	1000,1 	0
2073    	-22.31, -13.52, -8.91 	-0.48, 20.25, -6.94 	0.00, 20.00 	11,4,28,928		1.68,1.12	1000,1 	0
2081    	-22.33, -13.53, -8.92 	-0.47, 20.26, -6.95 	0.00, 20.00 	11,4,28,937		2.90,1.88	1000,1 	0
2090    	-22.32, -13.52, -8.92 	-0.46, 20.26, -6.95 	0.00, 20.00 	11,4,28,947		1.68,1.12	1000,1 	0
2099    	-22.33, -13.49, -8.93 	-0.46, 20.26, -6.95 	0.00, 20.00 	11,4,28,957		3.87,0.00	1000,1 	0
2107    	-22.31, -13.49, -8.93 	-0.47, 20.26, -6.95 	0.00, 20.00 	11,4,28,966		2.53,1.26	1000,1 	0
2116    	-22.28, -13.50, -8.92 	-0.47, 20.26, -6.94 	0.00, 20.00 	11,4,28,976		3.58,0.00	1000,1 	0
2125    	-22.26, -13.48, -8.94 	-0.47, 20.26, -6.94 	0.00, 20.00 	11,4,28,986		3.36,0.00	1000,1 	0
2133    	-22.24, -13.50, -8.95 	-0.46, 20.27, -6.95 	0.00, 20.00 	11,4,28,995		3.74,1.88	1000,1 	0
2142    	-22.24, -13.49, -8.94 	-0.46, 20.26, -6.95 	0.00, 20.00 	11,4,29,5		1.24,1.23	1000,1 	0
2151    	-22.23, -13.47, -8.96 	-0.46, 20.26, -6.95 	0.00, 20.00 	11,4,29,15		2.73,0.00	1000,1 	0
2159    	-22.22, -13.47, -8.96 	-0.46, 20.27, -6.95 	0.00, 20.00 	11,4,29,24		1.26,1.38	1000,1 	0
2168    	-22.20, -13.47, -8.96 	-0.46, 20.27, -6.95 	0.00, 20.00 	11,4,29,34		2.25,0.00	1000,1 	0
2177    	-22.17, -13.47, -8.96 	-0.46, 20.27, -6.95 	0.00, 20.00 	11,4,29,44		3.37,0.00	1000,1 	0
2186    	-22.17, -13.49, -8.97 	-0.46, 20.27, -6.95 	0.00, 20.00 	11,4,29,54		2.48,0.00	1000,1 	0
2194    	-22.18, -13.48, -8.96 	-0.45, 20.26, -6.95 	0.00, 20.00 	11,4,29,63		1.87,1.86	1000,1 	0
2204    	-22.18, -13.49, -8.98 	-0.45, 20.27, -6.95 	0.00, 20.00 	11,4,29,74		1.11,1.11	1000,1 	0
2213    	-22.16, -13.51, -8.98 	-0.45, 20.27, -6.95 	0.00, -0.00 	11,4,29,92		3.28,0.00	1000,1 	0
2222    	-22.18, -13.52, -8.98 	-0.46, 20.27, -6.95 	0.00, -0.00 	11,4,29,102		3.86,1.68	1000,1 	0
2231    	-22.16, -13.53, -8.98 	-0.45, 20.28, -6.95 	0.00, -0.00 	11,4,29,112		3.83,2.51	1000,1 	0
2239    	-22.15, -13.52, -9.00 	-0.46, 20.27, -6.94 	0.00, -0.00 	11,4,29,121		3.02,3.01	1000,1 	0
2248    	-22.12, -13.52, -9.00 	-0.47, 20.27, -6.94 	0.00, -0.00 	11,4,29,131		5.05,1.68	1000,1 	0
2257    	-22.15, -13.53, -9.00 	-0.46, 20.27, -6.94 	0.00, -0.00 	11,4,29,141		5.40,1.68	1000,1 	0
2265    	-22.16, -13.53, -9.00 	-0.47, 20.28, -6.94 	0.00, -0.00 	11,4,29,150		1.68,2.49	1000,1 	0
2274    	-22.15, -13.53, -9.01 	-0.46, 20.27, -6.94 	0.00, -0.00 	11,4,29,160		1.68,2.49	1000,1 	0
2283    	-22.14, -13.51, -9.01 	-0.46, 20.28, -6.95 	0.00, -0.00 	11,4,29,170		4.09,1.84	1000,1 	0
2291    	-22.13, -13.52, -9.01 	-0.46, 20.27, -6.94 	0.00, -0.00 	11,4,29,179		2.49,1.84	1000,1 	0
2300    	-22.10, -13.53, -9.01 	-0.46, 20.28, -6.95 	0.00, -0.00 	11,4,29,189		5.36,1.84	1000,1 	0
2309    	-22.09, -13.51, -9.02 	-0.47, 20.28, -6.94 	0.00, -0.00 	11,4,29,199		3.51,1.44	1000,1 	0
2317    	-22.08, -13.53, -9.02 	-0.46, 20.28, -6.95 	0.00, -0.00 	11,4,29,208		4.06,1.68	1000,1 	0
2326    	-22.08, -13.53, -9.01 	-0.47, 20.28, -6.94 	0.00, -0.00 	11,4,29,218		0.00,1.68	1000,1 	0
2335    	-22.06, -13.54, -9.02 	-0.46, 20.27, -6.94 	0.00, -0.00 	11,4,29,228		3.83,2.49	1000,1 	0
2343    	-22.06, -13.53, -9.02 	-0.46, 20.27, -6.94 	0.00, -0.00 	11,4,29,237		1.86,0.00	1000,1 	0
2352    	-22.05, -13.54, -9.03 	-0.46, 20.27, -6.94 	0.00, -0.00 	11,4,29,247		2.49,0.00	1000,1 	0
2361    	-22.04, -13.53, -9.03 	-0.47, 20.27, -6.94 	0.00, -0.00 	11,4,29,257		2.52,1.68	1000,1 	0
2370    	-22.02, -13.54, -9.04 	-0.47, 20.27, -6.94 	0.00, -0.00 	11,4,29,267		3.83,0.00	1000,1 	0
2378    	-22.02, -13.54, -9.04 	-0.47, 20.27, -6.94 	0.00, -0.00 	11,4,29,276		0.00,0.00	1000,1 	0
2388    	-22.02, -13.54, -9.05 	-0.47, 20.27, -6.94 	0.00, -0.00 	11,4,29,287		0.00,0.00	1000,1 	0
2396    	-22.03, -13.56, -9.05 	-0.46, 20.24, -6.93 	0.00, -0.00 	11,4,29,296		4.91,4.85	1000,1 	0
2404    	-22.02, -13.58, -9.06 	-0.48, 20.19, -6.90 	0.00, -0.00 	11,4,29,305		2.99,11.25	1000,1 	0
2413    	-21.99, -13.60, -9.05 	-0.45, 20.02, -6.82 	0.00, -0.00 	11,4,29,315		6.24,28.05	1000,1 	0
2422    	-21.99, -13.60, -9.07 	-0.43, 19.76, -6.77 	0.00, -0.00 	11,4,29,325		0.00,44.45	1000,1 	0
2430    	-21.96, -13.63, -9.07 	-0.40, 19.52, -6.82 	0.00, -0.00 	11,4,29,334		8.98,47.05	1000,1 	0
2439    	-22.00, -13.62, -9.07 	-0.39, 19.24, -6.93 	0.00, -0.00 	11,4,29,344		6.97,47.98	1000,1 	0
2448    	-21.98, -13.66, -9.06 	-0.44, 18.88, -7.04 	0.00, -0.00 	11,4,29,354		6.48,59.38	1000,1 	0
2456    	-21.98, -13.68, -9.05 	-0.46, 18.50, -7.14 	0.00, -0.00 	11,4,29,363		3.71,64.47	1000,1 	0
2466    	-22.01, -13.74, -9.04 	-0.44, 18.04, -7.25 	0.00, -0.00 	11,4,29,373		11.67,75.65	1000,1 	0
2475    	-22.03, -13.83, -9.03 	-0.38, 17.52, -7.37 	0.00, -0.00 	11,4,29,383		18.31,105.00	1000,1 	0
2483    	-22.10, -14.02, -8.99 	-0.33, 16.91, -7.49 	0.00, -0.00 	11,4,29,392		39.88,122.27	1000,1 	0
2492    	-22.28, -14.28, -8.93 	-0.25, 16.26, -7.60 	0.00, -0.00 	11,4,29,402		63.85,131.80	1000,1 	0
2501    	-22.52, -14.73, -8.82 	-0.18, 15.54, -7.71 	0.00, -0.00 	11,4,29,412		85.00,120.76	1000,1 	0
2509    	-22.86, -15.36, -8.66 	-0.07, 14.82, -7.80 	0.00, -0.00 	11,4,29,421		142.18,145.84	1000,1 	0
2518    	-23.25, -16.20, -8.47 	0.02, 14.04, -7.90 	0.00, -0.00 	11,4,29,431		186.22,156.41	1000,1 	0
2527    	-23.61, -17.14, -8.30 	0.07, 13.25, -7.98 	0.00, -0.00 	11,4,29,441		200.72,157.45	1000,1 	0
2535    	-23.90, -17.96, -8.20 	0.09, 12.40, -8.06 	0.00, -0.00 	11,4,29,450		175.05,170.41	1000,1 	0
2544    	-24.25, -18.54, -8.16 	0.10, 11.55, -8.12 	0.00, -0.00 	11,4,29,460		135.21,170.32	1000,1 	0
2553    	-24.40, -18.99, -8.04 	0.15, 10.68, -8.18 	0.00, -0.00 	11,4,29,470		93.16,175.23	1000,1 	0
2561    	-24.51, -19.35, -7.88 	0.18, 9.81, -8.23 	0.00, -0.00 	11,4,29,479		76.44,172.73	1000,1 	0
2570    	-24.73, -19.70, -7.69 	0.19, 8.95, -8.24 	0.00, -0.00 	11,4,29,489		82.31,172.52	1000,1 	0
2580    	-25.04, -20.02, -7.58 	0.21, 8.05, -8.22 	0.00, -0.00 	11,4,29,500		75.58,149.45	1000,1 	0
2588    	-25.24, -20.38, -7.51 	0.26, 7.22, -8.22 	0.00, -0.00 	11,4,29,509		80.37,166.26	1000,1 	0
2596    	-25.31, -20.75, -7.52 	0.31, 6.43, -8.21 	0.00, -0.00 	11,4,29,518		76.51,159.83	1000,1 	0
2605    	-25.39, -21.10, -7.52 	0.29, 5.63, -8.17 	0.00, -0.00 	11,4,29,528		58.86,132.61	1000,1 	0
2614    	-25.60, -21.57, -7.49 	0.30, 4.93, -8.15 	0.00, -0.00 	11,4,29,538		86.31,116.11	1000,1 	0
2622    	-25.82, -21.98, -7.40 	0.34, 4.27, -8.11 	0.00, -0.00 	11,4,29,547		94.19,133.25	1000,1 	0
2631    	-26.00, -22.42, -7.37 	0.30, 3.62, -8.07 	0.00, -0.00 	11,4,29,557		79.26,108.75	1000,1 	0
2640    	-26.17, -22.88, -7.36 	0.18, 2.94, -7.99 	0.00, -0.00 	11,4,29,567		53.63,76.88	1000,1 	0
2648    	-26.23, -23.29, -7.36 	0.08, 2.33, -7.89 	0.00, -0.00 	11,4,29,576		51.81,76.73	1000,1 	0
2657    	-26.32, -23.66, -7.32 	-0.02, 1.83, -7.79 	0.00, -0.00 	11,4,29,586		42.89,57.27	1000,1 	0
2666    	-26.39, -24.00, -7.30 	-0.08, 1.37, -7.68 	0.00, -0.00 	11,4,29,596		37.80,50.70	1000,1 	0
2693    	-26.52, -24.36, -7.26 	-0.12, 0.91, -7.54 	0.00, -0.00 	11,4,29,624		48.14,58.10	1000,1 	0
2693    	-26.60, -24.70, -7.24 	-0.07, 0.46, -7.46 	0.00, -0.00 	11,4,29,624		0.00,0.00	1000,1 	0
