#Time 	Sensor1         Sensor2         Target          Time            Vel             
#================================================================

14      	0.52, 0.29, -7.90 	20.26, -22.56, -4.93 	0.00, 20.00 	12,22,41,231		0.00,0.00	0,0 	0
23      	0.52, 0.30, -7.91 	20.32, -22.52, -4.92 	0.00, 20.00 	12,22,41,241		1.18,7.22	0,0 	0
32      	0.52, 0.29, -7.90 	20.32, -22.53, -4.87 	0.00, 20.00 	12,22,41,250		1.18,1.15	0,0 	0
41      	0.52, 0.30, -7.91 	20.34, -22.54, -4.88 	0.00, 20.00 	12,22,41,260		1.18,2.85	0,0 	0
50      	0.54, 0.29, -7.89 	20.30, -22.51, -4.86 	0.00, 20.00 	12,22,41,270		1.77,5.25	0,0 	0
59      	0.54, 0.29, -7.89 	20.27, -22.55, -4.86 	0.00, 20.00 	12,22,41,279		0.00,5.10	0,0 	0
68      	0.53, 0.30, -7.90 	20.31, -22.56, -4.82 	0.00, 20.00 	12,22,41,289		1.18,4.06	0,0 	0
77      	0.50, 0.31, -7.90 	20.30, -22.52, -4.83 	0.00, 20.00 	12,22,41,299		4.02,3.45	0,0 	0
86      	0.49, 0.32, -7.90 	20.29, -22.53, -4.85 	0.00, 20.00 	12,22,41,309		1.77,1.29	0,0 	0
95      	0.50, 0.31, -7.90 	20.30, -22.49, -4.79 	0.00, 20.00 	12,22,41,318		1.77,3.64	0,0 	0
104     	0.49, 0.32, -7.90 	20.37, -22.49, -4.79 	0.00, 20.00 	12,22,41,328		1.77,7.73	0,0 	0
113     	0.50, 0.31, -7.90 	20.41, -22.50, -4.81 	0.00, 20.00 	12,22,41,338		1.77,4.06	0,0 	0
122     	0.49, 0.32, -7.90 	20.41, -22.53, -4.80 	0.00, 20.00 	12,22,41,347		1.77,3.45	0,0 	0
131     	0.50, 0.31, -7.90 	20.40, -22.52, -4.77 	0.00, 20.00 	12,22,41,357		1.77,1.75	0,0 	0
140     	0.52, 0.30, -7.89 	20.42, -22.52, -4.75 	0.00, 20.00 	12,22,41,367		2.84,2.58	0,0 	0
149     	0.52, 0.29, -7.89 	20.41, -22.51, -4.72 	0.00, 20.00 	12,22,41,376		1.18,1.75	0,0 	0
158     	0.49, 0.33, -7.89 	20.38, -22.52, -4.71 	0.00, 20.00 	12,22,41,386		6.18,2.79	0,0 	0
167     	0.48, 0.34, -7.91 	20.37, -22.51, -4.68 	0.00, 20.00 	12,22,41,396		1.18,1.75	0,0 	0
176     	0.48, 0.34, -7.91 	20.37, -22.51, -4.69 	0.00, 20.00 	12,22,41,405		0.00,0.00	0,0 	0
185     	0.48, 0.34, -7.91 	20.36, -22.49, -4.71 	0.00, 20.00 	12,22,41,415		0.00,2.67	0,0 	0
194     	0.48, 0.34, -7.91 	20.36, -22.48, -4.67 	0.00, 20.00 	12,22,41,425		0.00,1.15	0,0 	0
203     	0.48, 0.34, -7.91 	20.37, -22.48, -4.67 	0.00, 20.00 	12,22,41,434		0.00,1.29	0,0 	0
212     	0.51, 0.34, -7.91 	20.39, -22.50, -4.64 	0.00, 20.00 	12,22,41,444		2.53,3.50	0,0 	0
221     	0.47, 0.33, -7.91 	20.40, -22.51, -4.64 	0.00, 20.00 	12,22,41,454		3.92,1.15	0,0 	0
230     	0.51, 0.32, -7.91 	20.42, -22.53, -4.61 	0.00, 20.00 	12,22,41,463		4.02,3.50	0,0 	0
239     	0.51, 0.33, -7.91 	20.37, -22.53, -4.59 	0.00, 20.00 	12,22,41,473		1.18,5.15	0,0 	0
248     	0.51, 0.33, -7.91 	20.33, -22.55, -4.60 	0.00, 20.00 	12,22,41,483		0.00,5.58	0,0 	0
257     	0.52, 0.34, -7.91 	20.33, -22.55, -4.60 	0.00, 20.00 	12,22,41,492		1.68,0.00	0,0 	0
266     	0.55, 0.35, -7.91 	20.32, -22.55, -4.61 	0.00, 20.00 	12,22,41,502		3.92,1.29	0,0 	0
275     	0.55, 0.35, -7.91 	20.35, -22.57, -4.59 	0.00, 20.00 	12,22,41,512		0.00,4.55	0,0 	0
284     	0.53, 0.33, -7.89 	20.41, -22.51, -4.60 	0.00, 20.00 	12,22,41,522		3.37,9.30	0,0 	0
293     	0.53, 0.33, -7.89 	20.41, -22.52, -4.60 	0.00, 20.00 	12,22,41,531		0.00,1.15	0,0 	0
302     	0.53, 0.33, -7.89 	20.48, -22.50, -4.58 	0.00, 20.00 	12,22,41,541		0.00,8.00	0,0 	0
311     	0.54, 0.32, -7.90 	20.52, -22.53, -4.58 	0.00, 20.00 	12,22,41,551		1.77,6.28	0,0 	0
320     	0.50, 0.33, -7.90 	20.45, -22.59, -4.54 	0.00, 20.00 	12,22,41,560		5.25,11.19	0,0 	0
329     	0.50, 0.33, -7.90 	20.41, -22.59, -4.52 	0.00, 20.00 	12,22,41,570		0.00,3.86	0,0 	0
338     	0.51, 0.32, -7.91 	20.37, -22.58, -4.54 	0.00, 20.00 	12,22,41,580		1.77,5.31	0,0 	0
347     	0.51, 0.33, -7.90 	20.40, -22.59, -4.55 	0.00, 20.00 	12,22,41,589		1.18,4.06	0,0 	0
356     	0.51, 0.33, -7.90 	20.44, -22.55, -4.56 	0.00, 20.00 	12,22,41,599		0.00,6.80	0,0 	0
365     	0.51, 0.33, -7.90 	20.44, -22.54, -4.57 	0.00, 20.00 	12,22,41,609		0.00,1.15	0,0 	0
374     	0.51, 0.33, -7.90 	20.47, -22.55, -4.58 	0.00, 20.00 	12,22,41,618		0.00,2.85	0,0 	0
383     	0.51, 0.35, -7.90 	20.50, -22.57, -4.54 	0.00, 20.00 	12,22,41,628		2.35,4.55	0,0 	0
392     	0.46, 0.35, -7.91 	20.54, -22.55, -4.56 	0.00, 20.00 	12,22,41,638		5.06,4.44	0,0 	0
401     	0.47, 0.35, -7.91 	20.62, -22.53, -4.55 	0.00, 20.00 	12,22,41,647		1.26,9.06	0,0 	0
410     	0.48, 0.35, -7.91 	20.62, -22.56, -4.54 	0.00, 20.00 	12,22,41,657		1.26,3.45	0,0 	0
419     	0.48, 0.34, -7.91 	20.62, -22.54, -4.52 	0.00, 20.00 	12,22,41,667		1.18,2.30	0,0 	0
428     	0.48, 0.35, -7.91 	20.57, -22.56, -4.51 	0.00, 20.00 	12,22,41,676		1.18,5.58	0,0 	0
437     	0.49, 0.37, -7.91 	20.53, -22.59, -4.52 	0.00, 20.00 	12,22,41,686		2.61,5.58	0,0 	0
446     	0.48, 0.36, -7.91 	20.53, -22.57, -4.54 	0.00, 20.00 	12,22,41,696		1.68,2.30	0,0 	0
455     	0.48, 0.35, -7.91 	20.47, -22.58, -4.55 	0.00, 20.00 	12,22,41,705		1.18,6.51	0,0 	0
464     	0.44, 0.36, -7.91 	20.51, -22.56, -4.56 	0.00, 20.00 	12,22,41,715		5.25,5.58	0,0 	0
473     	0.44, 0.34, -7.90 	20.55, -22.57, -4.56 	0.00, 20.00 	12,22,41,725		2.35,4.06	0,0 	0
482     	0.45, 0.35, -7.90 	20.55, -22.59, -4.54 	0.00, 20.00 	12,22,41,734		1.68,2.30	0,0 	0
491     	0.49, 0.36, -7.91 	20.62, -22.57, -4.56 	0.00, 20.00 	12,22,41,744		5.14,7.78	0,0 	0
500     	0.50, 0.36, -7.90 	20.62, -22.57, -4.56 	0.00, 20.00 	12,22,41,754		1.26,0.00	0,0 	0
509     	0.50, 0.36, -7.90 	20.67, -22.59, -4.55 	0.00, 20.00 	12,22,41,764		0.00,5.70	0,0 	0
518     	0.50, 0.36, -7.90 	20.70, -22.56, -4.54 	0.00, 20.00 	12,22,41,773		0.00,5.10	0,0 	0
527     	0.51, 0.37, -7.90 	20.72, -22.55, -4.57 	0.00, 20.00 	12,22,41,783		1.68,2.79	0,0 	0
536     	0.48, 0.39, -7.91 	20.72, -22.55, -4.57 	0.00, 20.00 	12,22,41,793		4.56,0.00	0,0 	0
545     	0.49, 0.37, -7.90 	20.67, -22.51, -4.59 	0.00, 20.00 	12,22,41,802		2.72,7.00	0,0 	0
554     	0.50, 0.39, -7.91 	20.67, -22.57, -4.60 	0.00, 20.00 	12,22,41,812		2.61,6.97	0,0 	0
563     	0.47, 0.39, -7.91 	20.67, -22.57, -4.60 	0.00, 20.00 	12,22,41,822		3.79,0.00	0,0 	0
572     	0.45, 0.36, -7.90 	20.71, -22.56, -4.61 	0.00, 20.00 	12,22,41,831		4.24,5.25	0,0 	0
581     	0.48, 0.37, -7.90 	20.75, -22.56, -4.64 	0.00, 20.00 	12,22,41,841		3.92,3.86	0,0 	0
590     	0.49, 0.36, -7.90 	20.75, -22.60, -4.61 	0.00, 20.00 	12,22,41,851		1.77,4.59	0,0 	0
599     	0.45, 0.37, -7.90 	20.82, -22.58, -4.61 	0.00, 20.00 	12,22,41,860		5.25,7.78	0,0 	0
608     	0.47, 0.35, -7.90 	20.75, -22.60, -4.60 	0.00, 20.00 	12,22,41,870		3.53,7.78	0,0 	0
617     	0.47, 0.37, -7.91 	20.77, -22.58, -4.63 	0.00, 20.00 	12,22,41,880		2.35,3.40	0,0 	0
626     	0.46, 0.39, -7.91 	20.74, -22.57, -4.64 	0.00, 20.00 	12,22,41,889		2.72,4.06	0,0 	0
635     	0.47, 0.38, -7.89 	20.72, -22.55, -4.65 	0.00, 20.00 	12,22,41,899		1.77,2.67	0,0 	0
644     	0.47, 0.39, -7.89 	20.74, -22.55, -4.66 	0.00, 20.00 	12,22,41,909		1.18,1.29	0,0 	0
653     	0.47, 0.38, -7.89 	20.74, -22.57, -4.65 	0.00, 20.00 	12,22,41,918		1.18,2.30	0,0 	0
662     	0.48, 0.38, -7.88 	20.69, -22.58, -4.64 	0.00, 20.00 	12,22,41,928		1.26,5.25	0,0 	0
671     	0.48, 0.36, -7.89 	20.68, -22.59, -4.64 	0.00, 20.00 	12,22,41,938		2.35,1.70	0,0 	0
680     	0.48, 0.36, -7.89 	20.73, -22.58, -4.63 	0.00, 20.00 	12,22,41,947		0.00,5.25	0,0 	0
689     	0.51, 0.34, -7.88 	20.69, -22.59, -4.63 	0.00, 20.00 	12,22,41,957		3.53,4.00	0,0 	0
698     	0.51, 0.35, -7.88 	20.69, -22.60, -4.63 	0.00, 20.00 	12,22,41,967		1.18,1.15	0,0 	0
707     	0.47, 0.37, -7.88 	20.66, -22.59, -4.63 	0.00, 20.00 	12,22,41,977		4.56,4.06	0,0 	0
716     	0.47, 0.37, -7.88 	20.66, -22.62, -4.60 	0.00, 20.00 	12,22,41,986		0.00,3.45	0,0 	0
725     	0.48, 0.36, -7.88 	20.59, -22.66, -4.58 	0.00, 20.00 	12,22,41,996		1.77,8.37	0,0 	0
734     	0.48, 0.38, -7.88 	20.62, -22.67, -4.59 	0.00, 20.00 	12,22,42,6		2.35,2.85	0,0 	0
743     	0.43, 0.41, -7.89 	20.60, -22.66, -4.60 	0.00, 20.00 	12,22,42,15		6.30,1.75	0,0 	0
752     	0.43, 0.39, -7.88 	20.57, -22.67, -4.61 	0.00, 20.00 	12,22,42,25		2.35,4.00	0,0 	0
761     	0.43, 0.39, -7.88 	20.60, -22.65, -4.61 	0.00, 20.00 	12,22,42,35		0.00,4.44	0,0 	0
770     	0.44, 0.36, -7.89 	20.64, -22.68, -4.61 	0.00, 20.00 	12,22,42,44		3.53,5.25	0,0 	0
779     	0.46, 0.36, -7.90 	20.57, -22.70, -4.58 	0.00, 20.00 	12,22,42,54		2.53,8.00	0,0 	0
788     	0.41, 0.37, -7.89 	20.57, -22.71, -4.58 	0.00, 20.00 	12,22,42,64		5.25,1.15	0,0 	0
797     	0.46, 0.39, -7.91 	20.65, -22.70, -4.57 	0.00, 20.00 	12,22,42,73		5.47,9.06	0,0 	0
806     	0.39, 0.36, -7.88 	20.62, -22.76, -4.54 	0.00, 20.00 	12,22,42,83		7.83,7.80	0,0 	0
815     	0.42, 0.40, -7.89 	20.61, -22.74, -4.56 	0.00, 20.00 	12,22,42,93		5.05,2.67	0,0 	0
824     	0.42, 0.38, -7.89 	20.55, -22.77, -4.54 	0.00, 20.00 	12,22,42,102		2.35,7.22	0,0 	0
833     	0.44, 0.37, -7.88 	20.54, -22.76, -4.55 	0.00, 20.00 	12,22,42,112		1.77,1.75	0,0 	0
842     	0.43, 0.38, -7.89 	20.54, -22.76, -4.55 	0.00, 20.00 	12,22,42,122		1.18,0.00	0,0 	0
851     	0.46, 0.37, -7.88 	20.54, -22.76, -4.55 	0.00, 20.00 	12,22,42,131		2.84,0.00	0,0 	0
860     	0.45, 0.37, -7.89 	20.58, -22.77, -4.56 	0.00, 20.00 	12,22,42,141		1.26,4.06	0,0 	0
869     	0.44, 0.35, -7.89 	20.65, -22.76, -4.55 	0.00, 20.00 	12,22,42,151		2.61,7.78	0,0 	0
878     	0.43, 0.29, -7.88 	20.65, -22.76, -4.55 	0.00, 20.00 	12,22,42,160		5.95,0.00	0,0 	0
887     	0.42, 0.31, -7.89 	20.59, -22.77, -4.54 	0.00, 20.00 	12,22,42,170		2.72,6.51	0,0 	0
896     	0.42, 0.31, -7.88 	20.58, -22.77, -4.54 	0.00, 20.00 	12,22,42,180		0.00,1.29	0,0 	0
905     	0.41, 0.34, -7.89 	20.60, -22.73, -4.56 	0.00, 20.00 	12,22,42,189		3.53,5.20	0,0 	0
914     	0.44, 0.37, -7.88 	20.57, -22.72, -4.55 	0.00, 20.00 	12,22,42,199		3.37,2.85	0,0 	0
923     	0.41, 0.38, -7.88 	20.63, -22.69, -4.57 	0.00, 20.00 	12,22,42,209		2.84,7.22	0,0 	0
932     	0.43, 0.35, -7.88 	20.66, -22.65, -4.58 	0.00, 20.00 	12,22,42,219		3.80,5.10	0,0 	0
941     	0.40, 0.33, -7.88 	20.64, -22.64, -4.57 	0.00, 20.00 	12,22,42,228		2.74,2.85	0,0 	0
950     	0.46, 0.32, -7.87 	20.65, -22.62, -4.56 	0.00, 20.00 	12,22,42,238		6.85,2.60	0,0 	0
959     	0.39, 0.30, -7.88 	20.62, -22.60, -4.54 	0.00, 20.00 	12,22,42,248		8.87,3.50	0,0 	0
968     	0.40, 0.30, -7.88 	20.65, -22.64, -4.53 	0.00, 20.00 	12,22,42,257		1.26,5.33	0,0 	0
977     	0.42, 0.30, -7.86 	20.63, -22.69, -4.53 	0.00, 20.00 	12,22,42,267		2.53,5.20	0,0 	0
986     	0.42, 0.28, -7.85 	20.61, -22.70, -4.52 	0.00, 20.00 	12,22,42,277		2.35,2.79	0,0 	0
995     	0.34, 0.30, -7.86 	20.54, -22.71, -4.52 	0.00, 20.00 	12,22,42,286		9.27,7.78	0,0 	0
1004    	0.36, 0.34, -7.85 	20.53, -22.72, -4.52 	0.00, 20.00 	12,22,42,296		5.23,1.70	1000,1 	0
1013    	0.36, 0.35, -7.84 	20.49, -22.74, -4.53 	0.00, 20.00 	12,22,42,306		1.18,4.44	1000,1 	0
1022    	0.32, 0.32, -7.81 	20.53, -22.70, -4.54 	0.00, 20.00 	12,22,42,315		6.02,5.92	1000,1 	0
1031    	0.31, 0.34, -7.84 	20.49, -22.67, -4.54 	0.00, 20.00 	12,22,42,325		2.35,5.25	1000,1 	0
1040    	0.28, 0.28, -7.84 	20.50, -22.66, -4.56 	0.00, 20.00 	12,22,42,335		6.84,1.70	1000,1 	0
1049    	0.25, 0.24, -7.82 	20.54, -22.61, -4.57 	0.00, 20.00 	12,22,42,344		5.90,7.61	1000,1 	0
1058    	0.24, 0.21, -7.84 	20.50, -22.64, -4.57 	0.00, 20.00 	12,22,42,354		4.24,6.12	1000,1 	0
1067    	0.27, 0.19, -7.84 	20.61, -22.60, -4.56 	0.00, 20.00 	12,22,42,364		4.56,13.24	1000,1 	0
1076    	0.27, 0.19, -7.87 	20.60, -22.62, -4.52 	0.00, 20.00 	12,22,42,373		0.00,1.70	1000,1 	0
1085    	0.30, 0.24, -7.88 	20.59, -22.62, -4.50 	0.00, 20.00 	12,22,42,383		6.84,1.29	1000,1 	0
1094    	0.34, 0.26, -7.89 	20.58, -22.63, -4.48 	0.00, 20.00 	12,22,42,393		5.14,1.70	1000,1 	0
1103    	0.36, 0.26, -7.88 	20.63, -22.65, -4.50 	0.00, 20.00 	12,22,42,402		1.26,5.70	1000,1 	0
1112    	0.31, 0.24, -7.86 	20.56, -22.60, -4.50 	0.00, 20.00 	12,22,42,412		5.14,8.75	1000,1 	0
1121    	0.32, 0.23, -7.85 	20.53, -22.60, -4.48 	0.00, 20.00 	12,22,42,422		1.77,3.86	1000,1 	0
1130    	0.31, 0.25, -7.86 	20.53, -22.60, -4.53 	0.00, 20.00 	12,22,42,432		2.72,0.00	1000,1 	0
1139    	0.30, 0.24, -7.86 	20.57, -22.57, -4.51 	0.00, 20.00 	12,22,42,441		1.68,5.58	1000,1 	0
1148    	0.31, 0.22, -7.84 	20.61, -22.56, -4.51 	0.00, 20.00 	12,22,42,451		2.72,4.00	1000,1 	0
1157    	0.33, 0.22, -7.85 	20.57, -22.54, -4.50 	0.00, 20.00 	12,22,42,461		1.26,4.55	1000,1 	0
1166    	0.33, 0.24, -7.84 	20.57, -22.55, -4.50 	0.00, 20.00 	12,22,42,470		2.61,1.15	1000,1 	0
1175    	0.32, 0.23, -7.85 	20.54, -22.60, -4.49 	0.00, 20.00 	12,22,42,480		1.68,5.92	1000,1 	0
1184    	0.34, 0.23, -7.84 	20.50, -22.55, -4.52 	0.00, 20.00 	12,22,42,490		1.26,7.01	1000,1 	0
1193    	0.36, 0.24, -7.84 	20.57, -22.53, -4.52 	0.00, 20.00 	12,22,42,499		2.53,7.78	1000,1 	0
1202    	0.36, 0.29, -7.86 	20.54, -22.58, -4.53 	0.00, 20.00 	12,22,42,509		5.95,5.92	1000,1 	0
1211    	0.38, 0.29, -7.85 	20.58, -22.55, -4.54 	0.00, 20.00 	12,22,42,519		1.26,5.58	1000,1 	0
1220    	0.35, 0.28, -7.85 	20.57, -22.49, -4.55 	0.00, 20.00 	12,22,42,528		2.74,7.05	1000,1 	0
1229    	0.37, 0.28, -7.86 	20.57, -22.49, -4.55 	0.00, 20.00 	12,22,42,538		1.26,0.00	1000,1 	0
1238    	0.38, 0.28, -7.84 	20.57, -22.49, -4.55 	0.00, 20.00 	12,22,42,548		1.26,0.00	1000,1 	0
1247    	0.41, 0.26, -7.85 	20.61, -22.54, -4.54 	0.00, 20.00 	12,22,42,557		4.56,7.01	1000,1 	0
1256    	0.40, 0.24, -7.84 	20.69, -22.53, -4.54 	0.00, 20.00 	12,22,42,567		2.61,9.06	1000,1 	0
1265    	0.44, 0.25, -7.84 	20.65, -22.54, -4.52 	0.00, 20.00 	12,22,42,577		3.92,4.00	1000,1 	0
1274    	0.39, 0.28, -7.84 	20.65, -22.56, -4.54 	0.00, 20.00 	12,22,42,586		6.30,2.30	1000,1 	0
1283    	0.41, 0.28, -7.84 	20.64, -22.52, -4.57 	0.00, 20.00 	12,22,42,596		2.53,4.81	1000,1 	0
1292    	0.35, 0.30, -7.83 	20.61, -22.53, -4.56 	0.00, 20.00 	12,22,42,606		6.85,4.00	1000,1 	0
1301    	0.38, 0.31, -7.84 	20.59, -22.51, -4.58 	0.00, 20.00 	12,22,42,615		3.92,2.67	1000,1 	0
1310    	0.41, 0.31, -7.84 	20.62, -22.51, -4.60 	0.00, 20.00 	12,22,42,625		2.53,2.58	1000,1 	0
1319    	0.42, 0.32, -7.83 	20.67, -22.51, -4.61 	0.00, 20.00 	12,22,42,635		1.68,6.44	1000,1 	0
1328    	0.43, 0.33, -7.84 	20.67, -22.52, -4.61 	0.00, 20.00 	12,22,42,645		1.68,1.15	1000,1 	0
1337    	0.40, 0.34, -7.84 	20.71, -22.50, -4.61 	0.00, 20.00 	12,22,42,654		2.84,4.44	1000,1 	0
1346    	0.38, 0.34, -7.84 	20.75, -22.46, -4.66 	0.00, 20.00 	12,22,42,664		2.53,6.12	1000,1 	0
1355    	0.38, 0.33, -7.85 	20.81, -22.44, -4.67 	0.00, 20.00 	12,22,42,674		1.18,6.78	1000,1 	0
1364    	0.49, 0.40, -7.85 	20.84, -22.40, -4.68 	0.00, 20.00 	12,22,42,683		14.18,5.92	1000,1 	0
1373    	0.46, 0.47, -7.87 	20.88, -22.40, -4.70 	0.00, 20.00 	12,22,42,693		8.72,3.86	1000,1 	0
1382    	0.48, 0.60, -7.87 	20.87, -22.31, -4.73 	0.00, 20.00 	12,22,42,703		14.43,9.19	1000,1 	0
1391    	0.50, 0.85, -7.91 	20.91, -22.33, -4.75 	0.00, 20.00 	12,22,42,712		27.26,4.55	1000,1 	0
1400    	0.55, 1.18, -7.89 	20.79, -22.29, -4.83 	0.00, 20.00 	12,22,42,722		37.33,14.25	1000,1 	0
1409    	0.62, 1.69, -7.91 	20.92, -22.18, -4.91 	0.00, 20.00 	12,22,42,732		57.44,18.99	1000,1 	0
1418    	0.75, 2.42, -7.95 	21.05, -22.09, -4.98 	0.00, 20.00 	12,22,42,741		82.03,17.76	1000,1 	0
1427    	0.81, 3.31, -7.97 	21.05, -21.96, -5.08 	0.00, 20.00 	12,22,42,751		99.44,13.81	1000,1 	0
1436    	0.83, 4.18, -7.98 	21.17, -21.95, -5.15 	0.00, 20.00 	12,22,42,761		96.58,12.90	1000,1 	0
1445    	0.81, 4.89, -8.01 	21.24, -21.94, -5.28 	0.00, 20.00 	12,22,42,770		78.68,7.78	1000,1 	0
1454    	0.83, 5.61, -8.03 	21.34, -21.82, -5.48 	0.00, 20.00 	12,22,42,780		80.17,17.79	1000,1 	0
1463    	0.77, 6.30, -8.04 	21.49, -21.75, -5.78 	0.00, 20.00 	12,22,42,790		77.50,17.93	1000,1 	0
1472    	0.74, 6.99, -8.04 	21.56, -21.56, -6.21 	0.00, 20.00 	12,22,42,799		76.30,22.32	1000,1 	0
1481    	0.75, 7.64, -8.05 	21.71, -21.37, -6.76 	0.00, 20.00 	12,22,42,809		71.80,27.05	1000,1 	0
1490    	0.71, 8.32, -8.05 	21.89, -21.19, -7.36 	0.00, 20.00 	12,22,42,819		76.29,28.19	1000,1 	0
1499    	0.65, 8.95, -8.06 	22.26, -20.94, -7.98 	0.00, 20.00 	12,22,42,828		70.46,49.41	1000,1 	0
1508    	0.58, 9.64, -8.04 	22.74, -20.76, -8.50 	0.00, 20.00 	12,22,42,838		76.38,57.54	1000,1 	0
1517    	0.54, 10.35, -8.04 	22.91, -20.31, -8.79 	0.00, 20.00 	12,22,42,848		79.82,53.45	1000,1 	0
1526    	0.50, 11.16, -8.06 	22.97, -19.74, -8.90 	0.00, 20.00 	12,22,42,857		89.21,63.90	1000,1 	0
1535    	0.40, 11.92, -8.04 	23.01, -19.26, -9.03 	0.00, 20.00 	12,22,42,867		85.94,53.18	1000,1 	0
1544    	0.31, 12.69, -8.02 	22.83, -18.75, -9.18 	0.00, 20.00 	12,22,42,877		85.78,59.89	1000,1 	0
1553    	0.28, 13.47, -8.03 	22.45, -18.42, -9.16 	0.00, 20.00 	12,22,42,887		86.88,56.64	1000,1 	0
1562    	0.21, 14.23, -8.02 	21.94, -18.11, -9.18 	0.00, 20.00 	12,22,42,896		84.55,66.27	1000,1 	0
1571    	0.08, 14.93, -7.95 	21.58, -17.63, -9.29 	0.00, 20.00 	12,22,42,906		79.29,66.73	1000,1 	0
1580    	0.00, 15.54, -7.89 	21.44, -16.95, -9.41 	0.00, 20.00 	12,22,42,916		68.23,76.79	1000,1 	0
1589    	-0.00, 16.10, -7.86 	21.39, -16.35, -9.58 	0.00, 20.00 	12,22,42,925		62.30,66.61	1000,1 	0
1598    	-0.02, 16.64, -7.85 	21.50, -15.84, -9.75 	0.00, 20.00 	12,22,42,935		59.90,57.94	1000,1 	0
1607    	-0.03, 17.09, -7.84 	21.56, -15.35, -9.87 	0.00, 20.00 	12,22,42,945		50.49,54.67	1000,1 	0
1616    	-0.08, 17.50, -7.82 	21.54, -14.98, -9.89 	0.00, 20.00 	12,22,42,954		45.83,41.33	1000,1 	0
1625    	-0.12, 17.94, -7.80 	21.30, -14.84, -9.86 	0.00, 20.00 	12,22,42,964		49.35,31.40	1000,1 	0
1634    	-0.18, 18.34, -7.79 	21.13, -14.73, -9.87 	0.00, 20.00 	12,22,42,974		44.73,22.31	1000,1 	0
1643    	-0.26, 18.73, -7.77 	20.82, -14.48, -9.91 	0.00, 20.00 	12,22,42,983		43.82,44.54	1000,1 	0
1652    	-0.31, 19.11, -7.77 	20.46, -14.15, -9.95 	0.00, 20.00 	12,22,42,993		42.38,53.97	1000,1 	0
1661    	-0.31, 19.47, -7.77 	20.03, -13.83, -10.00 	0.00, 20.00 	12,22,43,3		39.95,59.72	1000,1 	0
1670    	-0.27, 19.81, -7.76 	19.65, -13.54, -10.07 	0.00, 20.00 	12,22,43,12		38.21,52.72	1000,1 	0
1679    	-0.19, 20.13, -7.74 	19.34, -13.25, -10.18 	0.00, 20.00 	12,22,43,22		36.88,47.83	1000,1 	0
1688    	-0.07, 20.39, -7.72 	19.16, -12.96, -10.27 	0.00, 20.00 	12,22,43,32		31.95,37.70	1000,1 	0
1697    	0.07, 20.62, -7.69 	19.20, -12.76, -10.35 	0.00, 20.00 	12,22,43,41		30.39,22.28	1000,1 	0
1706    	0.19, 20.84, -7.68 	19.26, -12.64, -10.34 	0.00, 20.00 	12,22,43,51		27.36,14.62	1000,1 	0
1715    	0.29, 21.03, -7.66 	19.23, -12.60, -10.28 	0.00, 20.00 	12,22,43,61		23.79,5.33	1000,1 	0
1724    	0.39, 21.17, -7.65 	19.11, -12.67, -10.21 	0.00, 20.00 	12,22,43,70		19.36,15.58	1000,1 	0
1733    	0.47, 21.31, -7.64 	18.93, -12.81, -10.18 	0.00, 20.00 	12,22,43,80		17.91,25.10	1000,1 	0
1742    	0.46, 21.42, -7.63 	18.71, -12.88, -10.19 	0.00, 20.00 	12,22,43,90		11.75,26.48	1000,1 	0
1751    	0.42, 21.50, -7.62 	18.51, -12.85, -10.20 	0.00, 20.00 	12,22,43,100		9.85,22.50	1000,1 	0
1760    	0.38, 21.55, -7.61 	18.28, -12.77, -10.21 	0.00, 20.00 	12,22,43,109		7.14,26.84	1000,1 	0
1769    	0.37, 21.59, -7.60 	18.17, -12.68, -10.22 	0.00, 20.00 	12,22,43,119		4.93,15.75	1000,1 	0
1778    	0.35, 21.59, -7.59 	18.01, -12.71, -10.20 	0.00, 20.00 	12,22,43,129		2.53,18.12	1000,1 	0
1787    	0.33, 21.57, -7.58 	17.91, -12.69, -10.17 	0.00, 20.00 	12,22,43,138		3.37,10.62	1000,1 	0
1796    	0.34, 21.55, -7.58 	17.97, -12.68, -10.16 	0.00, 20.00 	12,22,43,148		2.72,6.51	1000,1 	0
1805    	0.34, 21.53, -7.57 	18.02, -12.60, -10.17 	0.00, 20.00 	12,22,43,158		2.35,10.16	1000,1 	0
1814    	0.35, 21.52, -7.57 	18.02, -12.59, -10.16 	0.00, 20.00 	12,22,43,167		1.77,1.15	1000,1 	0
1823    	0.35, 21.52, -7.58 	18.07, -12.56, -10.16 	0.00, 20.00 	12,22,43,177		0.00,6.12	1000,1 	0
1832    	0.37, 21.51, -7.57 	18.09, -12.54, -10.16 	0.00, 20.00 	12,22,43,187		1.77,3.40	1000,1 	0
1841    	0.37, 21.50, -7.58 	18.04, -12.52, -10.15 	0.00, 20.00 	12,22,43,196		1.18,5.70	1000,1 	0
1850    	0.37, 21.48, -7.58 	18.04, -12.49, -10.16 	0.00, 20.00 	12,22,43,206		2.35,3.45	1000,1 	0
1859    	0.39, 21.44, -7.58 	18.00, -12.50, -10.16 	0.00, 20.00 	12,22,43,216		4.93,4.00	1000,1 	0
1868    	0.40, 21.39, -7.58 	18.04, -12.48, -10.16 	0.00, 20.00 	12,22,43,225		4.93,4.44	1000,1 	0
1877    	0.43, 21.34, -7.58 	18.02, -12.47, -10.16 	0.00, 20.00 	12,22,43,235		6.51,1.75	1000,1 	0
1886    	0.47, 21.32, -7.58 	18.08, -12.45, -10.17 	0.00, 20.00 	12,22,43,245		4.56,6.51	1000,1 	0
1895    	0.51, 21.34, -7.60 	18.09, -12.44, -10.17 	0.00, 20.00 	12,22,43,254		5.14,1.70	1000,1 	0
1904    	0.54, 21.34, -7.60 	18.09, -12.46, -10.17 	0.00, 20.00 	12,22,43,264		3.79,2.30	1000,1 	0
1913    	0.55, 21.35, -7.60 	18.10, -12.48, -10.17 	0.00, 20.00 	12,22,43,274		1.68,2.30	1000,1 	0
1922    	0.59, 21.36, -7.61 	18.11, -12.50, -10.15 	0.00, 20.00 	12,22,43,283		3.92,2.67	1000,1 	0
1931    	0.62, 21.38, -7.61 	18.08, -12.53, -10.13 	0.00, 20.00 	12,22,43,293		3.92,4.44	1000,1 	0
1940    	0.62, 21.38, -7.60 	18.07, -12.51, -10.13 	0.00, 20.00 	12,22,43,303		0.00,2.30	1000,1 	0
1949    	0.66, 21.41, -7.61 	18.04, -12.51, -10.15 	0.00, 20.00 	12,22,43,312		6.02,3.86	1000,1 	0
1958    	0.66, 21.43, -7.61 	18.02, -12.52, -10.12 	0.00, 20.00 	12,22,43,322		2.35,2.79	1000,1 	0
1967    	0.69, 21.47, -7.61 	18.05, -12.51, -10.13 	0.00, 20.00 	12,22,43,332		5.90,4.00	1000,1 	0
1976    	0.68, 21.51, -7.62 	18.02, -12.51, -10.12 	0.00, 20.00 	12,22,43,342		3.80,3.86	1000,1 	0
1985    	0.66, 21.52, -7.62 	18.02, -12.52, -10.13 	0.00, 20.00 	12,22,43,351		1.77,1.15	1000,1 	0
1994    	0.66, 21.50, -7.64 	18.06, -12.53, -10.11 	0.00, 20.00 	12,22,43,361		1.18,5.31	1000,1 	0
2003    	0.64, 21.50, -7.64 	18.06, -12.54, -10.12 	0.00, 20.00 	12,22,43,371		2.53,1.15	1000,1 	0
2012    	0.62, 21.50, -7.64 	18.04, -12.55, -10.12 	0.00, 20.00 	12,22,43,380		2.53,2.79	1000,1 	0
2021    	0.61, 21.53, -7.63 	18.04, -12.54, -10.11 	0.00, 20.00 	12,22,43,390		3.53,1.15	1000,1 	0
2030    	0.59, 21.53, -7.63 	18.04, -12.52, -10.11 	0.00, 20.00 	12,22,43,400		2.53,2.30	1000,1 	0
2039    	0.59, 21.53, -7.62 	18.00, -12.51, -10.11 	0.00, 20.00 	12,22,43,409		0.00,4.06	1000,1 	0
2048    	0.59, 21.54, -7.62 	18.00, -12.51, -10.10 	0.00, 20.00 	12,22,43,419		1.18,0.00	1000,1 	0
2057    	0.58, 21.53, -7.62 	18.04, -12.50, -10.10 	0.00, 20.00 	12,22,43,429		1.68,4.00	1000,1 	0
2066    	0.58, 21.53, -7.61 	18.03, -12.50, -10.10 	0.00, 20.00 	12,22,43,438		0.00,1.29	1000,1 	0
2075    	0.56, 21.49, -7.61 	18.01, -12.52, -10.10 	0.00, 20.00 	12,22,43,448		5.23,3.40	1000,1 	0
2084    	0.54, 21.41, -7.59 	18.04, -12.51, -10.10 	0.00, 20.00 	12,22,43,458		8.89,4.00	1000,1 	0
2093    	0.51, 21.34, -7.57 	18.04, -12.52, -10.10 	0.00, 20.00 	12,22,43,467		8.89,1.15	1000,1 	0
2102    	0.47, 21.30, -7.57 	18.04, -12.52, -10.11 	0.00, 20.00 	12,22,43,477		6.02,0.00	1000,1 	0
2111    	0.39, 21.29, -7.57 	18.04, -12.52, -10.11 	0.00, -0.00 	12,22,43,496		8.87,0.00	1000,1 	0
2120    	0.34, 21.25, -7.57 	18.04, -12.53, -10.10 	0.00, -0.00 	12,22,43,506		5.80,0.94	1000,1 	0
2129    	0.28, 21.23, -7.56 	18.04, -12.53, -10.10 	0.00, -0.00 	12,22,43,516		5.43,0.00	1000,1 	0
2138    	0.21, 21.17, -7.56 	18.01, -12.55, -10.09 	0.00, -0.00 	12,22,43,525		8.50,3.63	1000,1 	0
2147    	0.13, 21.13, -7.55 	18.01, -12.55, -10.09 	0.00, -0.00 	12,22,43,535		7.67,0.00	1000,1 	0
2156    	0.06, 21.09, -7.56 	18.01, -12.53, -10.10 	0.00, -0.00 	12,22,43,545		8.03,1.88	1000,1 	0
2165    	-0.02, 21.05, -7.57 	17.98, -12.54, -10.10 	0.00, -0.00 	12,22,43,555		7.67,2.28	1000,1 	0
2174    	-0.09, 20.99, -7.58 	17.97, -12.54, -10.11 	0.00, -0.00 	12,22,43,564		8.50,1.05	1000,1 	0
2183    	-0.17, 20.97, -7.58 	17.98, -12.54, -10.11 	0.00, -0.00 	12,22,43,574		7.40,1.05	1000,1 	0
2192    	-0.21, 20.95, -7.58 	18.02, -12.53, -10.10 	0.00, -0.00 	12,22,43,584		4.20,3.27	1000,1 	0
2201    	-0.25, 20.96, -7.58 	18.01, -12.54, -10.10 	0.00, -0.00 	12,22,43,593		3.29,1.39	1000,1 	0
2210    	-0.26, 20.96, -7.58 	18.06, -12.53, -10.10 	0.00, -0.00 	12,22,43,603		1.03,5.33	1000,1 	0
2219    	-0.27, 20.97, -7.58 	18.05, -12.53, -10.10 	0.00, -0.00 	12,22,43,613		1.45,1.05	1000,1 	0
2228    	-0.29, 20.99, -7.58 	18.05, -12.50, -10.10 	0.00, -0.00 	12,22,43,622		2.23,2.82	1000,1 	0
2237    	-0.28, 20.99, -7.58 	18.06, -12.49, -10.12 	0.00, -0.00 	12,22,43,632		1.03,1.39	1000,1 	0
2246    	-0.28, 21.00, -7.58 	18.06, -12.47, -10.11 	0.00, -0.00 	12,22,43,642		0.96,1.88	1000,1 	0
2255    	-0.28, 20.99, -7.58 	18.06, -12.47, -10.11 	0.00, -0.00 	12,22,43,651		0.96,0.00	1000,1 	0
2264    	-0.28, 21.00, -7.59 	18.06, -12.47, -10.11 	0.00, -0.00 	12,22,43,661		0.96,0.00	1000,1 	0
2273    	-0.29, 21.00, -7.59 	18.06, -12.47, -10.10 	0.00, -0.00 	12,22,43,671		1.03,0.00	1000,1 	0
2282    	-0.28, 20.99, -7.59 	18.05, -12.48, -10.10 	0.00, -0.00 	12,22,43,680		1.45,1.39	1000,1 	0
2291    	-0.29, 20.99, -7.59 	18.07, -12.50, -10.09 	0.00, -0.00 	12,22,43,690		1.03,2.86	1000,1 	0
2300    	-0.29, 20.99, -7.59 	18.05, -12.52, -10.08 	0.00, -0.00 	12,22,43,700		0.00,2.78	1000,1 	0
2309    	-0.29, 21.00, -7.59 	18.04, -12.51, -10.09 	0.00, -0.00 	12,22,43,709		0.96,1.43	1000,1 	0
2318    	-0.28, 21.00, -7.59 	18.04, -12.49, -10.08 	0.00, -0.00 	12,22,43,719		1.03,1.88	1000,1 	0
2327    	-0.29, 21.02, -7.59 	18.03, -12.50, -10.09 	0.00, -0.00 	12,22,43,729		2.23,1.39	1000,1 	0
2336    	-0.29, 21.01, -7.59 	18.03, -12.51, -10.09 	0.00, -0.00 	12,22,43,738		0.96,0.94	1000,1 	0
2345    	-0.29, 21.01, -7.60 	18.04, -12.50, -10.07 	0.00, -0.00 	12,22,43,748		0.00,1.39	1000,1 	0
2354    	-0.27, 21.04, -7.60 	18.04, -12.51, -10.08 	0.00, -0.00 	12,22,43,758		2.76,0.94	1000,1 	0
2363    	-0.27, 21.04, -7.60 	18.05, -12.53, -10.08 	0.00, -0.00 	12,22,43,767		0.00,2.18	1000,1 	0
2372    	-0.25, 21.04, -7.60 	18.07, -12.56, -10.06 	0.00, -0.00 	12,22,43,777		2.07,3.04	1000,1 	0
2381    	-0.23, 21.04, -7.59 	18.09, -12.53, -10.07 	0.00, -0.00 	12,22,43,787		1.03,3.47	1000,1 	0
2390    	-0.22, 21.04, -7.60 	18.09, -12.55, -10.07 	0.00, -0.00 	12,22,43,797		1.03,1.88	1000,1 	0
2399    	-0.22, 21.04, -7.59 	18.08, -12.55, -10.07 	0.00, -0.00 	12,22,43,806		0.00,1.05	1000,1 	0
2408    	-0.22, 21.04, -7.59 	18.11, -12.54, -10.07 	0.00, -0.00 	12,22,43,816		0.00,3.27	1000,1 	0
2417    	-0.22, 21.04, -7.59 	18.12, -12.51, -10.08 	0.00, -0.00 	12,22,43,826		0.00,2.13	1000,1 	0
2426    	-0.21, 21.04, -7.59 	18.10, -12.53, -10.07 	0.00, -0.00 	12,22,43,835		1.03,2.28	1000,1 	0
2435    	-0.22, 21.04, -7.59 	18.06, -12.54, -10.07 	0.00, -0.00 	12,22,43,845		1.03,3.27	1000,1 	0
2444    	-0.21, 21.04, -7.59 	18.09, -12.51, -10.07 	0.00, -0.00 	12,22,43,854		1.03,3.47	1000,1 	0
2453    	-0.21, 21.04, -7.59 	18.09, -12.51, -10.07 	0.00, -0.00 	12,22,43,864		0.00,0.00	1000,1 	0
2462    	-0.19, 21.03, -7.60 	18.12, -12.49, -10.08 	0.00, -0.00 	12,22,43,874		2.32,3.27	1000,1 	0
2471    	-0.18, 21.03, -7.59 	18.11, -12.49, -10.07 	0.00, -0.00 	12,22,43,884		1.03,1.05	1000,1 	0
2480    	-0.15, 21.03, -7.60 	18.11, -12.49, -10.07 	0.00, -0.00 	12,22,43,893		2.07,0.00	1000,1 	0
2489    	-0.15, 21.03, -7.60 	18.10, -12.52, -10.07 	0.00, -0.00 	12,22,43,903		0.00,2.13	1000,1 	0
2498    	-0.14, 21.04, -7.60 	18.11, -12.52, -10.07 	0.00, -0.00 	12,22,43,913		1.38,1.05	1000,1 	0
2507    	-0.13, 21.02, -7.59 	18.10, -12.52, -10.08 	0.00, -0.00 	12,22,43,922		2.23,1.05	1000,1 	0
2516    	-0.13, 20.99, -7.58 	18.10, -12.51, -10.06 	0.00, -0.00 	12,22,43,932		2.88,0.94	1000,1 	0
2525    	-0.10, 20.96, -7.57 	18.12, -12.50, -10.07 	0.00, -0.00 	12,22,43,942		3.63,2.11	1000,1 	0
2534    	-0.10, 20.89, -7.56 	18.16, -12.50, -10.07 	0.00, -0.00 	12,22,43,951		6.76,3.16	1000,1 	0
2543    	-0.07, 20.77, -7.55 	18.18, -12.51, -10.05 	0.00, -0.00 	12,22,43,961		10.87,2.33	1000,1 	0
2552    	-0.05, 20.58, -7.54 	18.14, -12.50, -10.05 	0.00, -0.00 	12,22,43,971		17.31,3.32	1000,1 	0
2561    	-0.03, 20.25, -7.52 	18.18, -12.53, -10.05 	0.00, -0.00 	12,22,43,980		30.74,4.30	1000,1 	0
2570    	-0.06, 19.79, -7.49 	18.19, -12.53, -10.04 	0.00, -0.00 	12,22,43,990		41.63,1.05	1000,1 	0
2579    	-0.16, 19.50, -7.48 	18.19, -12.55, -10.03 	0.00, -0.00 	12,22,43,0		27.84,1.88	1000,1 	0
2588    	-0.21, 19.16, -7.47 	18.22, -12.58, -10.02 	0.00, -0.00 	12,22,44,9		31.47,3.57	1000,1 	0
2597    	-0.26, 18.77, -7.46 	18.21, -12.66, -9.99 	0.00, -0.00 	12,22,44,19		35.20,6.63	1000,1 	0
2606    	-0.29, 18.37, -7.46 	18.28, -12.73, -9.99 	0.00, -0.00 	12,22,44,29		36.76,8.54	1000,1 	0
2615    	-0.31, 17.93, -7.46 	18.33, -12.86, -9.95 	0.00, -0.00 	12,22,44,38		39.61,13.04	1000,1 	0
2624    	-0.31, 17.47, -7.46 	18.52, -13.08, -9.93 	0.00, -0.00 	12,22,44,48		42.37,26.38	1000,1 	0
2633    	-0.32, 17.00, -7.47 	18.86, -13.36, -9.86 	0.00, -0.00 	12,22,44,58		42.37,39.96	1000,1 	0
2642    	-0.31, 16.47, -7.46 	19.34, -13.73, -9.82 	0.00, -0.00 	12,22,44,67		48.05,55.21	1000,1 	0
2651    	-0.32, 15.94, -7.45 	19.96, -14.18, -9.74 	0.00, -0.00 	12,22,44,77		48.17,69.93	1000,1 	0
2660    	-0.28, 15.38, -7.47 	20.35, -14.71, -9.70 	0.00, -0.00 	12,22,44,87		50.90,59.75	1000,1 	0
2669    	-0.23, 14.81, -7.48 	20.55, -15.24, -9.63 	0.00, -0.00 	12,22,44,97		51.88,51.44	1000,1 	0
2678    	-0.21, 14.21, -7.47 	20.41, -15.75, -9.53 	0.00, -0.00 	12,22,44,106		54.76,47.37	1000,1 	0
2687    	-0.22, 13.56, -7.48 	20.32, -16.11, -9.37 	0.00, -0.00 	12,22,44,116		59.70,34.25	1000,1 	0
2696    	-0.23, 12.88, -7.47 	20.32, -16.28, -9.36 	0.00, -0.00 	12,22,44,126		61.69,15.04	1000,1 	0
2705    	-0.23, 12.17, -7.48 	20.53, -16.45, -9.43 	0.00, -0.00 	12,22,44,135		64.42,24.99	1000,1 	0
2714    	-0.24, 11.39, -7.48 	20.68, -16.78, -9.42 	0.00, -0.00 	12,22,44,145		71.31,32.53	1000,1 	0
2723    	-0.30, 10.61, -7.49 	20.80, -17.20, -9.38 	0.00, -0.00 	12,22,44,155		70.68,39.67	1000,1 	0
2732    	-0.24, 9.82, -7.48 	21.07, -17.68, -9.29 	0.00, -0.00 	12,22,44,164		72.02,50.33	1000,1 	0
2741    	-0.18, 9.12, -7.49 	21.31, -18.35, -9.15 	0.00, -0.00 	12,22,44,174		63.41,64.73	1000,1 	0
2750    	-0.14, 8.44, -7.49 	21.51, -19.15, -8.96 	0.00, -0.00 	12,22,44,184		62.42,74.95	1000,1 	0
2759    	-0.14, 7.76, -7.50 	21.50, -19.99, -8.75 	0.00, -0.00 	12,22,44,193		61.61,76.20	1000,1 	0
2768    	-0.02, 7.06, -7.55 	21.48, -20.63, -8.58 	0.00, -0.00 	12,22,44,203		64.75,58.42	1000,1 	0
2777    	0.03, 6.39, -7.56 	21.25, -21.15, -8.42 	0.00, -0.00 	12,22,44,213		61.47,51.42	1000,1 	0
2786    	-0.01, 5.77, -7.59 	21.14, -21.66, -8.31 	0.00, -0.00 	12,22,44,222		56.09,47.67	1000,1 	0
2795    	0.02, 5.18, -7.63 	21.07, -22.14, -8.29 	0.00, -0.00 	12,22,44,232		53.78,43.99	1000,1 	0
2804    	0.12, 4.54, -7.63 	21.27, -22.36, -8.28 	0.00, -0.00 	12,22,44,242		58.78,27.05	1000,1 	0
2813    	0.14, 3.95, -7.67 	21.35, -22.23, -8.24 	0.00, -0.00 	12,22,44,251		53.80,13.89	1000,1 	0
2822    	0.16, 3.39, -7.66 	21.45, -22.22, -8.14 	0.00, -0.00 	12,22,44,261		50.90,9.51	1000,1 	0
2831    	0.31, 2.91, -7.67 	21.48, -22.38, -7.95 	0.00, -0.00 	12,22,44,271		45.38,15.10	1000,1 	0
