#Time 	Sensor1         Sensor2         Target          Time            Vel             
#================================================================

14      	0.58, -0.33, -7.93 	29.83, -10.19, -9.60 	0.00, 20.00 	12,19,34,617		0.00,0.00	0,0 	0
23      	0.58, -0.33, -7.93 	29.82, -10.18, -9.60 	0.00, 20.00 	12,19,34,626		0.00,1.75	0,0 	0
32      	0.58, -0.33, -7.93 	29.82, -10.17, -9.60 	0.00, 20.00 	12,19,34,636		0.00,1.15	0,0 	0
41      	0.58, -0.31, -7.93 	29.83, -10.16, -9.60 	0.00, 20.00 	12,19,34,645		2.35,1.70	0,0 	0
50      	0.59, -0.31, -7.93 	29.87, -10.13, -9.60 	0.00, 20.00 	12,19,34,655		1.26,5.58	0,0 	0
59      	0.59, -0.33, -7.93 	29.87, -10.16, -9.60 	0.00, 20.00 	12,19,34,665		2.35,2.30	0,0 	0
68      	0.59, -0.33, -7.93 	29.87, -10.18, -9.60 	0.00, 20.00 	12,19,34,675		0.00,2.30	0,0 	0
77      	0.61, -0.31, -7.93 	29.89, -10.19, -9.60 	0.00, 20.00 	12,19,34,684		3.37,1.75	0,0 	0
86      	0.60, -0.31, -7.93 	29.89, -10.18, -9.60 	0.00, 20.00 	12,19,34,694		1.26,1.15	0,0 	0
95      	0.60, -0.31, -7.93 	29.90, -10.20, -9.61 	0.00, 20.00 	12,19,34,704		0.00,2.67	0,0 	0
104     	0.55, -0.30, -7.93 	29.88, -10.19, -9.61 	0.00, 20.00 	12,19,34,713		5.25,2.85	0,0 	0
113     	0.55, -0.30, -7.93 	29.86, -10.19, -9.61 	0.00, 20.00 	12,19,34,723		0.00,1.29	0,0 	0
122     	0.55, -0.30, -7.93 	29.85, -10.19, -9.61 	0.00, 20.00 	12,19,34,733		0.00,1.29	0,0 	0
131     	0.55, -0.29, -7.93 	29.85, -10.18, -9.61 	0.00, 20.00 	12,19,34,742		1.18,1.15	0,0 	0
140     	0.57, -0.30, -7.94 	29.90, -10.14, -9.62 	0.00, 20.00 	12,19,34,752		1.77,6.12	0,0 	0
149     	0.57, -0.31, -7.94 	29.88, -10.12, -9.62 	0.00, 20.00 	12,19,34,762		1.18,2.67	0,0 	0
158     	0.57, -0.31, -7.94 	29.89, -10.12, -9.62 	0.00, 20.00 	12,19,34,771		0.00,1.29	0,0 	0
167     	0.57, -0.32, -7.94 	29.85, -10.15, -9.62 	0.00, 20.00 	12,19,34,781		1.18,5.58	0,0 	0
176     	0.57, -0.32, -7.94 	29.86, -10.15, -9.62 	0.00, 20.00 	12,19,34,791		0.00,1.29	0,0 	0
185     	0.57, -0.32, -7.94 	29.87, -10.16, -9.62 	0.00, 20.00 	12,19,34,800		0.00,1.75	0,0 	0
194     	0.57, -0.32, -7.94 	29.87, -10.16, -9.62 	0.00, 20.00 	12,19,34,810		0.00,0.00	0,0 	0
203     	0.57, -0.32, -7.94 	29.86, -10.12, -9.62 	0.00, 20.00 	12,19,34,820		0.00,3.71	0,0 	0
212     	0.55, -0.32, -7.93 	29.85, -10.12, -9.62 	0.00, 20.00 	12,19,34,829		2.53,1.75	0,0 	0
221     	0.55, -0.32, -7.93 	29.82, -10.12, -9.62 	0.00, 20.00 	12,19,34,839		0.00,2.58	0,0 	0
230     	0.55, -0.32, -7.93 	29.82, -10.12, -9.62 	0.00, 20.00 	12,19,34,849		0.00,0.00	0,0 	0
239     	0.60, -0.32, -7.94 	29.78, -10.12, -9.63 	0.00, 20.00 	12,19,34,858		6.32,5.15	0,0 	0
248     	0.60, -0.33, -7.93 	29.85, -10.09, -9.63 	0.00, 20.00 	12,19,34,868		1.18,8.00	0,0 	0
257     	0.58, -0.32, -7.92 	29.86, -10.08, -9.63 	0.00, 20.00 	12,19,34,878		2.84,1.70	0,0 	0
266     	0.58, -0.33, -7.92 	29.82, -10.10, -9.64 	0.00, 20.00 	12,19,34,888		1.18,4.00	0,0 	0
275     	0.58, -0.33, -7.93 	29.81, -10.12, -9.63 	0.00, 20.00 	12,19,34,897		0.00,2.60	0,0 	0
284     	0.58, -0.33, -7.93 	29.85, -10.14, -9.62 	0.00, 20.00 	12,19,34,907		0.00,4.55	0,0 	0
293     	0.60, -0.31, -7.93 	29.84, -10.14, -9.62 	0.00, 20.00 	12,19,34,917		3.37,1.29	0,0 	0
302     	0.60, -0.32, -7.92 	29.84, -10.16, -9.62 	0.00, 20.00 	12,19,34,926		1.18,2.30	0,0 	0
311     	0.60, -0.31, -7.93 	29.85, -10.16, -9.62 	0.00, 20.00 	12,19,34,936		1.18,1.29	0,0 	0
320     	0.60, -0.32, -7.92 	29.84, -10.16, -9.62 	0.00, 20.00 	12,19,34,946		1.18,1.29	0,0 	0
329     	0.60, -0.31, -7.93 	29.82, -10.18, -9.62 	0.00, 20.00 	12,19,34,955		1.18,3.40	0,0 	0
338     	0.60, -0.32, -7.92 	29.83, -10.15, -9.63 	0.00, 20.00 	12,19,34,965		1.18,3.64	0,0 	0
347     	0.60, -0.31, -7.93 	29.84, -10.18, -9.63 	0.00, 20.00 	12,19,34,975		1.18,3.71	0,0 	0
356     	0.62, -0.30, -7.92 	29.86, -10.17, -9.63 	0.00, 20.00 	12,19,34,984		2.74,2.79	0,0 	0
365     	0.62, -0.30, -7.92 	29.86, -10.19, -9.63 	0.00, 20.00 	12,19,34,994		0.00,2.30	0,0 	0
374     	0.62, -0.30, -7.92 	29.86, -10.19, -9.63 	0.00, 20.00 	12,19,34,4		0.00,0.00	0,0 	0
383     	0.60, -0.30, -7.91 	29.83, -10.21, -9.63 	0.00, 20.00 	12,19,35,13		2.53,4.44	0,0 	0
392     	0.58, -0.30, -7.93 	29.83, -10.21, -9.62 	0.00, 20.00 	12,19,35,23		2.53,0.00	0,0 	0
401     	0.60, -0.30, -7.91 	29.81, -10.22, -9.62 	0.00, 20.00 	12,19,35,33		2.53,2.79	0,0 	0
410     	0.60, -0.30, -7.91 	29.81, -10.21, -9.63 	0.00, 20.00 	12,19,35,42		0.00,1.15	0,0 	0
419     	0.60, -0.30, -7.91 	29.77, -10.23, -9.62 	0.00, 20.00 	12,19,35,52		0.00,4.44	0,0 	0
428     	0.60, -0.32, -7.92 	29.79, -10.24, -9.62 	0.00, 20.00 	12,19,35,62		2.35,1.75	0,0 	0
437     	0.60, -0.32, -7.92 	29.79, -10.24, -9.62 	0.00, 20.00 	12,19,35,71		0.00,0.00	0,0 	0
446     	0.61, -0.30, -7.92 	29.80, -10.24, -9.62 	0.00, 20.00 	12,19,35,81		2.61,1.29	0,0 	0
455     	0.63, -0.28, -7.92 	29.82, -10.23, -9.63 	0.00, 20.00 	12,19,35,91		3.37,2.79	0,0 	0
464     	0.58, -0.30, -7.90 	29.83, -10.24, -9.63 	0.00, 20.00 	12,19,35,100		6.64,1.75	0,0 	0
473     	0.56, -0.29, -7.91 	29.81, -10.26, -9.64 	0.00, 20.00 	12,19,35,110		1.77,3.40	0,0 	0
482     	0.55, -0.27, -7.93 	29.80, -10.26, -9.62 	0.00, 20.00 	12,19,35,120		2.72,1.29	0,0 	0
491     	0.56, -0.28, -7.94 	29.80, -10.26, -9.63 	0.00, 20.00 	12,19,35,129		1.77,0.00	0,0 	0
500     	0.58, -0.29, -7.92 	29.78, -10.26, -9.65 	0.00, 20.00 	12,19,35,139		1.77,2.58	0,0 	0
509     	0.58, -0.29, -7.92 	29.79, -10.25, -9.65 	0.00, 20.00 	12,19,35,149		0.00,1.70	0,0 	0
518     	0.58, -0.30, -7.92 	29.78, -10.25, -9.66 	0.00, 20.00 	12,19,35,159		1.18,1.29	0,0 	0
527     	0.58, -0.30, -7.92 	29.80, -10.24, -9.67 	0.00, 20.00 	12,19,35,168		0.00,2.79	0,0 	0
536     	0.59, -0.30, -7.93 	29.81, -10.24, -9.66 	0.00, 20.00 	12,19,35,178		1.26,1.29	0,0 	0
545     	0.57, -0.32, -7.92 	29.81, -10.24, -9.66 	0.00, 20.00 	12,19,35,188		3.37,0.00	0,0 	0
554     	0.59, -0.30, -7.92 	29.82, -10.22, -9.67 	0.00, 20.00 	12,19,35,197		3.37,2.60	0,0 	0
563     	0.60, -0.29, -7.92 	29.80, -10.21, -9.66 	0.00, 20.00 	12,19,35,207		1.68,2.85	0,0 	0
572     	0.60, -0.29, -7.92 	29.81, -10.21, -9.65 	0.00, 20.00 	12,19,35,217		0.00,1.29	0,0 	0
581     	0.60, -0.27, -7.94 	29.81, -10.20, -9.65 	0.00, 20.00 	12,19,35,226		2.35,1.15	0,0 	0
590     	0.58, -0.29, -7.95 	29.81, -10.21, -9.65 	0.00, 20.00 	12,19,35,236		3.37,1.15	0,0 	0
599     	0.60, -0.30, -7.93 	29.76, -10.20, -9.65 	0.00, 20.00 	12,19,35,246		2.84,5.31	0,0 	0
608     	0.58, -0.30, -7.93 	29.78, -10.21, -9.66 	0.00, 20.00 	12,19,35,255		2.53,2.85	0,0 	0
617     	0.58, -0.30, -7.93 	29.77, -10.20, -9.66 	0.00, 20.00 	12,19,35,265		0.00,1.75	0,0 	0
626     	0.60, -0.31, -7.91 	29.77, -10.20, -9.66 	0.00, 20.00 	12,19,35,275		2.84,0.00	0,0 	0
635     	0.62, -0.31, -7.91 	29.77, -10.20, -9.66 	0.00, 20.00 	12,19,35,284		2.53,0.00	0,0 	0
644     	0.62, -0.32, -7.92 	29.78, -10.20, -9.65 	0.00, 20.00 	12,19,35,294		1.18,1.29	0,0 	0
653     	0.62, -0.32, -7.92 	29.81, -10.23, -9.65 	0.00, 20.00 	12,19,35,304		0.00,4.36	0,0 	0
662     	0.65, -0.31, -7.92 	29.80, -10.23, -9.65 	0.00, 20.00 	12,19,35,313		2.74,1.29	0,0 	0
671     	0.65, -0.31, -7.92 	29.80, -10.21, -9.65 	0.00, 20.00 	12,19,35,323		0.00,2.30	0,0 	0
680     	0.60, -0.32, -7.91 	29.80, -10.21, -9.63 	0.00, 20.00 	12,19,35,333		5.14,0.00	0,0 	0
689     	0.59, -0.32, -7.93 	29.74, -10.19, -9.65 	0.00, 20.00 	12,19,35,342		1.26,6.90	0,0 	0
698     	0.59, -0.32, -7.93 	29.75, -10.20, -9.65 	0.00, 20.00 	12,19,35,352		0.00,1.75	0,0 	0
707     	0.59, -0.32, -7.93 	29.75, -10.19, -9.65 	0.00, 20.00 	12,19,35,362		0.00,1.15	0,0 	0
716     	0.59, -0.32, -7.93 	29.75, -10.20, -9.65 	0.00, 20.00 	12,19,35,372		0.00,1.15	0,0 	0
725     	0.61, -0.32, -7.94 	29.75, -10.20, -9.65 	0.00, 20.00 	12,19,35,381		2.53,0.00	0,0 	0
734     	0.61, -0.32, -7.94 	29.78, -10.21, -9.65 	0.00, 20.00 	12,19,35,391		0.00,4.06	0,0 	0
743     	0.61, -0.32, -7.94 	29.78, -10.21, -9.63 	0.00, 20.00 	12,19,35,401		0.00,0.00	0,0 	0
752     	0.61, -0.32, -7.94 	29.80, -10.22, -9.64 	0.00, 20.00 	12,19,35,410		0.00,1.75	0,0 	0
761     	0.61, -0.32, -7.94 	29.78, -10.20, -9.65 	0.00, 20.00 	12,19,35,420		0.00,2.67	0,0 	0
770     	0.63, -0.31, -7.93 	29.79, -10.20, -9.66 	0.00, 20.00 	12,19,35,430		2.74,1.29	0,0 	0
779     	0.62, -0.31, -7.92 	29.80, -10.21, -9.65 	0.00, 20.00 	12,19,35,439		1.26,1.15	0,0 	0
788     	0.63, -0.34, -7.92 	29.80, -10.21, -9.65 	0.00, 20.00 	12,19,35,449		3.53,0.00	0,0 	0
797     	0.63, -0.33, -7.93 	29.79, -10.19, -9.65 	0.00, 20.00 	12,19,35,459		1.18,2.30	0,0 	0
806     	0.63, -0.33, -7.93 	29.77, -10.18, -9.65 	0.00, 20.00 	12,19,35,468		0.00,2.85	0,0 	0
815     	0.63, -0.33, -7.93 	29.80, -10.23, -9.65 	0.00, 20.00 	12,19,35,478		0.00,6.36	0,0 	0
824     	0.64, -0.34, -7.94 	29.82, -10.21, -9.65 	0.00, 20.00 	12,19,35,488		1.77,3.40	0,0 	0
833     	0.63, -0.34, -7.93 	29.83, -10.20, -9.66 	0.00, 20.00 	12,19,35,497		1.26,1.70	0,0 	0
842     	0.64, -0.32, -7.93 	29.84, -10.22, -9.66 	0.00, 20.00 	12,19,35,507		2.61,2.67	0,0 	0
851     	0.65, -0.33, -7.92 	29.80, -10.25, -9.65 	0.00, 20.00 	12,19,35,517		1.77,6.12	0,0 	0
860     	0.64, -0.34, -7.92 	29.80, -10.24, -9.65 	0.00, 20.00 	12,19,35,526		1.68,1.15	0,0 	0
869     	0.61, -0.32, -7.93 	29.79, -10.23, -9.65 	0.00, 20.00 	12,19,35,536		3.53,1.75	0,0 	0
878     	0.61, -0.33, -7.93 	29.74, -10.26, -9.63 	0.00, 20.00 	12,19,35,546		1.18,6.12	0,0 	0
887     	0.61, -0.33, -7.93 	29.74, -10.26, -9.64 	0.00, 20.00 	12,19,35,555		0.00,0.00	0,0 	0
896     	0.62, -0.34, -7.92 	29.75, -10.28, -9.64 	0.00, 20.00 	12,19,35,565		1.18,2.67	0,0 	0
905     	0.61, -0.33, -7.92 	29.75, -10.27, -9.65 	0.00, 20.00 	12,19,35,575		1.18,1.15	0,0 	0
914     	0.62, -0.34, -7.93 	29.75, -10.26, -9.64 	0.00, 20.00 	12,19,35,584		1.18,1.15	0,0 	0
923     	0.62, -0.34, -7.93 	29.76, -10.26, -9.64 	0.00, 20.00 	12,19,35,594		0.00,1.29	0,0 	0
932     	0.62, -0.34, -7.93 	29.75, -10.27, -9.62 	0.00, 20.00 	12,19,35,604		0.00,1.70	0,0 	0
941     	0.62, -0.34, -7.93 	29.75, -10.28, -9.62 	0.00, 20.00 	12,19,35,614		0.00,1.15	0,0 	0
950     	0.62, -0.34, -7.93 	29.72, -10.31, -9.62 	0.00, 20.00 	12,19,35,623		0.00,4.44	0,0 	0
959     	0.62, -0.34, -7.93 	29.71, -10.30, -9.62 	0.00, 20.00 	12,19,35,633		0.00,1.75	0,0 	0
968     	0.60, -0.32, -7.95 	29.71, -10.30, -9.62 	0.00, 20.00 	12,19,35,643		2.72,0.00	0,0 	0
977     	0.59, -0.32, -7.95 	29.71, -10.30, -9.62 	0.00, 20.00 	12,19,35,652		1.26,0.00	0,0 	0
986     	0.61, -0.33, -7.94 	29.71, -10.31, -9.62 	0.00, 20.00 	12,19,35,662		2.84,1.15	0,0 	0
995     	0.62, -0.32, -7.94 	29.72, -10.32, -9.63 	0.00, 20.00 	12,19,35,672		1.68,1.75	0,0 	0
1004    	0.61, -0.32, -7.94 	29.71, -10.31, -9.62 	0.00, 20.00 	12,19,35,681		1.26,1.75	1000,1 	0
1013    	0.62, -0.32, -7.94 	29.71, -10.32, -9.61 	0.00, 20.00 	12,19,35,691		1.26,1.15	1000,1 	0
1022    	0.61, -0.32, -7.94 	29.74, -10.32, -9.62 	0.00, 20.00 	12,19,35,701		1.26,3.86	1000,1 	0
1031    	0.62, -0.32, -7.94 	29.73, -10.32, -9.61 	0.00, 20.00 	12,19,35,710		1.26,1.29	1000,1 	0
1040    	0.61, -0.32, -7.94 	29.72, -10.33, -9.61 	0.00, 20.00 	12,19,35,720		1.26,1.70	1000,1 	0
1049    	0.62, -0.31, -7.94 	29.73, -10.32, -9.61 	0.00, 20.00 	12,19,35,730		1.68,1.70	1000,1 	0
1058    	0.61, -0.29, -7.96 	29.73, -10.31, -9.62 	0.00, 20.00 	12,19,35,739		2.72,1.15	1000,1 	0
1067    	0.61, -0.30, -7.95 	29.73, -10.31, -9.62 	0.00, 20.00 	12,19,35,749		1.18,0.00	1000,1 	0
1076    	0.61, -0.30, -7.95 	29.73, -10.30, -9.62 	0.00, 20.00 	12,19,35,759		0.00,1.15	1000,1 	0
1085    	0.61, -0.30, -7.95 	29.74, -10.27, -9.62 	0.00, 20.00 	12,19,35,769		0.00,2.60	1000,1 	0
1094    	0.61, -0.30, -7.95 	29.73, -10.29, -9.63 	0.00, 20.00 	12,19,35,778		0.00,1.70	1000,1 	0
1103    	0.61, -0.30, -7.95 	29.72, -10.31, -9.62 	0.00, 20.00 	12,19,35,788		0.00,2.60	1000,1 	0
1112    	0.61, -0.30, -7.95 	29.74, -10.31, -9.63 	0.00, 20.00 	12,19,35,797		0.00,2.58	1000,1 	0
1121    	0.61, -0.32, -7.96 	29.76, -10.35, -9.62 	0.00, 20.00 	12,19,35,807		2.35,4.81	1000,1 	0
1130    	0.62, -0.32, -7.96 	29.75, -10.34, -9.63 	0.00, 20.00 	12,19,35,817		1.26,1.75	1000,1 	0
1139    	0.61, -0.30, -7.95 	29.75, -10.34, -9.63 	0.00, 20.00 	12,19,35,827		2.72,0.00	1000,1 	0
1148    	0.61, -0.29, -7.96 	29.75, -10.33, -9.63 	0.00, 20.00 	12,19,35,836		1.18,1.15	1000,1 	0
1157    	0.63, -0.30, -7.95 	29.73, -10.33, -9.62 	0.00, 20.00 	12,19,35,846		2.84,1.29	1000,1 	0
1166    	0.63, -0.31, -7.95 	29.75, -10.36, -9.61 	0.00, 20.00 	12,19,35,856		1.18,3.71	1000,1 	0
1175    	0.63, -0.30, -7.95 	29.75, -10.35, -9.61 	0.00, 20.00 	12,19,35,865		1.18,1.15	1000,1 	0
1184    	0.66, -0.31, -7.95 	29.75, -10.34, -9.61 	0.00, 20.00 	12,19,35,875		2.84,1.15	1000,1 	0
1193    	0.63, -0.30, -7.96 	29.77, -10.35, -9.62 	0.00, 20.00 	12,19,35,885		2.84,2.85	1000,1 	0
1202    	0.63, -0.30, -7.95 	29.77, -10.34, -9.62 	0.00, 20.00 	12,19,35,894		0.00,1.15	1000,1 	0
1211    	0.66, -0.31, -7.95 	29.77, -10.35, -9.62 	0.00, 20.00 	12,19,35,904		2.84,1.15	1000,1 	0
1220    	0.66, -0.31, -7.95 	29.77, -10.34, -9.60 	0.00, 20.00 	12,19,35,914		0.00,1.15	1000,1 	0
1229    	0.66, -0.31, -7.95 	29.77, -10.37, -9.60 	0.00, 20.00 	12,19,35,923		0.00,3.45	1000,1 	0
1238    	0.64, -0.32, -7.95 	29.77, -10.37, -9.60 	0.00, 20.00 	12,19,35,933		2.74,0.00	1000,1 	0
1247    	0.64, -0.32, -7.95 	29.77, -10.36, -9.60 	0.00, 20.00 	12,19,35,943		0.00,1.15	1000,1 	0
1256    	0.64, -0.32, -7.95 	29.77, -10.35, -9.60 	0.00, 20.00 	12,19,35,952		0.00,1.15	1000,1 	0
1265    	0.64, -0.32, -7.95 	29.73, -10.33, -9.60 	0.00, 20.00 	12,19,35,962		0.00,4.55	1000,1 	0
1274    	0.64, -0.33, -7.95 	29.76, -10.31, -9.60 	0.00, 20.00 	12,19,35,972		1.18,3.40	1000,1 	0
1283    	0.66, -0.33, -7.94 	29.77, -10.33, -9.60 	0.00, 20.00 	12,19,35,981		2.53,2.67	1000,1 	0
1292    	0.65, -0.33, -7.94 	29.77, -10.34, -9.58 	0.00, 20.00 	12,19,35,991		1.26,1.15	1000,1 	0
1301    	0.60, -0.32, -7.94 	29.77, -10.36, -9.58 	0.00, 20.00 	12,19,35,1		5.25,2.30	1000,1 	0
1310    	0.62, -0.31, -7.94 	29.77, -10.35, -9.58 	0.00, 20.00 	12,19,36,10		2.74,1.15	1000,1 	0
1319    	0.62, -0.30, -7.95 	29.78, -10.37, -9.59 	0.00, 20.00 	12,19,36,20		1.18,2.67	1000,1 	0
1328    	0.59, -0.33, -7.96 	29.76, -10.38, -9.57 	0.00, 20.00 	12,19,36,30		5.05,2.79	1000,1 	0
1337    	0.58, -0.33, -7.95 	29.71, -10.38, -9.57 	0.00, 20.00 	12,19,36,39		1.26,5.15	1000,1 	0
1346    	0.60, -0.33, -7.95 	29.73, -10.37, -9.56 	0.00, 20.00 	12,19,36,49		2.53,1.70	1000,1 	0
1355    	0.59, -0.30, -7.97 	29.74, -10.35, -9.58 	0.00, 20.00 	12,19,36,59		3.80,2.60	1000,1 	0
1364    	0.60, -0.29, -7.97 	29.74, -10.36, -9.58 	0.00, 20.00 	12,19,36,69		1.68,1.15	1000,1 	0
1373    	0.67, -0.31, -7.96 	29.75, -10.37, -9.57 	0.00, 20.00 	12,19,36,78		8.05,1.75	1000,1 	0
1382    	0.64, -0.29, -7.97 	29.75, -10.36, -9.57 	0.00, 20.00 	12,19,36,88		3.53,1.15	1000,1 	0
1391    	0.60, -0.28, -7.97 	29.74, -10.35, -9.57 	0.00, 20.00 	12,19,36,98		5.25,1.75	1000,1 	0
1400    	0.62, -0.18, -8.03 	29.72, -10.34, -9.59 	0.00, 20.00 	12,19,36,107		11.06,1.75	1000,1 	0
1409    	0.57, -0.05, -8.09 	29.76, -10.33, -9.60 	0.00, 20.00 	12,19,36,117		15.92,4.00	1000,1 	0
1418    	0.29, 0.49, -8.25 	29.73, -10.34, -9.61 	0.00, 20.00 	12,19,36,127		67.24,2.79	1000,1 	0
1427    	-0.54, 1.95, -8.57 	29.76, -10.35, -9.62 	0.00, 20.00 	12,19,36,136		186.54,2.85	1000,1 	0
1436    	-0.82, 2.62, -8.64 	29.77, -10.30, -9.63 	0.00, 20.00 	12,19,36,146		80.74,4.74	1000,1 	0
1445    	-1.00, 3.27, -8.67 	29.77, -10.30, -9.65 	0.00, 20.00 	12,19,36,156		75.70,0.00	1000,1 	0
1454    	-1.21, 3.93, -8.66 	29.78, -10.29, -9.66 	0.00, 20.00 	12,19,36,165		76.28,1.70	1000,1 	0
1463    	-1.38, 4.66, -8.72 	29.78, -10.26, -9.65 	0.00, 20.00 	12,19,36,175		83.36,3.45	1000,1 	0
1472    	-1.56, 5.46, -8.89 	29.80, -10.23, -9.68 	0.00, 20.00 	12,19,36,185		91.53,4.24	1000,1 	0
1481    	-1.57, 6.34, -9.04 	29.83, -10.19, -9.69 	0.00, 20.00 	12,19,36,194		97.57,5.92	1000,1 	0
1490    	-1.49, 7.23, -9.17 	29.83, -10.17, -9.72 	0.00, 20.00 	12,19,36,204		99.61,2.30	1000,1 	0
1499    	-1.53, 8.14, -9.35 	29.85, -10.13, -9.73 	0.00, 20.00 	12,19,36,214		100.95,5.20	1000,1 	0
1508    	-1.71, 9.26, -9.54 	29.84, -10.06, -9.76 	0.00, 20.00 	12,19,36,223		126.19,6.89	1000,1 	0
1517    	-1.95, 10.49, -9.64 	29.81, -10.02, -9.78 	0.00, 20.00 	12,19,36,233		138.50,6.09	1000,1 	0
1526    	-2.09, 11.69, -9.67 	29.79, -9.91, -9.82 	0.00, 20.00 	12,19,36,243		134.03,12.74	1000,1 	0
1535    	-2.07, 12.94, -9.72 	29.76, -9.81, -9.87 	0.00, 20.00 	12,19,36,252		138.94,11.84	1000,1 	0
1544    	-1.91, 14.17, -9.71 	29.76, -9.67, -9.92 	0.00, 20.00 	12,19,36,262		138.67,14.95	1000,1 	0
1553    	-1.66, 15.37, -9.65 	29.71, -9.55, -9.96 	0.00, 20.00 	12,19,36,272		136.14,14.42	1000,1 	0
1562    	-1.38, 16.45, -9.56 	29.76, -9.39, -10.02 	0.00, 20.00 	12,19,36,282		123.56,18.22	1000,1 	0
1571    	-1.16, 17.44, -9.44 	29.77, -9.24, -10.06 	0.00, 20.00 	12,19,36,291		112.48,17.35	1000,1 	0
1580    	-0.94, 18.30, -9.32 	29.74, -9.09, -10.12 	0.00, 20.00 	12,19,36,301		98.46,17.49	1000,1 	0
1589    	-0.68, 19.01, -9.16 	29.67, -8.93, -10.16 	0.00, 20.00 	12,19,36,311		84.68,18.56	1000,1 	0
1598    	-0.49, 19.59, -8.99 	29.55, -8.77, -10.18 	0.00, 20.00 	12,19,36,320		68.05,22.01	1000,1 	0
1607    	-0.36, 20.06, -8.83 	29.32, -8.59, -10.18 	0.00, 20.00 	12,19,36,330		53.52,33.25	1000,1 	0
1616    	-0.23, 20.38, -8.67 	29.10, -8.42, -10.18 	0.00, 20.00 	12,19,36,340		38.68,30.74	1000,1 	0
1625    	-0.13, 20.59, -8.52 	28.96, -8.23, -10.20 	0.00, 20.00 	12,19,36,349		25.73,26.35	1000,1 	0
1634    	-0.07, 20.73, -8.42 	28.91, -8.04, -10.23 	0.00, 20.00 	12,19,36,359		16.73,22.27	1000,1 	0
1643    	-0.01, 20.83, -8.41 	28.93, -7.90, -10.27 	0.00, 20.00 	12,19,36,369		13.46,15.32	1000,1 	0
1652    	-0.00, 20.92, -8.44 	29.00, -7.75, -10.29 	0.00, 20.00 	12,19,36,378		10.59,18.21	1000,1 	0
1661    	0.00, 21.07, -8.47 	29.03, -7.68, -10.29 	0.00, 20.00 	12,19,36,388		16.52,8.82	1000,1 	0
1670    	-0.02, 21.24, -8.49 	29.06, -7.53, -10.28 	0.00, 20.00 	12,19,36,398		18.80,16.43	1000,1 	0
1679    	0.01, 21.43, -8.47 	29.03, -7.42, -10.24 	0.00, 20.00 	12,19,36,407		21.51,12.97	1000,1 	0
1688    	0.07, 21.57, -8.43 	28.95, -7.30, -10.26 	0.00, 20.00 	12,19,36,417		17.28,15.99	1000,1 	0
1697    	0.18, 21.68, -8.36 	28.89, -7.26, -10.23 	0.00, 20.00 	12,19,36,427		16.09,8.02	1000,1 	0
1706    	0.27, 21.74, -8.31 	28.79, -7.17, -10.23 	0.00, 20.00 	12,19,36,436		12.55,14.80	1000,1 	0
1715    	0.35, 21.72, -8.26 	28.75, -7.14, -10.23 	0.00, 20.00 	12,19,36,446		9.27,5.25	1000,1 	0
1724    	0.39, 21.69, -8.20 	28.67, -7.09, -10.22 	0.00, 20.00 	12,19,36,456		5.30,10.83	1000,1 	0
1733    	0.37, 21.60, -8.13 	28.67, -7.05, -10.23 	0.00, 20.00 	12,19,36,466		9.97,4.74	1000,1 	0
1742    	0.28, 21.47, -8.05 	28.67, -7.03, -10.22 	0.00, 20.00 	12,19,36,475		17.69,2.30	1000,1 	0
1751    	0.14, 21.31, -7.97 	28.65, -7.05, -10.22 	0.00, 20.00 	12,19,36,485		23.58,3.40	1000,1 	0
1760    	-0.04, 21.11, -7.90 	28.66, -7.06, -10.20 	0.00, 20.00 	12,19,36,495		29.42,1.75	1000,1 	0
1769    	-0.19, 20.90, -7.83 	28.70, -7.05, -10.20 	0.00, 20.00 	12,19,36,504		28.59,4.00	1000,1 	0
1778    	-0.31, 20.68, -7.80 	28.70, -7.05, -10.19 	0.00, 20.00 	12,19,36,514		28.03,0.00	1000,1 	0
1787    	-0.42, 20.50, -7.78 	28.67, -7.05, -10.18 	0.00, 20.00 	12,19,36,524		23.79,2.58	1000,1 	0
1796    	-0.50, 20.34, -7.76 	28.67, -7.03, -10.18 	0.00, 20.00 	12,19,36,533		19.55,2.30	1000,1 	0
1805    	-0.51, 20.23, -7.75 	28.64, -7.02, -10.18 	0.00, 20.00 	12,19,36,543		13.05,4.06	1000,1 	0
1814    	-0.49, 20.12, -7.77 	28.65, -7.01, -10.18 	0.00, 20.00 	12,19,36,553		11.88,1.70	1000,1 	0
1823    	-0.45, 20.06, -7.78 	28.66, -7.02, -10.17 	0.00, 20.00 	12,19,36,562		8.16,1.75	1000,1 	0
1832    	-0.39, 20.03, -7.77 	28.63, -7.04, -10.17 	0.00, 20.00 	12,19,36,572		7.38,4.44	1000,1 	0
1841    	-0.35, 20.01, -7.76 	28.66, -7.05, -10.17 	0.00, 20.00 	12,19,36,582		4.56,4.06	1000,1 	0
1850    	-0.34, 20.02, -7.75 	28.67, -7.06, -10.17 	0.00, 20.00 	12,19,36,591		1.26,1.75	1000,1 	0
1859    	-0.35, 20.01, -7.75 	28.66, -7.05, -10.16 	0.00, 20.00 	12,19,36,601		1.26,1.75	1000,1 	0
1868    	-0.36, 20.03, -7.73 	28.71, -7.03, -10.17 	0.00, 20.00 	12,19,36,611		2.72,5.58	1000,1 	0
1877    	-0.39, 20.05, -7.72 	28.71, -7.02, -10.18 	0.00, 20.00 	12,19,36,620		3.53,1.15	1000,1 	0
1886    	-0.40, 20.06, -7.71 	28.69, -7.01, -10.18 	0.00, 20.00 	12,19,36,630		1.77,1.75	1000,1 	0
1895    	-0.40, 20.06, -7.71 	28.71, -7.02, -10.18 	0.00, 20.00 	12,19,36,640		0.00,1.75	1000,1 	0
1904    	-0.40, 20.07, -7.70 	28.70, -6.99, -10.18 	0.00, 20.00 	12,19,36,649		1.18,3.45	1000,1 	0
1913    	-0.40, 20.06, -7.69 	28.69, -6.98, -10.18 	0.00, 20.00 	12,19,36,659		1.18,1.75	1000,1 	0
1922    	-0.38, 20.06, -7.69 	28.68, -6.99, -10.17 	0.00, 20.00 	12,19,36,669		2.84,1.70	1000,1 	0
1931    	-0.36, 20.09, -7.68 	28.67, -6.98, -10.17 	0.00, 20.00 	12,19,36,678		4.24,1.75	1000,1 	0
1940    	-0.35, 20.11, -7.67 	28.66, -6.97, -10.17 	0.00, 20.00 	12,19,36,688		2.61,1.75	1000,1 	0
1949    	-0.35, 20.14, -7.68 	28.72, -6.98, -10.17 	0.00, 20.00 	12,19,36,698		3.53,6.57	1000,1 	0
1958    	-0.37, 20.16, -7.69 	28.71, -6.97, -10.16 	0.00, 20.00 	12,19,36,707		2.72,1.15	1000,1 	0
1967    	-0.34, 20.22, -7.69 	28.71, -6.96, -10.16 	0.00, 20.00 	12,19,36,717		6.84,1.15	1000,1 	0
1976    	-0.29, 20.27, -7.69 	28.69, -6.98, -10.16 	0.00, 20.00 	12,19,36,727		8.42,3.40	1000,1 	0
1985    	-0.23, 20.31, -7.69 	28.70, -6.97, -10.15 	0.00, 20.00 	12,19,36,737		7.09,1.70	1000,1 	0
1994    	-0.17, 20.34, -7.69 	28.69, -6.94, -10.15 	0.00, 20.00 	12,19,36,746		8.21,3.71	1000,1 	0
2003    	-0.10, 20.40, -7.69 	28.68, -6.93, -10.15 	0.00, 20.00 	12,19,36,756		10.39,1.75	1000,1 	0
2012    	-0.05, 20.42, -7.69 	28.66, -6.90, -10.16 	0.00, 20.00 	12,19,36,766		5.47,3.71	1000,1 	0
2021    	-0.01, 20.46, -7.69 	28.65, -6.90, -10.15 	0.00, 20.00 	12,19,36,775		6.02,1.29	1000,1 	0
2030    	0.02, 20.48, -7.69 	28.66, -6.91, -10.16 	0.00, 20.00 	12,19,36,785		4.37,1.75	1000,1 	0
2039    	0.03, 20.50, -7.69 	28.70, -6.90, -10.16 	0.00, 20.00 	12,19,36,795		2.61,4.00	1000,1 	0
2048    	0.06, 20.53, -7.69 	28.66, -6.90, -10.15 	0.00, 20.00 	12,19,36,804		4.37,3.86	1000,1 	0
2057    	0.07, 20.54, -7.69 	28.69, -6.89, -10.15 	0.00, 20.00 	12,19,36,814		1.68,2.79	1000,1 	0
2066    	0.07, 20.54, -7.68 	28.67, -6.89, -10.14 	0.00, 20.00 	12,19,36,824		0.00,1.29	1000,1 	0
2075    	0.09, 20.56, -7.69 	28.66, -6.85, -10.15 	0.00, 20.00 	12,19,36,833		3.37,4.81	1000,1 	0
2084    	0.09, 20.55, -7.68 	28.68, -6.85, -10.13 	0.00, 20.00 	12,19,36,843		1.18,2.58	1000,1 	0
2093    	0.12, 20.55, -7.67 	28.64, -6.85, -10.13 	0.00, 20.00 	12,19,36,853		2.53,5.15	1000,1 	0
2102    	0.12, 20.55, -7.67 	28.61, -6.85, -10.13 	0.00, 20.00 	12,19,36,862		0.00,2.58	1000,1 	0
2111    	0.13, 20.55, -7.68 	28.61, -6.84, -10.12 	0.00, 20.00 	12,19,36,872		1.26,1.15	1000,1 	0
2120    	0.13, 20.54, -7.67 	28.61, -6.85, -10.11 	0.00, 20.00 	12,19,36,882		1.18,1.15	1000,1 	0
2129    	0.13, 20.53, -7.67 	28.61, -6.81, -10.12 	0.00, 20.00 	12,19,36,891		1.18,4.59	1000,1 	0
2138    	0.14, 20.54, -7.68 	28.63, -6.81, -10.12 	0.00, 20.00 	12,19,36,901		1.68,2.58	1000,1 	0
2147    	0.14, 20.54, -7.68 	28.65, -6.82, -10.12 	0.00, 20.00 	12,19,36,911		0.00,1.75	1000,1 	0
2156    	0.13, 20.53, -7.67 	28.62, -6.81, -10.12 	0.00, 20.00 	12,19,36,920		1.68,2.85	1000,1 	0
2165    	0.13, 20.53, -7.67 	28.66, -6.81, -10.11 	0.00, 20.00 	12,19,36,930		0.00,3.86	1000,1 	0
2174    	0.12, 20.52, -7.67 	28.63, -6.81, -10.11 	0.00, 20.00 	12,19,36,940		1.68,2.58	1000,1 	0
2183    	0.12, 20.52, -7.67 	28.64, -6.77, -10.11 	0.00, 20.00 	12,19,36,949		0.00,3.64	1000,1 	0
2192    	0.11, 20.51, -7.67 	28.64, -6.79, -10.11 	0.00, 20.00 	12,19,36,959		1.68,1.15	1000,1 	0
2201    	0.10, 20.49, -7.66 	28.63, -6.78, -10.11 	0.00, 20.00 	12,19,36,969		2.61,1.75	1000,1 	0
2210    	0.09, 20.45, -7.67 	28.63, -6.77, -10.12 	0.00, 20.00 	12,19,36,979		3.69,1.15	1000,1 	0
2219    	0.08, 20.42, -7.67 	28.63, -6.77, -10.11 	0.00, 20.00 	12,19,36,988		3.69,0.00	1000,1 	0
2228    	0.07, 20.39, -7.68 	28.62, -6.77, -10.11 	0.00, 20.00 	12,19,36,998		4.24,1.29	1000,1 	0
2237    	0.05, 20.39, -7.67 	28.64, -6.77, -10.11 	0.00, 20.00 	12,19,37,8		1.26,2.85	1000,1 	0
2246    	0.04, 20.39, -7.67 	28.62, -6.79, -10.11 	0.00, 20.00 	12,19,37,17		1.26,2.79	1000,1 	0
2255    	0.03, 20.38, -7.66 	28.67, -6.78, -10.11 	0.00, 20.00 	12,19,37,27		1.68,5.15	1000,1 	0
2264    	0.02, 20.38, -7.66 	28.66, -6.79, -10.09 	0.00, 20.00 	12,19,37,37		1.26,1.70	1000,1 	0
2273    	0.02, 20.37, -7.66 	28.66, -6.79, -10.10 	0.00, 20.00 	12,19,37,46		1.18,0.00	1000,1 	0
2282    	0.03, 20.36, -7.66 	28.63, -6.79, -10.08 	0.00, -0.00 	12,19,37,66		1.77,2.85	1000,1 	0
2291    	0.02, 20.35, -7.66 	28.63, -6.80, -10.09 	0.00, -0.00 	12,19,37,75		1.14,1.03	1000,1 	0
2300    	0.03, 20.36, -7.66 	28.62, -6.80, -10.09 	0.00, -0.00 	12,19,37,85		1.14,1.16	1000,1 	0
2309    	0.04, 20.34, -7.66 	28.65, -6.82, -10.09 	0.00, -0.00 	12,19,37,95		1.06,3.15	1000,1 	0
2318    	0.04, 20.34, -7.66 	28.63, -6.81, -10.09 	0.00, -0.00 	12,19,37,104		0.00,1.58	1000,1 	0
2327    	0.04, 20.33, -7.66 	28.65, -6.82, -10.09 	0.00, -0.00 	12,19,37,114		1.06,1.58	1000,1 	0
2336    	0.04, 20.33, -7.66 	28.63, -6.81, -10.07 	0.00, -0.00 	12,19,37,124		0.00,1.58	1000,1 	0
2345    	0.04, 20.33, -7.66 	28.63, -6.81, -10.07 	0.00, -0.00 	12,19,37,133		0.00,0.00	1000,1 	0
2354    	0.05, 20.32, -7.65 	28.67, -6.80, -10.07 	0.00, -0.00 	12,19,37,143		1.59,3.48	1000,1 	0
2363    	0.06, 20.34, -7.65 	28.65, -6.77, -10.07 	0.00, -0.00 	12,19,37,153		1.52,3.34	1000,1 	0
2372    	0.07, 20.34, -7.65 	28.64, -6.77, -10.06 	0.00, -0.00 	12,19,37,162		1.14,1.16	1000,1 	0
2381    	0.08, 20.33, -7.65 	28.64, -6.76, -10.06 	0.00, -0.00 	12,19,37,172		1.59,1.03	1000,1 	0
2390    	0.09, 20.33, -7.65 	28.64, -6.75, -10.08 	0.00, -0.00 	12,19,37,182		1.14,1.03	1000,1 	0
2399    	0.10, 20.32, -7.65 	28.65, -6.76, -10.06 	0.00, -0.00 	12,19,37,192		1.06,1.57	1000,1 	0
2408    	0.10, 20.32, -7.66 	28.65, -6.78, -10.05 	0.00, -0.00 	12,19,37,201		0.00,2.07	1000,1 	0
2417    	0.11, 20.31, -7.65 	28.70, -6.76, -10.06 	0.00, -0.00 	12,19,37,211		1.59,5.02	1000,1 	0
2426    	0.10, 20.31, -7.65 	28.69, -6.75, -10.06 	0.00, -0.00 	12,19,37,221		1.14,1.58	1000,1 	0
2435    	0.10, 20.32, -7.65 	28.69, -6.74, -10.06 	0.00, -0.00 	12,19,37,230		1.06,1.03	1000,1 	0
2444    	0.11, 20.32, -7.65 	28.69, -6.73, -10.07 	0.00, -0.00 	12,19,37,240		1.14,1.03	1000,1 	0
2453    	0.12, 20.31, -7.65 	28.67, -6.70, -10.07 	0.00, -0.00 	12,19,37,250		1.59,3.34	1000,1 	0
2462    	0.11, 20.31, -7.65 	28.66, -6.69, -10.07 	0.00, -0.00 	12,19,37,259		1.14,1.57	1000,1 	0
2471    	0.12, 20.30, -7.65 	28.66, -6.70, -10.06 	0.00, -0.00 	12,19,37,269		1.59,1.03	1000,1 	0
2480    	0.13, 20.29, -7.65 	28.69, -6.68, -10.07 	0.00, -0.00 	12,19,37,279		1.59,4.00	1000,1 	0
2489    	0.13, 20.30, -7.66 	28.69, -6.68, -10.06 	0.00, -0.00 	12,19,37,288		1.06,0.00	1000,1 	0
2498    	0.14, 20.30, -7.66 	28.71, -6.70, -10.05 	0.00, -0.00 	12,19,37,298		1.14,2.40	1000,1 	0
2507    	0.16, 20.30, -7.66 	28.71, -6.70, -10.05 	0.00, -0.00 	12,19,37,308		1.14,0.00	1000,1 	0
2516    	0.13, 20.30, -7.66 	28.69, -6.67, -10.05 	0.00, -0.00 	12,19,37,317		2.28,3.34	1000,1 	0
2525    	0.15, 20.32, -7.66 	28.69, -6.69, -10.05 	0.00, -0.00 	12,19,37,327		3.03,2.07	1000,1 	0
2534    	0.14, 20.32, -7.66 	28.69, -6.67, -10.05 	0.00, -0.00 	12,19,37,337		1.14,2.07	1000,1 	0
2543    	0.15, 20.33, -7.66 	28.70, -6.66, -10.05 	0.00, -0.00 	12,19,37,346		1.52,1.53	1000,1 	0
2552    	0.17, 20.33, -7.66 	28.67, -6.67, -10.04 	0.00, -0.00 	12,19,37,356		2.28,3.60	1000,1 	0
2561    	0.20, 20.34, -7.66 	28.67, -6.68, -10.04 	0.00, -0.00 	12,19,37,366		2.46,1.03	1000,1 	0
2570    	0.21, 20.33, -7.66 	28.68, -6.67, -10.04 	0.00, -0.00 	12,19,37,375		1.59,1.53	1000,1 	0
2579    	0.21, 20.34, -7.67 	28.67, -6.65, -10.05 	0.00, -0.00 	12,19,37,385		1.06,2.40	1000,1 	0
2588    	0.19, 20.35, -7.67 	28.72, -6.68, -10.04 	0.00, -0.00 	12,19,37,395		1.59,5.65	1000,1 	0
2597    	0.19, 20.38, -7.67 	28.70, -6.67, -10.04 	0.00, -0.00 	12,19,37,404		2.12,1.58	1000,1 	0
2606    	0.19, 20.38, -7.66 	28.70, -6.67, -10.04 	0.00, -0.00 	12,19,37,414		0.00,0.00	1000,1 	0
2615    	0.18, 20.39, -7.66 	28.69, -6.67, -10.04 	0.00, -0.00 	12,19,37,424		1.59,1.16	1000,1 	0
2624    	0.18, 20.39, -7.66 	28.71, -6.68, -10.05 	0.00, -0.00 	12,19,37,434		0.00,1.58	1000,1 	0
2633    	0.18, 20.39, -7.66 	28.71, -6.68, -10.05 	0.00, -0.00 	12,19,37,443		0.00,0.00	1000,1 	0
2642    	0.18, 20.39, -7.66 	28.68, -6.70, -10.05 	0.00, -0.00 	12,19,37,453		0.00,3.06	1000,1 	0
2651    	0.17, 20.38, -7.66 	28.69, -6.69, -10.05 	0.00, -0.00 	12,19,37,463		1.14,1.53	1000,1 	0
2660    	0.17, 20.38, -7.66 	28.72, -6.67, -10.05 	0.00, -0.00 	12,19,37,472		0.00,3.06	1000,1 	0
2669    	0.18, 20.39, -7.66 	28.72, -6.66, -10.05 	0.00, -0.00 	12,19,37,482		1.14,1.03	1000,1 	0
2678    	0.18, 20.39, -7.66 	28.72, -6.66, -10.05 	0.00, -0.00 	12,19,37,492		0.00,0.00	1000,1 	0
2687    	0.18, 20.37, -7.66 	28.74, -6.66, -10.03 	0.00, -0.00 	12,19,37,501		1.06,2.32	1000,1 	0
2696    	0.17, 20.37, -7.66 	28.74, -6.66, -10.04 	0.00, -0.00 	12,19,37,511		1.14,0.00	1000,1 	0
2705    	0.17, 20.38, -7.66 	28.74, -6.69, -10.02 	0.00, -0.00 	12,19,37,521		1.06,3.10	1000,1 	0
2714    	0.17, 20.37, -7.66 	28.71, -6.70, -10.02 	0.00, -0.00 	12,19,37,530		1.06,3.60	1000,1 	0
2723    	0.14, 20.35, -7.67 	28.71, -6.69, -10.02 	0.00, -0.00 	12,19,37,540		3.93,1.03	1000,1 	0
2732    	0.09, 20.31, -7.69 	28.72, -6.69, -10.02 	0.00, -0.00 	12,19,37,550		6.93,1.16	1000,1 	0
2741    	-0.08, 20.14, -7.71 	28.69, -6.69, -10.02 	0.00, -0.00 	12,19,37,559		23.57,2.32	1000,1 	0
2750    	-0.34, 19.93, -7.75 	28.69, -6.68, -10.02 	0.00, -0.00 	12,19,37,569		33.46,1.03	1000,1 	0
2759    	-0.59, 19.79, -7.80 	28.71, -6.68, -10.03 	0.00, -0.00 	12,19,37,579		28.53,1.16	1000,1 	0
2768    	-0.87, 19.59, -7.87 	28.73, -6.68, -10.03 	0.00, -0.00 	12,19,37,588		33.88,2.32	1000,1 	0
2777    	-1.19, 19.31, -7.95 	28.72, -6.67, -10.03 	0.00, -0.00 	12,19,37,598		43.06,1.58	1000,1 	0
2786    	-1.51, 18.92, -8.05 	28.72, -6.68, -10.03 	0.00, -0.00 	12,19,37,608		50.66,1.03	1000,1 	0
2795    	-1.90, 18.46, -8.13 	28.73, -6.67, -10.02 	0.00, -0.00 	12,19,37,617		59.75,1.53	1000,1 	0
2804    	-2.27, 17.88, -8.19 	28.74, -6.68, -10.02 	0.00, -0.00 	12,19,37,627		69.13,1.58	1000,1 	0
2813    	-2.58, 17.21, -8.27 	28.75, -6.66, -10.02 	0.00, -0.00 	12,19,37,637		73.62,2.34	1000,1 	0
2822    	-2.88, 16.36, -8.35 	28.74, -6.68, -10.02 	0.00, -0.00 	12,19,37,647		90.37,2.34	1000,1 	0
2831    	-3.12, 15.43, -8.46 	28.73, -6.66, -10.01 	0.00, -0.00 	12,19,37,656		95.60,2.40	1000,1 	0
2840    	-3.33, 14.44, -8.55 	28.75, -6.68, -10.01 	0.00, -0.00 	12,19,37,666		101.92,3.15	1000,1 	0
2849    	-3.46, 13.27, -8.61 	28.74, -6.72, -10.01 	0.00, -0.00 	12,19,37,676		116.78,4.26	1000,1 	0
2858    	-3.49, 12.11, -8.70 	28.76, -6.73, -10.02 	0.00, -0.00 	12,19,37,685		116.66,1.58	1000,1 	0
2867    	-3.43, 10.96, -8.77 	28.83, -6.78, -10.00 	0.00, -0.00 	12,19,37,695		115.15,8.78	1000,1 	0
2876    	-3.28, 9.86, -8.82 	28.84, -6.80, -10.00 	0.00, -0.00 	12,19,37,705		111.26,2.40	1000,1 	0
2885    	-3.04, 8.79, -8.87 	28.86, -6.83, -10.00 	0.00, -0.00 	12,19,37,714		109.19,3.34	1000,1 	0
2894    	-2.74, 7.72, -8.95 	28.87, -6.81, -9.99 	0.00, -0.00 	12,19,37,724		111.30,2.34	1000,1 	0
2903    	-2.35, 6.67, -9.00 	28.84, -6.82, -9.98 	0.00, -0.00 	12,19,37,734		111.51,2.51	1000,1 	0
2912    	-1.94, 5.59, -9.02 	28.84, -6.83, -9.99 	0.00, -0.00 	12,19,37,743		115.95,1.03	1000,1 	0
2921    	-1.44, 4.62, -9.08 	28.87, -6.84, -10.03 	0.00, -0.00 	12,19,37,753		108.85,2.57	1000,1 	0
2930    	-0.82, 3.72, -9.14 	28.88, -6.88, -10.02 	0.00, -0.00 	12,19,37,763		109.29,4.33	1000,1 	0
2939    	-0.39, 2.99, -9.11 	28.89, -6.85, -10.02 	0.00, -0.00 	12,19,37,772		84.48,3.28	1000,1 	0
2948    	-0.29, 2.31, -8.95 	28.95, -6.85, -10.02 	0.00, -0.00 	12,19,37,782		68.89,5.92	1000,1 	0
2957    	-0.21, 1.67, -8.82 	28.95, -6.84, -10.03 	0.00, -0.00 	12,19,37,792		64.58,1.03	1000,1 	0
2966    	-0.11, 1.30, -8.79 	28.98, -6.84, -10.03 	0.00, -0.00 	12,19,37,801		38.76,3.48	1000,1 	0
2975    	-0.01, 1.01, -8.78 	29.03, -6.87, -10.03 	0.00, -0.00 	12,19,37,811		30.71,5.65	1000,1 	0
2984    	0.17, 0.83, -8.79 	29.02, -6.91, -10.02 	0.00, -0.00 	12,19,37,821		25.40,4.26	1000,1 	0
2993    	0.26, 0.61, -8.78 	29.04, -6.91, -10.02 	0.00, -0.00 	12,19,37,830		23.55,1.16	1000,1 	0
3002    	0.37, 0.50, -8.78 	29.05, -6.89, -10.02 	0.00, -0.00 	12,19,37,840		15.86,2.34	1000,1 	0
3011    	0.67, 0.40, -8.72 	29.05, -6.90, -10.03 	0.00, -0.00 	12,19,37,850		31.25,1.03	1000,1 	0
3020    	0.95, 0.25, -8.65 	29.02, -6.94, -10.02 	0.00, -0.00 	12,19,37,859		31.84,5.33	1000,1 	0
3029    	1.27, 0.07, -8.62 	29.05, -6.93, -10.02 	0.00, -0.00 	12,19,37,869		36.55,3.60	1000,1 	0
3038    	1.38, 0.08, -8.61 	29.08, -6.98, -10.03 	0.00, -0.00 	12,19,37,879		11.38,5.72	1000,1 	0
3047    	1.51, 0.08, -8.56 	29.13, -7.03, -10.03 	0.00, -0.00 	12,19,37,889		12.52,7.04	1000,1 	0
3056    	1.48, 0.11, -8.52 	29.20, -7.10, -10.01 	0.00, -0.00 	12,19,37,898		3.99,10.18	1000,1 	0
3065    	1.48, 0.06, -8.49 	29.23, -7.15, -10.02 	0.00, -0.00 	12,19,37,908		5.36,5.72	1000,1 	0
3074    	1.30, 0.01, -8.45 	29.29, -7.21, -10.03 	0.00, -0.00 	12,19,37,918		18.49,8.61	1000,1 	0
3083    	1.31, 0.02, -8.41 	29.27, -7.22, -10.04 	0.00, -0.00 	12,19,37,927		1.52,2.51	1000,1 	0
3092    	1.28, 0.03, -8.36 	29.22, -7.23, -10.05 	0.00, -0.00 	12,19,37,937		2.56,4.64	1000,1 	0
3101    	1.22, 0.00, -8.37 	29.17, -7.20, -10.05 	0.00, -0.00 	12,19,37,947		7.05,5.65	1000,1 	0
3110    	1.22, 0.01, -8.31 	29.13, -7.19, -10.05 	0.00, -0.00 	12,19,37,956		1.06,4.78	1000,1 	0
3119    	1.21, -0.01, -8.28 	29.13, -7.22, -10.06 	0.00, -0.00 	12,19,37,966		2.35,3.10	1000,1 	0
3128    	1.22, -0.05, -8.24 	29.14, -7.20, -10.07 	0.00, -0.00 	12,19,37,976		4.43,2.34	1000,1 	0
3137    	1.22, -0.10, -8.24 	29.14, -7.23, -10.06 	0.00, -0.00 	12,19,37,985		5.36,3.10	1000,1 	0
3146    	1.23, -0.11, -8.21 	29.23, -7.21, -10.07 	0.00, -0.00 	12,19,37,995		1.59,9.30	1000,1 	0
3155    	1.13, -0.12, -8.22 	29.22, -7.26, -10.06 	0.00, -0.00 	12,19,37,5		10.24,4.26	1000,1 	0
3164    	1.11, -0.13, -8.20 	29.26, -7.26, -10.08 	0.00, -0.00 	12,19,38,14		2.46,3.48	1000,1 	0
3173    	1.09, -0.14, -8.19 	29.25, -7.29, -10.09 	0.00, -0.00 	12,19,38,24		2.46,3.28	1000,1 	0
3182    	1.03, -0.14, -8.17 	29.24, -7.30, -10.09 	0.00, -0.00 	12,19,38,34		5.84,1.53	1000,1 	0
3191    	1.02, -0.19, -8.13 	29.23, -7.30, -10.08 	0.00, -0.00 	12,19,38,43		5.36,1.16	1000,1 	0
3200    	0.94, -0.22, -8.11 	29.21, -7.29, -10.10 	0.00, -0.00 	12,19,38,53		8.14,1.58	1000,1 	0
3209    	0.89, -0.26, -8.12 	29.19, -7.30, -10.10 	0.00, -0.00 	12,19,38,63		6.93,2.51	1000,1 	0
3218    	0.98, -0.33, -8.08 	29.18, -7.35, -10.11 	0.00, -0.00 	12,19,38,72		11.13,5.26	1000,1 	0
3227    	0.94, -0.35, -8.07 	29.22, -7.32, -10.12 	0.00, -0.00 	12,19,38,82		4.93,4.59	1000,1 	0
3236    	0.90, -0.43, -8.02 	29.26, -7.32, -10.12 	0.00, -0.00 	12,19,38,92		8.50,4.64	1000,1 	0
3245    	0.80, -0.49, -8.01 	29.23, -7.33, -10.13 	0.00, -0.00 	12,19,38,102		11.30,3.60	1000,1 	0
3254    	0.72, -0.44, -8.01 	29.23, -7.35, -10.14 	0.00, -0.00 	12,19,38,111		9.77,2.07	1000,1 	0
3263    	0.68, -0.43, -7.96 	29.24, -7.38, -10.12 	0.00, -0.00 	12,19,38,121		3.62,3.34	1000,1 	0
3272    	0.66, -0.46, -7.95 	29.24, -7.37, -10.12 	0.00, -0.00 	12,19,38,131		3.03,1.03	1000,1 	0
3281    	0.60, -0.48, -7.95 	29.21, -7.38, -10.11 	0.00, -0.00 	12,19,38,140		7.05,3.60	1000,1 	0
