#Time 	Sensor1         Sensor2         Target          Time            Vel             
#================================================================

17      	1.02, 1.38, -7.92 	23.57, -21.26, -7.42 	0.00, 30.00 	12,20,42,401		0.00,0.00	0,0 	0
26      	1.01, 1.39, -7.93 	23.56, -21.25, -7.41 	0.00, 30.00 	12,20,42,410		1.77,1.75	0,0 	0
35      	1.01, 1.39, -7.93 	23.53, -21.24, -7.39 	0.00, 30.00 	12,20,42,420		0.00,2.85	0,0 	0
44      	0.99, 1.36, -7.93 	23.50, -21.29, -7.38 	0.00, 30.00 	12,20,42,430		3.37,6.83	0,0 	0
53      	0.94, 1.37, -7.92 	23.54, -21.26, -7.38 	0.00, 30.00 	12,20,42,439		5.25,5.10	0,0 	0
62      	0.94, 1.37, -7.92 	23.51, -21.26, -7.37 	0.00, 30.00 	12,20,42,449		0.00,2.58	0,0 	0
71      	0.98, 1.36, -7.92 	23.51, -21.26, -7.37 	0.00, 30.00 	12,20,42,459		4.02,0.00	0,0 	0
80      	1.00, 1.36, -7.92 	23.50, -21.24, -7.38 	0.00, 30.00 	12,20,42,468		2.53,2.67	0,0 	0
89      	0.98, 1.36, -7.91 	23.52, -21.18, -7.39 	0.00, 30.00 	12,20,42,478		2.53,7.29	0,0 	0
98      	1.01, 1.35, -7.92 	23.50, -21.22, -7.39 	0.00, 30.00 	12,20,42,488		4.02,5.20	0,0 	0
107     	1.02, 1.32, -7.91 	23.51, -21.23, -7.37 	0.00, 30.00 	12,20,42,497		3.53,1.75	0,0 	0
116     	1.02, 1.36, -7.91 	23.46, -21.24, -7.35 	0.00, 30.00 	12,20,42,507		3.69,5.25	0,0 	0
125     	1.06, 1.36, -7.92 	23.43, -21.23, -7.38 	0.00, 30.00 	12,20,42,517		3.79,4.06	0,0 	0
134     	1.02, 1.38, -7.91 	23.42, -21.23, -7.38 	0.00, 30.00 	12,20,42,526		4.56,1.29	0,0 	0
143     	1.02, 1.38, -7.92 	23.38, -21.24, -7.42 	0.00, 30.00 	12,20,42,536		0.00,4.00	0,0 	0
152     	1.03, 1.38, -7.93 	23.37, -21.25, -7.41 	0.00, 30.00 	12,20,42,546		1.26,1.70	0,0 	0
161     	1.00, 1.34, -7.90 	23.38, -21.25, -7.41 	0.00, 30.00 	12,20,42,556		5.05,1.29	0,0 	0
170     	1.02, 1.37, -7.92 	23.34, -21.27, -7.40 	0.00, 30.00 	12,20,42,565		3.37,5.25	0,0 	0
179     	1.05, 1.36, -7.93 	23.41, -21.26, -7.39 	0.00, 30.00 	12,20,42,575		2.84,7.73	0,0 	0
188     	1.05, 1.36, -7.93 	23.38, -21.24, -7.41 	0.00, 30.00 	12,20,42,585		0.00,3.50	0,0 	0
197     	1.05, 1.36, -7.93 	23.45, -21.24, -7.40 	0.00, 30.00 	12,20,42,594		0.00,7.73	0,0 	0
206     	1.04, 1.37, -7.92 	23.46, -21.23, -7.40 	0.00, 30.00 	12,20,42,604		1.77,1.70	0,0 	0
215     	1.04, 1.39, -7.94 	23.46, -21.21, -7.42 	0.00, 30.00 	12,20,42,614		2.61,2.30	0,0 	0
224     	1.08, 1.37, -7.93 	23.48, -21.19, -7.44 	0.00, 30.00 	12,20,42,623		4.56,3.40	0,0 	0
233     	1.07, 1.37, -7.94 	23.37, -21.17, -7.44 	0.00, 30.00 	12,20,42,633		1.26,13.15	0,0 	0
242     	1.07, 1.38, -7.94 	23.39, -21.15, -7.44 	0.00, 30.00 	12,20,42,643		1.18,3.40	0,0 	0
251     	1.06, 1.39, -7.95 	23.46, -21.13, -7.46 	0.00, 30.00 	12,20,42,652		1.77,8.00	0,0 	0
260     	1.07, 1.40, -7.95 	23.43, -21.12, -7.45 	0.00, 30.00 	12,20,42,662		1.68,2.85	0,0 	0
269     	1.07, 1.39, -7.95 	23.47, -21.12, -7.47 	0.00, 30.00 	12,20,42,672		1.18,3.86	0,0 	0
278     	1.06, 1.38, -7.94 	23.52, -21.13, -7.43 	0.00, 30.00 	12,20,42,681		1.68,5.70	0,0 	0
287     	1.05, 1.36, -7.94 	23.52, -21.13, -7.43 	0.00, 30.00 	12,20,42,691		2.61,0.00	0,0 	0
296     	1.09, 1.36, -7.94 	23.51, -21.12, -7.40 	0.00, 30.00 	12,20,42,701		5.06,1.15	0,0 	0
305     	1.06, 1.35, -7.92 	23.55, -21.13, -7.41 	0.00, 30.00 	12,20,42,710		3.92,4.06	0,0 	0
314     	1.08, 1.36, -7.94 	23.39, -21.16, -7.39 	0.00, 30.00 	12,20,42,720		2.74,18.12	0,0 	0
323     	1.06, 1.36, -7.93 	23.34, -21.18, -7.39 	0.00, 30.00 	12,20,42,730		2.53,5.58	0,0 	0
332     	1.06, 1.36, -7.93 	23.35, -21.19, -7.39 	0.00, 30.00 	12,20,42,739		0.00,1.15	0,0 	0
341     	1.06, 1.36, -7.93 	23.39, -21.17, -7.41 	0.00, 30.00 	12,20,42,749		0.00,5.58	0,0 	0
350     	1.06, 1.36, -7.93 	23.37, -21.18, -7.39 	0.00, 30.00 	12,20,42,759		0.00,2.79	0,0 	0
359     	1.06, 1.36, -7.93 	23.36, -21.19, -7.38 	0.00, 30.00 	12,20,42,768		0.00,1.70	0,0 	0
368     	1.09, 1.36, -7.94 	23.37, -21.20, -7.40 	0.00, 30.00 	12,20,42,778		3.79,1.75	0,0 	0
377     	1.06, 1.34, -7.91 	23.40, -21.17, -7.39 	0.00, 30.00 	12,20,42,788		4.37,5.10	0,0 	0
386     	1.07, 1.34, -7.92 	23.41, -21.19, -7.40 	0.00, 30.00 	12,20,42,798		1.26,2.67	0,0 	0
395     	1.05, 1.36, -7.93 	23.41, -21.13, -7.41 	0.00, 30.00 	12,20,42,807		3.53,6.89	0,0 	0
404     	1.06, 1.41, -7.95 	23.51, -21.12, -7.40 	0.00, 30.00 	12,20,42,817		6.28,11.59	0,0 	0
413     	1.01, 1.46, -7.96 	23.53, -21.12, -7.44 	0.00, 30.00 	12,20,42,827		7.93,1.29	0,0 	0
422     	1.04, 1.59, -8.00 	23.48, -21.08, -7.44 	0.00, 30.00 	12,20,42,836		14.75,7.00	0,0 	0
431     	1.14, 1.84, -8.05 	23.58, -21.02, -7.48 	0.00, 30.00 	12,20,42,846		29.80,13.32	0,0 	0
440     	1.22, 2.28, -8.18 	23.55, -21.01, -7.54 	0.00, 30.00 	12,20,42,856		49.50,2.85	0,0 	0
449     	1.34, 2.96, -8.37 	23.66, -20.92, -7.61 	0.00, 30.00 	12,20,42,865		77.22,15.61	0,0 	0
458     	1.57, 4.03, -8.66 	23.82, -20.85, -7.71 	0.00, 30.00 	12,20,42,875		121.73,19.12	0,0 	0
467     	1.71, 5.21, -8.93 	24.06, -20.76, -7.85 	0.00, 30.00 	12,20,42,885		131.35,28.32	0,0 	0
476     	1.72, 5.84, -8.99 	24.24, -20.75, -7.99 	0.00, 30.00 	12,20,42,894		70.64,20.61	0,0 	0
485     	1.72, 6.44, -9.07 	24.47, -20.69, -8.16 	0.00, 30.00 	12,20,42,904		65.80,26.24	0,0 	0
494     	1.86, 7.14, -9.18 	24.75, -20.66, -8.39 	0.00, 30.00 	12,20,42,914		80.08,30.94	0,0 	0
503     	1.96, 7.87, -9.26 	24.98, -20.36, -8.77 	0.00, 30.00 	12,20,42,923		81.48,42.26	0,0 	0
512     	2.08, 8.57, -9.30 	25.32, -19.95, -9.18 	0.00, 30.00 	12,20,42,933		79.48,59.18	0,0 	0
521     	2.23, 9.24, -9.31 	25.88, -19.64, -9.60 	0.00, 30.00 	12,20,42,943		75.96,71.17	0,0 	0
530     	2.30, 9.88, -9.31 	26.38, -19.48, -9.91 	0.00, 30.00 	12,20,42,952		71.40,58.20	0,0 	0
539     	2.37, 10.47, -9.33 	26.84, -19.24, -9.98 	0.00, 30.00 	12,20,42,962		65.67,57.44	0,0 	0
548     	2.43, 11.06, -9.32 	27.08, -18.80, -9.97 	0.00, 30.00 	12,20,42,972		66.60,55.89	0,0 	0
557     	2.46, 11.70, -9.29 	27.28, -18.32, -9.96 	0.00, 30.00 	12,20,42,981		70.74,57.09	0,0 	0
566     	2.47, 12.39, -9.22 	27.33, -17.93, -9.98 	0.00, 30.00 	12,20,42,991		76.56,44.31	0,0 	0
575     	2.45, 13.16, -9.18 	27.36, -17.51, -10.00 	0.00, 30.00 	12,20,42,1		85.71,46.21	0,0 	0
584     	2.48, 13.87, -9.13 	27.13, -17.11, -10.06 	0.00, 30.00 	12,20,43,10		79.14,51.45	0,0 	0
593     	2.57, 14.56, -9.11 	26.93, -16.86, -10.11 	0.00, 30.00 	12,20,43,20		77.57,35.82	0,0 	0
602     	2.67, 15.17, -9.11 	26.75, -16.54, -10.16 	0.00, 30.00 	12,20,43,30		68.73,40.82	0,0 	0
611     	2.83, 15.77, -9.09 	26.63, -15.97, -10.25 	0.00, 30.00 	12,20,43,40		69.35,64.06	0,0 	0
620     	2.98, 16.34, -9.08 	26.69, -15.23, -10.37 	0.00, 30.00 	12,20,43,49		65.27,83.33	0,0 	0
629     	3.17, 16.91, -9.09 	26.70, -14.51, -10.40 	0.00, 30.00 	12,20,43,59		65.91,79.33	0,0 	0
638     	3.27, 17.45, -9.08 	26.80, -13.91, -10.35 	0.00, 30.00 	12,20,43,69		61.67,67.95	0,0 	0
647     	3.34, 18.05, -9.05 	26.83, -13.52, -10.32 	0.00, 30.00 	12,20,43,78		66.82,42.80	0,0 	0
656     	3.34, 18.63, -9.02 	26.78, -13.21, -10.35 	0.00, 30.00 	12,20,43,88		64.71,35.77	0,0 	0
665     	3.34, 19.19, -8.97 	26.86, -12.85, -10.45 	0.00, 30.00 	12,20,43,98		62.30,40.42	0,0 	0
674     	3.25, 19.69, -8.92 	26.87, -12.52, -10.54 	0.00, 30.00 	12,20,43,107		56.71,36.85	0,0 	0
683     	3.11, 20.15, -8.85 	26.80, -12.19, -10.57 	0.00, 30.00 	12,20,43,117		53.16,37.26	0,0 	0
692     	2.98, 20.59, -8.81 	26.67, -11.79, -10.60 	0.00, 30.00 	12,20,43,127		50.56,46.59	0,0 	0
701     	2.88, 20.96, -8.79 	26.52, -11.46, -10.61 	0.00, 30.00 	12,20,43,136		43.07,40.84	0,0 	0
710     	2.79, 21.33, -8.78 	26.47, -11.13, -10.61 	0.00, 30.00 	12,20,43,146		41.91,36.92	0,0 	0
719     	2.69, 21.72, -8.77 	26.41, -10.81, -10.67 	0.00, 30.00 	12,20,43,156		45.40,35.92	0,0 	0
728     	2.59, 22.13, -8.76 	26.49, -10.52, -10.71 	0.00, 30.00 	12,20,43,165		46.56,33.87	0,0 	0
737     	2.52, 22.58, -8.77 	26.44, -10.24, -10.73 	0.00, 30.00 	12,20,43,175		50.60,31.36	0,0 	0
746     	2.45, 23.08, -8.76 	26.41, -9.95, -10.71 	0.00, 30.00 	12,20,43,185		56.58,32.22	0,0 	0
755     	2.40, 23.58, -8.73 	26.21, -9.66, -10.65 	0.00, 30.00 	12,20,43,194		55.18,38.98	0,0 	0
764     	2.30, 24.08, -8.69 	26.00, -9.31, -10.61 	0.00, 30.00 	12,20,43,204		56.87,45.69	0,0 	0
773     	2.26, 24.58, -8.64 	25.80, -8.95, -10.60 	0.00, 30.00 	12,20,43,214		55.18,46.13	0,0 	0
782     	2.23, 25.05, -8.58 	25.68, -8.43, -10.67 	0.00, 30.00 	12,20,43,223		52.82,58.38	0,0 	0
791     	2.18, 25.50, -8.53 	25.48, -7.91, -10.76 	0.00, 30.00 	12,20,43,233		50.53,61.78	0,0 	0
800     	2.14, 25.91, -8.46 	25.26, -7.44, -10.79 	0.00, 30.00 	12,20,43,243		45.83,58.33	0,0 	0
809     	2.06, 26.31, -8.40 	25.06, -7.08, -10.76 	0.00, 30.00 	12,20,43,253		44.99,45.09	0,0 	0
818     	1.99, 26.68, -8.32 	24.96, -6.79, -10.73 	0.00, 30.00 	12,20,43,262		41.48,34.75	0,0 	0
827     	1.88, 27.04, -8.25 	24.86, -6.55, -10.69 	0.00, 30.00 	12,20,43,272		42.18,29.24	0,0 	0
836     	1.76, 27.38, -8.19 	24.75, -6.27, -10.64 	0.00, 30.00 	12,20,43,282		40.19,32.95	0,0 	0
845     	1.63, 27.74, -8.11 	24.60, -6.00, -10.60 	0.00, 30.00 	12,20,43,291		42.82,34.46	0,0 	0
854     	1.50, 28.08, -8.03 	24.45, -5.68, -10.59 	0.00, 30.00 	12,20,43,301		39.41,38.69	0,0 	0
863     	1.36, 28.36, -7.96 	24.24, -5.33, -10.59 	0.00, 30.00 	12,20,43,311		35.81,45.69	0,0 	0
872     	1.21, 28.63, -7.89 	23.94, -5.05, -10.58 	0.00, 30.00 	12,20,43,320		33.62,45.24	0,0 	0
881     	1.06, 28.87, -7.83 	23.66, -4.84, -10.55 	0.00, 30.00 	12,20,43,330		32.04,39.48	0,0 	0
890     	0.93, 29.10, -7.77 	23.32, -4.60, -10.52 	0.00, 30.00 	12,20,43,340		28.74,46.74	0,0 	0
899     	0.78, 29.30, -7.73 	23.09, -4.34, -10.46 	0.00, 30.00 	12,20,43,349		27.88,38.32	0,0 	0
908     	0.67, 29.50, -7.71 	22.92, -4.05, -10.42 	0.00, 30.00 	12,20,43,359		24.95,36.68	0,0 	0
917     	0.58, 29.70, -7.69 	22.90, -3.80, -10.42 	0.00, 30.00 	12,20,43,369		25.04,28.71	0,0 	0
926     	0.51, 29.90, -7.66 	22.86, -3.61, -10.39 	0.00, 30.00 	12,20,43,378		23.13,20.91	0,0 	0
935     	0.44, 30.08, -7.63 	22.79, -3.54, -10.31 	0.00, 30.00 	12,20,43,388		22.36,11.31	0,0 	0
944     	0.34, 30.24, -7.62 	22.62, -3.45, -10.23 	0.00, 30.00 	12,20,43,398		20.10,21.66	0,0 	0
953     	0.27, 30.38, -7.61 	22.38, -3.36, -10.16 	0.00, 30.00 	12,20,43,407		17.91,28.03	0,0 	0
962     	0.22, 30.49, -7.59 	22.09, -3.25, -10.13 	0.00, 30.00 	12,20,43,417		13.64,34.21	0,0 	0
971     	0.16, 30.63, -7.58 	21.85, -3.08, -10.10 	0.00, 30.00 	12,20,43,427		16.32,33.49	0,0 	0
980     	0.13, 30.74, -7.57 	21.71, -2.94, -10.09 	0.00, 30.00 	12,20,43,436		13.05,21.73	0,0 	0
989     	0.11, 30.84, -7.55 	21.59, -2.87, -10.08 	0.00, 30.00 	12,20,43,446		10.71,15.38	0,0 	0
998     	0.09, 30.91, -7.55 	21.53, -2.82, -10.07 	0.00, 30.00 	12,20,43,456		8.38,8.75	0,0 	0
1007    	0.08, 30.92, -7.54 	21.48, -2.80, -10.05 	0.00, 30.00 	12,20,43,465		1.77,5.70	1000,1 	0
1016    	0.02, 30.96, -7.53 	21.47, -2.79, -10.02 	0.00, 30.00 	12,20,43,475		8.06,1.75	1000,1 	0
1025    	-0.06, 30.96, -7.53 	21.48, -2.78, -10.01 	0.00, 30.00 	12,20,43,485		8.98,1.70	1000,1 	0
1034    	-0.17, 30.96, -7.53 	21.42, -2.81, -9.98 	0.00, 30.00 	12,20,43,495		12.64,6.78	1000,1 	0
1043    	-0.32, 30.93, -7.54 	21.41, -2.83, -9.97 	0.00, 30.00 	12,20,43,504		16.49,2.60	1000,1 	0
1052    	-0.47, 30.93, -7.55 	21.36, -2.83, -9.94 	0.00, 30.00 	12,20,43,514		16.54,5.15	1000,1 	0
1061    	-0.58, 30.93, -7.55 	21.30, -2.84, -9.94 	0.00, 30.00 	12,20,43,524		12.75,7.78	1000,1 	0
1070    	-0.64, 30.95, -7.55 	21.28, -2.83, -9.94 	0.00, 30.00 	12,20,43,533		6.85,1.75	1000,1 	0
1079    	-0.65, 30.94, -7.55 	21.28, -2.83, -9.94 	0.00, 30.00 	12,20,43,543		1.68,0.00	1000,1 	0
1088    	-0.66, 30.93, -7.54 	21.22, -2.81, -9.94 	0.00, 30.00 	12,20,43,553		1.68,6.90	1000,1 	0
1097    	-0.65, 30.93, -7.54 	21.25, -2.80, -9.95 	0.00, 30.00 	12,20,43,562		1.26,2.79	1000,1 	0
1106    	-0.64, 30.91, -7.54 	21.23, -2.77, -9.95 	0.00, 30.00 	12,20,43,572		2.72,3.71	1000,1 	0
1115    	-0.67, 30.88, -7.54 	21.23, -2.75, -9.95 	0.00, 30.00 	12,20,43,582		4.37,2.30	1000,1 	0
1124    	-0.70, 30.85, -7.55 	21.22, -2.74, -9.95 	0.00, 30.00 	12,20,43,591		5.05,1.75	1000,1 	0
1133    	-0.76, 30.83, -7.55 	21.23, -2.73, -9.94 	0.00, 30.00 	12,20,43,601		6.64,1.70	1000,1 	0
1142    	-0.82, 30.81, -7.55 	21.21, -2.73, -9.95 	0.00, 30.00 	12,20,43,611		7.62,2.58	1000,1 	0
1151    	-0.89, 30.80, -7.54 	21.17, -2.74, -9.94 	0.00, 30.00 	12,20,43,620		7.62,4.00	1000,1 	0
1160    	-0.92, 30.78, -7.54 	21.15, -2.77, -9.93 	0.00, 30.00 	12,20,43,630		3.92,3.40	1000,1 	0
1169    	-0.93, 30.77, -7.53 	21.14, -2.78, -9.94 	0.00, 30.00 	12,20,43,640		1.68,1.70	1000,1 	0
1178    	-0.91, 30.76, -7.53 	21.15, -2.79, -9.93 	0.00, 30.00 	12,20,43,649		2.84,1.75	1000,1 	0
1187    	-0.89, 30.74, -7.53 	21.13, -2.80, -9.93 	0.00, 30.00 	12,20,43,659		2.72,2.79	1000,1 	0
1196    	-0.88, 30.76, -7.52 	21.12, -2.81, -9.92 	0.00, 30.00 	12,20,43,669		1.68,1.70	1000,1 	0
1205    	-0.88, 30.74, -7.52 	21.13, -2.82, -9.93 	0.00, 30.00 	12,20,43,678		1.18,1.75	1000,1 	0
1214    	-0.88, 30.73, -7.52 	21.12, -2.82, -9.93 	0.00, 30.00 	12,20,43,688		1.17,1.29	1000,1 	0
1223    	-0.87, 30.74, -7.52 	21.16, -2.83, -9.92 	0.00, 30.00 	12,20,43,698		1.26,4.06	1000,1 	0
1232    	-0.87, 30.74, -7.52 	21.15, -2.82, -9.91 	0.00, 30.00 	12,20,43,708		0.00,1.15	1000,1 	0
1241    	-0.86, 30.75, -7.52 	21.16, -2.83, -9.91 	0.00, 30.00 	12,20,43,717		1.68,1.15	1000,1 	0
1250    	-0.86, 30.75, -7.52 	21.14, -2.83, -9.91 	0.00, 30.00 	12,20,43,727		0.00,1.29	1000,1 	0
1259    	-0.86, 30.75, -7.52 	21.13, -2.83, -9.90 	0.00, 30.00 	12,20,43,737		0.00,1.29	1000,1 	0
1268    	-0.87, 30.75, -7.52 	21.12, -2.83, -9.91 	0.00, 30.00 	12,20,43,746		1.26,1.29	1000,1 	0
1277    	-0.85, 30.75, -7.52 	21.09, -2.82, -9.91 	0.00, 30.00 	12,20,43,756		2.53,4.06	1000,1 	0
1286    	-0.84, 30.74, -7.52 	21.10, -2.82, -9.90 	0.00, 30.00 	12,20,43,766		1.77,1.29	1000,1 	0
1295    	-0.78, 30.73, -7.52 	21.10, -2.82, -9.90 	0.00, 30.00 	12,20,43,775		6.49,0.00	1000,1 	0
1304    	-0.73, 30.71, -7.52 	21.11, -2.82, -9.90 	0.00, 30.00 	12,20,43,785		5.68,1.29	1000,1 	0
1313    	-0.71, 30.71, -7.52 	21.10, -2.82, -9.90 	0.00, 30.00 	12,20,43,795		2.53,1.29	1000,1 	0
1322    	-0.71, 30.70, -7.52 	21.11, -2.83, -9.89 	0.00, 30.00 	12,20,43,804		1.18,1.75	1000,1 	0
1331    	-0.70, 30.70, -7.52 	21.12, -2.82, -9.89 	0.00, 30.00 	12,20,43,814		1.26,1.70	1000,1 	0
1340    	-0.71, 30.71, -7.51 	21.12, -2.82, -9.89 	0.00, 30.00 	12,20,43,824		1.77,0.00	1000,1 	0
1349    	-0.68, 30.69, -7.52 	21.10, -2.82, -9.88 	0.00, 30.00 	12,20,43,833		3.53,2.58	1000,1 	0
1358    	-0.67, 30.67, -7.52 	21.11, -2.81, -9.88 	0.00, 30.00 	12,20,43,843		2.72,1.70	1000,1 	0
1367    	-0.65, 30.67, -7.53 	21.08, -2.80, -9.88 	0.00, 30.00 	12,20,43,853		2.53,2.85	1000,1 	0
1376    	-0.62, 30.66, -7.52 	21.10, -2.80, -9.89 	0.00, 30.00 	12,20,43,862		3.53,1.29	1000,1 	0
1385    	-0.61, 30.65, -7.52 	21.10, -2.81, -9.89 	0.00, 30.00 	12,20,43,872		1.77,1.15	1000,1 	0
1394    	-0.59, 30.64, -7.52 	21.11, -2.80, -9.88 	0.00, 30.00 	12,20,43,882		2.84,1.70	1000,1 	0
1403    	-0.57, 30.64, -7.52 	21.10, -2.81, -9.89 	0.00, 30.00 	12,20,43,891		1.26,1.70	1000,1 	0
1412    	-0.56, 30.64, -7.52 	21.11, -2.82, -9.88 	0.00, 30.00 	12,20,43,901		1.26,1.75	1000,1 	0
1421    	-0.55, 30.64, -7.51 	21.10, -2.82, -9.88 	0.00, 30.00 	12,20,43,911		1.26,1.29	1000,1 	0
1430    	-0.55, 30.63, -7.51 	21.09, -2.82, -9.88 	0.00, 30.00 	12,20,43,920		1.18,1.29	1000,1 	0
1439    	-0.54, 30.63, -7.51 	21.07, -2.83, -9.87 	0.00, 30.00 	12,20,43,930		1.26,1.70	1000,1 	0
1448    	-0.54, 30.63, -7.51 	21.05, -2.82, -9.87 	0.00, 30.00 	12,20,43,940		0.00,2.85	1000,1 	0
1457    	-0.52, 30.62, -7.51 	21.06, -2.82, -9.87 	0.00, 30.00 	12,20,43,950		2.84,1.29	1000,1 	0
1466    	-0.51, 30.60, -7.51 	21.06, -2.83, -9.87 	0.00, 30.00 	12,20,43,959		2.35,1.15	1000,1 	0
1475    	-0.51, 30.59, -7.52 	21.08, -2.84, -9.86 	0.00, 30.00 	12,20,43,969		1.18,1.75	1000,1 	0
1484    	-0.51, 30.59, -7.52 	21.07, -2.83, -9.87 	0.00, 30.00 	12,20,43,979		0.00,1.15	1000,1 	0
1493    	-0.50, 30.60, -7.52 	21.09, -2.83, -9.87 	0.00, 30.00 	12,20,43,988		1.68,1.29	1000,1 	0
1502    	-0.50, 30.60, -7.52 	21.07, -2.83, -9.86 	0.00, 30.00 	12,20,43,998		0.00,1.29	1000,1 	0
1511    	-0.50, 30.61, -7.52 	21.09, -2.83, -9.86 	0.00, 30.00 	12,20,44,8		1.18,1.29	1000,1 	0
1520    	-0.50, 30.63, -7.52 	21.07, -2.83, -9.87 	0.00, 30.00 	12,20,44,17		2.35,1.29	1000,1 	0
1529    	-0.51, 30.64, -7.52 	21.07, -2.83, -9.87 	0.00, 30.00 	12,20,44,27		1.18,0.00	1000,1 	0
1538    	-0.51, 30.64, -7.52 	21.04, -2.83, -9.87 	0.00, 30.00 	12,20,44,37		0.00,3.86	1000,1 	0
1547    	-0.51, 30.64, -7.53 	21.04, -2.83, -9.86 	0.00, 30.00 	12,20,44,46		0.00,0.00	1000,1 	0
1556    	-0.51, 30.64, -7.52 	21.03, -2.82, -9.86 	0.00, 30.00 	12,20,44,56		0.00,1.75	1000,1 	0
1565    	-0.51, 30.64, -7.52 	21.03, -2.82, -9.86 	0.00, 30.00 	12,20,44,66		0.00,0.00	1000,1 	0
1574    	-0.48, 30.63, -7.52 	21.03, -2.81, -9.86 	0.00, 30.00 	12,20,44,75		2.84,1.15	1000,1 	0
1583    	-0.48, 30.63, -7.52 	21.03, -2.81, -9.86 	0.00, 30.00 	12,20,44,85		0.00,0.00	1000,1 	0
1592    	-0.47, 30.63, -7.52 	21.03, -2.80, -9.86 	0.00, 30.00 	12,20,44,95		1.26,1.15	1000,1 	0
1601    	-0.45, 30.62, -7.53 	21.01, -2.80, -9.86 	0.00, 30.00 	12,20,44,104		2.84,1.29	1000,1 	0
1610    	-0.43, 30.61, -7.53 	21.03, -2.81, -9.86 	0.00, 30.00 	12,20,44,114		1.77,1.75	1000,1 	0
1619    	-0.44, 30.60, -7.53 	21.03, -2.81, -9.86 	0.00, 30.00 	12,20,44,124		1.68,0.00	1000,1 	0
1628    	-0.45, 30.59, -7.52 	21.01, -2.81, -9.85 	0.00, 30.00 	12,20,44,133		1.68,1.29	1000,1 	0
1637    	-0.47, 30.59, -7.52 	21.01, -2.81, -9.84 	0.00, 30.00 	12,20,44,143		1.26,0.00	1000,1 	0
1646    	-0.46, 30.57, -7.51 	21.00, -2.81, -9.84 	0.00, 30.00 	12,20,44,153		2.35,1.29	1000,1 	0
1655    	-0.45, 30.55, -7.52 	21.00, -2.79, -9.83 	0.00, 30.00 	12,20,44,163		2.72,2.30	1000,1 	0
1664    	-0.47, 30.53, -7.52 	21.01, -2.81, -9.84 	0.00, 30.00 	12,20,44,172		3.37,2.67	1000,1 	0
1673    	-0.48, 30.52, -7.52 	21.01, -2.81, -9.84 	0.00, 30.00 	12,20,44,182		1.68,0.00	1000,1 	0
1682    	-0.48, 30.50, -7.53 	21.00, -2.82, -9.84 	0.00, 30.00 	12,20,44,192		1.17,1.70	1000,1 	0
1691    	-0.49, 30.50, -7.53 	21.02, -2.83, -9.83 	0.00, 30.00 	12,20,44,201		1.26,1.75	1000,1 	0
1700    	-0.51, 30.49, -7.54 	21.01, -2.84, -9.84 	0.00, 30.00 	12,20,44,211		2.74,1.70	1000,1 	0
1709    	-0.53, 30.50, -7.53 	20.99, -2.85, -9.83 	0.00, 30.00 	12,20,44,221		1.77,1.70	1000,1 	0
1718    	-0.55, 30.48, -7.53 	20.98, -2.87, -9.83 	0.00, 30.00 	12,20,44,230		3.37,1.70	1000,1 	0
1727    	-0.57, 30.47, -7.53 	20.98, -2.87, -9.83 	0.00, 30.00 	12,20,44,240		2.74,0.00	1000,1 	0
1736    	-0.60, 30.43, -7.51 	20.97, -2.87, -9.82 	0.00, 30.00 	12,20,44,250		5.05,1.29	1000,1 	0
1745    	-0.66, 30.40, -7.51 	20.97, -2.86, -9.83 	0.00, 30.00 	12,20,44,259		8.21,1.15	1000,1 	0
1754    	-0.71, 30.35, -7.51 	20.97, -2.86, -9.83 	0.00, 30.00 	12,20,44,269		7.69,0.00	1000,1 	0
1763    	-0.76, 30.32, -7.51 	20.98, -2.86, -9.82 	0.00, 30.00 	12,20,44,279		6.02,1.29	1000,1 	0
1772    	-0.79, 30.29, -7.51 	21.00, -2.87, -9.81 	0.00, 30.00 	12,20,44,288		5.05,1.75	1000,1 	0
1781    	-0.83, 30.25, -7.52 	21.00, -2.89, -9.82 	0.00, 30.00 	12,20,44,298		6.02,2.30	1000,1 	0
1790    	-0.85, 30.23, -7.52 	21.02, -2.86, -9.82 	0.00, 30.00 	12,20,44,308		3.37,3.40	1000,1 	0
1799    	-0.86, 30.23, -7.52 	21.02, -2.87, -9.82 	0.00, 30.00 	12,20,44,317		1.26,1.15	1000,1 	0
1808    	-0.87, 30.23, -7.52 	21.02, -2.88, -9.82 	0.00, 30.00 	12,20,44,327		1.26,1.15	1000,1 	0
1817    	-0.88, 30.23, -7.52 	21.02, -2.90, -9.81 	0.00, 30.00 	12,20,44,337		1.26,1.15	1000,1 	0
1826    	-0.88, 30.23, -7.52 	21.00, -2.90, -9.82 	0.00, 30.00 	12,20,44,346		0.00,2.58	1000,1 	0
1835    	-0.89, 30.22, -7.52 	21.01, -2.91, -9.82 	0.00, 30.00 	12,20,44,356		1.68,1.75	1000,1 	0
1844    	-0.88, 30.22, -7.53 	21.00, -2.92, -9.82 	0.00, 30.00 	12,20,44,366		1.26,1.70	1000,1 	0
1853    	-0.88, 30.21, -7.52 	20.99, -2.92, -9.81 	0.00, 30.00 	12,20,44,375		1.18,1.29	1000,1 	0
1862    	-0.88, 30.22, -7.52 	20.99, -2.91, -9.81 	0.00, 30.00 	12,20,44,385		1.18,1.15	1000,1 	0
1871    	-0.88, 30.19, -7.53 	21.00, -2.93, -9.81 	0.00, 30.00 	12,20,44,395		2.35,2.67	1000,1 	0
1880    	-0.87, 30.21, -7.53 	21.02, -2.94, -9.81 	0.00, 30.00 	12,20,44,405		1.68,2.85	1000,1 	0
1889    	-0.87, 30.21, -7.53 	21.01, -2.95, -9.81 	0.00, 30.00 	12,20,44,414		0.00,1.70	1000,1 	0
1898    	-0.87, 30.20, -7.52 	21.01, -2.94, -9.81 	0.00, 30.00 	12,20,44,424		1.18,1.15	1000,1 	0
1907    	-0.86, 30.21, -7.53 	21.00, -2.95, -9.81 	0.00, 30.00 	12,20,44,434		1.68,1.70	1000,1 	0
1916    	-0.86, 30.21, -7.52 	21.01, -2.96, -9.81 	0.00, 30.00 	12,20,44,443		0.00,1.75	1000,1 	0
1925    	-0.85, 30.21, -7.52 	21.01, -2.95, -9.81 	0.00, 30.00 	12,20,44,453		1.26,1.15	1000,1 	0
1934    	-0.82, 30.21, -7.53 	21.01, -2.95, -9.81 	0.00, 30.00 	12,20,44,463		2.53,0.00	1000,1 	0
1943    	-0.68, 30.23, -7.53 	21.01, -2.95, -9.80 	0.00, 30.00 	12,20,44,472		16.42,0.00	1000,1 	0
1952    	-0.43, 30.29, -7.54 	21.01, -2.96, -9.80 	0.00, 30.00 	12,20,44,482		27.99,1.15	1000,1 	0
1961    	-0.33, 30.32, -7.54 	21.05, -2.97, -9.80 	0.00, 30.00 	12,20,44,492		11.75,4.06	1000,1 	0
1970    	-0.26, 30.34, -7.53 	21.04, -2.97, -9.80 	0.00, 30.00 	12,20,44,501		8.87,1.29	1000,1 	0
1979    	-0.22, 30.33, -7.53 	21.03, -2.98, -9.80 	0.00, 30.00 	12,20,44,511		4.02,1.70	1000,1 	0
1988    	-0.20, 30.35, -7.52 	21.05, -2.99, -9.80 	0.00, 30.00 	12,20,44,521		3.37,2.85	1000,1 	0
1997    	-0.19, 30.33, -7.52 	21.03, -2.98, -9.80 	0.00, 30.00 	12,20,44,530		2.72,2.85	1000,1 	0
2006    	-0.20, 30.32, -7.51 	21.03, -2.99, -9.80 	0.00, 30.00 	12,20,44,540		1.68,1.15	1000,1 	0
2015    	-0.19, 30.28, -7.51 	21.00, -2.99, -9.80 	0.00, 30.00 	12,20,44,550		4.70,2.58	1000,1 	0
2024    	-0.21, 30.26, -7.51 	21.02, -3.00, -9.80 	0.00, 30.00 	12,20,44,559		3.37,1.75	1000,1 	0
2033    	-0.23, 30.23, -7.51 	21.04, -3.02, -9.79 	0.00, 30.00 	12,20,44,569		3.37,3.50	1000,1 	0
2042    	-0.28, 30.21, -7.51 	21.05, -3.02, -9.80 	0.00, 30.00 	12,20,44,579		5.47,1.29	1000,1 	0
2051    	-0.29, 30.20, -7.51 	21.04, -3.04, -9.80 	0.00, 30.00 	12,20,44,588		1.68,2.60	1000,1 	0
2060    	-0.30, 30.19, -7.52 	21.03, -3.04, -9.79 	0.00, 30.00 	12,20,44,598		1.68,1.29	1000,1 	0
2069    	-0.30, 30.18, -7.52 	21.07, -3.05, -9.79 	0.00, 30.00 	12,20,44,608		1.17,4.06	1000,1 	0
2078    	-0.31, 30.18, -7.52 	21.08, -3.06, -9.78 	0.00, 30.00 	12,20,44,618		1.26,1.75	1000,1 	0
2087    	-0.32, 30.17, -7.52 	21.07, -3.08, -9.79 	0.00, 30.00 	12,20,44,627		1.68,2.60	1000,1 	0
2096    	-0.34, 30.15, -7.51 	21.06, -3.08, -9.78 	0.00, 30.00 	12,20,44,637		2.74,1.29	1000,1 	0
2105    	-0.37, 30.12, -7.51 	21.06, -3.08, -9.79 	0.00, 30.00 	12,20,44,647		5.05,0.00	1000,1 	0
2114    	-0.43, 30.05, -7.51 	21.07, -3.09, -9.78 	0.00, 30.00 	12,20,44,656		10.11,1.75	1000,1 	0
2123    	-0.45, 30.00, -7.51 	21.08, -3.10, -9.78 	0.00, 30.00 	12,20,44,666		6.28,1.75	1000,1 	0
2132    	-0.46, 29.98, -7.52 	21.07, -3.13, -9.77 	0.00, 30.00 	12,20,44,676		2.61,3.64	1000,1 	0
2141    	-0.46, 29.92, -7.52 	21.12, -3.15, -9.77 	0.00, 30.00 	12,20,44,685		5.95,5.70	1000,1 	0
2150    	-0.46, 29.90, -7.52 	21.13, -3.16, -9.77 	0.00, 30.00 	12,20,44,695		2.35,1.75	1000,1 	0
2159    	-0.46, 29.89, -7.52 	21.13, -3.18, -9.76 	0.00, 30.00 	12,20,44,705		1.18,2.30	1000,1 	0
2168    	-0.46, 29.89, -7.52 	21.14, -3.20, -9.76 	0.00, 30.00 	12,20,44,714		0.00,2.30	1000,1 	0
2177    	-0.46, 29.88, -7.52 	21.14, -3.19, -9.75 	0.00, 30.00 	12,20,44,724		1.18,1.15	1000,1 	0
2186    	-0.46, 29.87, -7.52 	21.10, -3.20, -9.75 	0.00, 30.00 	12,20,44,734		1.18,4.00	1000,1 	0
2195    	-0.47, 29.86, -7.52 	21.12, -3.20, -9.75 	0.00, 30.00 	12,20,44,743		1.68,2.58	1000,1 	0
2204    	-0.48, 29.84, -7.52 	21.10, -3.20, -9.75 	0.00, 30.00 	12,20,44,753		2.61,2.58	1000,1 	0
2213    	-0.46, 29.83, -7.53 	21.12, -3.18, -9.76 	0.00, 30.00 	12,20,44,763		1.77,3.40	1000,1 	0
2222    	-0.47, 29.82, -7.53 	21.14, -3.19, -9.76 	0.00, 30.00 	12,20,44,772		1.68,1.75	1000,1 	0
2231    	-0.46, 29.81, -7.53 	21.14, -3.22, -9.76 	0.00, 30.00 	12,20,44,782		1.77,3.45	1000,1 	0
2240    	-0.46, 29.81, -7.53 	21.15, -3.22, -9.76 	0.00, 30.00 	12,20,44,792		0.00,1.29	1000,1 	0
2249    	-0.46, 29.81, -7.53 	21.14, -3.24, -9.75 	0.00, 30.00 	12,20,44,801		0.00,2.60	1000,1 	0
2258    	-0.46, 29.81, -7.53 	21.15, -3.24, -9.74 	0.00, 30.00 	12,20,44,811		0.00,1.29	1000,1 	0
2267    	-0.44, 29.82, -7.53 	21.15, -3.25, -9.74 	0.00, 30.00 	12,20,44,821		2.74,1.15	1000,1 	0
2276    	-0.45, 29.81, -7.53 	21.15, -3.25, -9.75 	0.00, 30.00 	12,20,44,830		1.68,0.00	1000,1 	0
2285    	-0.45, 29.81, -7.53 	21.15, -3.24, -9.75 	0.00, 30.00 	12,20,44,840		0.00,1.15	1000,1 	0
2294    	-0.44, 29.81, -7.53 	21.15, -3.22, -9.75 	0.00, 30.00 	12,20,44,850		1.26,2.30	1000,1 	0
2303    	-0.44, 29.80, -7.53 	21.14, -3.23, -9.75 	0.00, 30.00 	12,20,44,860		1.18,1.70	1000,1 	0
2312    	-0.41, 29.80, -7.52 	21.14, -3.23, -9.75 	0.00, 30.00 	12,20,44,869		2.53,0.00	1000,1 	0
2321    	-0.37, 29.79, -7.53 	21.15, -3.22, -9.75 	0.00, 30.00 	12,20,44,879		5.25,1.70	1000,1 	0
2330    	-0.34, 29.77, -7.53 	21.15, -3.24, -9.75 	0.00, 30.00 	12,20,44,889		3.53,2.30	1000,1 	0
2339    	-0.31, 29.75, -7.53 	21.17, -3.24, -9.74 	0.00, 30.00 	12,20,44,898		4.56,2.58	1000,1 	0
2348    	-0.28, 29.75, -7.52 	21.16, -3.24, -9.74 	0.00, 30.00 	12,20,44,908		2.53,1.29	1000,1 	0
2357    	-0.27, 29.75, -7.52 	21.17, -3.25, -9.73 	0.00, 30.00 	12,20,44,918		1.77,1.75	1000,1 	0
2366    	-0.26, 29.72, -7.52 	21.19, -3.24, -9.73 	0.00, 30.00 	12,20,44,927		2.72,1.70	1000,1 	0
2375    	-0.24, 29.69, -7.52 	21.17, -3.23, -9.74 	0.00, 30.00 	12,20,44,937		3.80,1.75	1000,1 	0
2384    	-0.23, 29.67, -7.52 	21.17, -3.23, -9.74 	0.00, 30.00 	12,20,44,947		2.72,0.00	1000,1 	0
2393    	-0.22, 29.65, -7.52 	21.18, -3.22, -9.75 	0.00, 30.00 	12,20,44,956		2.72,1.70	1000,1 	0
2402    	-0.20, 29.62, -7.52 	21.17, -3.22, -9.74 	0.00, 30.00 	12,20,44,966		3.80,1.29	1000,1 	0
2411    	-0.17, 29.59, -7.53 	21.18, -3.23, -9.75 	0.00, 30.00 	12,20,44,976		4.44,1.75	1000,1 	0
2420    	-0.14, 29.59, -7.54 	21.21, -3.23, -9.74 	0.00, 30.00 	12,20,44,985		3.79,2.58	1000,1 	0
2429    	-0.11, 29.60, -7.54 	21.22, -3.23, -9.74 	0.00, 30.00 	12,20,44,995		3.79,1.29	1000,1 	0
2438    	-0.09, 29.60, -7.54 	21.22, -3.25, -9.74 	0.00, 30.00 	12,20,44,5		1.26,2.30	1000,1 	0
2447    	-0.06, 29.59, -7.54 	21.20, -3.28, -9.73 	0.00, -0.00 	12,20,45,24		4.02,4.24	1000,1 	0
2456    	-0.06, 29.60, -7.54 	21.19, -3.29, -9.73 	0.00, -0.00 	12,20,45,34		1.18,1.70	1000,1 	0
2465    	-0.06, 29.58, -7.54 	21.20, -3.29, -9.73 	0.00, -0.00 	12,20,45,43		2.35,1.29	1000,1 	0
2474    	-0.06, 29.58, -7.55 	21.19, -3.28, -9.73 	0.00, -0.00 	12,20,45,53		0.00,1.75	1000,1 	0
2483    	-0.06, 29.58, -7.55 	21.19, -3.29, -9.73 	0.00, -0.00 	12,20,45,63		0.00,1.15	1000,1 	0
2492    	-0.07, 29.57, -7.55 	21.20, -3.31, -9.73 	0.00, -0.00 	12,20,45,73		1.68,2.67	1000,1 	0
2501    	-0.08, 29.56, -7.55 	21.20, -3.31, -9.73 	0.00, -0.00 	12,20,45,82		1.68,0.00	1000,1 	0
2510    	-0.11, 29.54, -7.55 	21.19, -3.32, -9.72 	0.00, -0.00 	12,20,45,92		3.92,1.70	1000,1 	0
2519    	-0.13, 29.54, -7.55 	21.19, -3.33, -9.73 	0.00, -0.00 	12,20,45,102		2.53,1.15	1000,1 	0
2528    	-0.16, 29.53, -7.55 	21.20, -3.33, -9.73 	0.00, -0.00 	12,20,45,111		2.74,1.29	1000,1 	0
2537    	-0.31, 29.50, -7.55 	21.21, -3.33, -9.72 	0.00, -0.00 	12,20,45,121		17.75,1.29	1000,1 	0
2546    	-0.40, 29.48, -7.55 	21.20, -3.34, -9.72 	0.00, -0.00 	12,20,45,131		10.13,1.70	1000,1 	0
2555    	-0.41, 29.48, -7.55 	21.20, -3.33, -9.72 	0.00, -0.00 	12,20,45,140		1.26,1.15	1000,1 	0
2564    	-0.41, 29.47, -7.55 	21.19, -3.32, -9.73 	0.00, -0.00 	12,20,45,150		1.17,1.75	1000,1 	0
2573    	-0.42, 29.45, -7.55 	21.20, -3.31, -9.73 	0.00, -0.00 	12,20,45,160		2.61,1.70	1000,1 	0
2582    	-0.42, 29.44, -7.55 	21.20, -3.30, -9.73 	0.00, -0.00 	12,20,45,169		1.17,1.15	1000,1 	0
2591    	-0.42, 29.43, -7.55 	21.20, -3.30, -9.73 	0.00, -0.00 	12,20,45,179		1.18,0.00	1000,1 	0
2600    	-0.42, 29.44, -7.55 	21.19, -3.32, -9.72 	0.00, -0.00 	12,20,45,189		1.18,2.60	1000,1 	0
2609    	-0.41, 29.44, -7.55 	21.19, -3.31, -9.72 	0.00, -0.00 	12,20,45,198		1.26,1.15	1000,1 	0
2618    	-0.41, 29.44, -7.55 	21.21, -3.32, -9.72 	0.00, -0.00 	12,20,45,208		0.00,2.85	1000,1 	0
2627    	-0.41, 29.44, -7.55 	21.21, -3.32, -9.72 	0.00, -0.00 	12,20,45,218		0.00,0.00	1000,1 	0
2636    	-0.41, 29.44, -7.54 	21.20, -3.31, -9.71 	0.00, -0.00 	12,20,45,227		0.00,2.25	1000,1 	0
2645    	-0.41, 29.44, -7.55 	21.23, -3.32, -9.71 	0.00, -0.00 	12,20,45,237		0.00,3.67	1000,1 	0
2654    	-0.41, 29.43, -7.55 	21.22, -3.31, -9.72 	0.00, -0.00 	12,20,45,247		1.51,1.48	1000,1 	0
2663    	-0.40, 29.44, -7.55 	21.21, -3.30, -9.71 	0.00, -0.00 	12,20,45,256		2.17,2.25	1000,1 	0
2672    	-0.41, 29.43, -7.55 	21.19, -3.30, -9.71 	0.00, -0.00 	12,20,45,266		2.17,3.31	1000,1 	0
2681    	-0.41, 29.44, -7.55 	21.20, -3.31, -9.72 	0.00, -0.00 	12,20,45,276		1.51,2.25	1000,1 	0
2690    	-0.41, 29.44, -7.55 	21.23, -3.32, -9.72 	0.00, -0.00 	12,20,45,285		0.00,3.67	1000,1 	0
2699    	-0.39, 29.44, -7.55 	21.21, -3.33, -9.72 	0.00, -0.00 	12,20,45,295		3.25,2.19	1000,1 	0
2708    	-0.36, 29.44, -7.55 	21.25, -3.34, -9.72 	0.00, -0.00 	12,20,45,305		3.25,5.22	1000,1 	0
2717    	-0.35, 29.45, -7.55 	21.24, -3.34, -9.72 	0.00, -0.00 	12,20,45,315		2.17,1.66	1000,1 	0
2726    	-0.32, 29.47, -7.55 	21.23, -3.35, -9.71 	0.00, -0.00 	12,20,45,324		5.04,2.19	1000,1 	0
2735    	-0.30, 29.48, -7.55 	21.23, -3.35, -9.71 	0.00, -0.00 	12,20,45,334		3.52,0.00	1000,1 	0
2744    	-0.28, 29.48, -7.55 	21.22, -3.34, -9.72 	0.00, -0.00 	12,20,45,344		3.25,2.25	1000,1 	0
2753    	-0.26, 29.47, -7.55 	21.23, -3.34, -9.72 	0.00, -0.00 	12,20,45,353		2.27,1.66	1000,1 	0
2762    	-0.24, 29.47, -7.55 	21.24, -3.34, -9.71 	0.00, -0.00 	12,20,45,363		3.25,1.66	1000,1 	0
2771    	-0.24, 29.47, -7.55 	21.21, -3.33, -9.72 	0.00, -0.00 	12,20,45,373		0.00,3.66	1000,1 	0
2780    	-0.24, 29.47, -7.55 	21.23, -3.34, -9.73 	0.00, -0.00 	12,20,45,382		0.00,2.25	1000,1 	0
2789    	-0.23, 29.46, -7.55 	21.22, -3.35, -9.72 	0.00, -0.00 	12,20,45,392		2.27,2.19	1000,1 	0
2798    	-0.23, 29.47, -7.55 	21.22, -3.34, -9.73 	0.00, -0.00 	12,20,45,402		1.51,1.48	1000,1 	0
2807    	-0.23, 29.47, -7.55 	21.23, -3.35, -9.72 	0.00, -0.00 	12,20,45,411		0.00,2.25	1000,1 	0
2816    	-0.22, 29.46, -7.55 	21.24, -3.35, -9.72 	0.00, -0.00 	12,20,45,421		2.27,1.66	1000,1 	0
2825    	-0.23, 29.47, -7.55 	21.24, -3.36, -9.72 	0.00, -0.00 	12,20,45,431		2.27,1.48	1000,1 	0
2834    	-0.23, 29.47, -7.55 	21.23, -3.36, -9.72 	0.00, -0.00 	12,20,45,440		0.00,1.66	1000,1 	0
2843    	-0.23, 29.47, -7.55 	21.22, -3.36, -9.72 	0.00, -0.00 	12,20,45,450		0.00,1.66	1000,1 	0
2852    	-0.23, 29.47, -7.55 	21.22, -3.37, -9.72 	0.00, -0.00 	12,20,45,460		0.00,1.48	1000,1 	0
2861    	-0.24, 29.47, -7.55 	21.21, -3.36, -9.72 	0.00, -0.00 	12,20,45,469		1.63,2.25	1000,1 	0
2870    	-0.24, 29.47, -7.55 	21.22, -3.35, -9.72 	0.00, -0.00 	12,20,45,479		0.00,2.19	1000,1 	0
2879    	-0.24, 29.46, -7.55 	21.21, -3.37, -9.72 	0.00, -0.00 	12,20,45,489		1.51,3.34	1000,1 	0
2888    	-0.25, 29.47, -7.57 	21.22, -3.39, -9.71 	0.00, -0.00 	12,20,45,498		2.27,3.43	1000,1 	0
2897    	-0.27, 29.45, -7.69 	21.23, -3.39, -9.71 	0.00, -0.00 	12,20,45,508		4.33,1.66	1000,1 	0
2906    	-0.29, 29.44, -7.75 	21.24, -3.40, -9.72 	0.00, -0.00 	12,20,45,518		3.52,2.25	1000,1 	0
2915    	-0.34, 29.43, -7.79 	21.24, -3.39, -9.72 	0.00, -0.00 	12,20,45,528		6.50,1.48	1000,1 	0
2924    	-0.42, 29.40, -7.81 	21.23, -3.40, -9.72 	0.00, -0.00 	12,20,45,537		12.05,2.19	1000,1 	0
2933    	-0.52, 29.31, -7.84 	21.22, -3.40, -9.73 	0.00, -0.00 	12,20,45,547		19.79,1.66	1000,1 	0
2942    	-0.65, 29.20, -7.85 	21.21, -3.41, -9.73 	0.00, -0.00 	12,20,45,557		23.24,2.19	1000,1 	0
2951    	-0.75, 29.07, -7.86 	21.22, -3.43, -9.72 	0.00, -0.00 	12,20,45,566		23.76,3.43	1000,1 	0
2960    	-0.86, 28.89, -7.86 	21.23, -3.42, -9.73 	0.00, -0.00 	12,20,45,576		30.33,2.19	1000,1 	0
2969    	-0.90, 28.69, -7.85 	21.27, -3.45, -9.75 	0.00, -0.00 	12,20,45,586		29.46,6.75	1000,1 	0
2978    	-0.94, 28.46, -7.83 	21.34, -3.48, -9.76 	0.00, -0.00 	12,20,45,595		34.19,10.99	1000,1 	0
2987    	-0.97, 28.16, -7.82 	21.46, -3.61, -9.80 	0.00, -0.00 	12,20,45,605		42.69,24.64	1000,1 	0
2996    	-1.00, 27.87, -7.82 	21.59, -3.74, -9.83 	0.00, -0.00 	12,20,45,615		41.48,26.84	1000,1 	0
3005    	-1.03, 27.57, -7.82 	21.75, -3.84, -9.87 	0.00, -0.00 	12,20,45,624		42.69,26.45	1000,1 	0
3014    	-1.04, 27.25, -7.83 	21.80, -4.01, -9.91 	0.00, -0.00 	12,20,45,634		45.48,25.73	1000,1 	0
3023    	-1.00, 26.91, -7.84 	21.95, -4.24, -9.95 	0.00, -0.00 	12,20,45,644		49.86,39.84	1000,1 	0
3032    	-0.97, 26.55, -7.85 	22.19, -4.50, -10.02 	0.00, -0.00 	12,20,45,653		51.32,50.33	1000,1 	0
3041    	-0.94, 26.16, -7.87 	22.58, -4.72, -10.12 	0.00, -0.00 	12,20,45,663		55.85,63.76	1000,1 	0
3050    	-0.93, 25.74, -7.87 	23.03, -4.95, -10.16 	0.00, -0.00 	12,20,45,673		60.40,71.66	1000,1 	0
3059    	-0.92, 25.24, -7.87 	23.42, -5.26, -10.16 	0.00, -0.00 	12,20,45,682		70.99,72.00	1000,1 	0
3068    	-0.89, 24.76, -7.85 	23.70, -5.61, -10.10 	0.00, -0.00 	12,20,45,692		67.91,64.08	1000,1 	0
3077    	-0.89, 24.24, -7.83 	23.94, -5.90, -10.05 	0.00, -0.00 	12,20,45,702		75.59,53.86	1000,1 	0
3086    	-0.85, 23.68, -7.81 	24.16, -6.10, -10.05 	0.00, -0.00 	12,20,45,711		79.98,41.38	1000,1 	0
3095    	-0.84, 23.11, -7.79 	24.37, -6.28, -10.09 	0.00, -0.00 	12,20,45,721		81.53,39.27	1000,1 	0
3104    	-0.75, 22.53, -7.78 	24.50, -6.52, -10.09 	0.00, -0.00 	12,20,45,731		83.31,39.54	1000,1 	0
3113    	-0.66, 21.92, -7.76 	24.54, -6.86, -10.12 	0.00, -0.00 	12,20,45,740		87.84,48.81	1000,1 	0
3122    	-0.54, 21.26, -7.73 	24.62, -7.28, -10.16 	0.00, -0.00 	12,20,45,750		95.71,61.34	1000,1 	0
3131    	-0.44, 20.59, -7.72 	24.80, -7.80, -10.18 	0.00, -0.00 	12,20,45,760		97.05,78.43	1000,1 	0
3140    	-0.36, 19.90, -7.71 	25.10, -8.28, -10.16 	0.00, -0.00 	12,20,45,770		99.71,81.42	1000,1 	0
3149    	-0.31, 19.22, -7.69 	25.55, -8.66, -10.14 	0.00, -0.00 	12,20,45,779		96.59,83.03	1000,1 	0
3158    	-0.27, 18.55, -7.67 	26.01, -9.00, -10.12 	0.00, -0.00 	12,20,45,789		96.58,82.57	1000,1 	0
3167    	-0.28, 17.87, -7.69 	26.44, -9.33, -10.10 	0.00, -0.00 	12,20,45,799		96.82,77.76	1000,1 	0
3176    	-0.23, 17.23, -7.69 	26.75, -9.61, -10.08 	0.00, -0.00 	12,20,45,808		92.06,59.34	1000,1 	0
3185    	-0.24, 16.62, -7.73 	26.88, -9.83, -10.10 	0.00, -0.00 	12,20,45,818		86.32,36.13	1000,1 	0
3194    	-0.22, 16.01, -7.76 	26.88, -10.13, -10.18 	0.00, -0.00 	12,20,45,828		87.56,42.81	1000,1 	0
3203    	-0.21, 15.40, -7.81 	26.88, -10.54, -10.20 	0.00, -0.00 	12,20,45,837		87.61,59.13	1000,1 	0
3212    	-0.21, 14.82, -7.85 	26.94, -11.01, -10.20 	0.00, -0.00 	12,20,45,847		83.10,66.63	1000,1 	0
3221    	-0.27, 14.21, -7.90 	26.95, -11.52, -10.14 	0.00, -0.00 	12,20,45,857		87.11,73.81	1000,1 	0
3230    	-0.30, 13.57, -7.92 	27.08, -12.01, -10.09 	0.00, -0.00 	12,20,45,866		91.13,72.48	1000,1 	0
3239    	-0.32, 12.95, -7.98 	27.23, -12.44, -10.05 	0.00, -0.00 	12,20,45,876		89.46,64.65	1000,1 	0
3248    	-0.31, 12.34, -7.99 	27.55, -12.79, -10.07 	0.00, -0.00 	12,20,45,886		86.11,68.21	1000,1 	0
3257    	-0.37, 11.83, -8.02 	27.82, -13.15, -10.09 	0.00, -0.00 	12,20,45,895		73.55,64.35	1000,1 	0
3266    	-0.43, 11.28, -7.99 	27.94, -13.65, -10.07 	0.00, -0.00 	12,20,45,905		79.46,73.60	1000,1 	0
3275    	-0.53, 10.73, -8.00 	28.01, -14.30, -9.95 	0.00, -0.00 	12,20,45,915		79.29,93.18	1000,1 	0
3284    	-0.51, 10.17, -8.00 	27.86, -14.91, -9.85 	0.00, -0.00 	12,20,45,924		80.02,89.39	1000,1 	0
3293    	-0.55, 9.73, -8.03 	27.76, -15.23, -9.80 	0.00, -0.00 	12,20,45,934		64.16,48.24	1000,1 	0
3302    	-0.53, 9.22, -8.05 	27.60, -15.41, -9.78 	0.00, -0.00 	12,20,45,944		72.45,34.81	1000,1 	0
3311    	-0.57, 8.69, -8.08 	27.54, -15.52, -9.77 	0.00, -0.00 	12,20,45,953		76.03,17.56	1000,1 	0
3320    	-0.52, 8.19, -8.11 	27.48, -15.71, -9.76 	0.00, -0.00 	12,20,45,963		70.95,28.11	1000,1 	0
3329    	-0.47, 7.71, -8.14 	27.45, -16.02, -9.72 	0.00, -0.00 	12,20,45,973		69.50,44.84	1000,1 	0
3338    	-0.48, 7.23, -8.18 	27.39, -16.40, -9.61 	0.00, -0.00 	12,20,45,983		68.08,54.09	1000,1 	0
3347    	-0.34, 6.76, -8.18 	27.42, -16.95, -9.48 	0.00, -0.00 	12,20,45,992		69.47,79.71	1000,1 	0
3356    	-0.27, 6.34, -8.18 	27.51, -17.60, -9.35 	0.00, -0.00 	12,20,45,2		62.18,93.45	1000,1 	0
3365    	-0.28, 5.93, -8.18 	27.44, -18.37, -9.14 	0.00, -0.00 	12,20,46,12		57.47,110.27	1000,1 	0
3374    	-0.26, 5.56, -8.14 	27.11, -19.08, -8.95 	0.00, -0.00 	12,20,46,21		52.82,111.66	1000,1 	0
3383    	-0.38, 5.20, -8.13 	26.82, -19.69, -8.78 	0.00, -0.00 	12,20,46,31		55.18,97.00	1000,1 	0
3392    	-0.40, 4.89, -8.10 	26.52, -20.04, -8.72 	0.00, -0.00 	12,20,46,41		44.18,66.31	1000,1 	0
3401    	-0.43, 4.56, -8.12 	26.27, -20.22, -8.68 	0.00, -0.00 	12,20,46,50		47.38,42.86	1000,1 	0
3410    	-0.41, 4.09, -8.12 	26.17, -20.42, -8.65 	0.00, -0.00 	12,20,46,60		66.40,32.17	1000,1 	0
3419    	-0.33, 3.63, -8.12 	26.09, -20.76, -8.59 	0.00, -0.00 	12,20,46,70		66.71,50.55	1000,1 	0
3428    	-0.21, 3.26, -8.12 	26.02, -20.92, -8.43 	0.00, -0.00 	12,20,46,79		56.10,24.71	1000,1 	0
3437    	-0.15, 2.90, -8.11 	25.91, -21.03, -8.31 	0.00, -0.00 	12,20,46,89		51.63,21.87	1000,1 	0
3446    	-0.07, 2.52, -8.08 	25.62, -21.12, -8.16 	0.00, -0.00 	12,20,46,99		56.34,44.00	1000,1 	0
3455    	-0.06, 2.19, -8.07 	25.46, -21.21, -8.01 	0.00, -0.00 	12,20,46,108		46.79,25.72	1000,1 	0
3464    	-0.02, 1.95, -8.08 	25.10, -21.38, -7.84 	0.00, -0.00 	12,20,46,118		34.86,56.86	1000,1 	0
3473    	-0.07, 1.68, -8.09 	24.68, -21.66, -7.71 	0.00, -0.00 	12,20,46,128		38.92,72.79	1000,1 	0
3482    	-0.07, 1.46, -8.12 	24.13, -21.83, -7.64 	0.00, -0.00 	12,20,46,137		31.74,81.57	1000,1 	0
3491    	-0.04, 1.23, -8.12 	23.85, -21.81, -7.55 	0.00, -0.00 	12,20,46,147		33.36,40.12	1000,1 	0
3500    	0.11, 0.93, -8.13 	23.64, -21.76, -7.46 	0.00, -0.00 	12,20,46,157		47.46,31.34	1000,1 	0
3509    	0.22, 0.67, -8.13 	23.60, -21.64, -7.40 	0.00, -0.00 	12,20,46,166		39.97,18.54	1000,1 	0
3518    	0.28, 0.33, -8.13 	23.56, -21.63, -7.28 	0.00, -0.00 	12,20,46,176		50.12,5.22	1000,1 	0
3527    	0.41, 0.05, -8.17 	23.63, -21.67, -7.16 	0.00, -0.00 	12,20,46,186		43.99,11.70	1000,1 	0
3536    	0.49, -0.15, -8.14 	23.65, -21.73, -7.06 	0.00, -0.00 	12,20,46,195		30.21,9.06	1000,1 	0
3545    	0.55, -0.28, -8.13 	23.63, -21.79, -6.95 	0.00, -0.00 	12,20,46,205		20.98,9.37	1000,1 	0
3554    	0.67, -0.40, -8.13 	23.64, -21.74, -6.91 	0.00, -0.00 	12,20,46,215		23.84,7.52	1000,1 	0
3563    	0.76, -0.41, -8.10 	23.47, -21.80, -6.82 	0.00, -0.00 	12,20,46,225		13.16,25.72	1000,1 	0
3572    	0.79, -0.43, -8.10 	23.33, -21.78, -6.79 	0.00, -0.00 	12,20,46,234		4.54,20.18	1000,1 	0
3581    	0.98, -0.40, -8.10 	23.18, -21.75, -6.74 	0.00, -0.00 	12,20,46,244		27.61,22.49	1000,1 	0
3590    	1.05, -0.45, -8.07 	23.06, -21.59, -6.74 	0.00, -0.00 	12,20,46,254		12.62,28.29	1000,1 	0
3599    	1.19, -0.50, -8.05 	23.12, -21.55, -6.75 	0.00, -0.00 	12,20,46,263		21.26,9.28	1000,1 	0
3608    	1.38, -0.61, -8.03 	23.10, -21.57, -6.73 	0.00, -0.00 	12,20,46,273		31.08,2.19	1000,1 	0
3617    	1.56, -0.76, -8.05 	22.97, -21.63, -6.65 	0.00, -0.00 	12,20,46,283		34.08,21.53	1000,1 	0
3626    	1.74, -0.81, -8.02 	23.01, -21.75, -6.61 	0.00, -0.00 	12,20,46,292		26.42,17.12	1000,1 	0
3635    	1.86, -0.83, -8.05 	22.99, -21.77, -6.51 	0.00, -0.00 	12,20,46,302		16.68,4.37	1000,1 	0
3644    	1.87, -0.75, -8.04 	22.95, -21.88, -6.46 	0.00, -0.00 	12,20,46,312		10.91,17.37	1000,1 	0
3653    	1.92, -0.70, -8.05 	22.95, -21.90, -6.44 	0.00, -0.00 	12,20,46,321		10.83,2.95	1000,1 	0
3662    	1.87, -0.61, -8.06 	22.80, -21.90, -6.42 	0.00, -0.00 	12,20,46,331		14.00,21.62	1000,1 	0
3671    	1.96, -0.55, -8.06 	22.75, -21.86, -6.43 	0.00, -0.00 	12,20,46,341		16.84,9.00	1000,1 	0
3680    	1.98, -0.49, -8.06 	22.75, -21.84, -6.44 	0.00, -0.00 	12,20,46,350		8.08,2.95	1000,1 	0
3689    	2.01, -0.47, -8.06 	22.71, -21.88, -6.42 	0.00, -0.00 	12,20,46,360		5.61,8.75	1000,1 	0
3698    	2.01, -0.45, -8.05 	22.71, -21.86, -6.42 	0.00, -0.00 	12,20,46,370		3.02,2.95	1000,1 	0
3707    	2.02, -0.45, -8.05 	22.66, -21.86, -6.39 	0.00, -0.00 	12,20,46,379		1.63,6.62	1000,1 	0
3716    	2.06, -0.45, -8.05 	22.67, -21.88, -6.40 	0.00, -0.00 	12,20,46,389		5.17,3.43	1000,1 	0
3725    	2.04, -0.47, -8.05 	22.74, -21.87, -6.38 	0.00, -0.00 	12,20,46,399		3.52,10.01	1000,1 	0
3734    	2.08, -0.48, -8.05 	22.73, -21.94, -6.34 	0.00, -0.00 	12,20,46,408		7.30,10.76	1000,1 	0
3743    	2.05, -0.47, -8.04 	22.68, -21.90, -6.34 	0.00, -0.00 	12,20,46,418		5.86,9.00	1000,1 	0
3752    	2.00, -0.47, -8.03 	22.62, -21.95, -6.29 	0.00, -0.00 	12,20,46,428		6.50,10.03	1000,1 	0
3761    	1.99, -0.47, -8.03 	22.57, -21.95, -6.30 	0.00, -0.00 	12,20,46,438		1.63,6.63	1000,1 	0
3770    	2.02, -0.45, -8.02 	22.52, -21.94, -6.29 	0.00, -0.00 	12,20,46,447		5.61,8.45	1000,1 	0
3779    	2.01, -0.45, -8.01 	22.46, -21.91, -6.30 	0.00, -0.00 	12,20,46,457		1.63,9.50	1000,1 	0
3788    	2.00, -0.45, -8.02 	22.41, -21.94, -6.30 	0.00, -0.00 	12,20,46,467		1.63,7.18	1000,1 	0
3797    	2.00, -0.46, -8.00 	22.41, -21.95, -6.29 	0.00, -0.00 	12,20,46,476		1.51,1.48	1000,1 	0
3806    	2.02, -0.47, -8.01 	22.48, -21.90, -6.30 	0.00, -0.00 	12,20,46,486		3.65,11.42	1000,1 	0
3815    	1.96, -0.50, -8.02 	22.49, -21.89, -6.28 	0.00, -0.00 	12,20,46,496		10.56,2.19	1000,1 	0
3824    	1.94, -0.55, -8.02 	22.53, -21.88, -6.28 	0.00, -0.00 	12,20,46,505		6.72,6.75	1000,1 	0
3833    	1.97, -0.60, -8.01 	22.49, -21.92, -6.27 	0.00, -0.00 	12,20,46,515		8.37,8.75	1000,1 	0
3842    	1.96, -0.57, -8.04 	22.45, -21.95, -6.27 	0.00, -0.00 	12,20,46,525		4.89,7.18	1000,1 	0
3851    	1.92, -0.54, -8.02 	22.46, -21.96, -6.25 	0.00, -0.00 	12,20,46,534		6.82,2.25	1000,1 	0
3860    	1.88, -0.50, -8.05 	22.46, -21.96, -6.25 	0.00, -0.00 	12,20,46,544		7.95,0.00	1000,1 	0
3869    	1.88, -0.48, -8.04 	22.40, -21.97, -6.24 	0.00, -0.00 	12,20,46,554		3.02,8.37	1000,1 	0
3878    	1.93, -0.44, -8.04 	22.45, -21.95, -6.23 	0.00, -0.00 	12,20,46,563		9.11,7.18	1000,1 	0
3887    	1.90, -0.46, -8.03 	22.43, -21.95, -6.28 	0.00, -0.00 	12,20,46,573		5.61,1.66	1000,1 	0
3896    	1.92, -0.46, -8.02 	22.41, -21.93, -6.27 	0.00, -0.00 	12,20,46,583		3.25,4.50	1000,1 	0
3905    	1.92, -0.46, -8.06 	22.42, -21.91, -6.27 	0.00, -0.00 	12,20,46,592		0.00,3.35	1000,1 	0
3914    	1.89, -0.48, -8.06 	22.40, -21.92, -6.24 	0.00, -0.00 	12,20,46,602		5.04,3.59	1000,1 	0
3923    	1.82, -0.51, -8.07 	22.42, -21.97, -6.20 	0.00, -0.00 	12,20,46,612		10.56,8.18	1000,1 	0
3932    	1.80, -0.50, -8.07 	22.38, -22.02, -6.18 	0.00, -0.00 	12,20,46,621		3.65,9.78	1000,1 	0
3941    	1.78, -0.45, -8.07 	22.43, -22.00, -6.17 	0.00, -0.00 	12,20,46,631		7.80,7.18	1000,1 	0
3950    	1.72, -0.48, -8.06 	22.40, -22.05, -6.15 	0.00, -0.00 	12,20,46,641		10.07,8.78	1000,1 	0
3959    	1.67, -0.49, -8.06 	22.40, -22.05, -6.14 	0.00, -0.00 	12,20,46,650		6.60,0.00	1000,1 	0
3968    	1.59, -0.49, -8.06 	22.40, -22.05, -6.14 	0.00, -0.00 	12,20,46,660		11.38,0.00	1000,1 	0
3977    	1.62, -0.49, -8.06 	22.40, -22.07, -6.13 	0.00, -0.00 	12,20,46,670		3.25,2.95	1000,1 	0
3986    	1.64, -0.49, -8.05 	22.43, -22.07, -6.15 	0.00, -0.00 	12,20,46,680		3.25,4.97	1000,1 	0
3995    	1.68, -0.50, -8.06 	22.48, -22.08, -6.13 	0.00, -0.00 	12,20,46,689		6.75,6.83	1000,1 	0
4004    	1.62, -0.51, -8.06 	22.42, -22.10, -6.12 	0.00, -0.00 	12,20,46,699		9.80,8.71	1000,1 	0
4013    	1.58, -0.52, -8.06 	22.47, -22.07, -6.11 	0.00, -0.00 	12,20,46,709		4.88,7.86	1000,1 	0
4022    	1.54, -0.53, -8.05 	22.47, -22.07, -6.11 	0.00, -0.00 	12,20,46,718		6.60,0.00	1000,1 	0
4031    	1.54, -0.56, -8.03 	22.39, -22.10, -6.10 	0.00, -0.00 	12,20,46,728		4.53,12.29	1000,1 	0
4040    	1.46, -0.53, -8.05 	22.35, -22.09, -6.08 	0.00, -0.00 	12,20,46,738		12.45,5.22	1000,1 	0
4049    	1.39, -0.54, -8.03 	22.40, -22.05, -6.10 	0.00, -0.00 	12,20,46,747		9.75,8.75	1000,1 	0
4058    	1.42, -0.47, -8.05 	22.35, -22.03, -6.10 	0.00, -0.00 	12,20,46,757		10.09,7.33	1000,1 	0
4067    	1.46, -0.46, -8.06 	22.28, -22.06, -6.12 	0.00, -0.00 	12,20,46,767		6.60,10.29	1000,1 	0
4076    	1.47, -0.49, -8.04 	22.28, -22.04, -6.13 	0.00, -0.00 	12,20,46,776		4.53,2.95	1000,1 	0
4085    	1.43, -0.49, -8.05 	22.35, -22.02, -6.12 	0.00, -0.00 	12,20,46,786		4.88,10.01	1000,1 	0
4094    	1.38, -0.51, -8.02 	22.32, -22.02, -6.12 	0.00, -0.00 	12,20,46,796		8.20,3.31	1000,1 	0
4103    	1.37, -0.49, -8.02 	22.38, -22.01, -6.10 	0.00, -0.00 	12,20,46,805		3.02,8.37	1000,1 	0
4112    	1.37, -0.52, -8.02 	22.38, -22.01, -6.10 	0.00, -0.00 	12,20,46,815		4.74,0.00	1000,1 	0
4121    	1.37, -0.49, -8.03 	22.47, -22.05, -6.07 	0.00, -0.00 	12,20,46,825		4.74,13.16	1000,1 	0
4130    	1.34, -0.49, -8.03 	22.43, -22.05, -6.06 	0.00, -0.00 	12,20,46,834		4.88,4.97	1000,1 	0
4139    	1.28, -0.46, -8.05 	22.39, -22.06, -6.07 	0.00, -0.00 	12,20,46,844		9.49,6.75	1000,1 	0
4148    	1.31, -0.45, -8.04 	22.32, -22.03, -6.08 	0.00, -0.00 	12,20,46,854		5.04,9.50	1000,1 	0
4157    	1.28, -0.43, -8.04 	22.30, -22.02, -6.08 	0.00, -0.00 	12,20,46,863		5.86,3.66	1000,1 	0
4166    	1.30, -0.43, -8.05 	22.29, -22.04, -6.07 	0.00, -0.00 	12,20,46,873		3.25,2.19	1000,1 	0
4175    	1.24, -0.47, -8.03 	22.31, -22.00, -6.06 	0.00, -0.00 	12,20,46,883		11.23,5.46	1000,1 	0
4184    	1.26, -0.44, -8.03 	22.31, -22.00, -6.06 	0.00, -0.00 	12,20,46,893		5.45,0.00	1000,1 	0
4193    	1.23, -0.44, -8.02 	22.35, -22.00, -6.08 	0.00, -0.00 	12,20,46,902		3.25,4.97	1000,1 	0
4202    	1.22, -0.46, -8.02 	22.36, -22.01, -6.06 	0.00, -0.00 	12,20,46,912		3.36,2.25	1000,1 	0
4211    	1.19, -0.47, -8.00 	22.32, -22.01, -6.08 	0.00, -0.00 	12,20,46,922		4.88,4.97	1000,1 	0
4220    	1.21, -0.44, -8.02 	22.38, -22.00, -6.08 	0.00, -0.00 	12,20,46,931		4.33,8.37	1000,1 	0
4229    	1.20, -0.43, -8.00 	22.38, -22.00, -6.08 	0.00, -0.00 	12,20,46,941		2.27,0.00	1000,1 	0
4238    	1.22, -0.41, -7.99 	22.38, -22.00, -6.07 	0.00, -0.00 	12,20,46,951		4.33,0.00	1000,1 	0
4247    	1.18, -0.37, -7.99 	22.39, -21.98, -6.09 	0.00, -0.00 	12,20,46,960		7.95,3.34	1000,1 	0
4256    	1.20, -0.38, -7.99 	22.35, -22.02, -6.08 	0.00, -0.00 	12,20,46,970		3.65,8.75	1000,1 	0
4265    	1.17, -0.37, -7.98 	22.27, -22.05, -6.05 	0.00, -0.00 	12,20,46,980		5.17,11.88	1000,1 	0
4274    	1.13, -0.38, -7.98 	22.36, -22.01, -6.06 	0.00, -0.00 	12,20,46,989		5.04,13.85	1000,1 	0
4283    	1.13, -0.38, -7.98 	22.33, -21.99, -6.04 	0.00, -0.00 	12,20,46,999		0.00,4.50	1000,1 	0
4292    	1.18, -0.39, -7.99 	22.36, -22.02, -6.05 	0.00, -0.00 	12,20,47,9		6.75,5.61	1000,1 	0
4301    	1.12, -0.37, -7.98 	22.36, -22.03, -6.05 	0.00, -0.00 	12,20,47,18		8.81,1.48	1000,1 	0
4310    	1.12, -0.36, -7.99 	22.31, -21.99, -6.06 	0.00, -0.00 	12,20,47,28		1.51,9.00	1000,1 	0
4319    	1.19, -0.34, -7.98 	22.31, -21.99, -6.06 	0.00, -0.00 	12,20,47,38		10.07,0.00	1000,1 	0
4328    	1.16, -0.31, -7.98 	22.31, -21.96, -6.07 	0.00, -0.00 	12,20,47,47		5.70,4.43	1000,1 	0
4337    	1.12, -0.29, -7.98 	22.27, -21.94, -6.07 	0.00, -0.00 	12,20,47,57		5.86,5.85	1000,1 	0
4346    	1.08, -0.31, -7.97 	22.18, -21.92, -6.08 	0.00, -0.00 	12,20,47,67		7.04,14.09	1000,1 	0
4355    	1.06, -0.30, -7.97 	22.18, -21.94, -6.06 	0.00, -0.00 	12,20,47,76		3.65,2.95	1000,1 	0
4364    	1.06, -0.33, -7.96 	22.20, -21.95, -6.05 	0.00, -0.00 	12,20,47,86		3.02,3.66	1000,1 	0
4373    	1.08, -0.32, -7.96 	22.19, -21.92, -6.04 	0.00, -0.00 	12,20,47,96		3.25,4.77	1000,1 	0
4382    	1.10, -0.33, -7.97 	22.25, -21.90, -6.06 	0.00, -0.00 	12,20,47,106		2.27,8.37	1000,1 	0
4391    	1.12, -0.33, -7.98 	22.21, -21.96, -6.05 	0.00, -0.00 	12,20,47,115		3.25,8.78	1000,1 	0
4400    	1.06, -0.31, -7.98 	22.25, -21.96, -6.04 	0.00, -0.00 	12,20,47,125		8.81,5.22	1000,1 	0
4409    	1.06, -0.31, -7.97 	22.23, -21.97, -6.05 	0.00, -0.00 	12,20,47,135		0.00,3.31	1000,1 	0
4418    	1.05, -0.30, -7.96 	22.29, -21.93, -6.07 	0.00, -0.00 	12,20,47,144		2.27,10.76	1000,1 	0
4427    	1.04, -0.28, -7.98 	22.25, -21.90, -6.07 	0.00, -0.00 	12,20,47,154		3.02,8.07	1000,1 	0
4436    	1.06, -0.29, -7.96 	22.21, -21.92, -6.08 	0.00, -0.00 	12,20,47,164		2.27,5.71	1000,1 	0
4445    	1.05, -0.30, -7.96 	22.21, -21.92, -6.08 	0.00, -0.00 	12,20,47,173		2.17,0.00	1000,1 	0
4454    	0.99, -0.30, -7.96 	22.25, -21.92, -6.07 	0.00, -0.00 	12,20,47,183		8.34,4.97	1000,1 	0
4463    	1.01, -0.28, -7.96 	22.30, -21.91, -6.06 	0.00, -0.00 	12,20,47,193		4.33,8.37	1000,1 	0
4472    	1.03, -0.28, -7.95 	22.31, -21.87, -6.04 	0.00, -0.00 	12,20,47,202		3.65,6.09	1000,1 	0
4481    	1.01, -0.30, -7.95 	22.30, -21.87, -6.04 	0.00, -0.00 	12,20,47,212		3.52,1.66	1000,1 	0
4490    	1.06, -0.29, -7.93 	22.30, -21.90, -6.02 	0.00, -0.00 	12,20,47,222		6.50,4.43	1000,1 	0
4499    	1.06, -0.26, -7.95 	22.28, -21.88, -6.02 	0.00, -0.00 	12,20,47,231		4.74,4.50	1000,1 	0
4508    	1.06, -0.24, -7.95 	22.28, -21.88, -6.02 	0.00, -0.00 	12,20,47,241		3.02,0.00	1000,1 	0
4517    	1.09, -0.25, -7.94 	22.23, -21.87, -6.02 	0.00, -0.00 	12,20,47,251		3.65,6.83	1000,1 	0
4526    	1.07, -0.25, -7.93 	22.19, -21.87, -6.04 	0.00, -0.00 	12,20,47,260		1.63,6.63	1000,1 	0
4535    	1.08, -0.23, -7.94 	22.21, -21.84, -6.09 	0.00, -0.00 	12,20,47,270		3.36,5.46	1000,1 	0
4544    	1.06, -0.22, -7.95 	22.21, -21.87, -6.07 	0.00, -0.00 	12,20,47,280		3.65,4.43	1000,1 	0
4553    	1.07, -0.25, -7.93 	22.21, -21.90, -6.06 	0.00, -0.00 	12,20,47,289		4.89,4.43	1000,1 	0
4562    	1.01, -0.26, -7.93 	22.29, -21.86, -6.07 	0.00, -0.00 	12,20,47,299		9.80,12.86	1000,1 	0
4571    	1.04, -0.24, -7.93 	22.33, -21.84, -6.07 	0.00, -0.00 	12,20,47,309		5.61,7.18	1000,1 	0
4580    	1.05, -0.24, -7.92 	22.33, -21.84, -6.07 	0.00, -0.00 	12,20,47,318		1.63,0.00	1000,1 	0
4589    	1.06, -0.24, -7.92 	22.40, -21.82, -6.07 	0.00, -0.00 	12,20,47,328		1.63,10.00	1000,1 	0
4598    	1.07, -0.24, -7.94 	22.36, -21.82, -6.06 	0.00, -0.00 	12,20,47,338		1.63,6.83	1000,1 	0
4607    	1.06, -0.23, -7.93 	22.29, -21.83, -6.06 	0.00, -0.00 	12,20,47,348		2.27,10.00	1000,1 	0
4616    	1.08, -0.22, -7.93 	22.28, -21.80, -6.09 	0.00, -0.00 	12,20,47,357		3.52,4.43	1000,1 	0
4625    	1.05, -0.23, -7.91 	22.31, -21.78, -6.09 	0.00, -0.00 	12,20,47,367		5.04,4.37	1000,1 	0
4634    	1.03, -0.23, -7.91 	22.32, -21.81, -6.08 	0.00, -0.00 	12,20,47,377		3.25,4.77	1000,1 	0
4643    	1.02, -0.24, -7.91 	22.31, -21.79, -6.10 	0.00, -0.00 	12,20,47,386		2.17,3.43	1000,1 	0
4652    	1.06, -0.24, -7.90 	22.31, -21.79, -6.10 	0.00, -0.00 	12,20,47,396		6.50,0.00	1000,1 	0
4661    	1.04, -0.24, -7.93 	22.31, -21.79, -6.10 	0.00, -0.00 	12,20,47,406		3.25,0.00	1000,1 	0
4670    	1.08, -0.30, -7.93 	22.34, -21.76, -6.09 	0.00, -0.00 	12,20,47,415		10.50,5.71	1000,1 	0
4679    	1.13, -0.32, -7.95 	22.32, -21.79, -6.06 	0.00, -0.00 	12,20,47,425		7.30,4.37	1000,1 	0
4688    	1.14, -0.29, -7.92 	22.34, -21.82, -6.06 	0.00, -0.00 	12,20,47,435		4.74,5.61	1000,1 	0
4697    	1.10, -0.24, -7.93 	22.34, -21.82, -6.06 	0.00, -0.00 	12,20,47,444		9.19,0.00	1000,1 	0
4706    	0.99, -0.23, -7.91 	22.30, -21.87, -6.05 	0.00, -0.00 	12,20,47,454		14.78,9.78	1000,1 	0
4715    	0.95, -0.19, -7.91 	22.30, -21.87, -6.05 	0.00, -0.00 	12,20,47,464		7.95,0.00	1000,1 	0
4724    	0.96, -0.18, -7.89 	22.29, -21.87, -6.05 	0.00, -0.00 	12,20,47,473		2.17,1.66	1000,1 	0
4733    	0.97, -0.15, -7.91 	22.32, -21.84, -6.10 	0.00, -0.00 	12,20,47,483		4.74,6.56	1000,1 	0
4742    	0.96, -0.16, -7.91 	22.30, -21.83, -6.08 	0.00, -0.00 	12,20,47,493		2.17,3.66	1000,1 	0
4751    	0.99, -0.18, -7.92 	22.29, -21.85, -6.07 	0.00, -0.00 	12,20,47,502		4.54,3.34	1000,1 	0
4760    	0.97, -0.20, -7.93 	22.35, -21.84, -6.06 	0.00, -0.00 	12,20,47,512		4.33,8.37	1000,1 	0
4769    	0.92, -0.20, -7.93 	22.34, -21.89, -6.06 	0.00, -0.00 	12,20,47,522		6.75,7.52	1000,1 	0
4778    	0.92, -0.20, -7.93 	22.33, -21.90, -6.06 	0.00, -0.00 	12,20,47,531		0.00,2.19	1000,1 	0
4787    	0.95, -0.18, -7.91 	22.33, -21.89, -6.05 	0.00, -0.00 	12,20,47,541		5.04,1.48	1000,1 	0
4796    	0.98, -0.18, -7.92 	22.30, -21.94, -6.05 	0.00, -0.00 	12,20,47,551		3.25,8.78	1000,1 	0
4805    	0.98, -0.18, -7.92 	22.26, -21.90, -6.06 	0.00, -0.00 	12,20,47,560		0.00,7.83	1000,1 	0
4814    	0.96, -0.18, -7.94 	22.21, -21.89, -6.02 	0.00, -0.00 	12,20,47,570		1.63,6.83	1000,1 	0
4823    	0.98, -0.19, -7.92 	22.25, -21.92, -6.02 	0.00, -0.00 	12,20,47,580		2.27,6.75	1000,1 	0
4832    	0.99, -0.20, -7.94 	22.23, -21.91, -6.02 	0.00, -0.00 	12,20,47,589		2.27,2.25	1000,1 	0
4841    	0.94, -0.16, -7.94 	22.23, -21.88, -6.06 	0.00, -0.00 	12,20,47,599		9.09,4.43	1000,1 	0
4850    	0.95, -0.16, -7.94 	22.28, -21.86, -6.05 	0.00, -0.00 	12,20,47,609		1.63,7.18	1000,1 	0
4859    	0.94, -0.14, -7.96 	22.28, -21.87, -6.05 	0.00, -0.00 	12,20,47,619		3.50,1.48	1000,1 	0
4868    	0.95, -0.14, -7.94 	22.23, -21.87, -6.03 	0.00, -0.00 	12,20,47,628		1.63,6.63	1000,1 	0
4877    	0.93, -0.12, -7.93 	22.23, -21.89, -6.06 	0.00, -0.00 	12,20,47,638		3.50,2.95	1000,1 	0
4886    	0.94, -0.10, -7.90 	22.23, -21.85, -6.06 	0.00, -0.00 	12,20,47,648		3.36,5.91	1000,1 	0
4895    	0.99, -0.06, -7.91 	22.23, -21.85, -6.06 	0.00, -0.00 	12,20,47,657		7.75,0.00	1000,1 	0
4904    	0.95, -0.04, -7.91 	22.17, -21.87, -6.07 	0.00, -0.00 	12,20,47,667		6.82,8.71	1000,1 	0
4913    	1.00, 0.03, -7.91 	22.20, -21.85, -6.09 	0.00, -0.00 	12,20,47,677		11.88,4.37	1000,1 	0
4922    	1.06, 0.09, -7.90 	22.24, -21.86, -6.07 	0.00, -0.00 	12,20,47,686		12.05,6.83	1000,1 	0
4931    	1.06, 0.12, -7.91 	22.24, -21.88, -6.05 	0.00, -0.00 	12,20,47,696		4.53,2.95	1000,1 	0
4940    	1.05, 0.14, -7.91 	22.28, -21.86, -6.05 	0.00, -0.00 	12,20,47,706		3.02,5.71	1000,1 	0
4949    	0.98, 0.18, -7.88 	22.26, -21.88, -6.02 	0.00, -0.00 	12,20,47,715		11.72,4.37	1000,1 	0
4958    	1.02, 0.22, -7.90 	22.24, -21.84, -6.05 	0.00, -0.00 	12,20,47,725		8.66,6.18	1000,1 	0
4967    	1.04, 0.25, -7.93 	22.21, -21.87, -6.03 	0.00, -0.00 	12,20,47,735		4.33,6.56	1000,1 	0
4976    	1.06, 0.30, -7.93 	22.20, -21.90, -6.02 	0.00, -0.00 	12,20,47,744		8.08,4.69	1000,1 	0
4985    	1.05, 0.28, -7.88 	22.19, -21.88, -6.03 	0.00, -0.00 	12,20,47,754		3.36,3.43	1000,1 	0
4994    	1.01, 0.37, -7.91 	22.22, -21.91, -6.01 	0.00, -0.00 	12,20,47,764		14.66,6.75	1000,1 	0
5003    	0.99, 0.38, -7.90 	22.21, -21.90, -6.02 	0.00, -0.00 	12,20,47,773		2.27,2.25	1000,1 	0
5012    	1.04, 0.37, -7.89 	22.23, -21.81, -6.06 	0.00, -0.00 	12,20,47,783		6.75,13.60	1000,1 	0
5021    	1.00, 0.35, -7.88 	22.31, -21.83, -6.06 	0.00, -0.00 	12,20,47,793		7.04,12.05	1000,1 	0
5030    	1.01, 0.36, -7.90 	22.31, -21.84, -6.08 	0.00, -0.00 	12,20,47,802		2.17,1.48	1000,1 	0
5039    	1.03, 0.37, -7.90 	22.28, -21.85, -6.06 	0.00, -0.00 	12,20,47,812		3.52,5.14	1000,1 	0
5048    	0.98, 0.37, -7.89 	22.27, -21.89, -6.05 	0.00, -0.00 	12,20,47,822		6.50,6.09	1000,1 	0
5057    	0.98, 0.37, -7.89 	22.20, -21.90, -6.04 	0.00, -0.00 	12,20,47,832		0.00,10.01	1000,1 	0
5066    	0.92, 0.40, -7.89 	22.15, -21.90, -6.04 	0.00, -0.00 	12,20,47,841		9.49,6.83	1000,1 	0
5075    	0.85, 0.42, -7.89 	22.18, -21.90, -6.05 	0.00, -0.00 	12,20,47,851		10.95,3.31	1000,1 	0
5084    	0.83, 0.42, -7.89 	22.17, -21.84, -6.06 	0.00, -0.00 	12,20,47,861		3.25,7.38	1000,1 	0
5093    	0.82, 0.44, -7.88 	22.13, -21.86, -6.05 	0.00, -0.00 	12,20,47,870		3.50,6.75	1000,1 	0
5102    	0.84, 0.46, -7.88 	22.09, -21.87, -6.04 	0.00, -0.00 	12,20,47,880		3.52,5.14	1000,1 	0
5111    	0.82, 0.42, -7.87 	22.08, -21.90, -6.02 	0.00, -0.00 	12,20,47,890		5.45,4.68	1000,1 	0
5120    	0.84, 0.41, -7.85 	22.07, -21.89, -6.06 	0.00, -0.00 	12,20,47,899		3.65,2.25	1000,1 	0
5129    	0.84, 0.41, -7.85 	22.07, -21.90, -6.06 	0.00, -0.00 	12,20,47,909		0.00,1.48	1000,1 	0
5138    	0.84, 0.41, -7.85 	22.11, -21.85, -6.07 	0.00, -0.00 	12,20,47,919		0.00,7.61	1000,1 	0
5147    	0.84, 0.40, -7.86 	22.13, -21.88, -6.06 	0.00, -0.00 	12,20,47,928		1.18,3.71	1000,1 	0
5156    	0.84, 0.41, -7.86 	22.15, -21.88, -6.05 	0.00, -0.00 	12,20,47,938		1.18,2.58	1000,1 	0
5165    	0.84, 0.41, -7.86 	22.06, -21.92, -6.06 	0.00, -0.00 	12,20,47,948		0.00,11.16	1000,1 	0
5174    	0.85, 0.42, -7.88 	22.12, -21.88, -6.10 	0.00, -0.00 	12,20,47,957		1.68,7.80	1000,1 	0
5183    	0.82, 0.42, -7.86 	22.11, -21.85, -6.10 	0.00, -0.00 	12,20,47,967		3.79,3.45	1000,1 	0
5192    	0.84, 0.41, -7.87 	22.08, -21.84, -6.10 	0.00, -0.00 	12,20,47,977		2.84,4.06	1000,1 	0
5201    	0.84, 0.41, -7.87 	22.04, -21.83, -6.09 	0.00, -0.00 	12,20,47,986		0.00,4.06	1000,1 	0
5210    	0.84, 0.42, -7.86 	22.05, -21.83, -6.09 	0.00, -0.00 	12,20,47,996		1.18,1.29	1000,1 	0
5219    	0.84, 0.39, -7.86 	22.08, -21.87, -6.09 	0.00, -0.00 	12,20,48,6		3.53,5.33	1000,1 	0
5228    	0.77, 0.40, -7.86 	22.05, -21.91, -6.07 	0.00, -0.00 	12,20,48,15		7.73,5.92	1000,1 	0
5237    	0.81, 0.40, -7.86 	22.08, -21.90, -6.06 	0.00, -0.00 	12,20,48,25		3.79,4.00	1000,1 	0
5246    	0.81, 0.38, -7.86 	22.09, -21.93, -6.05 	0.00, -0.00 	12,20,48,35		2.35,3.45	1000,1 	0
5255    	0.86, 0.39, -7.87 	22.12, -21.90, -6.05 	0.00, -0.00 	12,20,48,45		5.14,5.10	1000,1 	0
5264    	0.85, 0.41, -7.88 	22.11, -21.91, -6.05 	0.00, -0.00 	12,20,48,54		2.35,1.70	1000,1 	0
5273    	0.87, 0.40, -7.88 	22.07, -21.94, -6.06 	0.00, -0.00 	12,20,48,64		1.77,5.10	1000,1 	0
5282    	0.91, 0.42, -7.88 	22.02, -21.89, -6.08 	0.00, -0.00 	12,20,48,73		5.14,7.82	1000,1 	0
5291    	0.91, 0.42, -7.88 	22.02, -21.89, -6.08 	0.00, -0.00 	12,20,48,83		0.00,0.00	1000,1 	0
5300    	0.91, 0.44, -7.89 	22.07, -21.90, -6.08 	0.00, -0.00 	12,20,48,93		2.35,5.31	1000,1 	0
5309    	0.96, 0.39, -7.87 	22.06, -21.89, -6.10 	0.00, -0.00 	12,20,48,103		7.93,1.75	1000,1 	0
5318    	0.95, 0.41, -7.88 	22.04, -21.88, -6.09 	0.00, -0.00 	12,20,48,112		2.72,2.85	1000,1 	0
5327    	0.92, 0.41, -7.89 	22.07, -21.86, -6.08 	0.00, -0.00 	12,20,48,122		2.53,4.44	1000,1 	0
5336    	0.96, 0.42, -7.87 	22.07, -21.86, -6.08 	0.00, -0.00 	12,20,48,132		3.92,0.00	1000,1 	0
5345    	1.03, 0.46, -7.88 	22.10, -21.85, -6.06 	0.00, -0.00 	12,20,48,141		9.37,4.00	1000,1 	0
5354    	1.09, 0.48, -7.90 	22.08, -21.86, -6.07 	0.00, -0.00 	12,20,48,151		6.64,2.79	1000,1 	0
5363    	1.16, 0.53, -7.88 	22.05, -21.86, -6.09 	0.00, -0.00 	12,20,48,161		9.82,3.86	1000,1 	0
5372    	1.26, 0.53, -7.88 	22.02, -21.84, -6.11 	0.00, -0.00 	12,20,48,170		11.38,3.50	1000,1 	0
5381    	1.26, 0.59, -7.87 	22.12, -21.87, -6.07 	0.00, -0.00 	12,20,48,180		5.88,10.96	1000,1 	0
5390    	1.35, 0.57, -7.85 	22.07, -21.87, -6.09 	0.00, -0.00 	12,20,48,190		10.49,5.15	1000,1 	0
5399    	1.35, 0.58, -7.87 	22.07, -21.91, -6.08 	0.00, -0.00 	12,20,48,199		1.18,4.59	1000,1 	0
5408    	1.34, 0.56, -7.86 	22.06, -21.90, -6.07 	0.00, -0.00 	12,20,48,209		2.61,1.75	1000,1 	0
5417    	1.36, 0.55, -7.85 	22.06, -21.93, -6.06 	0.00, -0.00 	12,20,48,219		2.84,3.45	1000,1 	0
5426    	1.39, 0.54, -7.84 	22.06, -21.95, -6.05 	0.00, -0.00 	12,20,48,228		2.84,2.30	1000,1 	0
5435    	1.41, 0.55, -7.85 	22.11, -21.98, -6.02 	0.00, -0.00 	12,20,48,238		2.74,6.28	1000,1 	0
5444    	1.37, 0.53, -7.85 	22.08, -22.00, -6.03 	0.00, -0.00 	12,20,48,248		5.47,4.44	1000,1 	0
5453    	1.32, 0.52, -7.87 	22.07, -22.02, -6.01 	0.00, -0.00 	12,20,48,258		5.14,2.60	1000,1 	0
5462    	1.32, 0.51, -7.85 	22.06, -22.02, -6.02 	0.00, -0.00 	12,20,48,267		1.18,1.29	1000,1 	0
5471    	1.31, 0.51, -7.86 	22.03, -22.01, -6.02 	0.00, -0.00 	12,20,48,277		1.26,3.50	1000,1 	0
5480    	1.24, 0.46, -7.85 	22.02, -22.01, -6.02 	0.00, -0.00 	12,20,48,286		9.82,1.29	1000,1 	0
5489    	1.15, 0.42, -7.87 	22.04, -22.01, -6.04 	0.00, -0.00 	12,20,48,296		10.55,2.85	1000,1 	0
5498    	1.05, 0.39, -7.87 	22.06, -22.03, -6.02 	0.00, -0.00 	12,20,48,306		11.51,2.67	1000,1 	0
5507    	0.97, 0.28, -7.89 	22.09, -22.01, -6.02 	0.00, -0.00 	12,20,48,316		15.13,4.44	1000,1 	0
5516    	0.80, 0.25, -7.89 	22.08, -22.05, -6.03 	0.00, -0.00 	12,20,48,325		19.00,4.74	1000,1 	0
5525    	0.70, 0.22, -7.88 	22.12, -22.08, -6.02 	0.00, -0.00 	12,20,48,335		11.51,5.25	1000,1 	0
