#Time 	Sensor1         Sensor2         Target          Time            Vel             
#================================================================

16      	0.53, 0.93, -8.05 	20.97, -22.24, -5.92 	0.00, 10.00 	12,22,19,362		0.00,0.00	0,0 	0
25      	0.55, 0.92, -8.03 	20.96, -22.22, -5.94 	0.00, 10.00 	12,22,19,372		1.77,2.67	0,0 	0
34      	0.50, 0.94, -8.03 	20.97, -22.24, -5.92 	0.00, 10.00 	12,22,19,382		5.68,2.67	0,0 	0
43      	0.49, 0.95, -8.05 	20.91, -22.29, -5.91 	0.00, 10.00 	12,22,19,392		1.77,8.51	0,0 	0
52      	0.50, 0.93, -8.04 	20.98, -22.27, -5.90 	0.00, 10.00 	12,22,19,401		2.72,8.00	0,0 	0
61      	0.52, 0.94, -8.03 	20.98, -22.26, -5.90 	0.00, 10.00 	12,22,19,411		2.74,1.15	0,0 	0
70      	0.53, 0.94, -8.04 	21.03, -22.31, -5.88 	0.00, 10.00 	12,22,19,421		1.26,7.82	0,0 	0
79      	0.51, 0.93, -8.05 	21.05, -22.27, -5.89 	0.00, 10.00 	12,22,19,430		2.74,4.24	0,0 	0
88      	0.51, 0.94, -8.05 	21.11, -22.25, -5.90 	0.00, 10.00 	12,22,19,440		1.18,6.78	0,0 	0
97      	0.51, 0.92, -8.06 	21.11, -22.25, -5.86 	0.00, 10.00 	12,22,19,450		2.35,0.00	0,0 	0
106     	0.51, 0.93, -8.05 	21.11, -22.24, -5.86 	0.00, 10.00 	12,22,19,459		1.18,1.15	0,0 	0
115     	0.51, 0.95, -8.06 	21.12, -22.20, -5.88 	0.00, 10.00 	12,22,19,469		2.35,4.74	0,0 	0
124     	0.51, 0.93, -8.06 	21.07, -22.21, -5.88 	0.00, 10.00 	12,22,19,479		2.35,5.25	0,0 	0
133     	0.50, 0.94, -8.06 	21.07, -22.21, -5.88 	0.00, 10.00 	12,22,19,488		1.77,0.00	0,0 	0
142     	0.50, 0.92, -8.06 	21.05, -22.20, -5.89 	0.00, 10.00 	12,22,19,498		2.35,2.85	0,0 	0
151     	0.49, 0.92, -8.06 	21.12, -22.18, -5.87 	0.00, 10.00 	12,22,19,508		1.26,8.00	0,0 	0
160     	0.49, 0.92, -8.06 	21.11, -22.20, -5.87 	0.00, 10.00 	12,22,19,517		0.00,2.60	0,0 	0
169     	0.49, 0.92, -8.06 	21.13, -22.21, -5.88 	0.00, 10.00 	12,22,19,527		0.00,2.85	0,0 	0
178     	0.49, 0.92, -8.06 	21.14, -22.23, -5.86 	0.00, 10.00 	12,22,19,537		0.00,2.67	0,0 	0
187     	0.50, 0.91, -8.04 	21.18, -22.26, -5.86 	0.00, 10.00 	12,22,19,546		1.77,5.25	0,0 	0
196     	0.50, 0.92, -8.04 	21.20, -22.25, -5.88 	0.00, 10.00 	12,22,19,556		1.18,2.79	0,0 	0
205     	0.52, 0.91, -8.05 	21.15, -22.22, -5.85 	0.00, 10.00 	12,22,19,566		2.84,6.28	0,0 	0
214     	0.52, 0.94, -8.06 	21.13, -22.25, -5.87 	0.00, 10.00 	12,22,19,575		3.53,4.24	0,0 	0
223     	0.52, 0.94, -8.05 	21.13, -22.25, -5.87 	0.00, 10.00 	12,22,19,585		0.00,0.00	0,0 	0
232     	0.50, 0.94, -8.06 	21.07, -22.26, -5.85 	0.00, 10.00 	12,22,19,595		2.53,6.51	0,0 	0
241     	0.48, 0.94, -8.06 	21.11, -22.28, -5.86 	0.00, 10.00 	12,22,19,604		2.53,4.55	0,0 	0
250     	0.52, 0.93, -8.06 	21.09, -22.29, -5.82 	0.00, 10.00 	12,22,19,614		5.25,2.79	0,0 	0
259     	0.51, 0.91, -8.06 	21.08, -22.29, -5.82 	0.00, 10.00 	12,22,19,624		2.61,1.29	0,0 	0
268     	0.52, 0.93, -8.05 	21.18, -22.30, -5.83 	0.00, 10.00 	12,22,19,634		2.61,11.68	0,0 	0
277     	0.52, 0.93, -8.05 	21.22, -22.31, -5.84 	0.00, 10.00 	12,22,19,643		0.00,4.06	0,0 	0
286     	0.53, 0.94, -8.05 	21.20, -22.32, -5.81 	0.00, 10.00 	12,22,19,653		1.68,2.79	0,0 	0
295     	0.54, 0.95, -8.05 	21.11, -22.37, -5.82 	0.00, 10.00 	12,22,19,663		1.26,11.16	0,0 	0
304     	0.52, 0.94, -8.04 	21.13, -22.35, -5.81 	0.00, 10.00 	12,22,19,672		2.53,2.79	0,0 	0
313     	0.51, 0.97, -8.06 	21.12, -22.35, -5.82 	0.00, 10.00 	12,22,19,682		3.80,1.29	0,0 	0
322     	0.50, 0.94, -8.06 	21.07, -22.36, -5.83 	0.00, 10.00 	12,22,19,692		3.69,5.15	0,0 	0
331     	0.52, 0.95, -8.06 	21.12, -22.34, -5.83 	0.00, 10.00 	12,22,19,701		2.74,5.25	0,0 	0
340     	0.52, 0.95, -8.06 	21.08, -22.33, -5.83 	0.00, 10.00 	12,22,19,711		0.00,4.55	0,0 	0
349     	0.53, 0.94, -8.05 	21.11, -22.30, -5.82 	0.00, 10.00 	12,22,19,721		1.77,4.44	0,0 	0
358     	0.50, 0.94, -8.05 	21.16, -22.32, -5.82 	0.00, 10.00 	12,22,19,730		3.79,5.70	0,0 	0
367     	0.50, 0.93, -8.05 	21.17, -22.32, -5.81 	0.00, 10.00 	12,22,19,740		1.18,1.29	0,0 	0
376     	0.48, 0.94, -8.06 	21.14, -22.33, -5.79 	0.00, 10.00 	12,22,19,750		2.84,4.00	0,0 	0
385     	0.48, 0.94, -8.06 	21.08, -22.34, -5.80 	0.00, 10.00 	12,22,19,759		0.00,6.44	0,0 	0
394     	0.47, 0.96, -8.05 	21.08, -22.38, -5.79 	0.00, 10.00 	12,22,19,769		2.35,4.59	0,0 	0
403     	0.47, 0.96, -8.06 	21.08, -22.38, -5.78 	0.00, 10.00 	12,22,19,779		0.00,0.00	0,0 	0
412     	0.45, 0.97, -8.03 	21.08, -22.38, -5.78 	0.00, 10.00 	12,22,19,788		2.84,0.00	0,0 	0
421     	0.46, 0.95, -8.06 	21.08, -22.38, -5.79 	0.00, 10.00 	12,22,19,798		2.72,0.00	0,0 	0
430     	0.44, 0.96, -8.06 	21.11, -22.39, -5.80 	0.00, 10.00 	12,22,19,808		2.84,2.85	0,0 	0
439     	0.50, 0.95, -8.05 	21.11, -22.38, -5.80 	0.00, 10.00 	12,22,19,817		6.49,1.15	0,0 	0
448     	0.50, 0.94, -8.05 	21.11, -22.37, -5.81 	0.00, 10.00 	12,22,19,827		1.18,1.15	0,0 	0
457     	0.49, 0.98, -8.05 	21.13, -22.34, -5.84 	0.00, 10.00 	12,22,19,837		4.70,3.40	0,0 	0
466     	0.41, 0.99, -8.05 	21.13, -22.34, -5.84 	0.00, 10.00 	12,22,19,846		8.98,0.00	0,0 	0
475     	0.43, 1.00, -8.04 	21.15, -22.36, -5.85 	0.00, 10.00 	12,22,19,856		2.74,3.50	0,0 	0
484     	0.39, 1.01, -8.06 	21.14, -22.36, -5.86 	0.00, 10.00 	12,22,19,866		5.25,1.29	0,0 	0
493     	0.30, 0.99, -8.04 	21.16, -22.29, -5.88 	0.00, 10.00 	12,22,19,875		10.13,8.37	0,0 	0
502     	0.34, 1.00, -8.04 	21.18, -22.30, -5.89 	0.00, 10.00 	12,22,19,885		5.06,2.85	0,0 	0
511     	0.32, 1.00, -8.05 	21.17, -22.30, -5.87 	0.00, 10.00 	12,22,19,895		2.53,1.29	0,0 	0
520     	0.40, 1.02, -8.05 	21.17, -22.28, -5.88 	0.00, 10.00 	12,22,19,904		9.05,2.30	0,0 	0
529     	0.34, 0.99, -8.04 	21.20, -22.26, -5.89 	0.00, 10.00 	12,22,19,914		7.09,4.44	0,0 	0
538     	0.35, 1.01, -8.05 	21.25, -22.24, -5.88 	0.00, 10.00 	12,22,19,924		2.61,5.58	0,0 	0
547     	0.30, 0.97, -8.05 	21.30, -22.21, -5.88 	0.00, 10.00 	12,22,19,934		7.09,6.78	0,0 	0
556     	0.29, 0.98, -8.06 	21.33, -22.22, -5.90 	0.00, 10.00 	12,22,19,943		1.77,2.85	0,0 	0
565     	0.31, 0.97, -8.06 	21.28, -22.24, -5.86 	0.00, 10.00 	12,22,19,953		2.84,5.58	0,0 	0
574     	0.30, 0.96, -8.05 	21.30, -22.29, -5.85 	0.00, 10.00 	12,22,19,963		1.68,4.81	0,0 	0
583     	0.31, 0.98, -8.04 	21.37, -22.27, -5.86 	0.00, 10.00 	12,22,19,972		2.61,7.78	0,0 	0
592     	0.32, 1.00, -8.05 	21.37, -22.27, -5.86 	0.00, 10.00 	12,22,19,982		1.68,0.00	0,0 	0
601     	0.27, 1.00, -8.05 	21.40, -22.25, -5.87 	0.00, 10.00 	12,22,19,992		5.25,4.44	0,0 	0
610     	0.28, 0.98, -8.03 	21.38, -22.24, -5.88 	0.00, 10.00 	12,22,20,1		2.35,2.85	0,0 	0
619     	0.29, 0.96, -8.04 	21.32, -22.25, -5.89 	0.00, 10.00 	12,22,20,11		2.72,6.51	0,0 	0
628     	0.29, 0.96, -8.04 	21.36, -22.23, -5.89 	0.00, 10.00 	12,22,20,21		0.00,5.58	0,0 	0
637     	0.29, 0.96, -8.02 	21.36, -22.23, -5.89 	0.00, 10.00 	12,22,20,30		0.00,0.00	0,0 	0
646     	0.29, 0.97, -8.03 	21.34, -22.28, -5.88 	0.00, 10.00 	12,22,20,40		1.18,6.23	0,0 	0
655     	0.27, 0.95, -8.02 	21.38, -22.31, -5.88 	0.00, 10.00 	12,22,20,50		3.37,5.25	0,0 	0
664     	0.28, 0.98, -8.03 	21.37, -22.29, -5.85 	0.00, 10.00 	12,22,20,59		3.69,2.67	0,0 	0
673     	0.28, 0.97, -8.03 	21.36, -22.31, -5.88 	0.00, 10.00 	12,22,20,69		1.18,2.60	0,0 	0
682     	0.25, 0.99, -8.02 	21.38, -22.31, -5.87 	0.00, 10.00 	12,22,20,79		3.53,2.58	0,0 	0
691     	0.23, 0.95, -8.02 	21.37, -22.31, -5.87 	0.00, 10.00 	12,22,20,88		5.23,1.29	0,0 	0
700     	0.21, 0.97, -8.02 	21.34, -22.34, -5.88 	0.00, 10.00 	12,22,20,98		3.53,4.44	0,0 	0
709     	0.21, 0.95, -8.01 	21.43, -22.29, -5.87 	0.00, 10.00 	12,22,20,108		2.35,11.16	0,0 	0
718     	0.20, 0.91, -8.00 	21.46, -22.29, -5.89 	0.00, 10.00 	12,22,20,117		3.69,3.86	0,0 	0
727     	0.18, 0.91, -8.00 	21.44, -22.28, -5.87 	0.00, 10.00 	12,22,20,127		2.53,2.85	0,0 	0
736     	0.22, 0.87, -8.01 	21.33, -22.31, -5.87 	0.00, 10.00 	12,22,20,137		6.18,12.00	0,0 	0
745     	0.20, 0.89, -8.00 	21.33, -22.32, -5.85 	0.00, 10.00 	12,22,20,147		3.53,1.15	0,0 	0
754     	0.18, 0.90, -8.00 	21.37, -22.35, -5.84 	0.00, 10.00 	12,22,20,156		1.77,5.25	0,0 	0
763     	0.21, 0.88, -8.01 	21.37, -22.31, -5.88 	0.00, 10.00 	12,22,20,166		3.53,4.59	0,0 	0
772     	0.19, 0.87, -7.99 	21.33, -22.28, -5.88 	0.00, 10.00 	12,22,20,176		2.74,5.25	0,0 	0
781     	0.18, 0.86, -8.02 	21.33, -22.29, -5.88 	0.00, 10.00 	12,22,20,185		1.68,1.15	0,0 	0
790     	0.19, 0.87, -8.01 	21.33, -22.31, -5.88 	0.00, 10.00 	12,22,20,195		1.68,2.30	0,0 	0
799     	0.19, 0.86, -8.03 	21.32, -22.29, -5.85 	0.00, 10.00 	12,22,20,205		1.18,2.67	0,0 	0
808     	0.19, 0.84, -8.03 	21.35, -22.34, -5.83 	0.00, 10.00 	12,22,20,214		2.35,6.36	0,0 	0
817     	0.21, 0.85, -8.02 	21.35, -22.36, -5.81 	0.00, 10.00 	12,22,20,224		2.74,1.15	0,0 	0
826     	0.21, 0.85, -8.02 	21.35, -22.36, -5.81 	0.00, 10.00 	12,22,20,234		0.00,0.00	0,0 	0
835     	0.22, 0.86, -8.02 	21.35, -22.39, -5.80 	0.00, 10.00 	12,22,20,243		1.68,3.45	0,0 	0
844     	0.21, 0.84, -8.01 	21.31, -22.40, -5.77 	0.00, 10.00 	12,22,20,253		2.61,5.25	0,0 	0
853     	0.21, 0.85, -8.01 	21.33, -22.43, -5.76 	0.00, 10.00 	12,22,20,263		1.18,4.36	0,0 	0
862     	0.17, 0.87, -8.01 	21.30, -22.42, -5.76 	0.00, 10.00 	12,22,20,272		4.56,4.06	0,0 	0
871     	0.17, 0.87, -8.01 	21.24, -22.45, -5.74 	0.00, 10.00 	12,22,20,282		0.00,7.22	0,0 	0
880     	0.17, 0.87, -8.01 	21.27, -22.42, -5.72 	0.00, 10.00 	12,22,20,292		0.00,5.10	0,0 	0
889     	0.17, 0.87, -8.01 	21.27, -22.40, -5.73 	0.00, 10.00 	12,22,20,301		0.00,2.30	0,0 	0
898     	0.15, 0.87, -8.02 	21.26, -22.39, -5.75 	0.00, 10.00 	12,22,20,311		2.53,1.75	0,0 	0
907     	0.15, 0.83, -8.00 	21.26, -22.37, -5.72 	0.00, 10.00 	12,22,20,321		4.81,2.30	0,0 	0
916     	0.14, 0.85, -8.01 	21.24, -22.42, -5.75 	0.00, 10.00 	12,22,20,330		2.35,6.23	0,0 	0
925     	0.10, 0.84, -8.01 	21.22, -22.41, -5.75 	0.00, 10.00 	12,22,20,340		5.06,1.75	0,0 	0
934     	0.13, 0.87, -8.02 	21.24, -22.43, -5.74 	0.00, 10.00 	12,22,20,350		4.37,2.67	0,0 	0
943     	0.15, 0.86, -8.02 	21.20, -22.41, -5.73 	0.00, 10.00 	12,22,20,359		2.84,4.55	0,0 	0
952     	0.15, 0.90, -8.02 	21.26, -22.36, -5.73 	0.00, 10.00 	12,22,20,369		4.70,8.51	0,0 	0
961     	0.17, 0.91, -8.05 	21.26, -22.36, -5.72 	0.00, 10.00 	12,22,20,379		2.74,0.00	0,0 	0
970     	0.14, 0.88, -8.03 	21.23, -22.33, -5.74 	0.00, 10.00 	12,22,20,389		5.05,4.36	0,0 	0
979     	0.12, 0.89, -8.02 	21.19, -22.35, -5.79 	0.00, 10.00 	12,22,20,398		2.84,5.58	0,0 	0
988     	0.11, 0.90, -8.02 	21.19, -22.38, -5.77 	0.00, 10.00 	12,22,20,408		1.18,3.45	0,0 	0
997     	0.11, 0.90, -8.02 	21.19, -22.40, -5.75 	0.00, 10.00 	12,22,20,418		0.00,2.30	0,0 	0
1006    	0.13, 0.89, -8.03 	21.26, -22.40, -5.76 	0.00, 10.00 	12,22,20,427		1.77,7.73	1000,1 	0
1015    	0.11, 0.90, -8.02 	21.26, -22.43, -5.77 	0.00, 10.00 	12,22,20,437		1.77,3.45	1000,1 	0
1024    	0.13, 0.90, -8.02 	21.26, -22.43, -5.77 	0.00, 10.00 	12,22,20,447		1.26,0.00	1000,1 	0
1033    	0.11, 0.88, -8.01 	21.26, -22.43, -5.77 	0.00, 10.00 	12,22,20,456		3.37,0.00	1000,1 	0
1042    	0.09, 0.88, -8.02 	21.24, -22.41, -5.74 	0.00, 10.00 	12,22,20,466		1.26,3.50	1000,1 	0
1051    	0.09, 0.88, -8.02 	21.26, -22.39, -5.74 	0.00, 10.00 	12,22,20,476		0.00,3.40	1000,1 	0
1060    	0.05, 0.87, -8.03 	21.28, -22.35, -5.74 	0.00, 10.00 	12,22,20,485		5.06,5.20	1000,1 	0
1069    	0.05, 0.87, -8.03 	21.29, -22.32, -5.77 	0.00, 10.00 	12,22,20,495		0.00,3.64	1000,1 	0
1078    	0.05, 0.86, -8.03 	21.26, -22.29, -5.80 	0.00, 10.00 	12,22,20,505		1.18,4.36	1000,1 	0
1087    	0.06, 0.88, -8.03 	21.32, -22.26, -5.79 	0.00, 10.00 	12,22,20,514		2.61,6.78	1000,1 	0
1096    	0.10, 0.90, -8.02 	21.32, -22.26, -5.79 	0.00, 10.00 	12,22,20,524		5.14,0.00	1000,1 	0
1105    	0.10, 0.90, -8.02 	21.38, -22.24, -5.80 	0.00, 10.00 	12,22,20,534		0.00,6.78	1000,1 	0
1114    	0.09, 0.88, -8.03 	21.37, -22.23, -5.80 	0.00, 10.00 	12,22,20,543		2.61,1.15	1000,1 	0
1123    	0.12, 0.87, -8.03 	21.37, -22.22, -5.77 	0.00, 10.00 	12,22,20,553		2.84,1.15	1000,1 	0
1132    	0.14, 0.87, -8.03 	21.38, -22.24, -5.75 	0.00, 10.00 	12,22,20,563		2.53,2.30	1000,1 	0
1141    	0.12, 0.87, -8.02 	21.36, -22.25, -5.75 	0.00, 10.00 	12,22,20,573		2.53,1.70	1000,1 	0
1150    	0.13, 0.88, -8.04 	21.37, -22.20, -5.78 	0.00, 10.00 	12,22,20,582		1.68,5.85	1000,1 	0
1159    	0.13, 0.88, -8.04 	21.37, -22.20, -5.79 	0.00, 10.00 	12,22,20,592		0.00,0.00	1000,1 	0
1168    	0.14, 0.89, -8.04 	21.42, -22.17, -5.78 	0.00, 10.00 	12,22,20,601		1.68,6.12	1000,1 	0
1177    	0.14, 0.89, -8.04 	21.41, -22.22, -5.76 	0.00, 10.00 	12,22,20,611		0.00,5.85	1000,1 	0
1186    	0.14, 0.87, -8.03 	21.42, -22.25, -5.73 	0.00, 10.00 	12,22,20,621		2.35,3.71	1000,1 	0
1195    	0.14, 0.86, -8.04 	21.38, -22.27, -5.73 	0.00, 10.00 	12,22,20,631		1.18,5.58	1000,1 	0
1204    	0.15, 0.86, -8.04 	21.37, -22.27, -5.73 	0.00, 10.00 	12,22,20,640		1.26,1.29	1000,1 	0
1213    	0.11, 0.86, -8.02 	21.37, -22.27, -5.73 	0.00, 10.00 	12,22,20,650		5.06,0.00	1000,1 	0
1222    	0.12, 0.87, -8.02 	21.26, -22.31, -5.73 	0.00, 10.00 	12,22,20,660		1.68,12.00	1000,1 	0
1231    	0.12, 0.87, -8.06 	21.25, -22.31, -5.70 	0.00, 10.00 	12,22,20,669		0.00,1.29	1000,1 	0
1240    	0.12, 0.89, -8.06 	21.25, -22.31, -5.70 	0.00, 10.00 	12,22,20,679		2.35,0.00	1000,1 	0
1249    	0.10, 0.89, -8.05 	21.25, -22.30, -5.70 	0.00, 10.00 	12,22,20,689		1.26,1.15	1000,1 	0
1258    	0.10, 0.89, -8.05 	21.22, -22.35, -5.69 	0.00, 10.00 	12,22,20,698		0.00,6.83	1000,1 	0
1267    	0.07, 0.92, -8.06 	21.21, -22.35, -5.69 	0.00, 10.00 	12,22,20,708		5.30,1.29	1000,1 	0
1276    	0.06, 0.88, -8.06 	21.22, -22.36, -5.67 	0.00, 10.00 	12,22,20,718		3.69,1.75	1000,1 	0
1285    	0.07, 0.90, -8.06 	21.24, -22.30, -5.67 	0.00, 10.00 	12,22,20,727		1.68,7.29	1000,1 	0
1294    	0.14, 0.87, -8.06 	21.28, -22.32, -5.67 	0.00, 10.00 	12,22,20,737		8.52,4.55	1000,1 	0
1303    	0.13, 0.87, -8.03 	21.28, -22.33, -5.67 	0.00, 10.00 	12,22,20,747		1.26,1.15	1000,1 	0
1312    	0.14, 0.87, -8.04 	21.30, -22.34, -5.69 	0.00, 10.00 	12,22,20,756		1.26,2.85	1000,1 	0
1321    	0.08, 0.89, -8.05 	21.30, -22.34, -5.68 	0.00, 10.00 	12,22,20,766		6.85,0.00	1000,1 	0
1330    	0.09, 0.89, -8.05 	21.25, -22.31, -5.70 	0.00, 10.00 	12,22,20,776		1.26,6.28	1000,1 	0
1339    	0.09, 0.89, -8.05 	21.28, -22.26, -5.69 	0.00, 10.00 	12,22,20,785		0.00,5.92	1000,1 	0
1348    	0.07, 0.87, -8.05 	21.27, -22.26, -5.67 	0.00, 10.00 	12,22,20,795		2.74,1.75	1000,1 	0
1357    	0.12, 0.87, -8.04 	21.27, -22.23, -5.68 	0.00, 10.00 	12,22,20,805		5.25,2.30	1000,1 	0
1366    	0.12, 0.87, -8.06 	21.30, -22.18, -5.67 	0.00, 10.00 	12,22,20,814		0.00,6.83	1000,1 	0
1375    	0.12, 0.85, -8.03 	21.33, -22.19, -5.69 	0.00, 10.00 	12,22,20,824		2.35,2.85	1000,1 	0
1384    	0.12, 0.87, -8.06 	21.28, -22.24, -5.70 	0.00, 10.00 	12,22,20,834		2.35,7.61	1000,1 	0
1393    	0.06, 0.83, -8.05 	21.30, -22.27, -5.69 	0.00, 10.00 	12,22,20,844		7.09,3.71	1000,1 	0
1402    	0.07, 0.84, -8.06 	21.30, -22.26, -5.68 	0.00, 10.00 	12,22,20,853		1.68,1.15	1000,1 	0
1411    	0.09, 0.83, -8.03 	21.28, -22.24, -5.67 	0.00, 10.00 	12,22,20,863		1.77,2.67	1000,1 	0
1420    	0.11, 0.83, -8.06 	21.24, -22.27, -5.66 	0.00, 10.00 	12,22,20,873		2.53,5.58	1000,1 	0
1429    	0.09, 0.82, -8.03 	21.18, -22.29, -5.66 	0.00, 10.00 	12,22,20,882		2.74,6.78	1000,1 	0
1438    	0.03, 0.82, -8.03 	21.22, -22.23, -5.70 	0.00, 10.00 	12,22,20,892		6.32,8.49	1000,1 	0
1447    	0.07, 0.85, -8.08 	21.20, -22.23, -5.69 	0.00, 10.00 	12,22,20,902		6.02,2.58	1000,1 	0
1456    	-0.03, 0.85, -8.08 	21.24, -22.17, -5.71 	0.00, 10.00 	12,22,20,911		11.38,7.61	1000,1 	0
1465    	-0.03, 0.78, -8.07 	21.34, -22.14, -5.70 	0.00, 10.00 	12,22,20,921		7.10,12.00	1000,1 	0
1474    	-0.14, 0.72, -8.09 	21.33, -22.13, -5.69 	0.00, 10.00 	12,22,20,931		13.68,1.75	1000,1 	0
1483    	-0.14, 0.70, -8.09 	21.38, -22.15, -5.70 	0.00, 10.00 	12,22,20,940		2.35,5.70	1000,1 	0
1492    	-0.17, 0.81, -8.19 	21.34, -22.18, -5.70 	0.00, 10.00 	12,22,20,950		12.14,6.12	1000,1 	0
1501    	-0.24, 0.93, -8.23 	21.39, -22.18, -5.70 	0.00, 10.00 	12,22,20,960		15.73,6.44	1000,1 	0
1510    	-0.20, 1.05, -8.30 	21.32, -22.16, -5.70 	0.00, 10.00 	12,22,20,969		14.11,8.13	1000,1 	0
1519    	-0.24, 1.08, -8.35 	21.38, -22.17, -5.73 	0.00, 10.00 	12,22,20,979		5.30,6.57	1000,1 	0
1528    	-0.27, 1.08, -8.34 	21.27, -22.19, -5.73 	0.00, 10.00 	12,22,20,989		3.79,13.02	1000,1 	0
1537    	-0.27, 1.07, -8.38 	21.22, -22.14, -5.76 	0.00, 10.00 	12,22,20,998		1.18,7.82	1000,1 	0
1546    	-0.20, 1.14, -8.41 	21.16, -22.16, -5.76 	0.00, 10.00 	12,22,21,8		11.79,6.51	1000,1 	0
1555    	-0.17, 1.27, -8.45 	21.32, -22.12, -5.75 	0.00, 10.00 	12,22,21,18		14.75,18.26	1000,1 	0
1564    	-0.12, 1.37, -8.47 	21.31, -22.15, -5.75 	0.00, 10.00 	12,22,21,27		12.06,3.64	1000,1 	0
1573    	-0.12, 1.48, -8.49 	21.37, -22.17, -5.76 	0.00, 10.00 	12,22,21,37		11.76,6.90	1000,1 	0
1582    	-0.09, 1.58, -8.48 	21.37, -22.19, -5.77 	0.00, 10.00 	12,22,21,47		12.57,2.30	1000,1 	0
1591    	-0.03, 1.77, -8.51 	21.35, -22.20, -5.79 	0.00, 10.00 	12,22,21,57		21.46,2.79	1000,1 	0
1600    	0.01, 1.96, -8.54 	21.30, -22.16, -5.84 	0.00, 10.00 	12,22,21,66		21.78,7.00	1000,1 	0
1609    	0.00, 2.24, -8.58 	21.37, -22.17, -5.82 	0.00, 10.00 	12,22,21,76		30.54,7.85	1000,1 	0
1618    	0.04, 2.61, -8.62 	21.32, -22.22, -5.82 	0.00, 10.00 	12,22,21,86		41.65,8.51	1000,1 	0
1627    	0.10, 3.09, -8.66 	21.25, -22.23, -5.90 	0.00, 10.00 	12,22,21,95		53.78,7.73	1000,1 	0
1636    	0.18, 3.61, -8.70 	21.20, -22.26, -5.95 	0.00, 10.00 	12,22,21,105		58.84,6.12	1000,1 	0
1645    	0.27, 4.10, -8.74 	21.34, -22.21, -6.08 	0.00, 10.00 	12,22,21,115		55.44,16.00	1000,1 	0
1654    	0.35, 4.57, -8.78 	21.50, -22.14, -6.18 	0.00, 10.00 	12,22,21,124		53.18,19.12	1000,1 	0
1663    	0.40, 4.97, -8.78 	21.74, -22.12, -6.30 	0.00, 10.00 	12,22,21,134		44.16,27.04	1000,1 	0
1672    	0.43, 5.32, -8.81 	22.07, -22.04, -6.44 	0.00, 10.00 	12,22,21,144		39.15,37.80	1000,1 	0
1681    	0.46, 5.72, -8.82 	22.19, -21.98, -6.54 	0.00, 10.00 	12,22,21,153		44.93,15.58	1000,1 	0
1690    	0.48, 6.14, -8.83 	22.26, -21.82, -6.75 	0.00, 10.00 	12,22,21,163		46.09,19.22	1000,1 	0
1699    	0.44, 6.57, -8.85 	22.37, -21.63, -6.95 	0.00, 10.00 	12,22,21,173		48.13,24.05	1000,1 	0
1708    	0.46, 6.95, -8.85 	22.38, -21.44, -7.21 	0.00, 10.00 	12,22,21,182		42.47,20.76	1000,1 	0
1717    	0.46, 7.27, -8.88 	22.49, -21.23, -7.40 	0.00, 10.00 	12,22,21,192		35.27,26.64	1000,1 	0
1726    	0.45, 7.65, -8.93 	22.74, -21.14, -7.65 	0.00, 10.00 	12,22,21,202		42.29,29.54	1000,1 	0
1735    	0.45, 8.01, -8.93 	22.97, -21.18, -7.78 	0.00, 10.00 	12,22,21,211		39.95,26.56	1000,1 	0
1744    	0.40, 8.33, -8.93 	23.21, -21.13, -7.85 	0.00, 10.00 	12,22,21,221		36.51,27.31	1000,1 	0
1753    	0.33, 8.64, -8.94 	23.51, -21.07, -7.92 	0.00, 10.00 	12,22,21,231		34.47,33.68	1000,1 	0
1762    	0.31, 8.96, -8.94 	23.81, -20.82, -8.04 	0.00, 10.00 	12,22,21,240		36.39,43.07	1000,1 	0
1771    	0.20, 9.33, -8.92 	23.96, -20.19, -8.17 	0.00, 10.00 	12,22,21,250		42.18,71.71	1000,1 	0
1780    	0.10, 9.67, -8.88 	23.90, -19.63, -8.22 	0.00, 10.00 	12,22,21,260		39.59,63.29	1000,1 	0
1789    	0.06, 9.97, -8.82 	23.61, -19.25, -8.24 	0.00, 10.00 	12,22,21,269		34.16,52.71	1000,1 	0
1798    	-0.03, 10.23, -8.75 	23.29, -18.98, -8.31 	0.00, 10.00 	12,22,21,279		30.34,46.29	1000,1 	0
1807    	-0.01, 10.48, -8.66 	23.17, -18.87, -8.38 	0.00, 10.00 	12,22,21,289		27.26,18.30	1000,1 	0
1816    	-0.03, 10.70, -8.55 	23.09, -18.79, -8.42 	0.00, 10.00 	12,22,21,299		24.68,12.17	1000,1 	0
1825    	0.01, 10.91, -8.45 	23.14, -18.76, -8.45 	0.00, 10.00 	12,22,21,308		24.35,6.12	1000,1 	0
1834    	0.02, 11.01, -8.35 	23.23, -18.73, -8.49 	0.00, 10.00 	12,22,21,318		10.59,10.77	1000,1 	0
1843    	0.05, 11.09, -8.28 	23.25, -18.62, -8.55 	0.00, 10.00 	12,22,21,328		9.45,12.01	1000,1 	0
1852    	0.14, 11.20, -8.20 	23.20, -18.50, -8.52 	0.00, 10.00 	12,22,21,337		15.96,14.85	1000,1 	0
1861    	0.25, 11.33, -8.16 	23.13, -18.41, -8.53 	0.00, 10.00 	12,22,21,347		19.33,12.33	1000,1 	0
1870    	0.23, 11.46, -8.13 	23.11, -18.39, -8.52 	0.00, 10.00 	12,22,21,357		14.22,3.50	1000,1 	0
1879    	0.24, 11.55, -8.10 	23.00, -18.31, -8.52 	0.00, 10.00 	12,22,21,366		10.76,15.00	1000,1 	0
1888    	0.24, 11.64, -8.09 	22.80, -18.25, -8.48 	0.00, 10.00 	12,22,21,376		9.42,23.54	1000,1 	0
1897    	0.29, 11.68, -8.06 	22.65, -18.13, -8.49 	0.00, 10.00 	12,22,21,386		6.74,21.00	1000,1 	0
1906    	0.27, 11.70, -8.03 	22.57, -17.95, -8.51 	0.00, 10.00 	12,22,21,395		2.72,22.28	1000,1 	0
1915    	0.28, 11.72, -8.01 	22.49, -17.88, -8.53 	0.00, 10.00 	12,22,21,405		2.61,11.31	1000,1 	0
1924    	0.28, 11.71, -7.96 	22.43, -17.77, -8.55 	0.00, 10.00 	12,22,21,415		1.18,14.34	1000,1 	0
1933    	0.31, 11.69, -7.92 	22.46, -17.77, -8.57 	0.00, 10.00 	12,22,21,424		3.53,3.86	1000,1 	0
1942    	0.38, 11.66, -7.89 	22.47, -17.77, -8.57 	0.00, 10.00 	12,22,21,434		9.11,1.29	1000,1 	0
1951    	0.43, 11.65, -7.88 	22.46, -17.76, -8.55 	0.00, 10.00 	12,22,21,444		5.25,1.75	1000,1 	0
1960    	0.45, 11.66, -7.86 	22.51, -17.78, -8.55 	0.00, 10.00 	12,22,21,453		2.74,5.70	1000,1 	0
1969    	0.50, 11.67, -7.85 	22.51, -17.76, -8.54 	0.00, 10.00 	12,22,21,463		6.37,1.15	1000,1 	0
1978    	0.52, 11.69, -7.84 	22.47, -17.76, -8.54 	0.00, 10.00 	12,22,21,473		2.74,4.06	1000,1 	0
1987    	0.52, 11.71, -7.83 	22.45, -17.79, -8.57 	0.00, 10.00 	12,22,21,482		2.35,4.24	1000,1 	0
1996    	0.58, 11.71, -7.81 	22.44, -17.75, -8.55 	0.00, 10.00 	12,22,21,492		6.32,4.81	1000,1 	0
2005    	0.59, 11.72, -7.80 	22.39, -17.75, -8.56 	0.00, 10.00 	12,22,21,502		1.68,5.15	1000,1 	0
2014    	0.62, 11.72, -7.78 	22.36, -17.70, -8.56 	0.00, 10.00 	12,22,21,511		3.79,6.36	1000,1 	0
2023    	0.65, 11.73, -7.77 	22.36, -17.69, -8.59 	0.00, 10.00 	12,22,21,521		2.53,1.15	1000,1 	0
2032    	0.65, 11.71, -7.76 	22.36, -17.68, -8.58 	0.00, 10.00 	12,22,21,531		1.17,1.15	1000,1 	0
2041    	0.66, 11.73, -7.76 	22.39, -17.67, -8.59 	0.00, 10.00 	12,22,21,541		1.68,4.00	1000,1 	0
2050    	0.67, 11.71, -7.74 	22.37, -17.69, -8.59 	0.00, 10.00 	12,22,21,550		2.72,3.40	1000,1 	0
2059    	0.69, 11.72, -7.73 	22.37, -17.69, -8.59 	0.00, 10.00 	12,22,21,560		2.74,0.00	1000,1 	0
2068    	0.70, 11.76, -7.73 	22.33, -17.72, -8.58 	0.00, 10.00 	12,22,21,570		4.81,6.12	1000,1 	0
2077    	0.66, 11.75, -7.72 	22.27, -17.70, -8.58 	0.00, 10.00 	12,22,21,579		5.14,6.90	1000,1 	0
2086    	0.62, 11.76, -7.72 	22.20, -17.73, -8.57 	0.00, 10.00 	12,22,21,589		4.02,8.00	1000,1 	0
2095    	0.61, 11.77, -7.72 	22.20, -17.73, -8.57 	0.00, 10.00 	12,22,21,599		1.77,0.00	1000,1 	0
2104    	0.60, 11.76, -7.73 	22.19, -17.74, -8.56 	0.00, 10.00 	12,22,21,608		1.26,1.70	1000,1 	0
2113    	0.60, 11.75, -7.73 	22.20, -17.74, -8.57 	0.00, 10.00 	12,22,21,618		1.18,1.29	1000,1 	0
2122    	0.61, 11.75, -7.72 	22.24, -17.74, -8.58 	0.00, 10.00 	12,22,21,628		1.26,3.86	1000,1 	0
2131    	0.61, 11.73, -7.72 	22.23, -17.74, -8.58 	0.00, 10.00 	12,22,21,637		2.35,1.29	1000,1 	0
2140    	0.62, 11.74, -7.71 	22.25, -17.72, -8.58 	0.00, 10.00 	12,22,21,647		1.68,2.79	1000,1 	0
2149    	0.61, 11.74, -7.72 	22.21, -17.71, -8.58 	0.00, 10.00 	12,22,21,657		1.26,4.55	1000,1 	0
2158    	0.61, 11.74, -7.72 	22.20, -17.69, -8.59 	0.00, 10.00 	12,22,21,666		0.00,2.67	1000,1 	0
2167    	0.61, 11.74, -7.71 	22.18, -17.70, -8.60 	0.00, 10.00 	12,22,21,676		0.00,2.79	1000,1 	0
2176    	0.59, 11.75, -7.71 	22.09, -17.69, -8.60 	0.00, 10.00 	12,22,21,686		2.84,9.12	1000,1 	0
2185    	0.60, 11.75, -7.70 	22.08, -17.68, -8.60 	0.00, 10.00 	12,22,21,695		1.26,1.75	1000,1 	0
2194    	0.61, 11.75, -7.70 	22.10, -17.66, -8.61 	0.00, 10.00 	12,22,21,705		1.26,3.40	1000,1 	0
2203    	0.61, 11.77, -7.71 	22.10, -17.66, -8.61 	0.00, 10.00 	12,22,21,715		1.18,0.00	1000,1 	0
2212    	0.61, 11.77, -7.70 	22.05, -17.66, -8.60 	0.00, 10.00 	12,22,21,724		0.00,6.44	1000,1 	0
2221    	0.62, 11.78, -7.71 	22.10, -17.66, -8.59 	0.00, 10.00 	12,22,21,734		1.68,6.44	1000,1 	0
2230    	0.62, 11.77, -7.71 	22.05, -17.66, -8.60 	0.00, 10.00 	12,22,21,744		1.17,6.44	1000,1 	0
2239    	0.62, 11.77, -7.71 	22.02, -17.67, -8.61 	0.00, 10.00 	12,22,21,754		0.00,2.79	1000,1 	0
2248    	0.61, 11.77, -7.70 	21.95, -17.69, -8.60 	0.00, 10.00 	12,22,21,763		1.26,7.78	1000,1 	0
2257    	0.60, 11.76, -7.71 	21.93, -17.70, -8.60 	0.00, 10.00 	12,22,21,773		1.26,2.79	1000,1 	0
2266    	0.60, 11.76, -7.70 	21.93, -17.69, -8.60 	0.00, 10.00 	12,22,21,783		0.00,1.15	1000,1 	0
2275    	0.56, 11.76, -7.70 	21.96, -17.70, -8.59 	0.00, 10.00 	12,22,21,792		3.79,2.85	1000,1 	0
2284    	0.57, 11.77, -7.70 	21.95, -17.69, -8.59 	0.00, 10.00 	12,22,21,802		1.68,1.15	1000,1 	0
2293    	0.56, 11.75, -7.70 	21.92, -17.67, -8.60 	0.00, 10.00 	12,22,21,812		2.61,4.55	1000,1 	0
2302    	0.56, 11.75, -7.69 	21.93, -17.68, -8.60 	0.00, 10.00 	12,22,21,821		0.00,1.75	1000,1 	0
2311    	0.50, 11.71, -7.69 	21.93, -17.68, -8.60 	0.00, 10.00 	12,22,21,831		8.73,0.00	1000,1 	0
2320    	0.46, 11.65, -7.67 	21.90, -17.71, -8.60 	0.00, 10.00 	12,22,21,841		7.57,5.10	1000,1 	0
2329    	0.35, 11.59, -7.66 	21.93, -17.73, -8.59 	0.00, 10.00 	12,22,21,850		13.68,4.55	1000,1 	0
2338    	0.21, 11.49, -7.64 	21.93, -17.73, -8.60 	0.00, 10.00 	12,22,21,860		19.11,0.00	1000,1 	0
2347    	0.03, 11.38, -7.65 	21.89, -17.73, -8.58 	0.00, 10.00 	12,22,21,870		23.50,5.15	1000,1 	0
2356    	-0.11, 11.29, -7.66 	21.90, -17.74, -8.59 	0.00, 10.00 	12,22,21,879		18.54,1.75	1000,1 	0
2365    	-0.17, 11.27, -7.67 	21.87, -17.80, -8.60 	0.00, 10.00 	12,22,21,889		7.62,7.80	1000,1 	0
2374    	-0.21, 11.23, -7.68 	21.85, -17.80, -8.60 	0.00, 10.00 	12,22,21,899		6.74,2.58	1000,1 	0
2383    	-0.20, 11.21, -7.67 	21.80, -17.82, -8.60 	0.00, 10.00 	12,22,21,908		2.72,5.25	1000,1 	0
2392    	-0.22, 11.15, -7.66 	21.84, -17.80, -8.62 	0.00, 10.00 	12,22,21,918		6.28,4.00	1000,1 	0
2401    	-0.20, 11.12, -7.67 	21.87, -17.78, -8.60 	0.00, 10.00 	12,22,21,928		3.80,4.44	1000,1 	0
2410    	-0.19, 11.07, -7.67 	21.89, -17.77, -8.60 	0.00, 10.00 	12,22,21,937		6.07,2.79	1000,1 	0
2419    	-0.17, 11.07, -7.68 	21.90, -17.80, -8.59 	0.00, 10.00 	12,22,21,947		1.26,3.71	1000,1 	0
2428    	-0.15, 11.05, -7.67 	21.86, -17.77, -8.61 	0.00, -0.00 	12,22,21,967		3.53,6.28	1000,1 	0
2437    	-0.17, 11.05, -7.68 	21.86, -17.76, -8.62 	0.00, -0.00 	12,22,21,976		2.28,1.03	1000,1 	0
2446    	-0.17, 11.04, -7.67 	21.83, -17.76, -8.61 	0.00, -0.00 	12,22,21,986		1.06,2.32	1000,1 	0
2455    	-0.16, 11.05, -7.67 	21.80, -17.77, -8.61 	0.00, -0.00 	12,22,21,996		1.52,3.60	1000,1 	0
2464    	-0.17, 11.03, -7.66 	21.81, -17.75, -8.60 	0.00, -0.00 	12,22,22,5		2.35,2.34	1000,1 	0
2473    	-0.18, 11.01, -7.67 	21.81, -17.75, -8.58 	0.00, -0.00 	12,22,22,15		2.35,0.00	1000,1 	0
2482    	-0.15, 10.95, -7.66 	21.82, -17.77, -8.58 	0.00, -0.00 	12,22,22,25		6.84,2.40	1000,1 	0
2491    	-0.14, 10.87, -7.65 	21.87, -17.76, -8.59 	0.00, -0.00 	12,22,22,34		7.40,4.72	1000,1 	0
2500    	-0.11, 10.81, -7.65 	21.89, -17.79, -8.59 	0.00, -0.00 	12,22,22,44		6.84,3.92	1000,1 	0
2509    	-0.09, 10.69, -7.65 	21.87, -17.78, -8.58 	0.00, -0.00 	12,22,22,54		12.80,2.57	1000,1 	0
2518    	-0.03, 10.63, -7.69 	21.87, -17.80, -8.58 	0.00, -0.00 	12,22,22,63		7.98,2.07	1000,1 	0
2527    	-0.01, 10.61, -7.70 	21.82, -17.79, -8.56 	0.00, -0.00 	12,22,22,73		3.18,4.78	1000,1 	0
2536    	0.04, 10.58, -7.71 	21.78, -17.80, -8.55 	0.00, -0.00 	12,22,22,83		5.67,4.64	1000,1 	0
2545    	0.10, 10.57, -7.72 	21.81, -17.81, -8.56 	0.00, -0.00 	12,22,22,92		5.84,3.66	1000,1 	0
2554    	0.15, 10.54, -7.73 	21.76, -17.83, -8.55 	0.00, -0.00 	12,22,22,102		5.67,6.10	1000,1 	0
2563    	0.18, 10.53, -7.75 	21.72, -17.82, -8.54 	0.00, -0.00 	12,22,22,112		3.62,3.66	1000,1 	0
2572    	0.22, 10.50, -7.75 	21.71, -17.85, -8.56 	0.00, -0.00 	12,22,22,121		4.77,3.28	1000,1 	0
2581    	0.28, 10.46, -7.75 	21.75, -17.88, -8.55 	0.00, -0.00 	12,22,22,131		7.25,4.73	1000,1 	0
2590    	0.35, 10.45, -7.77 	21.74, -17.87, -8.55 	0.00, -0.00 	12,22,22,141		7.24,1.58	1000,1 	0
2599    	0.44, 10.40, -7.78 	21.77, -17.89, -8.53 	0.00, -0.00 	12,22,22,150		9.77,4.10	1000,1 	0
2608    	0.54, 10.40, -7.77 	21.76, -17.92, -8.52 	0.00, -0.00 	12,22,22,160		10.35,3.28	1000,1 	0
2617    	0.59, 10.42, -7.76 	21.76, -17.99, -8.52 	0.00, -0.00 	12,22,22,170		5.97,7.30	1000,1 	0
2626    	0.65, 10.48, -7.75 	21.78, -18.05, -8.49 	0.00, -0.00 	12,22,22,179		7.58,6.68	1000,1 	0
2635    	0.66, 10.51, -7.74 	21.77, -18.06, -8.49 	0.00, -0.00 	12,22,22,189		3.81,1.16	1000,1 	0
2644    	0.65, 10.50, -7.73 	21.70, -18.03, -8.48 	0.00, -0.00 	12,22,22,199		1.52,7.70	1000,1 	0
2653    	0.63, 10.49, -7.73 	21.73, -18.06, -8.49 	0.00, -0.00 	12,22,22,209		2.46,3.92	1000,1 	0
2662    	0.61, 10.48, -7.74 	21.73, -18.09, -8.51 	0.00, -0.00 	12,22,22,218		2.28,3.10	1000,1 	0
2671    	0.64, 10.47, -7.73 	21.76, -18.04, -8.52 	0.00, -0.00 	12,22,22,228		3.18,6.15	1000,1 	0
2680    	0.61, 10.44, -7.73 	21.76, -18.01, -8.50 	0.00, -0.00 	12,22,22,238		3.03,2.07	1000,1 	0
2689    	0.61, 10.45, -7.73 	21.80, -18.02, -8.49 	0.00, -0.00 	12,22,22,247		1.06,4.78	1000,1 	0
2698    	0.58, 10.45, -7.73 	21.82, -18.03, -8.49 	0.00, -0.00 	12,22,22,257		3.41,1.58	1000,1 	0
2707    	0.58, 10.44, -7.73 	21.84, -17.99, -8.48 	0.00, -0.00 	12,22,22,267		1.06,4.68	1000,1 	0
2716    	0.57, 10.45, -7.73 	21.80, -18.00, -8.46 	0.00, -0.00 	12,22,22,276		1.59,3.60	1000,1 	0
2725    	0.53, 10.47, -7.74 	21.78, -17.99, -8.46 	0.00, -0.00 	12,22,22,286		4.10,2.57	1000,1 	0
2734    	0.49, 10.47, -7.73 	21.77, -18.00, -8.47 	0.00, -0.00 	12,22,22,296		4.55,1.53	1000,1 	0
2743    	0.44, 10.46, -7.73 	21.79, -18.00, -8.46 	0.00, -0.00 	12,22,22,305		4.55,2.32	1000,1 	0
2752    	0.40, 10.45, -7.73 	21.79, -18.02, -8.46 	0.00, -0.00 	12,22,22,315		4.62,2.07	1000,1 	0
2761    	0.39, 10.43, -7.71 	21.75, -18.10, -8.46 	0.00, -0.00 	12,22,22,325		2.35,8.48	1000,1 	0
2770    	0.39, 10.42, -7.71 	21.77, -18.09, -8.48 	0.00, -0.00 	12,22,22,334		1.06,2.51	1000,1 	0
2779    	0.38, 10.39, -7.71 	21.70, -18.13, -8.48 	0.00, -0.00 	12,22,22,344		3.32,9.00	1000,1 	0
2788    	0.39, 10.42, -7.72 	21.78, -18.16, -8.46 	0.00, -0.00 	12,22,22,354		3.32,8.77	1000,1 	0
2797    	0.37, 10.39, -7.71 	21.79, -18.17, -8.46 	0.00, -0.00 	12,22,22,363		3.81,1.57	1000,1 	0
2806    	0.36, 10.38, -7.71 	21.80, -18.17, -8.45 	0.00, -0.00 	12,22,22,373		1.14,1.16	1000,1 	0
2815    	0.35, 10.39, -7.73 	21.76, -18.22, -8.43 	0.00, -0.00 	12,22,22,383		1.59,6.84	1000,1 	0
2824    	0.34, 10.38, -7.73 	21.79, -18.17, -8.43 	0.00, -0.00 	12,22,22,392		1.52,6.15	1000,1 	0
2833    	0.28, 10.37, -7.71 	21.69, -18.21, -8.41 	0.00, -0.00 	12,22,22,402		5.74,11.11	1000,1 	0
2842    	0.30, 10.36, -7.72 	21.73, -18.24, -8.42 	0.00, -0.00 	12,22,22,412		2.56,4.73	1000,1 	0
2851    	0.26, 10.33, -7.73 	21.70, -18.24, -8.42 	0.00, -0.00 	12,22,22,421		5.42,2.32	1000,1 	0
2860    	0.26, 10.30, -7.73 	21.77, -18.24, -8.43 	0.00, -0.00 	12,22,22,431		2.12,6.96	1000,1 	0
2869    	0.27, 10.26, -7.74 	21.82, -18.22, -8.42 	0.00, -0.00 	12,22,22,441		4.23,5.02	1000,1 	0
2878    	0.27, 10.22, -7.75 	21.84, -18.24, -8.42 	0.00, -0.00 	12,22,22,451		4.23,3.15	1000,1 	0
2887    	0.28, 10.19, -7.77 	21.86, -18.25, -8.42 	0.00, -0.00 	12,22,22,460		3.17,1.58	1000,1 	0
2896    	0.32, 10.12, -7.80 	21.88, -18.25, -8.41 	0.00, -0.00 	12,22,22,470		8.30,2.32	1000,1 	0
2905    	0.32, 10.00, -7.84 	21.83, -18.25, -8.42 	0.00, -0.00 	12,22,22,480		11.63,4.64	1000,1 	0
2914    	0.29, 9.84, -7.87 	21.83, -18.28, -8.40 	0.00, -0.00 	12,22,22,489		16.29,3.10	1000,1 	0
2923    	0.29, 9.62, -7.88 	21.84, -18.31, -8.41 	0.00, -0.00 	12,22,22,499		22.22,3.10	1000,1 	0
2932    	0.25, 9.27, -7.88 	21.83, -18.32, -8.41 	0.00, -0.00 	12,22,22,509		35.42,1.53	1000,1 	0
2941    	0.27, 8.90, -7.85 	21.82, -18.38, -8.38 	0.00, -0.00 	12,22,22,518		36.98,6.28	1000,1 	0
2950    	0.30, 8.50, -7.84 	21.90, -18.41, -8.39 	0.00, -0.00 	12,22,22,528		40.15,8.77	1000,1 	0
2959    	0.34, 8.07, -7.83 	21.95, -18.48, -8.37 	0.00, -0.00 	12,22,22,538		43.32,8.70	1000,1 	0
2968    	0.34, 7.63, -7.86 	21.98, -18.58, -8.34 	0.00, -0.00 	12,22,22,547		43.38,10.66	1000,1 	0
2977    	0.26, 7.21, -7.87 	22.00, -18.84, -8.23 	0.00, -0.00 	12,22,22,557		42.52,25.84	1000,1 	0
2986    	0.15, 6.82, -7.88 	22.09, -19.14, -8.17 	0.00, -0.00 	12,22,22,567		41.16,30.96	1000,1 	0
2995    	0.13, 6.49, -7.90 	22.08, -19.45, -8.08 	0.00, -0.00 	12,22,22,576		33.00,31.11	1000,1 	0
3004    	0.14, 6.11, -7.89 	22.06, -19.79, -8.02 	0.00, -0.00 	12,22,22,586		38.06,34.29	1000,1 	0
3013    	0.13, 5.71, -7.91 	21.93, -20.16, -7.92 	0.00, -0.00 	12,22,22,596		39.27,38.79	1000,1 	0
3022    	0.12, 5.30, -7.95 	21.90, -20.45, -7.82 	0.00, -0.00 	12,22,22,605		41.28,29.36	1000,1 	0
3031    	0.15, 4.87, -7.99 	21.97, -20.78, -7.75 	0.00, -0.00 	12,22,22,615		43.31,33.53	1000,1 	0
3040    	0.21, 4.49, -8.04 	22.26, -21.17, -7.60 	0.00, -0.00 	12,22,22,625		38.25,48.96	1000,1 	0
3049    	0.23, 4.07, -8.07 	22.45, -21.55, -7.47 	0.00, -0.00 	12,22,22,634		42.28,42.93	1000,1 	0
3058    	0.23, 3.61, -8.10 	22.46, -21.63, -7.27 	0.00, -0.00 	12,22,22,644		45.48,8.27	1000,1 	0
3067    	0.36, 3.23, -8.13 	22.46, -21.85, -7.04 	0.00, -0.00 	12,22,22,654		40.60,21.71	1000,1 	0
3076    	0.36, 2.94, -8.19 	22.51, -21.92, -6.92 	0.00, -0.00 	12,22,22,664		28.59,8.70	1000,1 	0
3085    	0.28, 2.64, -8.22 	22.57, -21.92, -6.82 	0.00, -0.00 	12,22,22,673		31.21,5.80	1000,1 	0
3094    	0.25, 2.41, -8.28 	22.51, -21.95, -6.74 	0.00, -0.00 	12,22,22,683		23.69,7.54	1000,1 	0
3103    	0.09, 2.15, -8.33 	22.30, -22.01, -6.69 	0.00, -0.00 	12,22,22,693		30.52,21.36	1000,1 	0
3112    	-0.00, 1.76, -8.36 	22.09, -22.11, -6.59 	0.00, -0.00 	12,22,22,702		39.83,23.31	1000,1 	0
3121    	-0.17, 1.39, -8.41 	21.88, -22.21, -6.47 	0.00, -0.00 	12,22,22,712		40.52,22.61	1000,1 	0
3130    	-0.20, 0.97, -8.42 	21.84, -22.24, -6.42 	0.00, -0.00 	12,22,22,722		41.63,5.51	1000,1 	0
3139    	-0.14, 0.63, -8.42 	21.80, -22.27, -6.35 	0.00, -0.00 	12,22,22,731		35.08,5.50	1000,1 	0
3148    	-0.05, 0.41, -8.36 	21.89, -22.26, -6.24 	0.00, -0.00 	12,22,22,741		23.55,9.30	1000,1 	0
3157    	0.04, 0.30, -8.29 	21.96, -22.27, -6.21 	0.00, -0.00 	12,22,22,751		14.41,7.06	1000,1 	0
3166    	0.13, 0.26, -8.24 	22.06, -22.22, -6.16 	0.00, -0.00 	12,22,22,760		9.20,11.11	1000,1 	0
3175    	0.22, 0.23, -8.20 	21.88, -22.27, -6.08 	0.00, -0.00 	12,22,22,770		10.22,18.89	1000,1 	0
3184    	0.40, 0.23, -8.14 	21.85, -22.33, -6.05 	0.00, -0.00 	12,22,22,780		18.29,7.02	1000,1 	0
3193    	0.63, 0.28, -8.09 	21.81, -22.34, -6.02 	0.00, -0.00 	12,22,22,789		22.95,3.48	1000,1 	0
3202    	1.05, 0.29, -7.96 	21.65, -22.35, -5.96 	0.00, -0.00 	12,22,22,799		42.26,16.23	1000,1 	0
