#Time 	Sensor1         Sensor2         Target          Time            Vel             
#================================================================

15      	0.63, 0.63, -7.88 	24.98, -20.78, -7.87 	0.00, 20.00 	12,20,29,429		0.00,0.00	0,0 	0
24      	0.62, 0.64, -7.88 	24.86, -20.81, -7.84 	0.00, 20.00 	12,20,29,438		1.77,13.02	0,0 	0
33      	0.61, 0.66, -7.89 	24.86, -20.79, -7.84 	0.00, 20.00 	12,20,29,448		2.72,2.30	0,0 	0
42      	0.66, 0.66, -7.89 	24.79, -20.80, -7.84 	0.00, 20.00 	12,20,29,458		5.25,7.78	0,0 	0
51      	0.65, 0.67, -7.88 	24.81, -20.83, -7.81 	0.00, 20.00 	12,20,29,467		1.18,3.71	0,0 	0
60      	0.66, 0.63, -7.87 	24.79, -20.83, -7.79 	0.00, 20.00 	12,20,29,477		3.53,1.29	0,0 	0
69      	0.68, 0.60, -7.87 	24.82, -20.83, -7.76 	0.00, 20.00 	12,20,29,487		4.44,2.58	0,0 	0
78      	0.67, 0.59, -7.87 	24.75, -20.84, -7.76 	0.00, 20.00 	12,20,29,496		1.68,7.78	0,0 	0
87      	0.69, 0.57, -7.88 	24.78, -20.83, -7.76 	0.00, 20.00 	12,20,29,506		2.72,4.00	0,0 	0
96      	0.69, 0.58, -7.88 	24.78, -20.83, -7.76 	0.00, 20.00 	12,20,29,516		1.18,0.00	0,0 	0
105     	0.63, 0.57, -7.88 	24.71, -20.84, -7.76 	0.00, 20.00 	12,20,29,525		6.37,7.78	0,0 	0
114     	0.56, 0.57, -7.87 	24.78, -20.80, -7.76 	0.00, 20.00 	12,20,29,535		7.59,8.88	0,0 	0
123     	0.59, 0.57, -7.84 	24.79, -20.78, -7.77 	0.00, 20.00 	12,20,29,545		2.53,2.60	0,0 	0
132     	0.50, 0.58, -7.84 	24.77, -20.80, -7.79 	0.00, 20.00 	12,20,29,554		9.27,3.40	0,0 	0
141     	0.49, 0.61, -7.84 	24.73, -20.79, -7.78 	0.00, 20.00 	12,20,29,564		3.80,4.06	0,0 	0
150     	0.49, 0.59, -7.84 	24.67, -20.81, -7.79 	0.00, 20.00 	12,20,29,574		2.35,7.78	0,0 	0
159     	0.48, 0.60, -7.84 	24.73, -20.79, -7.79 	0.00, 20.00 	12,20,29,583		1.77,7.78	0,0 	0
168     	0.48, 0.59, -7.83 	24.78, -20.78, -7.78 	0.00, 20.00 	12,20,29,593		1.18,5.25	0,0 	0
177     	0.47, 0.54, -7.83 	24.77, -20.81, -7.77 	0.00, 20.00 	12,20,29,603		5.95,3.64	0,0 	0
186     	0.47, 0.54, -7.84 	24.71, -20.83, -7.76 	0.00, 20.00 	12,20,29,613		0.00,6.78	0,0 	0
195     	0.44, 0.56, -7.85 	24.70, -20.86, -7.77 	0.00, 20.00 	12,20,29,622		4.56,2.60	0,0 	0
204     	0.40, 0.55, -7.86 	24.73, -20.83, -7.75 	0.00, 20.00 	12,20,29,632		3.92,3.40	0,0 	0
213     	0.41, 0.53, -7.84 	24.74, -20.83, -7.76 	0.00, 20.00 	12,20,29,642		1.18,1.29	0,0 	0
222     	0.31, 0.53, -7.86 	24.68, -20.86, -7.75 	0.00, 20.00 	12,20,29,651		10.12,6.78	0,0 	0
231     	0.27, 0.52, -7.86 	24.71, -20.82, -7.75 	0.00, 20.00 	12,20,29,661		5.14,5.10	0,0 	0
240     	0.27, 0.45, -7.86 	24.65, -20.77, -7.77 	0.00, 20.00 	12,20,29,671		7.10,8.75	0,0 	0
249     	0.22, 0.45, -7.88 	24.63, -20.78, -7.77 	0.00, 20.00 	12,20,29,680		5.06,2.58	0,0 	0
258     	0.19, 0.38, -7.85 	24.62, -20.78, -7.77 	0.00, 20.00 	12,20,29,690		7.84,1.29	0,0 	0
267     	0.17, 0.35, -7.84 	24.66, -20.79, -7.76 	0.00, 20.00 	12,20,29,700		4.24,5.70	0,0 	0
276     	0.15, 0.33, -7.83 	24.70, -20.78, -7.75 	0.00, 20.00 	12,20,29,709		3.37,4.00	0,0 	0
285     	0.14, 0.29, -7.82 	24.69, -20.73, -7.74 	0.00, 20.00 	12,20,29,719		5.23,5.74	0,0 	0
294     	0.11, 0.33, -7.83 	24.68, -20.79, -7.74 	0.00, 20.00 	12,20,29,729		5.44,7.29	0,0 	0
303     	0.13, 0.34, -7.83 	24.64, -20.80, -7.72 	0.00, 20.00 	12,20,29,738		2.74,3.86	0,0 	0
312     	0.10, 0.41, -7.81 	24.60, -20.82, -7.73 	0.00, 20.00 	12,20,29,748		8.72,5.58	0,0 	0
321     	0.04, 0.43, -7.84 	24.55, -20.81, -7.73 	0.00, 20.00 	12,20,29,758		6.85,5.31	0,0 	0
330     	0.07, 0.44, -7.84 	24.48, -20.85, -7.72 	0.00, 20.00 	12,20,29,767		3.92,8.88	0,0 	0
339     	0.08, 0.38, -7.83 	24.48, -20.82, -7.71 	0.00, 20.00 	12,20,29,777		7.05,3.45	0,0 	0
348     	0.04, 0.30, -7.85 	24.53, -20.87, -7.70 	0.00, 20.00 	12,20,29,787		9.45,7.82	0,0 	0
357     	0.03, 0.28, -7.81 	24.49, -20.85, -7.68 	0.00, 20.00 	12,20,29,796		2.61,4.55	0,0 	0
366     	0.03, 0.27, -7.82 	24.50, -20.82, -7.66 	0.00, 20.00 	12,20,29,806		1.18,3.64	0,0 	0
375     	0.03, 0.29, -7.82 	24.55, -20.83, -7.66 	0.00, 20.00 	12,20,29,816		2.35,5.31	0,0 	0
384     	0.02, 0.34, -7.83 	24.53, -20.87, -7.64 	0.00, 20.00 	12,20,29,825		6.07,5.20	0,0 	0
393     	0.06, 0.37, -7.83 	24.51, -20.87, -7.64 	0.00, 20.00 	12,20,29,835		5.47,2.58	0,0 	0
402     	0.05, 0.43, -7.82 	24.40, -20.89, -7.64 	0.00, 20.00 	12,20,29,845		7.05,11.62	0,0 	0
411     	-0.02, 0.46, -7.82 	24.43, -20.88, -7.66 	0.00, 20.00 	12,20,29,855		8.52,2.79	0,0 	0
420     	-0.03, 0.47, -7.79 	24.31, -20.87, -7.66 	0.00, 20.00 	12,20,29,864		1.77,12.97	0,0 	0
429     	-0.03, 0.44, -7.79 	24.36, -20.86, -7.68 	0.00, 20.00 	12,20,29,874		2.35,5.25	0,0 	0
438     	-0.04, 0.42, -7.82 	24.41, -20.86, -7.66 	0.00, 20.00 	12,20,29,884		2.61,6.44	0,0 	0
447     	0.02, 0.37, -7.82 	24.44, -20.89, -7.66 	0.00, 20.00 	12,20,29,893		8.83,4.36	0,0 	0
456     	0.01, 0.32, -7.83 	24.47, -20.90, -7.65 	0.00, 20.00 	12,20,29,903		6.28,4.06	0,0 	0
465     	0.05, 0.24, -7.83 	24.46, -20.88, -7.63 	0.00, 20.00 	12,20,29,913		10.30,2.67	0,0 	0
474     	0.06, 0.23, -7.84 	24.51, -20.94, -7.62 	0.00, 20.00 	12,20,29,922		1.77,8.72	0,0 	0
483     	0.05, 0.20, -7.82 	24.48, -20.93, -7.61 	0.00, 20.00 	12,20,29,932		3.69,4.06	0,0 	0
492     	-0.09, 0.18, -7.77 	24.48, -20.93, -7.61 	0.00, 20.00 	12,20,29,942		16.42,0.00	0,0 	0
501     	-0.07, 0.16, -7.76 	24.46, -20.92, -7.62 	0.00, 20.00 	12,20,29,951		3.53,1.75	0,0 	0
510     	-0.11, 0.22, -7.73 	24.43, -20.92, -7.59 	0.00, 20.00 	12,20,29,961		8.16,3.86	0,0 	0
519     	0.02, 0.32, -7.75 	24.41, -20.91, -7.62 	0.00, 20.00 	12,20,29,971		18.07,2.85	0,0 	0
528     	0.03, 0.27, -7.74 	24.40, -20.89, -7.63 	0.00, 20.00 	12,20,29,980		6.07,2.30	0,0 	0
537     	0.01, 0.16, -7.74 	24.43, -20.92, -7.63 	0.00, 20.00 	12,20,29,990		12.17,4.36	0,0 	0
546     	-0.03, 0.12, -7.74 	24.38, -20.94, -7.65 	0.00, 20.00 	12,20,29,0		6.74,5.58	0,0 	0
555     	0.03, 0.12, -7.69 	24.41, -20.97, -7.59 	0.00, 20.00 	12,20,30,9		6.32,4.36	0,0 	0
564     	0.07, 0.19, -7.73 	24.43, -20.98, -7.60 	0.00, 20.00 	12,20,30,19		8.48,2.85	0,0 	0
573     	0.22, 0.33, -7.77 	24.42, -20.97, -7.58 	0.00, 20.00 	12,20,30,29		23.78,1.75	0,0 	0
582     	0.32, 0.46, -7.84 	24.39, -21.03, -7.56 	0.00, 20.00 	12,20,30,38		17.64,7.80	0,0 	0
591     	0.37, 0.62, -7.87 	24.38, -21.00, -7.58 	0.00, 20.00 	12,20,30,48		18.85,3.71	0,0 	0
600     	0.52, 0.85, -7.89 	24.34, -21.00, -7.60 	0.00, 20.00 	12,20,30,58		30.39,4.06	0,0 	0
609     	0.59, 0.93, -7.89 	24.35, -20.97, -7.58 	0.00, 20.00 	12,20,30,67		11.79,2.60	0,0 	0
618     	0.56, 0.90, -7.87 	24.35, -20.96, -7.58 	0.00, 20.00 	12,20,30,77		4.37,1.15	0,0 	0
627     	0.46, 0.80, -7.87 	24.38, -20.98, -7.60 	0.00, 20.00 	12,20,30,87		16.09,3.50	0,0 	0
636     	0.48, 0.75, -7.88 	24.32, -21.02, -7.57 	0.00, 20.00 	12,20,30,96		6.51,7.22	0,0 	0
645     	0.48, 0.73, -7.90 	24.31, -21.02, -7.56 	0.00, 20.00 	12,20,30,106		2.61,1.29	0,0 	0
654     	0.48, 0.73, -7.91 	24.31, -21.06, -7.56 	0.00, 20.00 	12,20,30,116		0.00,4.59	0,0 	0
663     	0.43, 0.75, -7.92 	24.34, -21.03, -7.56 	0.00, 20.00 	12,20,30,125		5.68,5.10	0,0 	0
672     	0.41, 0.80, -7.95 	24.34, -21.04, -7.56 	0.00, 20.00 	12,20,30,135		6.07,1.15	0,0 	0
681     	0.38, 0.80, -7.93 	24.27, -21.02, -7.54 	0.00, 20.00 	12,20,30,145		3.79,8.13	0,0 	0
690     	0.41, 0.85, -7.95 	24.22, -21.04, -7.55 	0.00, 20.00 	12,20,30,155		6.84,6.78	0,0 	0
699     	0.39, 0.87, -7.95 	24.20, -21.01, -7.55 	0.00, 20.00 	12,20,30,164		2.72,3.71	0,0 	0
708     	0.45, 0.89, -7.95 	24.19, -21.01, -7.55 	0.00, 20.00 	12,20,30,174		6.37,1.29	0,0 	0
717     	0.48, 0.92, -7.96 	24.19, -20.98, -7.54 	0.00, 20.00 	12,20,30,184		5.05,3.45	0,0 	0
726     	0.43, 0.93, -7.97 	24.23, -20.99, -7.55 	0.00, 20.00 	12,20,30,193		5.25,4.06	0,0 	0
735     	0.51, 0.94, -7.96 	24.25, -20.99, -7.56 	0.00, 20.00 	12,20,30,203		8.87,2.58	0,0 	0
744     	0.47, 0.96, -7.99 	24.31, -20.98, -7.57 	0.00, 20.00 	12,20,30,213		4.56,6.51	0,0 	0
753     	0.52, 0.99, -7.99 	24.31, -21.00, -7.58 	0.00, 20.00 	12,20,30,222		5.47,2.30	0,0 	0
762     	0.58, 1.05, -8.02 	24.38, -20.98, -7.58 	0.00, 20.00 	12,20,30,232		10.11,7.78	0,0 	0
771     	0.63, 1.20, -8.03 	24.38, -21.01, -7.56 	0.00, 20.00 	12,20,30,242		17.78,3.45	0,0 	0
780     	0.61, 1.35, -8.05 	24.40, -21.02, -7.55 	0.00, 20.00 	12,20,30,251		16.45,2.85	0,0 	0
789     	0.67, 1.58, -8.09 	24.35, -20.97, -7.57 	0.00, 20.00 	12,20,30,261		25.81,7.82	0,0 	0
798     	0.83, 1.86, -8.12 	24.41, -20.98, -7.60 	0.00, 20.00 	12,20,30,271		36.50,6.57	0,0 	0
807     	1.02, 2.16, -8.13 	24.34, -20.97, -7.61 	0.00, 20.00 	12,20,30,280		38.87,7.85	0,0 	0
816     	1.20, 2.51, -8.19 	24.43, -20.92, -7.60 	0.00, 20.00 	12,20,30,290		43.64,11.65	0,0 	0
825     	1.36, 2.72, -8.22 	24.40, -20.90, -7.64 	0.00, 20.00 	12,20,30,300		29.40,3.50	0,0 	0
834     	1.46, 3.00, -8.24 	24.45, -20.86, -7.65 	0.00, 20.00 	12,20,30,309		33.45,6.81	0,0 	0
843     	1.58, 3.38, -8.28 	24.55, -20.85, -7.66 	0.00, 20.00 	12,20,30,319		43.99,11.59	0,0 	0
852     	1.69, 3.81, -8.32 	24.67, -20.83, -7.66 	0.00, 20.00 	12,20,30,329		49.42,13.02	0,0 	0
861     	1.81, 4.24, -8.35 	24.64, -20.79, -7.67 	0.00, 20.00 	12,20,30,339		49.42,5.33	0,0 	0
870     	1.90, 4.73, -8.37 	24.64, -20.79, -7.69 	0.00, 20.00 	12,20,30,348		55.74,0.00	0,0 	0
879     	2.02, 5.15, -8.36 	24.59, -20.76, -7.77 	0.00, 20.00 	12,20,30,358		48.33,6.28	0,0 	0
888     	2.09, 5.51, -8.38 	24.60, -20.70, -7.80 	0.00, 20.00 	12,20,30,368		40.21,5.85	0,0 	0
897     	2.20, 5.79, -8.39 	24.69, -20.67, -7.89 	0.00, 20.00 	12,20,30,377		33.45,10.77	0,0 	0
906     	2.22, 5.98, -8.37 	24.84, -20.56, -8.02 	0.00, 20.00 	12,20,30,387		21.51,21.10	0,0 	0
915     	2.29, 6.22, -8.38 	25.00, -20.51, -8.11 	0.00, 20.00 	12,20,30,397		27.30,18.48	0,0 	0
924     	2.39, 6.51, -8.41 	25.15, -20.49, -8.22 	0.00, 20.00 	12,20,30,406		34.51,16.75	0,0 	0
933     	2.42, 6.91, -8.46 	25.37, -20.45, -8.33 	0.00, 20.00 	12,20,30,416		44.93,24.62	0,0 	0
942     	2.41, 7.38, -8.46 	25.60, -20.53, -8.43 	0.00, 20.00 	12,20,30,426		51.71,26.39	0,0 	0
951     	2.48, 7.89, -8.46 	25.69, -20.65, -8.53 	0.00, 20.00 	12,20,30,435		57.44,16.68	0,0 	0
960     	2.47, 8.36, -8.44 	25.77, -20.67, -8.68 	0.00, 20.00 	12,20,30,445		52.83,9.74	0,0 	0
969     	2.44, 8.78, -8.41 	25.73, -20.62, -8.82 	0.00, 20.00 	12,20,30,455		45.78,7.01	0,0 	0
978     	2.42, 9.07, -8.35 	25.75, -20.44, -9.02 	0.00, 20.00 	12,20,30,464		32.87,20.92	0,0 	0
987     	2.40, 9.31, -8.35 	25.85, -20.31, -9.18 	0.00, 20.00 	12,20,30,474		27.03,17.76	0,0 	0
996     	2.46, 9.55, -8.37 	26.01, -20.28, -9.35 	0.00, 20.00 	12,20,30,484		27.30,18.12	0,0 	0
1005    	2.44, 9.81, -8.35 	26.25, -19.81, -9.44 	0.00, 20.00 	12,20,30,493		29.34,59.47	1000,1 	0
1014    	2.47, 10.13, -8.33 	26.49, -19.39, -9.49 	0.00, 20.00 	12,20,30,503		35.51,53.00	1000,1 	0
1023    	2.44, 10.52, -8.34 	26.58, -19.04, -9.51 	0.00, 20.00 	12,20,30,513		43.44,40.77	1000,1 	0
1032    	2.42, 10.90, -8.34 	26.76, -18.74, -9.49 	0.00, 20.00 	12,20,30,522		42.26,38.39	1000,1 	0
1041    	2.32, 11.29, -8.34 	26.85, -18.49, -9.51 	0.00, 20.00 	12,20,30,532		44.23,29.60	1000,1 	0
1050    	2.16, 11.69, -8.31 	26.77, -18.21, -9.55 	0.00, 20.00 	12,20,30,542		48.12,31.85	1000,1 	0
1059    	2.09, 12.04, -8.32 	26.63, -17.90, -9.58 	0.00, 20.00 	12,20,30,551		39.14,38.21	1000,1 	0
1068    	2.01, 12.33, -8.32 	26.50, -17.70, -9.60 	0.00, 20.00 	12,20,30,561		33.53,26.65	1000,1 	0
1077    	1.99, 12.62, -8.31 	26.31, -17.36, -9.66 	0.00, 20.00 	12,20,30,571		32.87,42.43	1000,1 	0
1086    	1.94, 12.88, -8.29 	26.31, -17.11, -9.73 	0.00, 20.00 	12,20,30,580		29.61,27.56	1000,1 	0
1095    	1.95, 13.15, -8.27 	26.39, -16.85, -9.80 	0.00, 20.00 	12,20,30,590		29.57,30.66	1000,1 	0
1104    	1.96, 13.43, -8.28 	26.45, -16.65, -9.87 	0.00, 20.00 	12,20,30,600		31.77,22.94	1000,1 	0
1113    	1.94, 13.71, -8.27 	26.56, -16.43, -9.87 	0.00, 20.00 	12,20,30,610		30.52,27.62	1000,1 	0
1122    	1.93, 14.00, -8.25 	26.56, -16.16, -9.89 	0.00, 20.00 	12,20,30,619		32.88,29.90	1000,1 	0
1131    	1.88, 14.37, -8.24 	26.54, -15.84, -9.94 	0.00, 20.00 	12,20,30,629		41.21,35.60	1000,1 	0
1140    	1.91, 14.78, -8.21 	26.52, -15.51, -9.99 	0.00, 20.00 	12,20,30,639		45.10,36.75	1000,1 	0
1149    	1.91, 15.14, -8.17 	26.36, -15.23, -10.02 	0.00, 20.00 	12,20,30,648		39.95,36.08	1000,1 	0
1158    	1.92, 15.41, -8.13 	26.16, -14.90, -10.07 	0.00, 20.00 	12,20,30,658		30.73,43.03	1000,1 	0
1167    	1.90, 15.64, -8.09 	26.00, -14.53, -10.11 	0.00, 20.00 	12,20,30,668		25.85,44.09	1000,1 	0
1176    	1.87, 15.86, -8.04 	25.97, -14.15, -10.18 	0.00, 20.00 	12,20,30,677		24.68,42.55	1000,1 	0
1185    	1.84, 16.06, -7.98 	26.01, -13.86, -10.25 	0.00, 20.00 	12,20,30,687		22.42,32.86	1000,1 	0
1194    	1.83, 16.31, -7.95 	26.07, -13.70, -10.27 	0.00, 20.00 	12,20,30,697		27.00,18.68	1000,1 	0
1203    	1.79, 16.56, -7.93 	26.13, -13.56, -10.26 	0.00, 20.00 	12,20,30,706		28.29,16.62	1000,1 	0
1212    	1.77, 16.82, -7.91 	26.15, -13.45, -10.24 	0.00, 20.00 	12,20,30,716		29.34,12.82	1000,1 	0
1221    	1.72, 17.09, -7.88 	26.16, -13.26, -10.23 	0.00, 20.00 	12,20,30,726		30.78,20.76	1000,1 	0
1230    	1.67, 17.34, -7.86 	26.07, -13.07, -10.23 	0.00, 20.00 	12,20,30,735		28.44,23.36	1000,1 	0
1239    	1.62, 17.58, -7.84 	26.04, -12.87, -10.23 	0.00, 20.00 	12,20,30,745		27.27,23.19	1000,1 	0
1248    	1.57, 17.82, -7.84 	25.92, -12.69, -10.23 	0.00, 20.00 	12,20,30,755		27.27,22.99	1000,1 	0
1257    	1.50, 18.02, -7.83 	25.80, -12.52, -10.22 	0.00, 20.00 	12,20,30,764		23.13,22.99	1000,1 	0
1266    	1.44, 18.17, -7.82 	25.67, -12.28, -10.21 	0.00, 20.00 	12,20,30,774		17.44,30.76	1000,1 	0
1275    	1.36, 18.35, -7.83 	25.70, -12.05, -10.23 	0.00, 20.00 	12,20,30,784		22.36,25.64	1000,1 	0
1284    	1.31, 18.50, -7.82 	25.65, -11.88, -10.21 	0.00, 20.00 	12,20,30,794		17.06,20.01	1000,1 	0
1293    	1.25, 18.68, -7.82 	25.66, -11.71, -10.20 	0.00, 20.00 	12,20,30,803		21.98,18.48	1000,1 	0
1302    	1.17, 18.87, -7.80 	25.63, -11.59, -10.20 	0.00, 20.00 	12,20,30,813		22.36,14.09	1000,1 	0
1311    	1.15, 19.07, -7.79 	25.67, -11.52, -10.19 	0.00, 20.00 	12,20,30,823		22.33,9.43	1000,1 	0
1320    	1.10, 19.26, -7.76 	25.62, -11.45, -10.17 	0.00, 20.00 	12,20,30,832		21.42,9.67	1000,1 	0
1329    	1.02, 19.42, -7.72 	25.58, -11.32, -10.16 	0.00, 20.00 	12,20,30,842		20.61,14.42	1000,1 	0
1338    	0.96, 19.55, -7.70 	25.47, -11.14, -10.15 	0.00, 20.00 	12,20,30,852		16.32,23.36	1000,1 	0
1347    	0.88, 19.67, -7.70 	25.31, -10.91, -10.17 	0.00, 20.00 	12,20,30,861		15.30,30.98	1000,1 	0
1356    	0.80, 19.77, -7.69 	25.19, -10.69, -10.19 	0.00, 20.00 	12,20,30,871		14.29,28.10	1000,1 	0
1365    	0.71, 19.84, -7.70 	25.09, -10.55, -10.20 	0.00, 20.00 	12,20,30,881		12.37,19.34	1000,1 	0
1374    	0.64, 19.88, -7.69 	24.91, -10.57, -10.16 	0.00, 20.00 	12,20,30,890		9.82,20.61	1000,1 	0
1383    	0.56, 19.93, -7.68 	24.87, -10.53, -10.14 	0.00, 20.00 	12,20,30,900		9.82,6.09	1000,1 	0
1392    	0.48, 20.02, -7.68 	24.82, -10.44, -10.13 	0.00, 20.00 	12,20,30,910		13.31,11.68	1000,1 	0
1401    	0.40, 20.09, -7.66 	24.82, -10.38, -10.11 	0.00, 20.00 	12,20,30,919		12.37,5.85	1000,1 	0
1410    	0.32, 20.19, -7.66 	24.79, -10.29, -10.11 	0.00, 20.00 	12,20,30,929		14.29,10.72	1000,1 	0
1419    	0.28, 20.33, -7.66 	24.75, -10.20, -10.10 	0.00, 20.00 	12,20,30,939		15.60,11.14	1000,1 	0
1428    	0.22, 20.46, -7.66 	24.74, -10.07, -10.12 	0.00, 20.00 	12,20,30,948		16.32,14.93	1000,1 	0
1437    	0.17, 20.60, -7.66 	24.78, -9.98, -10.12 	0.00, 20.00 	12,20,30,958		15.92,10.41	1000,1 	0
1446    	0.15, 20.70, -7.66 	24.71, -9.93, -10.12 	0.00, 20.00 	12,20,30,968		11.88,9.76	1000,1 	0
1455    	0.15, 20.79, -7.66 	24.69, -9.85, -10.12 	0.00, 20.00 	12,20,30,977		9.42,9.31	1000,1 	0
1464    	0.10, 20.85, -7.65 	24.66, -9.78, -10.12 	0.00, 20.00 	12,20,30,987		8.87,8.51	1000,1 	0
1473    	0.11, 20.92, -7.65 	24.62, -9.70, -10.12 	0.00, 20.00 	12,20,30,997		8.49,10.07	1000,1 	0
1482    	0.09, 21.00, -7.64 	24.68, -9.58, -10.13 	0.00, 20.00 	12,20,31,6		9.55,14.62	1000,1 	0
1491    	0.08, 21.06, -7.63 	24.68, -9.56, -10.13 	0.00, 20.00 	12,20,31,16		5.88,2.30	1000,1 	0
1500    	0.07, 21.11, -7.62 	24.69, -9.49, -10.13 	0.00, 20.00 	12,20,31,26		6.07,8.11	1000,1 	0
1509    	0.05, 21.14, -7.61 	24.67, -9.44, -10.12 	0.00, 20.00 	12,20,31,35		3.80,5.92	1000,1 	0
1518    	0.03, 21.17, -7.61 	24.64, -9.39, -10.11 	0.00, 20.00 	12,20,31,45		4.44,7.01	1000,1 	0
1527    	0.04, 21.17, -7.59 	24.54, -9.34, -10.08 	0.00, 20.00 	12,20,31,55		1.26,11.94	1000,1 	0
1536    	0.02, 21.15, -7.59 	24.48, -9.33, -10.06 	0.00, 20.00 	12,20,31,65		3.37,6.57	1000,1 	0
1545    	0.02, 21.15, -7.58 	24.48, -9.28, -10.06 	0.00, 20.00 	12,20,31,74		0.00,5.74	1000,1 	0
1554    	0.02, 21.14, -7.58 	24.41, -9.25, -10.05 	0.00, 20.00 	12,20,31,84		1.18,8.55	1000,1 	0
1563    	0.02, 21.13, -7.58 	24.41, -9.26, -10.04 	0.00, 20.00 	12,20,31,94		1.18,1.15	1000,1 	0
1572    	0.02, 21.14, -7.58 	24.42, -9.25, -10.03 	0.00, 20.00 	12,20,31,103		1.18,1.70	1000,1 	0
1581    	0.02, 21.11, -7.58 	24.40, -9.28, -10.02 	0.00, 20.00 	12,20,31,113		3.53,3.40	1000,1 	0
1590    	0.04, 21.04, -7.58 	24.41, -9.28, -10.02 	0.00, 20.00 	12,20,31,123		7.22,1.75	1000,1 	0
1599    	0.09, 20.96, -7.58 	24.40, -9.28, -10.02 	0.00, 20.00 	12,20,31,132		10.89,1.75	1000,1 	0
1608    	0.14, 20.93, -7.59 	24.37, -9.31, -9.99 	0.00, 20.00 	12,20,31,142		6.30,4.24	1000,1 	0
1617    	0.18, 20.95, -7.58 	24.40, -9.29, -10.00 	0.00, 20.00 	12,20,31,152		3.92,3.40	1000,1 	0
1626    	0.21, 20.97, -7.59 	24.41, -9.28, -9.99 	0.00, 20.00 	12,20,31,161		4.37,1.29	1000,1 	0
1635    	0.23, 20.96, -7.59 	24.33, -9.30, -9.97 	0.00, 20.00 	12,20,31,171		2.84,9.06	1000,1 	0
1644    	0.24, 20.95, -7.59 	24.33, -9.30, -9.97 	0.00, 20.00 	12,20,31,181		1.77,0.00	1000,1 	0
1653    	0.26, 20.94, -7.59 	24.33, -9.28, -9.97 	0.00, 20.00 	12,20,31,190		1.77,2.30	1000,1 	0
1662    	0.27, 20.93, -7.59 	24.29, -9.28, -9.97 	0.00, 20.00 	12,20,31,200		1.77,3.86	1000,1 	0
1671    	0.28, 20.93, -7.59 	24.30, -9.28, -9.96 	0.00, 20.00 	12,20,31,210		1.26,1.29	1000,1 	0
1680    	0.28, 20.93, -7.59 	24.34, -9.26, -9.97 	0.00, 20.00 	12,20,31,219		0.00,4.44	1000,1 	0
1689    	0.29, 20.93, -7.59 	24.34, -9.29, -9.96 	0.00, 20.00 	12,20,31,229		1.26,3.45	1000,1 	0
1698    	0.28, 20.94, -7.59 	24.36, -9.30, -9.95 	0.00, 20.00 	12,20,31,239		1.77,2.85	1000,1 	0
1707    	0.30, 20.93, -7.59 	24.33, -9.32, -9.94 	0.00, 20.00 	12,20,31,248		2.84,4.44	1000,1 	0
1716    	0.29, 20.95, -7.59 	24.32, -9.31, -9.94 	0.00, 20.00 	12,20,31,258		2.72,1.75	1000,1 	0
1725    	0.28, 20.94, -7.59 	24.32, -9.31, -9.93 	0.00, 20.00 	12,20,31,268		1.68,0.00	1000,1 	0
1734    	0.29, 20.94, -7.59 	24.30, -9.30, -9.93 	0.00, 20.00 	12,20,31,278		1.26,1.75	1000,1 	0
1743    	0.29, 20.94, -7.59 	24.28, -9.31, -9.92 	0.00, 20.00 	12,20,31,287		0.00,2.79	1000,1 	0
1752    	0.29, 20.93, -7.59 	24.26, -9.32, -9.93 	0.00, 20.00 	12,20,31,297		1.18,2.79	1000,1 	0
1761    	0.30, 20.93, -7.59 	24.27, -9.33, -9.95 	0.00, 20.00 	12,20,31,307		1.26,1.75	1000,1 	0
1770    	0.33, 20.92, -7.59 	24.26, -9.31, -9.94 	0.00, 20.00 	12,20,31,316		2.84,2.67	1000,1 	0
1779    	0.33, 20.92, -7.59 	24.29, -9.31, -9.94 	0.00, 20.00 	12,20,31,326		0.00,3.86	1000,1 	0
1788    	0.34, 20.92, -7.59 	24.31, -9.29, -9.94 	0.00, 20.00 	12,20,31,336		1.26,3.40	1000,1 	0
1797    	0.33, 20.93, -7.59 	24.30, -9.28, -9.94 	0.00, 20.00 	12,20,31,345		1.77,1.75	1000,1 	0
1806    	0.34, 20.93, -7.59 	24.25, -9.30, -9.94 	0.00, 20.00 	12,20,31,355		1.26,6.78	1000,1 	0
1815    	0.34, 20.93, -7.59 	24.26, -9.31, -9.94 	0.00, -0.00 	12,20,31,374		0.00,1.75	1000,1 	0
1824    	0.35, 20.91, -7.58 	24.26, -9.29, -9.93 	0.00, -0.00 	12,20,31,384		2.72,2.30	1000,1 	0
1833    	0.35, 20.91, -7.59 	24.22, -9.30, -9.93 	0.00, -0.00 	12,20,31,394		0.00,4.00	1000,1 	0
1842    	0.36, 20.92, -7.59 	24.21, -9.31, -9.93 	0.00, -0.00 	12,20,31,403		1.26,1.70	1000,1 	0
1851    	0.35, 20.89, -7.59 	24.22, -9.32, -9.93 	0.00, -0.00 	12,20,31,413		2.61,1.75	1000,1 	0
1860    	0.39, 20.90, -7.59 	24.24, -9.32, -9.93 	0.00, -0.00 	12,20,31,423		3.79,1.29	1000,1 	0
1869    	0.39, 20.88, -7.59 	24.25, -9.32, -9.92 	0.00, -0.00 	12,20,31,432		1.18,1.29	1000,1 	0
1878    	0.40, 20.89, -7.59 	24.19, -9.36, -9.93 	0.00, -0.00 	12,20,31,442		1.26,7.22	1000,1 	0
1887    	0.39, 20.88, -7.59 	24.17, -9.36, -9.93 	0.00, -0.00 	12,20,31,452		1.26,2.58	1000,1 	0
1896    	0.39, 20.87, -7.59 	24.17, -9.33, -9.92 	0.00, -0.00 	12,20,31,461		1.18,3.45	1000,1 	0
1905    	0.37, 20.88, -7.59 	24.16, -9.30, -9.92 	0.00, -0.00 	12,20,31,471		2.84,3.45	1000,1 	0
1914    	0.38, 20.88, -7.58 	24.14, -9.32, -9.91 	0.00, -0.00 	12,20,31,481		1.26,3.40	1000,1 	0
1923    	0.37, 20.88, -7.58 	24.12, -9.34, -9.91 	0.00, -0.00 	12,20,31,490		1.26,3.40	1000,1 	0
1932    	0.37, 20.87, -7.58 	24.10, -9.31, -9.92 	0.00, -0.00 	12,20,31,500		1.18,4.36	1000,1 	0
1941    	0.38, 20.87, -7.59 	24.12, -9.33, -9.92 	0.00, -0.00 	12,20,31,510		1.26,3.50	1000,1 	0
1950    	0.38, 20.86, -7.60 	24.15, -9.31, -9.92 	0.00, -0.00 	12,20,31,520		1.18,4.44	1000,1 	0
1959    	0.37, 20.86, -7.60 	24.14, -9.32, -9.92 	0.00, -0.00 	12,20,31,529		1.26,1.70	1000,1 	0
1968    	0.37, 20.87, -7.60 	24.14, -9.29, -9.93 	0.00, -0.00 	12,20,31,539		1.17,3.45	1000,1 	0
1977    	0.37, 20.86, -7.60 	24.12, -9.30, -9.93 	0.00, -0.00 	12,20,31,549		1.17,2.79	1000,1 	0
1986    	0.37, 20.86, -7.60 	24.10, -9.31, -9.92 	0.00, -0.00 	12,20,31,558		0.00,2.79	1000,1 	0
1995    	0.36, 20.86, -7.60 	24.07, -9.30, -9.92 	0.00, -0.00 	12,20,31,568		1.26,2.85	1000,1 	0
2004    	0.37, 20.87, -7.61 	24.08, -9.29, -9.92 	0.00, -0.00 	12,20,31,578		1.68,1.70	1000,1 	0
2013    	0.36, 20.87, -7.61 	24.12, -9.28, -9.92 	0.00, -0.00 	12,20,31,587		1.26,4.00	1000,1 	0
2022    	0.35, 20.86, -7.61 	24.10, -9.24, -9.93 	0.00, -0.00 	12,20,31,597		1.68,4.81	1000,1 	0
2031    	0.33, 20.86, -7.62 	24.11, -9.23, -9.93 	0.00, -0.00 	12,20,31,607		1.26,1.70	1000,1 	0
2040    	0.32, 20.84, -7.64 	24.11, -9.25, -9.92 	0.00, -0.00 	12,20,31,616		2.61,2.30	1000,1 	0
2049    	0.31, 20.83, -7.65 	24.13, -9.25, -9.92 	0.00, -0.00 	12,20,31,626		1.68,1.29	1000,1 	0
2058    	0.27, 20.82, -7.67 	24.11, -9.25, -9.92 	0.00, -0.00 	12,20,31,636		5.06,1.29	1000,1 	0
2067    	0.26, 20.83, -7.68 	24.14, -9.27, -9.92 	0.00, -0.00 	12,20,31,645		1.77,3.50	1000,1 	0
2076    	0.24, 20.87, -7.69 	24.15, -9.25, -9.91 	0.00, -0.00 	12,20,31,655		3.80,1.70	1000,1 	0
2085    	0.22, 20.87, -7.69 	24.10, -9.25, -9.91 	0.00, -0.00 	12,20,31,665		2.84,5.31	1000,1 	0
2094    	0.22, 20.86, -7.69 	24.11, -9.21, -9.91 	0.00, -0.00 	12,20,31,674		1.18,3.64	1000,1 	0
2103    	0.22, 20.86, -7.68 	24.08, -9.24, -9.90 	0.00, -0.00 	12,20,31,684		0.00,4.44	1000,1 	0
2112    	0.22, 20.86, -7.68 	24.09, -9.24, -9.91 	0.00, -0.00 	12,20,31,694		0.00,1.29	1000,1 	0
2121    	0.22, 20.86, -7.68 	24.10, -9.23, -9.91 	0.00, -0.00 	12,20,31,703		0.00,1.70	1000,1 	0
2130    	0.21, 20.87, -7.68 	24.09, -9.24, -9.90 	0.00, -0.00 	12,20,31,713		1.77,1.70	1000,1 	0
2139    	0.22, 20.87, -7.68 	24.14, -9.23, -9.90 	0.00, -0.00 	12,20,31,723		1.26,5.15	1000,1 	0
2148    	0.23, 20.88, -7.68 	24.09, -9.23, -9.90 	0.00, -0.00 	12,20,31,733		1.26,5.31	1000,1 	0
2157    	0.23, 20.86, -7.68 	24.12, -9.21, -9.89 	0.00, -0.00 	12,20,31,742		1.18,4.00	1000,1 	0
2166    	0.23, 20.86, -7.68 	24.15, -9.20, -9.90 	0.00, -0.00 	12,20,31,752		0.00,2.79	1000,1 	0
2175    	0.22, 20.87, -7.68 	24.14, -9.21, -9.88 	0.00, -0.00 	12,20,31,762		1.77,1.70	1000,1 	0
2184    	0.23, 20.88, -7.67 	24.10, -9.18, -9.90 	0.00, -0.00 	12,20,31,771		1.26,5.25	1000,1 	0
2193    	0.23, 20.89, -7.67 	24.10, -9.21, -9.89 	0.00, -0.00 	12,20,31,781		1.18,2.30	1000,1 	0
2202    	0.24, 20.88, -7.67 	24.06, -9.21, -9.91 	0.00, -0.00 	12,20,31,791		1.77,3.86	1000,1 	0
2211    	0.25, 20.89, -7.67 	24.07, -9.23, -9.90 	0.00, -0.00 	12,20,31,800		1.68,2.30	1000,1 	0
2220    	0.24, 20.88, -7.66 	24.08, -9.23, -9.90 	0.00, -0.00 	12,20,31,810		1.68,1.29	1000,1 	0
2229    	0.26, 20.89, -7.66 	24.08, -9.23, -9.90 	0.00, -0.00 	12,20,31,820		2.74,0.00	1000,1 	0
2238    	0.27, 20.89, -7.66 	24.06, -9.24, -9.89 	0.00, -0.00 	12,20,31,829		1.26,2.79	1000,1 	0
2247    	0.27, 20.89, -7.65 	24.07, -9.23, -9.88 	0.00, -0.00 	12,20,31,839		0.00,1.70	1000,1 	0
2256    	0.28, 20.90, -7.65 	24.09, -9.21, -9.88 	0.00, -0.00 	12,20,31,849		1.68,3.40	1000,1 	0
2265    	0.28, 20.90, -7.65 	24.10, -9.23, -9.88 	0.00, -0.00 	12,20,31,858		0.00,2.67	1000,1 	0
2274    	0.30, 20.90, -7.64 	24.10, -9.22, -9.88 	0.00, -0.00 	12,20,31,868		1.26,1.15	1000,1 	0
2283    	0.30, 20.90, -7.64 	24.08, -9.21, -9.88 	0.00, -0.00 	12,20,31,878		0.00,2.85	1000,1 	0
2292    	0.30, 20.90, -7.64 	24.06, -9.20, -9.88 	0.00, -0.00 	12,20,31,887		0.00,1.75	1000,1 	0
2301    	0.28, 20.90, -7.64 	24.07, -9.22, -9.88 	0.00, -0.00 	12,20,31,897		1.26,2.30	1000,1 	0
2310    	0.30, 20.89, -7.64 	24.04, -9.22, -9.88 	0.00, -0.00 	12,20,31,907		1.77,2.58	1000,1 	0
2319    	0.30, 20.88, -7.64 	24.02, -9.22, -9.88 	0.00, -0.00 	12,20,31,916		1.18,2.58	1000,1 	0
2328    	0.29, 20.87, -7.64 	24.02, -9.22, -9.88 	0.00, -0.00 	12,20,31,926		1.68,0.00	1000,1 	0
2337    	0.30, 20.85, -7.64 	24.03, -9.24, -9.88 	0.00, -0.00 	12,20,31,936		2.72,2.67	1000,1 	0
2346    	0.30, 20.82, -7.64 	24.04, -9.28, -9.87 	0.00, -0.00 	12,20,31,945		3.53,4.59	1000,1 	0
2355    	0.33, 20.72, -7.63 	24.06, -9.28, -9.87 	0.00, -0.00 	12,20,31,955		10.71,2.58	1000,1 	0
2364    	0.33, 20.50, -7.63 	24.06, -9.28, -9.88 	0.00, -0.00 	12,20,31,965		24.68,0.00	1000,1 	0
2373    	0.29, 20.03, -7.62 	24.09, -9.28, -9.87 	0.00, -0.00 	12,20,31,975		52.20,3.86	1000,1 	0
2382    	0.23, 19.64, -7.62 	24.05, -9.29, -9.88 	0.00, -0.00 	12,20,31,984		44.41,5.25	1000,1 	0
2391    	0.24, 19.33, -7.62 	24.01, -9.31, -9.88 	0.00, -0.00 	12,20,31,994		34.05,4.44	1000,1 	0
2400    	0.22, 19.01, -7.61 	24.01, -9.35, -9.88 	0.00, -0.00 	12,20,31,4		35.51,4.74	1000,1 	0
2409    	0.20, 18.67, -7.61 	24.03, -9.36, -9.89 	0.00, -0.00 	12,20,32,13		37.83,2.85	1000,1 	0
2418    	0.17, 18.30, -7.61 	24.03, -9.41, -9.87 	0.00, -0.00 	12,20,32,23		41.46,5.74	1000,1 	0
2427    	0.11, 17.88, -7.58 	24.04, -9.52, -9.87 	0.00, -0.00 	12,20,32,33		46.69,11.49	1000,1 	0
2436    	0.04, 17.47, -7.57 	24.12, -9.64, -9.87 	0.00, -0.00 	12,20,32,42		46.95,15.99	1000,1 	0
2445    	-0.01, 17.06, -7.55 	24.11, -9.87, -9.86 	0.00, -0.00 	12,20,32,52		45.31,25.33	1000,1 	0
2454    	-0.02, 16.63, -7.55 	24.09, -10.21, -9.83 	0.00, -0.00 	12,20,32,62		48.29,38.10	1000,1 	0
2463    	-0.04, 16.20, -7.54 	24.04, -10.59, -9.82 	0.00, -0.00 	12,20,32,71		47.25,43.19	1000,1 	0
2472    	-0.03, 15.74, -7.53 	23.95, -11.07, -9.79 	0.00, -0.00 	12,20,32,81		51.71,54.02	1000,1 	0
2481    	0.00, 15.23, -7.54 	23.97, -11.65, -9.75 	0.00, -0.00 	12,20,32,91		56.34,64.30	1000,1 	0
2490    	0.06, 14.72, -7.54 	24.18, -12.10, -9.75 	0.00, -0.00 	12,20,32,100		57.58,54.61	1000,1 	0
2499    	0.08, 14.16, -7.52 	24.53, -12.49, -9.77 	0.00, -0.00 	12,20,32,110		62.21,58.30	1000,1 	0
2508    	0.09, 13.62, -7.51 	24.95, -12.82, -9.79 	0.00, -0.00 	12,20,32,120		59.96,59.50	1000,1 	0
2517    	0.13, 13.06, -7.51 	25.16, -13.23, -9.73 	0.00, -0.00 	12,20,32,129		62.23,51.41	1000,1 	0
2526    	0.21, 12.56, -7.53 	25.12, -13.72, -9.61 	0.00, -0.00 	12,20,32,139		56.58,54.31	1000,1 	0
2535    	0.20, 12.06, -7.54 	24.92, -14.09, -9.54 	0.00, -0.00 	12,20,32,149		55.39,47.13	1000,1 	0
2544    	0.20, 11.55, -7.54 	24.61, -14.41, -9.56 	0.00, -0.00 	12,20,32,158		56.45,48.40	1000,1 	0
2553    	0.21, 11.07, -7.56 	24.48, -14.72, -9.60 	0.00, -0.00 	12,20,32,168		52.83,37.88	1000,1 	0
2562    	0.27, 10.57, -7.57 	24.37, -15.18, -9.62 	0.00, -0.00 	12,20,32,178		56.40,52.78	1000,1 	0
2571    	0.33, 9.99, -7.56 	24.32, -15.68, -9.59 	0.00, -0.00 	12,20,32,188		64.63,55.61	1000,1 	0
2580    	0.40, 9.40, -7.56 	24.36, -16.10, -9.60 	0.00, -0.00 	12,20,32,197		65.80,47.14	1000,1 	0
2589    	0.47, 8.81, -7.57 	24.54, -16.47, -9.58 	0.00, -0.00 	12,20,32,207		65.88,45.05	1000,1 	0
2598    	0.54, 8.28, -7.60 	24.71, -16.90, -9.54 	0.00, -0.00 	12,20,32,217		60.00,52.17	1000,1 	0
2607    	0.60, 7.83, -7.62 	24.88, -17.37, -9.46 	0.00, -0.00 	12,20,32,226		50.60,55.47	1000,1 	0
2616    	0.64, 7.34, -7.64 	24.96, -17.83, -9.33 	0.00, -0.00 	12,20,32,236		54.01,52.09	1000,1 	0
2625    	0.60, 6.90, -7.65 	24.95, -18.28, -9.18 	0.00, -0.00 	12,20,32,246		49.90,49.51	1000,1 	0
2634    	0.57, 6.52, -7.66 	24.92, -18.47, -9.15 	0.00, -0.00 	12,20,32,255		41.46,21.16	1000,1 	0
2643    	0.55, 6.11, -7.69 	24.92, -18.63, -9.20 	0.00, -0.00 	12,20,32,265		46.09,18.38	1000,1 	0
2652    	0.55, 5.63, -7.69 	24.76, -18.83, -9.22 	0.00, -0.00 	12,20,32,275		52.95,27.89	1000,1 	0
2661    	0.58, 5.11, -7.71 	24.67, -19.13, -9.21 	0.00, -0.00 	12,20,32,284		58.69,34.95	1000,1 	0
2670    	0.65, 4.58, -7.75 	24.63, -19.39, -9.23 	0.00, -0.00 	12,20,32,294		58.83,29.25	1000,1 	0
2679    	0.72, 4.14, -7.77 	24.51, -19.82, -9.19 	0.00, -0.00 	12,20,32,304		49.54,49.53	1000,1 	0
2688    	0.79, 3.72, -7.78 	24.57, -20.32, -9.13 	0.00, -0.00 	12,20,32,313		47.19,56.41	1000,1 	0
2697    	0.93, 3.45, -7.80 	24.62, -20.86, -9.08 	0.00, -0.00 	12,20,32,323		34.71,59.77	1000,1 	0
2706    	1.01, 3.24, -7.84 	24.60, -21.18, -8.98 	0.00, -0.00 	12,20,32,333		24.63,35.83	1000,1 	0
2715    	1.04, 2.97, -7.82 	24.61, -21.29, -8.90 	0.00, -0.00 	12,20,32,342		30.55,12.63	1000,1 	0
2724    	1.08, 2.73, -7.82 	24.41, -21.35, -8.78 	0.00, -0.00 	12,20,32,352		25.94,22.48	1000,1 	0
2733    	1.07, 2.54, -7.84 	24.34, -21.43, -8.68 	0.00, -0.00 	12,20,32,362		21.31,11.91	1000,1 	0
2742    	1.19, 2.39, -7.83 	24.28, -21.43, -8.58 	0.00, -0.00 	12,20,32,371		21.43,6.44	1000,1 	0
2751    	1.24, 2.30, -7.88 	24.21, -21.41, -8.55 	0.00, -0.00 	12,20,32,381		11.94,8.13	1000,1 	0
2760    	1.33, 2.15, -7.87 	24.17, -21.33, -8.57 	0.00, -0.00 	12,20,32,391		19.52,10.07	1000,1 	0
2769    	1.33, 1.93, -7.83 	24.19, -21.27, -8.60 	0.00, -0.00 	12,20,32,400		23.52,7.29	1000,1 	0
2778    	1.29, 1.73, -7.80 	24.17, -21.21, -8.56 	0.00, -0.00 	12,20,32,410		22.91,7.05	1000,1 	0
2787    	1.29, 1.53, -7.77 	24.19, -21.26, -8.50 	0.00, -0.00 	12,20,32,420		22.35,5.92	1000,1 	0
2796    	1.32, 1.39, -7.77 	24.19, -21.27, -8.42 	0.00, -0.00 	12,20,32,430		15.39,1.15	1000,1 	0
2805    	1.48, 1.29, -7.77 	24.20, -21.33, -8.32 	0.00, -0.00 	12,20,32,439		21.39,7.05	1000,1 	0
2814    	1.47, 1.26, -7.79 	24.17, -21.33, -8.28 	0.00, -0.00 	12,20,32,449		3.69,3.86	1000,1 	0
2823    	1.61, 1.19, -7.79 	24.14, -21.32, -8.21 	0.00, -0.00 	12,20,32,459		17.60,2.85	1000,1 	0
2832    	1.60, 1.19, -7.80 	24.04, -21.35, -8.16 	0.00, -0.00 	12,20,32,468		1.26,11.76	1000,1 	0
2841    	1.64, 1.20, -7.82 	23.83, -21.34, -8.13 	0.00, -0.00 	12,20,32,478		3.92,23.37	1000,1 	0
2850    	1.70, 1.18, -7.80 	23.70, -21.30, -8.11 	0.00, -0.00 	12,20,32,488		6.85,15.02	1000,1 	0
2859    	1.75, 1.15, -7.81 	23.64, -21.29, -8.06 	0.00, -0.00 	12,20,32,497		7.07,6.57	1000,1 	0
2868    	1.78, 1.15, -7.82 	23.49, -21.28, -8.04 	0.00, -0.00 	12,20,32,507		3.79,16.97	1000,1 	0
2877    	1.78, 1.13, -7.82 	23.43, -21.37, -7.98 	0.00, -0.00 	12,20,32,517		2.35,11.84	1000,1 	0
2886    	1.74, 1.10, -7.82 	23.42, -21.38, -7.96 	0.00, -0.00 	12,20,32,526		5.47,1.70	1000,1 	0
2895    	1.85, 1.09, -7.84 	23.47, -21.30, -7.94 	0.00, -0.00 	12,20,32,536		12.97,10.16	1000,1 	0
2904    	1.86, 1.07, -7.84 	23.48, -21.31, -7.91 	0.00, -0.00 	12,20,32,546		2.35,1.75	1000,1 	0
2913    	1.86, 1.11, -7.84 	23.42, -21.30, -7.88 	0.00, -0.00 	12,20,32,555		4.81,6.57	1000,1 	0
2922    	1.89, 1.12, -7.86 	23.39, -21.26, -7.88 	0.00, -0.00 	12,20,32,565		2.74,6.09	1000,1 	0
2931    	1.86, 1.12, -7.84 	23.43, -21.25, -7.83 	0.00, -0.00 	12,20,32,575		2.53,5.25	1000,1 	0
2940    	1.84, 1.12, -7.84 	23.39, -21.21, -7.85 	0.00, -0.00 	12,20,32,584		2.53,6.09	1000,1 	0
2949    	1.89, 1.11, -7.84 	23.37, -21.21, -7.87 	0.00, -0.00 	12,20,32,594		5.25,2.58	1000,1 	0
2958    	1.90, 1.12, -7.83 	23.40, -21.20, -7.85 	0.00, -0.00 	12,20,32,604		1.68,4.00	1000,1 	0
2967    	1.90, 1.12, -7.83 	23.35, -21.20, -7.83 	0.00, -0.00 	12,20,32,613		0.00,6.44	1000,1 	0
2976    	1.90, 1.10, -7.84 	23.32, -21.23, -7.83 	0.00, -0.00 	12,20,32,623		2.35,3.40	1000,1 	0
2985    	1.90, 1.09, -7.84 	23.33, -21.26, -7.80 	0.00, -0.00 	12,20,32,633		1.18,3.45	1000,1 	0
2994    	1.89, 1.09, -7.83 	23.37, -21.23, -7.79 	0.00, -0.00 	12,20,32,643		1.26,5.58	1000,1 	0
3003    	1.90, 1.09, -7.84 	23.34, -21.18, -7.77 	0.00, -0.00 	12,20,32,652		1.26,6.36	1000,1 	0
3012    	1.90, 1.09, -7.84 	23.34, -21.21, -7.74 	0.00, -0.00 	12,20,32,662		0.00,3.64	1000,1 	0
3021    	1.90, 1.10, -7.84 	23.38, -21.23, -7.74 	0.00, -0.00 	12,20,32,672		1.18,5.70	1000,1 	0
3030    	1.91, 1.10, -7.85 	23.39, -21.26, -7.75 	0.00, -0.00 	12,20,32,681		1.26,3.45	1000,1 	0
3039    	1.92, 1.10, -7.85 	23.33, -21.25, -7.77 	0.00, -0.00 	12,20,32,691		1.26,6.90	1000,1 	0
3048    	1.85, 1.07, -7.83 	23.32, -21.17, -7.79 	0.00, -0.00 	12,20,32,701		9.37,8.04	1000,1 	0
3057    	1.85, 1.06, -7.84 	23.26, -21.19, -7.79 	0.00, -0.00 	12,20,32,710		1.18,6.51	1000,1 	0
3066    	1.85, 1.06, -7.84 	23.34, -21.21, -7.77 	0.00, -0.00 	12,20,32,720		0.00,8.55	1000,1 	0
3075    	1.85, 1.06, -7.84 	23.36, -21.23, -7.75 	0.00, -0.00 	12,20,32,730		0.00,3.50	1000,1 	0
3084    	1.86, 1.08, -7.84 	23.30, -21.27, -7.77 	0.00, -0.00 	12,20,32,739		2.61,7.22	1000,1 	0
3093    	1.86, 1.06, -7.85 	23.30, -21.25, -7.79 	0.00, -0.00 	12,20,32,749		2.35,2.30	1000,1 	0
3102    	1.87, 1.05, -7.84 	23.28, -21.27, -7.75 	0.00, -0.00 	12,20,32,759		1.77,3.40	1000,1 	0
3111    	1.87, 1.03, -7.83 	23.28, -21.30, -7.73 	0.00, -0.00 	12,20,32,768		2.35,3.45	1000,1 	0
3120    	1.83, 1.07, -7.82 	23.25, -21.26, -7.74 	0.00, -0.00 	12,20,32,778		6.18,6.09	1000,1 	0
3129    	1.84, 1.06, -7.83 	23.28, -21.23, -7.73 	0.00, -0.00 	12,20,32,788		1.18,5.10	1000,1 	0
3138    	1.84, 1.06, -7.83 	23.29, -21.24, -7.73 	0.00, -0.00 	12,20,32,797		0.00,1.75	1000,1 	0
3147    	1.85, 1.06, -7.83 	23.22, -21.24, -7.75 	0.00, -0.00 	12,20,32,807		1.26,7.73	1000,1 	0
3156    	1.86, 1.04, -7.84 	23.20, -21.21, -7.72 	0.00, -0.00 	12,20,32,817		2.72,4.36	1000,1 	0
3165    	1.82, 1.07, -7.84 	23.16, -21.23, -7.68 	0.00, -0.00 	12,20,32,826		5.30,4.44	1000,1 	0
3174    	1.85, 1.07, -7.84 	23.21, -21.20, -7.67 	0.00, -0.00 	12,20,32,836		2.53,6.12	1000,1 	0
3183    	1.82, 1.07, -7.85 	23.22, -21.24, -7.64 	0.00, -0.00 	12,20,32,846		2.53,4.81	1000,1 	0
3192    	1.85, 1.07, -7.85 	23.11, -21.28, -7.64 	0.00, -0.00 	12,20,32,855		2.53,13.24	1000,1 	0
3201    	1.78, 1.02, -7.83 	23.17, -21.29, -7.60 	0.00, -0.00 	12,20,32,865		8.73,6.90	1000,1 	0
3210    	1.82, 1.04, -7.84 	23.12, -21.35, -7.58 	0.00, -0.00 	12,20,32,875		5.47,7.61	1000,1 	0
3219    	1.83, 1.03, -7.85 	23.11, -21.35, -7.58 	0.00, -0.00 	12,20,32,885		1.18,1.29	1000,1 	0
3228    	1.83, 1.03, -7.85 	23.05, -21.35, -7.59 	0.00, -0.00 	12,20,32,894		0.00,6.44	1000,1 	0
3237    	1.84, 1.06, -7.86 	23.03, -21.37, -7.56 	0.00, -0.00 	12,20,32,904		2.61,3.40	1000,1 	0
3246    	1.84, 1.02, -7.87 	23.02, -21.36, -7.57 	0.00, -0.00 	12,20,32,914		3.53,1.75	1000,1 	0
3255    	1.81, 1.01, -7.85 	23.05, -21.34, -7.57 	0.00, -0.00 	12,20,32,923		3.92,4.44	1000,1 	0
3264    	1.75, 1.02, -7.86 	23.06, -21.37, -7.55 	0.00, -0.00 	12,20,32,933		6.49,3.45	1000,1 	0
3273    	1.76, 1.01, -7.84 	23.07, -21.34, -7.56 	0.00, -0.00 	12,20,32,943		1.77,3.64	1000,1 	0
3282    	1.77, 1.00, -7.84 	23.11, -21.33, -7.55 	0.00, -0.00 	12,20,32,952		1.77,5.25	1000,1 	0
3291    	1.77, 0.99, -7.85 	23.01, -21.37, -7.54 	0.00, -0.00 	12,20,32,962		1.18,12.35	1000,1 	0
3300    	1.72, 0.97, -7.83 	23.01, -21.37, -7.54 	0.00, -0.00 	12,20,32,972		6.37,0.00	1000,1 	0
3309    	1.72, 0.97, -7.84 	22.95, -21.39, -7.55 	0.00, -0.00 	12,20,32,981		0.00,6.51	1000,1 	0
3318    	1.71, 0.97, -7.84 	22.95, -21.39, -7.55 	0.00, -0.00 	12,20,32,991		1.26,0.00	1000,1 	0
3327    	1.70, 0.97, -7.85 	22.99, -21.36, -7.55 	0.00, -0.00 	12,20,32,1		1.26,4.44	1000,1 	0
3336    	1.64, 0.95, -7.85 	23.03, -21.34, -7.54 	0.00, -0.00 	12,20,33,10		6.64,5.58	1000,1 	0
3345    	1.64, 0.94, -7.84 	22.98, -21.35, -7.57 	0.00, -0.00 	12,20,33,20		1.18,5.25	1000,1 	0
3354    	1.63, 0.86, -7.83 	22.98, -21.34, -7.57 	0.00, -0.00 	12,20,33,30		8.49,1.15	1000,1 	0
3363    	1.63, 0.86, -7.85 	23.04, -21.35, -7.55 	0.00, -0.00 	12,20,33,39		0.00,6.57	1000,1 	0
3372    	1.53, 0.84, -7.85 	22.97, -21.35, -7.55 	0.00, -0.00 	12,20,33,49		11.51,7.73	1000,1 	0
3381    	1.54, 0.82, -7.84 	22.96, -21.36, -7.55 	0.00, -0.00 	12,20,33,59		2.72,1.70	1000,1 	0
3390    	1.53, 0.84, -7.86 	23.01, -21.28, -7.56 	0.00, -0.00 	12,20,33,68		2.72,11.07	1000,1 	0
3399    	1.43, 0.83, -7.85 	22.99, -21.30, -7.55 	0.00, -0.00 	12,20,33,78		11.38,3.40	1000,1 	0
3408    	1.45, 0.79, -7.86 	22.98, -21.29, -7.52 	0.00, -0.00 	12,20,33,88		5.44,1.75	1000,1 	0
3417    	1.42, 0.81, -7.86 	22.99, -21.32, -7.51 	0.00, -0.00 	12,20,33,98		4.56,3.71	1000,1 	0
3426    	1.41, 0.79, -7.87 	22.99, -21.31, -7.50 	0.00, -0.00 	12,20,33,107		2.61,1.15	1000,1 	0
3435    	1.44, 0.81, -7.86 	22.96, -21.30, -7.52 	0.00, -0.00 	12,20,33,117		4.37,4.06	1000,1 	0
3444    	1.44, 0.80, -7.86 	23.01, -21.35, -7.45 	0.00, -0.00 	12,20,33,127		1.18,7.82	1000,1 	0
3453    	1.42, 0.77, -7.85 	22.97, -21.42, -7.43 	0.00, -0.00 	12,20,33,136		4.24,8.49	1000,1 	0
3462    	1.43, 0.76, -7.85 	22.98, -21.40, -7.45 	0.00, -0.00 	12,20,33,146		1.77,2.60	1000,1 	0
3471    	1.46, 0.76, -7.86 	22.91, -21.43, -7.44 	0.00, -0.00 	12,20,33,156		2.53,8.37	1000,1 	0
3480    	1.46, 0.75, -7.85 	22.93, -21.44, -7.41 	0.00, -0.00 	12,20,33,165		1.18,2.85	1000,1 	0
3489    	1.47, 0.75, -7.85 	22.90, -21.40, -7.42 	0.00, -0.00 	12,20,33,175		1.26,6.09	1000,1 	0
3498    	1.42, 0.76, -7.86 	22.91, -21.40, -7.42 	0.00, -0.00 	12,20,33,185		5.25,1.29	1000,1 	0
3507    	1.41, 0.75, -7.87 	22.84, -21.41, -7.42 	0.00, -0.00 	12,20,33,194		1.26,7.78	1000,1 	0
3516    	1.37, 0.71, -7.87 	22.84, -21.38, -7.41 	0.00, -0.00 	12,20,33,204		6.74,3.45	1000,1 	0
3525    	1.42, 0.69, -7.88 	22.91, -21.38, -7.41 	0.00, -0.00 	12,20,33,214		5.68,7.73	1000,1 	0
3534    	1.41, 0.63, -7.87 	22.85, -21.38, -7.42 	0.00, -0.00 	12,20,33,223		7.10,6.44	1000,1 	0
3543    	1.43, 0.60, -7.88 	22.99, -21.33, -7.40 	0.00, -0.00 	12,20,33,233		3.80,17.24	1000,1 	0
3552    	1.39, 0.50, -7.85 	22.96, -21.40, -7.38 	0.00, -0.00 	12,20,33,243		11.50,7.80	1000,1 	0
