#Time 	Sensor1         Sensor2         Target          Time            Vel             
#================================================================

11      	26.76, -15.95, -9.98 	-0.42, -0.08, -6.36 	0.00, 10.00 	11,5,21,498		0.00,0.00	0,0 	0
16      	26.76, -15.94, -9.98 	-0.43, -0.04, -6.39 	0.00, 10.00 	11,5,21,507		2.24,8.91	0,0 	0
24      	26.79, -15.92, -10.00 	-0.44, -0.06, -6.37 	0.00, 10.00 	11,5,21,516		4.68,3.03	0,0 	0
33      	26.75, -15.94, -10.00 	-0.44, -0.05, -6.37 	0.00, 10.00 	11,5,21,526		5.09,1.24	0,0 	0
42      	26.76, -15.93, -9.99 	-0.45, -0.05, -6.36 	0.00, 10.00 	11,5,21,536		1.67,1.12	0,0 	0
50      	26.76, -15.95, -10.00 	-0.47, -0.05, -6.37 	0.00, 10.00 	11,5,21,545		2.81,2.51	0,0 	0
59      	26.74, -15.97, -9.98 	-0.47, -0.05, -6.37 	0.00, 10.00 	11,5,21,555		3.33,0.00	0,0 	0
68      	26.74, -15.99, -9.98 	-0.47, -0.05, -6.37 	0.00, 10.00 	11,5,21,565		1.25,0.00	0,0 	0
77      	26.71, -15.97, -9.98 	-0.47, -0.05, -6.38 	0.00, 10.00 	11,5,21,575		3.58,0.00	0,0 	0
85      	26.70, -15.96, -9.99 	-0.43, -0.05, -6.38 	0.00, 10.00 	11,5,21,584		1.89,5.02	0,0 	0
94      	26.76, -15.96, -9.99 	-0.43, -0.04, -6.38 	0.00, 10.00 	11,5,21,594		6.69,1.24	0,0 	0
102     	26.78, -15.95, -10.01 	-0.44, -0.05, -6.39 	0.00, 10.00 	11,5,21,603		2.86,1.86	0,0 	0
111     	26.80, -15.96, -10.01 	-0.43, -0.05, -6.39 	0.00, 10.00 	11,5,21,613		2.56,1.12	0,0 	0
120     	26.77, -15.96, -10.01 	-0.44, -0.05, -6.36 	0.00, 10.00 	11,5,21,623		3.35,1.12	0,0 	0
128     	26.74, -16.00, -10.00 	-0.45, -0.05, -6.38 	0.00, 10.00 	11,5,21,632		6.52,1.26	0,0 	0
137     	26.75, -15.99, -10.00 	-0.48, -0.05, -6.38 	0.00, 10.00 	11,5,21,642		2.55,3.35	0,0 	0
146     	26.73, -15.99, -9.98 	-0.47, -0.06, -6.37 	0.00, 10.00 	11,5,21,652		2.23,1.68	0,0 	0
154     	26.73, -16.00, -9.98 	-0.47, -0.04, -6.37 	0.00, 10.00 	11,5,21,661		1.87,2.78	0,0 	0
163     	26.78, -15.99, -9.98 	-0.48, -0.05, -6.37 	0.00, 10.00 	11,5,21,671		5.70,1.65	0,0 	0
172     	26.75, -16.00, -9.98 	-0.48, -0.05, -6.39 	0.00, 10.00 	11,5,21,681		3.56,0.00	0,0 	0
180     	26.72, -16.01, -9.97 	-0.49, -0.05, -6.39 	0.00, 10.00 	11,5,21,690		4.01,1.26	0,0 	0
189     	26.72, -16.01, -9.97 	-0.48, -0.05, -6.39 	0.00, 10.00 	11,5,21,700		0.00,1.12	0,0 	0
198     	26.73, -16.02, -9.97 	-0.50, -0.05, -6.39 	0.00, 10.00 	11,5,21,710		1.68,2.23	0,0 	0
207     	26.73, -16.02, -9.97 	-0.51, -0.05, -6.39 	0.00, 10.00 	11,5,21,720		0.00,1.12	0,0 	0
215     	26.73, -16.02, -9.97 	-0.50, -0.04, -6.38 	0.00, 10.00 	11,5,21,729		0.00,1.86	0,0 	0
224     	26.69, -16.04, -9.98 	-0.51, -0.05, -6.38 	0.00, 10.00 	11,5,21,739		5.09,1.65	0,0 	0
233     	26.73, -16.05, -9.97 	-0.51, -0.05, -6.38 	0.00, 10.00 	11,5,21,749		4.64,0.00	0,0 	0
241     	26.70, -16.06, -9.97 	-0.51, -0.06, -6.39 	0.00, 10.00 	11,5,21,758		4.00,1.39	0,0 	0
250     	26.72, -16.08, -9.96 	-0.51, -0.06, -6.39 	0.00, 10.00 	11,5,21,768		2.56,0.00	0,0 	0
259     	26.72, -16.08, -9.96 	-0.51, -0.06, -6.39 	0.00, 10.00 	11,5,21,778		0.00,0.00	0,0 	0
268     	26.75, -16.04, -9.95 	-0.47, -0.05, -6.39 	0.00, 10.00 	11,5,21,788		5.00,4.61	0,0 	0
276     	26.75, -16.06, -9.94 	-0.47, -0.04, -6.38 	0.00, 10.00 	11,5,21,797		2.81,1.39	0,0 	0
285     	26.75, -16.09, -9.94 	-0.47, -0.04, -6.39 	0.00, 10.00 	11,5,21,807		2.49,0.00	0,0 	0
294     	26.74, -16.09, -9.96 	-0.47, -0.04, -6.39 	0.00, 10.00 	11,5,21,817		1.11,0.00	0,0 	0
302     	26.75, -16.08, -9.96 	-0.50, -0.04, -6.39 	0.00, 10.00 	11,5,21,826		1.87,3.77	0,0 	0
311     	26.72, -16.10, -9.97 	-0.50, -0.01, -6.39 	0.00, 10.00 	11,5,21,836		4.16,2.47	0,0 	0
319     	26.74, -16.09, -9.96 	-0.51, -0.01, -6.39 	0.00, 10.00 	11,5,21,845		2.86,1.26	0,0 	0
328     	26.73, -16.08, -9.95 	-0.51, -0.01, -6.39 	0.00, 10.00 	11,5,21,855		1.68,0.00	0,0 	0
337     	26.67, -16.11, -9.96 	-0.50, -0.03, -6.39 	0.00, 10.00 	11,5,21,865		7.64,1.68	0,0 	0
345     	26.67, -16.12, -9.95 	-0.50, -0.01, -6.39 	0.00, 10.00 	11,5,21,874		1.40,1.39	0,0 	0
354     	26.65, -16.12, -9.95 	-0.50, -0.01, -6.39 	0.00, 10.00 	11,5,21,884		2.23,0.00	0,0 	0
363     	26.68, -16.10, -9.95 	-0.52, -0.00, -6.38 	0.00, 10.00 	11,5,21,894		4.16,2.57	0,0 	0
372     	26.70, -16.10, -9.94 	-0.52, -0.00, -6.38 	0.00, 10.00 	11,5,21,904		2.23,0.00	0,0 	0
380     	26.69, -16.10, -9.94 	-0.52, -0.02, -6.38 	0.00, 10.00 	11,5,21,913		1.25,1.39	0,0 	0
389     	26.72, -16.09, -9.94 	-0.52, -0.02, -6.38 	0.00, 10.00 	11,5,21,923		3.56,0.00	0,0 	0
398     	26.65, -16.12, -9.94 	-0.53, -0.00, -6.38 	0.00, 10.00 	11,5,21,933		8.63,1.68	0,0 	0
406     	26.62, -16.14, -9.94 	-0.49, 0.01, -6.38 	0.00, 10.00 	11,5,21,942		4.68,5.18	0,0 	0
415     	26.62, -16.15, -9.93 	-0.49, 0.02, -6.38 	0.00, 10.00 	11,5,21,952		1.25,1.24	0,0 	0
424     	26.62, -16.14, -9.93 	-0.49, 0.02, -6.39 	0.00, 10.00 	11,5,21,962		1.25,0.00	0,0 	0
432     	26.61, -16.14, -9.92 	-0.50, 0.02, -6.39 	0.00, 10.00 	11,5,21,971		1.25,1.26	0,0 	0
441     	26.62, -16.13, -9.92 	-0.49, 0.01, -6.39 	0.00, 10.00 	11,5,21,981		1.67,1.68	0,0 	0
450     	26.66, -16.12, -9.92 	-0.50, 0.02, -6.39 	0.00, 10.00 	11,5,21,991		4.62,1.68	0,0 	0
459     	26.65, -16.12, -9.92 	-0.49, 0.02, -6.39 	0.00, 10.00 	11,5,22,1		1.11,1.12	0,0 	0
467     	26.65, -16.12, -9.92 	-0.50, 0.02, -6.39 	0.00, 10.00 	11,5,22,10		0.00,1.26	0,0 	0
476     	26.64, -16.13, -9.92 	-0.49, 0.02, -6.39 	0.00, 10.00 	11,5,22,20		1.67,1.12	0,0 	0
484     	26.61, -16.14, -9.92 	-0.50, 0.02, -6.39 	0.00, 10.00 	11,5,22,29		4.01,1.26	0,0 	0
493     	26.60, -16.17, -9.91 	-0.48, 0.01, -6.38 	0.00, 10.00 	11,5,22,39		2.72,2.57	0,0 	0
502     	26.60, -16.17, -9.91 	-0.49, 0.02, -6.39 	0.00, 10.00 	11,5,22,49		0.00,1.68	0,0 	0
510     	26.59, -16.14, -9.91 	-0.48, 0.01, -6.39 	0.00, 10.00 	11,5,22,58		3.08,1.89	0,0 	0
519     	26.60, -16.11, -9.91 	-0.48, 0.01, -6.39 	0.00, 10.00 	11,5,22,68		3.89,0.00	0,0 	0
528     	26.63, -16.12, -9.91 	-0.52, 0.02, -6.39 	0.00, 10.00 	11,5,22,78		3.58,4.65	0,0 	0
536     	26.61, -16.10, -9.93 	-0.53, 0.04, -6.39 	0.00, 10.00 	11,5,22,87		3.78,3.08	0,0 	0
545     	26.65, -16.10, -9.93 	-0.53, 0.03, -6.39 	0.00, 10.00 	11,5,22,97		4.46,1.24	0,0 	0
554     	26.59, -16.12, -9.93 	-0.52, 0.02, -6.40 	0.00, 10.00 	11,5,22,107		7.12,1.68	0,0 	0
563     	26.56, -16.10, -9.94 	-0.53, 0.03, -6.39 	0.00, 10.00 	11,5,22,117		4.19,1.68	0,0 	0
571     	26.58, -16.11, -9.94 	-0.54, 0.02, -6.39 	0.00, 10.00 	11,5,22,126		2.88,1.86	0,0 	0
580     	26.56, -16.09, -9.94 	-0.50, 0.03, -6.39 	0.00, 10.00 	11,5,22,136		3.36,4.61	0,0 	0
589     	26.60, -16.10, -9.94 	-0.50, 0.05, -6.38 	0.00, 10.00 	11,5,22,146		4.64,2.47	0,0 	0
597     	26.60, -16.07, -9.94 	-0.56, 0.05, -6.39 	0.00, 10.00 	11,5,22,155		4.21,7.53	0,0 	0
606     	26.63, -16.05, -9.95 	-0.56, 0.05, -6.39 	0.00, 10.00 	11,5,22,165		3.56,0.00	0,0 	0
615     	26.59, -16.03, -9.97 	-0.51, 0.04, -6.38 	0.00, 10.00 	11,5,22,175		5.13,5.74	0,0 	0
623     	26.61, -16.03, -9.96 	-0.58, 0.05, -6.39 	0.00, 10.00 	11,5,22,184		2.51,8.92	0,0 	0
632     	26.57, -16.04, -9.95 	-0.60, 0.08, -6.38 	0.00, 10.00 	11,5,22,194		4.62,4.37	0,0 	0
641     	26.54, -16.05, -9.95 	-0.61, 0.13, -6.39 	0.00, 10.00 	11,5,22,204		3.56,5.09	0,0 	0
650     	26.54, -16.04, -9.93 	-0.64, 0.15, -6.39 	0.00, 10.00 	11,5,22,214		1.25,4.20	0,0 	0
658     	26.55, -15.99, -9.96 	-0.66, 0.21, -6.38 	0.00, 10.00 	11,5,22,223		7.43,7.44	0,0 	0
667     	26.58, -15.96, -9.96 	-0.63, 0.28, -6.41 	0.00, 10.00 	11,5,22,233		4.16,9.22	0,0 	0
676     	26.52, -15.96, -9.96 	-0.67, 0.28, -6.42 	0.00, 10.00 	11,5,22,243		6.69,4.46	0,0 	0
684     	26.55, -15.96, -9.98 	-0.69, 0.32, -6.43 	0.00, 10.00 	11,5,22,252		3.76,4.38	0,0 	0
693     	26.54, -15.93, -9.98 	-0.69, 0.36, -6.44 	0.00, 10.00 	11,5,22,262		3.91,4.95	0,0 	0
701     	26.54, -15.91, -9.99 	-0.67, 0.38, -6.44 	0.00, 10.00 	11,5,22,271		2.81,3.71	0,0 	0
710     	26.48, -15.93, -9.98 	-0.67, 0.42, -6.45 	0.00, 10.00 	11,5,22,281		7.12,3.71	0,0 	0
719     	26.50, -15.90, -10.00 	-0.65, 0.45, -6.45 	0.00, 10.00 	11,5,22,291		4.34,4.29	0,0 	0
728     	26.51, -15.86, -10.02 	-0.66, 0.49, -6.45 	0.00, 10.00 	11,5,22,301		3.89,3.90	0,0 	0
736     	26.44, -15.82, -10.02 	-0.67, 0.50, -6.46 	0.00, 10.00 	11,5,22,310		10.46,1.89	0,0 	0
745     	26.45, -15.81, -10.02 	-0.68, 0.55, -6.44 	0.00, 10.00 	11,5,22,320		1.67,6.31	0,0 	0
754     	26.43, -15.76, -10.02 	-0.69, 0.60, -6.46 	0.00, 10.00 	11,5,22,330		5.48,5.09	0,0 	0
762     	26.40, -15.73, -10.04 	-0.76, 0.62, -6.46 	0.00, 10.00 	11,5,22,339		5.67,9.27	0,0 	0
771     	26.38, -15.64, -10.05 	-0.79, 0.67, -6.46 	0.00, 10.00 	11,5,22,349		10.24,6.62	0,0 	0
780     	26.37, -15.61, -10.04 	-0.83, 0.72, -6.46 	0.00, 10.00 	11,5,22,359		3.91,6.73	0,0 	0
788     	26.35, -15.56, -10.06 	-0.82, 0.80, -6.47 	0.00, 10.00 	11,5,22,368		6.17,9.80	0,0 	0
797     	26.30, -15.53, -10.06 	-0.87, 0.86, -6.47 	0.00, 10.00 	11,5,22,378		6.74,9.37	0,0 	0
806     	26.27, -15.48, -10.07 	-0.87, 0.91, -6.48 	0.00, 10.00 	11,5,22,388		6.03,4.95	0,0 	0
815     	26.25, -15.44, -10.05 	-0.90, 0.94, -6.46 	0.00, 10.00 	11,5,22,398		5.12,5.05	0,0 	0
823     	26.22, -15.37, -10.06 	-0.93, 0.97, -6.46 	0.00, 10.00 	11,5,22,407		9.25,5.68	0,0 	0
832     	26.22, -15.35, -10.05 	-0.93, 1.02, -6.44 	0.00, 10.00 	11,5,22,417		2.49,4.95	0,0 	0
840     	26.24, -15.24, -10.05 	-0.94, 1.06, -6.45 	0.00, 10.00 	11,5,22,426		14.23,5.57	0,0 	0
849     	26.22, -15.19, -10.08 	-0.97, 1.10, -6.45 	0.00, 10.00 	11,5,22,436		5.48,5.05	0,0 	0
858     	26.23, -15.14, -10.09 	-1.02, 1.13, -6.44 	0.00, 10.00 	11,5,22,446		6.32,6.76	0,0 	0
866     	26.23, -15.09, -10.09 	-1.04, 1.13, -6.42 	0.00, 10.00 	11,5,22,455		5.61,2.51	0,0 	0
875     	26.23, -15.06, -10.12 	-1.05, 1.16, -6.43 	0.00, 10.00 	11,5,22,465		3.74,3.90	0,0 	0
884     	26.24, -15.02, -10.14 	-1.12, 1.19, -6.44 	0.00, 10.00 	11,5,22,475		3.89,8.71	0,0 	0
893     	26.24, -14.97, -10.17 	-1.13, 1.16, -6.43 	0.00, 10.00 	11,5,22,485		6.24,3.86	0,0 	0
901     	26.27, -14.93, -10.19 	-1.10, 1.21, -6.43 	0.00, 10.00 	11,5,22,494		5.62,6.66	0,0 	0
910     	26.29, -14.88, -10.20 	-1.13, 1.18, -6.42 	0.00, 10.00 	11,5,22,504		6.60,4.12	0,0 	0
919     	26.28, -14.83, -10.21 	-1.18, 1.19, -6.42 	0.00, 10.00 	11,5,22,514		4.99,5.74	0,0 	0
927     	26.27, -14.81, -10.22 	-1.16, 1.19, -6.42 	0.00, 10.00 	11,5,22,523		3.08,2.51	0,0 	0
936     	26.31, -14.77, -10.23 	-1.17, 1.19, -6.41 	0.00, 10.00 	11,5,22,533		6.66,1.12	0,0 	0
945     	26.30, -14.73, -10.23 	-1.15, 1.19, -6.43 	0.00, 10.00 	11,5,22,543		3.91,2.23	0,0 	0
953     	26.28, -14.72, -10.24 	-1.14, 1.21, -6.42 	0.00, 10.00 	11,5,22,552		2.89,1.86	0,0 	0
962     	26.23, -14.74, -10.24 	-1.12, 1.22, -6.42 	0.00, 10.00 	11,5,22,562		6.09,2.53	0,0 	0
971     	26.27, -14.69, -10.23 	-1.12, 1.23, -6.43 	0.00, 10.00 	11,5,22,572		7.64,1.24	0,0 	0
979     	26.29, -14.68, -10.24 	-1.09, 1.24, -6.42 	0.00, 10.00 	11,5,22,581		2.86,3.99	0,0 	0
988     	26.29, -14.69, -10.23 	-1.09, 1.24, -6.42 	0.00, 10.00 	11,5,22,591		1.25,0.00	0,0 	0
997     	26.29, -14.69, -10.23 	-1.09, 1.24, -6.42 	0.00, 10.00 	11,5,22,601		0.00,0.00	0,0 	0
1006    	26.28, -14.66, -10.24 	-1.10, 1.24, -6.43 	0.00, 10.00 	11,5,22,611		2.74,1.12	1000,1 	0
1014    	26.29, -14.65, -10.24 	-1.09, 1.22, -6.42 	0.00, 10.00 	11,5,22,620		1.87,3.08	1000,1 	0
1023    	26.30, -14.65, -10.23 	-1.11, 1.23, -6.44 	0.00, 10.00 	11,5,22,630		1.11,2.57	1000,1 	0
1031    	26.28, -14.63, -10.24 	-1.12, 1.25, -6.43 	0.00, 10.00 	11,5,22,639		3.78,3.08	1000,1 	0
1040    	26.27, -14.62, -10.24 	-1.13, 1.25, -6.43 	0.00, 10.00 	11,5,22,649		1.68,1.12	1000,1 	0
1049    	26.26, -14.63, -10.24 	-1.15, 1.25, -6.42 	0.00, 10.00 	11,5,22,659		1.67,2.23	1000,1 	0
1057    	26.25, -14.62, -10.23 	-1.16, 1.24, -6.42 	0.00, 10.00 	11,5,22,668		1.89,1.86	1000,1 	0
1066    	26.26, -14.64, -10.23 	-1.16, 1.23, -6.42 	0.00, 10.00 	11,5,22,678		2.74,1.24	1000,1 	0
1075    	26.24, -14.65, -10.22 	-1.14, 1.23, -6.42 	0.00, 10.00 	11,5,22,688		2.55,2.23	1000,1 	0
1084    	26.23, -14.64, -10.21 	-1.14, 1.24, -6.42 	0.00, 10.00 	11,5,22,698		1.68,1.24	1000,1 	0
1092    	26.23, -14.65, -10.21 	-1.15, 1.25, -6.44 	0.00, 10.00 	11,5,22,707		1.40,1.89	1000,1 	0
1101    	26.23, -14.63, -10.22 	-1.12, 1.26, -6.44 	0.00, 10.00 	11,5,22,717		2.49,3.55	1000,1 	0
1110    	26.22, -14.63, -10.21 	-1.12, 1.27, -6.46 	0.00, 10.00 	11,5,22,727		1.12,1.24	1000,1 	0
1118    	26.24, -14.64, -10.20 	-1.06, 1.27, -6.45 	0.00, 10.00 	11,5,22,736		2.89,7.53	1000,1 	0
1127    	26.24, -14.62, -10.20 	-1.10, 1.26, -6.44 	0.00, 10.00 	11,5,22,746		2.49,4.61	1000,1 	0
1136    	26.24, -14.65, -10.19 	-1.12, 1.27, -6.43 	0.00, 10.00 	11,5,22,756		3.74,2.57	1000,1 	0
1144    	26.26, -14.63, -10.18 	-1.09, 1.26, -6.44 	0.00, 10.00 	11,5,22,765		3.75,4.04	1000,1 	0
1153    	26.24, -14.64, -10.18 	-1.12, 1.24, -6.44 	0.00, 10.00 	11,5,22,775		2.55,4.12	1000,1 	0
1162    	26.19, -14.65, -10.18 	-1.16, 1.27, -6.45 	0.00, 10.00 	11,5,22,785		5.70,5.86	1000,1 	0
1170    	26.19, -14.67, -10.17 	-1.12, 1.26, -6.45 	0.00, 10.00 	11,5,22,794		1.40,5.24	1000,1 	0
1179    	26.18, -14.69, -10.18 	-1.08, 1.23, -6.45 	0.00, 10.00 	11,5,22,804		2.72,5.86	1000,1 	0
1188    	26.18, -14.69, -10.18 	-1.12, 1.23, -6.44 	0.00, 10.00 	11,5,22,814		0.00,4.46	1000,1 	0
1197    	26.19, -14.70, -10.16 	-1.12, 1.19, -6.44 	0.00, 10.00 	11,5,22,824		1.68,3.71	1000,1 	0
1205    	26.18, -14.72, -10.16 	-1.09, 1.18, -6.44 	0.00, 10.00 	11,5,22,833		3.06,4.04	1000,1 	0
1214    	26.19, -14.71, -10.15 	-1.12, 1.19, -6.44 	0.00, 10.00 	11,5,22,843		1.67,3.59	1000,1 	0
1222    	26.16, -14.71, -10.15 	-1.11, 1.17, -6.44 	0.00, 10.00 	11,5,22,852		3.76,3.08	1000,1 	0
1231    	26.17, -14.74, -10.15 	-1.07, 1.16, -6.44 	0.00, 10.00 	11,5,22,862		3.91,4.65	1000,1 	0
1240    	26.18, -14.76, -10.13 	-1.08, 1.17, -6.44 	0.00, 10.00 	11,5,22,872		1.68,1.68	1000,1 	0
1248    	26.16, -14.77, -10.15 	-1.08, 1.16, -6.46 	0.00, 10.00 	11,5,22,881		2.86,1.39	1000,1 	0
1257    	26.16, -14.80, -10.13 	-1.08, 1.14, -6.44 	0.00, 10.00 	11,5,22,891		3.74,2.47	1000,1 	0
1266    	26.17, -14.79, -10.13 	-1.08, 1.14, -6.46 	0.00, 10.00 	11,5,22,901		1.67,0.00	1000,1 	0
1275    	26.19, -14.79, -10.13 	-1.08, 1.13, -6.46 	0.00, 10.00 	11,5,22,911		2.23,1.24	1000,1 	0
1283    	26.17, -14.80, -10.14 	-1.08, 1.13, -6.46 	0.00, 10.00 	11,5,22,920		2.86,0.00	1000,1 	0
1292    	26.17, -14.82, -10.14 	-1.08, 1.12, -6.46 	0.00, 10.00 	11,5,22,930		2.49,1.24	1000,1 	0
1301    	26.18, -14.81, -10.15 	-1.10, 1.11, -6.46 	0.00, 10.00 	11,5,22,940		1.67,2.53	1000,1 	0
1309    	26.18, -14.82, -10.15 	-1.10, 1.09, -6.45 	0.00, 10.00 	11,5,22,949		1.40,1.39	1000,1 	0
1318    	26.17, -14.79, -10.15 	-1.10, 1.09, -6.44 	0.00, 10.00 	11,5,22,959		3.91,0.00	1000,1 	0
1327    	26.15, -14.81, -10.17 	-1.03, 1.07, -6.44 	0.00, 10.00 	11,5,22,969		3.33,8.24	1000,1 	0
1335    	26.14, -14.83, -10.18 	-1.01, 1.04, -6.43 	0.00, 10.00 	11,5,22,978		3.06,4.91	1000,1 	0
1344    	26.15, -14.85, -10.16 	-0.99, 1.02, -6.43 	0.00, 10.00 	11,5,22,988		1.68,2.73	1000,1 	0
1353    	26.19, -14.83, -10.17 	-0.98, 1.00, -6.43 	0.00, 10.00 	11,5,22,998		4.62,2.73	1000,1 	0
1361    	26.17, -14.86, -10.19 	-0.89, 0.98, -6.45 	0.00, 10.00 	11,5,23,7		3.75,11.41	1000,1 	0
1370    	26.17, -14.85, -10.20 	-0.87, 1.01, -6.46 	0.00, 10.00 	11,5,23,17		1.25,3.30	1000,1 	0
1379    	26.18, -14.83, -10.22 	-0.83, 1.06, -6.48 	0.00, 10.00 	11,5,23,27		1.67,8.25	1000,1 	0
1387    	26.17, -14.82, -10.24 	-0.75, 1.11, -6.48 	0.00, 10.00 	11,5,23,36		1.89,11.39	1000,1 	0
1396    	26.18, -14.79, -10.26 	-0.69, 1.15, -6.50 	0.00, 10.00 	11,5,23,46		3.89,8.25	1000,1 	0
1405    	26.17, -14.78, -10.29 	-0.62, 1.26, -6.51 	0.00, 10.00 	11,5,23,56		1.68,14.50	1000,1 	0
1413    	26.19, -14.74, -10.31 	-0.53, 1.44, -6.52 	0.00, 10.00 	11,5,23,65		4.88,24.78	1000,1 	0
1422    	26.17, -14.72, -10.34 	-0.44, 1.70, -6.59 	0.00, 10.00 	11,5,23,75		3.36,30.36	1000,1 	0
1431    	26.16, -14.69, -10.36 	-0.27, 2.06, -6.66 	0.00, 10.00 	11,5,23,85		3.91,44.05	1000,1 	0
1440    	26.14, -14.65, -10.36 	-0.11, 2.36, -6.71 	0.00, 10.00 	11,5,23,95		4.37,37.57	1000,1 	0
1448    	26.13, -14.61, -10.40 	-0.01, 2.60, -6.71 	0.00, 10.00 	11,5,23,104		5.76,33.35	1000,1 	0
1457    	26.13, -14.53, -10.45 	0.03, 2.77, -6.68 	0.00, 10.00 	11,5,23,114		8.73,19.00	1000,1 	0
1466    	26.13, -14.42, -10.54 	0.01, 2.93, -6.67 	0.00, 10.00 	11,5,23,124		12.47,17.38	1000,1 	0
1474    	26.19, -14.31, -10.60 	-0.05, 3.08, -6.66 	0.00, 10.00 	11,5,23,133		15.86,21.03	1000,1 	0
1483    	26.21, -14.15, -10.67 	-0.06, 3.23, -6.65 	0.00, 10.00 	11,5,23,143		17.75,16.08	1000,1 	0
1492    	26.25, -14.03, -10.73 	-0.06, 3.38, -6.68 	0.00, 10.00 	11,5,23,153		14.39,17.32	1000,1 	0
1500    	26.30, -13.87, -10.81 	-0.06, 3.58, -6.69 	0.00, 10.00 	11,5,23,162		20.57,25.06	1000,1 	0
1509    	26.33, -13.74, -10.85 	-0.10, 3.80, -6.71 	0.00, 10.00 	11,5,23,172		14.09,24.01	1000,1 	0
1518    	26.31, -13.65, -10.90 	-0.11, 4.00, -6.75 	0.00, 10.00 	11,5,23,182		10.24,22.27	1000,1 	0
1526    	26.23, -13.57, -10.94 	-0.11, 4.16, -6.79 	0.00, 10.00 	11,5,23,191		14.31,20.88	1000,1 	0
1535    	26.19, -13.50, -10.95 	-0.14, 4.32, -6.81 	0.00, 10.00 	11,5,23,201		8.74,17.71	1000,1 	0
1544    	26.09, -13.42, -10.94 	-0.18, 4.46, -6.82 	0.00, 10.00 	11,5,23,211		14.22,16.49	1000,1 	0
1552    	26.02, -13.39, -10.95 	-0.23, 4.63, -6.87 	0.00, 10.00 	11,5,23,220		9.77,21.92	1000,1 	0
1561    	25.98, -13.31, -10.96 	-0.26, 4.75, -6.90 	0.00, 10.00 	11,5,23,230		9.84,13.83	1000,1 	0
1570    	25.94, -13.22, -10.99 	-0.31, 4.95, -6.94 	0.00, 10.00 	11,5,23,240		10.96,23.06	1000,1 	0
1579    	26.01, -13.08, -11.01 	-0.33, 5.13, -6.99 	0.00, 10.00 	11,5,23,250		16.82,19.85	1000,1 	0
1587    	25.99, -13.03, -11.03 	-0.30, 5.30, -7.05 	0.00, 10.00 	11,5,23,259		7.47,21.14	1000,1 	0
1596    	25.95, -12.95, -11.03 	-0.34, 5.51, -7.09 	0.00, 10.00 	11,5,23,269		9.38,23.81	1000,1 	0
1605    	25.99, -12.90, -11.03 	-0.38, 5.68, -7.12 	0.00, 10.00 	11,5,23,279		6.66,19.17	1000,1 	0
1613    	25.96, -12.83, -11.02 	-0.39, 5.84, -7.14 	0.00, 10.00 	11,5,23,288		10.55,20.94	1000,1 	0
1622    	25.97, -12.77, -11.01 	-0.46, 6.02, -7.17 	0.00, 10.00 	11,5,23,298		6.33,21.02	1000,1 	0
1631    	25.97, -12.75, -11.01 	-0.53, 6.18, -7.20 	0.00, 10.00 	11,5,23,308		2.49,19.14	1000,1 	0
1639    	25.92, -12.74, -10.99 	-0.55, 6.29, -7.22 	0.00, 10.00 	11,5,23,317		6.44,14.00	1000,1 	0
1648    	25.92, -12.69, -10.98 	-0.59, 6.41, -7.22 	0.00, 10.00 	11,5,23,327		4.99,14.41	1000,1 	0
1657    	25.90, -12.64, -10.97 	-0.65, 6.53, -7.22 	0.00, 10.00 	11,5,23,337		6.64,15.28	1000,1 	0
1665    	25.86, -12.59, -10.95 	-0.68, 6.68, -7.22 	0.00, 10.00 	11,5,23,346		7.56,18.32	1000,1 	0
1674    	25.86, -12.52, -10.95 	-0.71, 6.82, -7.22 	0.00, 10.00 	11,5,23,356		7.48,16.49	1000,1 	0
1683    	25.84, -12.49, -10.94 	-0.71, 6.95, -7.20 	0.00, 10.00 	11,5,23,366		4.37,14.85	1000,1 	0
1691    	25.79, -12.47, -10.91 	-0.72, 7.09, -7.15 	0.00, 10.00 	11,5,23,375		6.89,16.70	1000,1 	0
1700    	25.76, -12.41, -10.90 	-0.70, 7.27, -7.11 	0.00, 10.00 	11,5,23,385		6.64,19.88	1000,1 	0
1709    	25.76, -12.35, -10.90 	-0.65, 7.48, -7.04 	0.00, 10.00 	11,5,23,395		7.48,24.32	1000,1 	0
1717    	25.72, -12.31, -10.88 	-0.54, 7.73, -6.94 	0.00, 10.00 	11,5,23,404		6.58,34.62	1000,1 	0
1726    	25.69, -12.24, -10.90 	-0.46, 8.00, -6.80 	0.00, 10.00 	11,5,23,414		8.22,31.16	1000,1 	0
1735    	25.69, -12.19, -10.89 	-0.37, 8.32, -6.68 	0.00, 10.00 	11,5,23,424		6.24,37.37	1000,1 	0
1743    	25.67, -12.10, -10.90 	-0.25, 8.67, -6.64 	0.00, 10.00 	11,5,23,433		11.52,45.43	1000,1 	0
1752    	25.67, -12.02, -10.89 	-0.19, 8.82, -6.61 	0.00, 10.00 	11,5,23,443		8.73,17.74	1000,1 	0
1761    	25.72, -11.93, -10.87 	-0.14, 8.83, -6.57 	0.00, 10.00 	11,5,23,453		11.39,5.69	1000,1 	0
1770    	25.69, -11.86, -10.87 	-0.10, 8.89, -6.55 	0.00, 10.00 	11,5,23,463		8.22,8.59	1000,1 	0
1778    	25.67, -11.78, -10.85 	-0.03, 9.05, -6.55 	0.00, 10.00 	11,5,23,472		9.91,21.22	1000,1 	0
1787    	25.58, -11.73, -10.81 	0.04, 9.20, -6.57 	0.00, 10.00 	11,5,23,482		11.86,18.24	1000,1 	0
1795    	25.59, -11.70, -10.79 	0.09, 9.37, -6.60 	0.00, 10.00 	11,5,23,491		4.38,23.02	1000,1 	0
1804    	25.53, -11.66, -10.74 	0.19, 9.52, -6.60 	0.00, 10.00 	11,5,23,501		7.69,19.40	1000,1 	0
1813    	25.52, -11.67, -10.70 	0.26, 9.68, -6.63 	0.00, 10.00 	11,5,23,511		1.67,19.33	1000,1 	0
1822    	25.50, -11.63, -10.67 	0.33, 9.80, -6.61 	0.00, 10.00 	11,5,23,521		5.48,15.56	1000,1 	0
1830    	25.53, -11.57, -10.62 	0.34, 9.90, -6.60 	0.00, 10.00 	11,5,23,530		7.93,12.57	1000,1 	0
1839    	25.54, -11.49, -10.58 	0.34, 9.95, -6.60 	0.00, 10.00 	11,5,23,540		8.79,6.19	1000,1 	0
1848    	25.53, -11.49, -10.55 	0.38, 10.00, -6.60 	0.00, 10.00 	11,5,23,550		1.12,7.39	1000,1 	0
1856    	25.49, -11.45, -10.53 	0.36, 10.04, -6.59 	0.00, 10.00 	11,5,23,559		7.56,6.15	1000,1 	0
1865    	25.45, -11.47, -10.50 	0.40, 10.10, -6.60 	0.00, 10.00 	11,5,23,569		5.09,7.56	1000,1 	0
1874    	25.42, -11.45, -10.47 	0.39, 10.11, -6.59 	0.00, 10.00 	11,5,23,579		4.19,1.68	1000,1 	0
1882    	25.39, -11.44, -10.45 	0.41, 10.16, -6.60 	0.00, 10.00 	11,5,23,588		4.03,6.06	1000,1 	0
1891    	25.37, -11.41, -10.44 	0.40, 10.19, -6.61 	0.00, 10.00 	11,5,23,598		4.37,3.90	1000,1 	0
1900    	25.36, -11.41, -10.43 	0.42, 10.22, -6.61 	0.00, 10.00 	11,5,23,608		1.12,4.29	1000,1 	0
1908    	25.35, -11.38, -10.45 	0.39, 10.26, -6.61 	0.00, 10.00 	11,5,23,617		3.08,5.68	1000,1 	0
1917    	25.35, -11.37, -10.44 	0.38, 10.27, -6.61 	0.00, 10.00 	11,5,23,627		1.25,1.68	1000,1 	0
1926    	25.34, -11.33, -10.44 	0.38, 10.28, -6.61 	0.00, 10.00 	11,5,23,637		5.12,1.24	1000,1 	0
1934    	25.32, -11.33, -10.44 	0.34, 10.31, -6.61 	0.00, 10.00 	11,5,23,646		2.51,6.59	1000,1 	0
1943    	25.28, -11.33, -10.43 	0.35, 10.33, -6.61 	0.00, 10.00 	11,5,23,656		4.46,2.69	1000,1 	0
1952    	25.29, -11.28, -10.43 	0.32, 10.37, -6.62 	0.00, 10.00 	11,5,23,666		5.45,4.37	1000,1 	0
1961    	25.25, -11.26, -10.42 	0.30, 10.38, -6.62 	0.00, 10.00 	11,5,23,676		5.13,2.57	1000,1 	0
1969    	25.22, -11.24, -10.43 	0.29, 10.42, -6.62 	0.00, 10.00 	11,5,23,685		4.71,5.73	1000,1 	0
1978    	25.17, -11.24, -10.42 	0.26, 10.46, -6.62 	0.00, 10.00 	11,5,23,695		5.58,5.05	1000,1 	0
1987    	25.14, -11.24, -10.39 	0.23, 10.47, -6.61 	0.00, 10.00 	11,5,23,705		3.35,3.59	1000,1 	0
1995    	25.13, -11.24, -10.38 	0.18, 10.48, -6.62 	0.00, 10.00 	11,5,23,714		1.25,6.45	1000,1 	0
2004    	25.12, -11.21, -10.38 	0.18, 10.49, -6.60 	0.00, 10.00 	11,5,23,724		3.91,1.24	1000,1 	0
2013    	25.10, -11.19, -10.37 	0.14, 10.50, -6.60 	0.00, 10.00 	11,5,23,734		2.56,4.65	1000,1 	0
2021    	25.10, -11.17, -10.37 	0.12, 10.52, -6.61 	0.00, 10.00 	11,5,23,743		2.81,3.78	1000,1 	0
2030    	25.12, -11.18, -10.36 	0.09, 10.53, -6.60 	0.00, 10.00 	11,5,23,753		2.56,3.59	1000,1 	0
2039    	25.10, -11.15, -10.35 	0.05, 10.54, -6.60 	0.00, 10.00 	11,5,23,763		4.37,4.65	1000,1 	0
2047    	25.10, -11.12, -10.36 	0.06, 10.55, -6.60 	0.00, 10.00 	11,5,23,772		4.21,1.86	1000,1 	0
2056    	25.10, -11.10, -10.37 	0.04, 10.55, -6.60 	0.00, 10.00 	11,5,23,782		1.25,2.23	1000,1 	0
2065    	25.13, -11.09, -10.38 	0.01, 10.57, -6.61 	0.00, 10.00 	11,5,23,792		3.56,3.59	1000,1 	0
2073    	25.12, -11.06, -10.38 	-0.00, 10.58, -6.61 	0.00, 10.00 	11,5,23,801		4.40,1.89	1000,1 	0
2082    	25.08, -11.07, -10.37 	-0.01, 10.59, -6.62 	0.00, 10.00 	11,5,23,811		4.62,1.68	1000,1 	0
2091    	25.03, -11.12, -10.36 	-0.03, 10.60, -6.62 	0.00, 10.00 	11,5,23,821		7.45,2.57	1000,1 	0
2099    	25.01, -11.07, -10.35 	-0.04, 10.60, -6.63 	0.00, 10.00 	11,5,23,830		6.17,1.26	1000,1 	0
2108    	25.00, -11.09, -10.34 	-0.05, 10.59, -6.61 	0.00, 10.00 	11,5,23,840		2.72,1.65	1000,1 	0
2117    	25.00, -11.05, -10.34 	-0.07, 10.59, -6.60 	0.00, 10.00 	11,5,23,850		4.99,2.23	1000,1 	0
2125    	24.98, -11.06, -10.34 	-0.08, 10.58, -6.60 	0.00, 10.00 	11,5,23,859		2.86,1.86	1000,1 	0
2134    	24.97, -11.05, -10.34 	-0.09, 10.56, -6.61 	0.00, 10.00 	11,5,23,869		1.68,1.65	1000,1 	0
2143    	24.97, -11.05, -10.34 	-0.10, 10.56, -6.61 	0.00, 10.00 	11,5,23,879		0.00,1.12	1000,1 	0
2152    	24.95, -11.08, -10.34 	-0.09, 10.55, -6.60 	0.00, 10.00 	11,5,23,889		4.34,1.68	1000,1 	0
2160    	24.94, -11.06, -10.34 	-0.11, 10.55, -6.61 	0.00, 10.00 	11,5,23,898		3.08,2.51	1000,1 	0
2169    	24.95, -11.06, -10.34 	-0.10, 10.54, -6.60 	0.00, 10.00 	11,5,23,908		1.11,1.68	1000,1 	0
2178    	24.94, -11.06, -10.34 	-0.09, 10.53, -6.60 	0.00, 10.00 	11,5,23,918		1.11,1.68	1000,1 	0
2186    	24.94, -11.08, -10.33 	-0.10, 10.52, -6.60 	0.00, 10.00 	11,5,23,927		2.81,1.86	1000,1 	0
2195    	24.93, -11.09, -10.33 	-0.11, 10.50, -6.60 	0.00, 10.00 	11,5,23,937		1.67,2.69	1000,1 	0
2204    	24.93, -11.06, -10.32 	-0.14, 10.50, -6.60 	0.00, 10.00 	11,5,23,947		3.74,3.35	1000,1 	0
2212    	24.94, -11.07, -10.34 	-0.14, 10.49, -6.60 	0.00, 10.00 	11,5,23,956		1.89,1.39	1000,1 	0
2221    	24.91, -11.09, -10.33 	-0.17, 10.45, -6.60 	0.00, 10.00 	11,5,23,966		4.16,4.95	1000,1 	0
2230    	24.91, -11.08, -10.32 	-0.20, 10.40, -6.59 	0.00, 10.00 	11,5,23,976		1.25,6.98	1000,1 	0
2238    	24.91, -11.08, -10.32 	-0.22, 10.35, -6.59 	0.00, 10.00 	11,5,23,985		0.00,6.06	1000,1 	0
2247    	24.89, -11.08, -10.31 	-0.25, 10.30, -6.59 	0.00, 10.00 	11,5,23,995		2.23,6.98	1000,1 	0
2256    	24.90, -11.07, -10.30 	-0.27, 10.25, -6.60 	0.00, 10.00 	11,5,24,5		1.67,5.92	1000,1 	0
2264    	24.85, -11.09, -10.32 	-0.31, 10.21, -6.58 	0.00, 10.00 	11,5,24,14		6.85,7.42	1000,1 	0
2273    	24.84, -11.10, -10.31 	-0.35, 10.16, -6.59 	0.00, 10.00 	11,5,24,24		1.12,6.60	1000,1 	0
2282    	24.85, -11.09, -10.31 	-0.36, 10.11, -6.59 	0.00, 10.00 	11,5,24,34		1.12,6.26	1000,1 	0
2290    	24.87, -11.11, -10.30 	-0.40, 10.07, -6.59 	0.00, 10.00 	11,5,24,43		2.88,6.47	1000,1 	0
2299    	24.84, -11.12, -10.29 	-0.43, 10.02, -6.57 	0.00, -0.00 	11,5,24,63		3.56,6.98	1000,1 	0
2307    	24.84, -11.13, -10.27 	-0.45, 10.01, -6.57 	0.00, -0.00 	11,5,24,72		0.62,1.27	1000,1 	0
2316    	24.85, -11.14, -10.28 	-0.46, 9.99, -6.57 	0.00, -0.00 	11,5,24,82		0.80,0.78	1000,1 	0
2325    	24.86, -11.12, -10.28 	-0.48, 9.99, -6.58 	0.00, -0.00 	11,5,24,92		1.29,1.06	1000,1 	0
2334    	24.83, -11.13, -10.27 	-0.47, 9.98, -6.57 	0.00, -0.00 	11,5,24,102		1.78,0.84	1000,1 	0
2342    	24.84, -11.13, -10.28 	-0.47, 9.98, -6.57 	0.00, -0.00 	11,5,24,111		0.56,0.00	1000,1 	0
2351    	24.85, -11.12, -10.27 	-0.47, 9.98, -6.58 	0.00, -0.00 	11,5,24,121		0.79,0.00	1000,1 	0
2360    	24.84, -11.12, -10.26 	-0.47, 9.98, -6.59 	0.00, -0.00 	11,5,24,131		0.56,0.00	1000,1 	0
2368    	24.83, -11.12, -10.26 	-0.49, 9.98, -6.58 	0.00, -0.00 	11,5,24,140		0.56,1.12	1000,1 	0
2377    	24.84, -11.12, -10.26 	-0.48, 9.97, -6.58 	0.00, -0.00 	11,5,24,150		0.53,0.80	1000,1 	0
2386    	24.84, -11.14, -10.25 	-0.46, 9.96, -6.58 	0.00, -0.00 	11,5,24,160		1.25,1.29	1000,1 	0
2394    	24.83, -11.14, -10.24 	-0.45, 9.96, -6.57 	0.00, -0.00 	11,5,24,169		0.56,0.56	1000,1 	0
2403    	24.82, -11.14, -10.23 	-0.45, 9.97, -6.57 	0.00, -0.00 	11,5,24,179		0.53,0.59	1000,1 	0
2412    	24.83, -11.14, -10.23 	-0.47, 9.96, -6.58 	0.00, -0.00 	11,5,24,189		0.56,1.27	1000,1 	0
2420    	24.84, -11.14, -10.23 	-0.47, 9.96, -6.58 	0.00, -0.00 	11,5,24,198		0.56,0.00	1000,1 	0
2429    	24.83, -11.14, -10.23 	-0.48, 9.95, -6.57 	0.00, -0.00 	11,5,24,208		0.53,0.78	1000,1 	0
2438    	24.84, -11.15, -10.23 	-0.48, 9.95, -6.57 	0.00, -0.00 	11,5,24,218		0.84,0.00	1000,1 	0
2446    	24.82, -11.15, -10.23 	-0.48, 9.95, -6.57 	0.00, -0.00 	11,5,24,227		1.12,0.00	1000,1 	0
2455    	24.80, -11.16, -10.23 	-0.50, 9.96, -6.58 	0.00, -0.00 	11,5,24,237		1.21,1.22	1000,1 	0
2464    	24.79, -11.14, -10.23 	-0.49, 9.96, -6.58 	0.00, -0.00 	11,5,24,247		1.37,0.56	1000,1 	0
2472    	24.79, -11.14, -10.23 	-0.49, 9.96, -6.59 	0.00, -0.00 	11,5,24,256		0.00,0.00	1000,1 	0
2481    	24.81, -11.12, -10.23 	-0.50, 9.95, -6.58 	0.00, -0.00 	11,5,24,266		1.58,0.78	1000,1 	0
2490    	24.79, -11.12, -10.24 	-0.50, 9.95, -6.58 	0.00, -0.00 	11,5,24,276		1.11,0.00	1000,1 	0
2498    	24.82, -11.11, -10.23 	-0.49, 9.96, -6.59 	0.00, -0.00 	11,5,24,285		1.78,0.82	1000,1 	0
2507    	24.79, -11.13, -10.24 	-0.48, 9.97, -6.60 	0.00, -0.00 	11,5,24,295		1.97,0.78	1000,1 	0
2516    	24.79, -11.12, -10.25 	-0.48, 9.95, -6.58 	0.00, -0.00 	11,5,24,305		0.59,1.17	1000,1 	0
2524    	24.79, -11.12, -10.25 	-0.49, 9.96, -6.58 	0.00, -0.00 	11,5,24,314		0.00,0.84	1000,1 	0
2533    	24.76, -11.15, -10.25 	-0.49, 9.95, -6.59 	0.00, -0.00 	11,5,24,324		2.37,0.59	1000,1 	0
2542    	24.74, -11.19, -10.23 	-0.49, 9.95, -6.59 	0.00, -0.00 	11,5,24,334		2.06,0.00	1000,1 	0
2551    	24.74, -11.17, -10.23 	-0.49, 9.95, -6.59 	0.00, -0.00 	11,5,24,344		0.62,0.00	1000,1 	0
2559    	24.75, -11.16, -10.23 	-0.50, 9.95, -6.58 	0.00, -0.00 	11,5,24,353		0.83,0.56	1000,1 	0
2568    	24.74, -11.16, -10.23 	-0.50, 9.95, -6.58 	0.00, -0.00 	11,5,24,363		0.53,0.00	1000,1 	0
2577    	24.75, -11.14, -10.23 	-0.50, 9.95, -6.58 	0.00, -0.00 	11,5,24,373		1.36,0.00	1000,1 	0
2585    	24.74, -11.16, -10.23 	-0.51, 9.95, -6.58 	0.00, -0.00 	11,5,24,382		1.36,0.56	1000,1 	0
2594    	24.76, -11.15, -10.24 	-0.51, 9.95, -6.59 	0.00, -0.00 	11,5,24,392		1.21,0.00	1000,1 	0
2603    	24.75, -11.16, -10.24 	-0.51, 9.95, -6.59 	0.00, -0.00 	11,5,24,402		0.83,0.00	1000,1 	0
2611    	24.76, -11.14, -10.23 	-0.51, 9.95, -6.58 	0.00, -0.00 	11,5,24,411		1.36,0.00	1000,1 	0
2620    	24.76, -11.14, -10.23 	-0.50, 9.95, -6.59 	0.00, -0.00 	11,5,24,421		0.00,0.48	1000,1 	0
2629    	24.77, -11.14, -10.24 	-0.48, 9.95, -6.59 	0.00, -0.00 	11,5,24,431		0.53,1.06	1000,1 	0
2637    	24.76, -11.13, -10.23 	-0.49, 9.95, -6.59 	0.00, -0.00 	11,5,24,440		0.80,0.53	1000,1 	0
2646    	24.76, -11.14, -10.24 	-0.48, 9.95, -6.59 	0.00, -0.00 	11,5,24,450		0.56,0.50	1000,1 	0
2655    	24.75, -11.16, -10.24 	-0.49, 9.95, -6.59 	0.00, -0.00 	11,5,24,460		1.29,0.53	1000,1 	0
2663    	24.75, -11.16, -10.23 	-0.48, 9.95, -6.59 	0.00, -0.00 	11,5,24,469		0.00,0.53	1000,1 	0
2672    	24.72, -11.17, -10.23 	-0.50, 9.94, -6.60 	0.00, -0.00 	11,5,24,479		1.60,1.14	1000,1 	0
2681    	24.69, -11.19, -10.23 	-0.50, 9.94, -6.59 	0.00, -0.00 	11,5,24,489		1.69,0.00	1000,1 	0
2689    	24.70, -11.20, -10.23 	-0.50, 9.94, -6.60 	0.00, -0.00 	11,5,24,498		0.80,0.00	1000,1 	0
2698    	24.70, -11.20, -10.23 	-0.51, 9.94, -6.60 	0.00, -0.00 	11,5,24,508		0.00,0.50	1000,1 	0
2707    	24.70, -11.20, -10.23 	-0.50, 9.94, -6.59 	0.00, -0.00 	11,5,24,518		0.00,0.50	1000,1 	0
2717    	24.68, -11.17, -10.23 	-0.52, 9.94, -6.59 	0.00, -0.00 	11,5,24,529		1.51,1.00	1000,1 	0
2724    	24.70, -11.16, -10.23 	-0.48, 9.93, -6.59 	0.00, -0.00 	11,5,24,537		1.27,2.33	1000,1 	0
2733    	24.68, -11.17, -10.25 	-0.49, 9.89, -6.60 	0.00, -0.00 	11,5,24,547		1.15,1.73	1000,1 	0
2742    	24.70, -11.16, -10.25 	-0.49, 9.86, -6.59 	0.00, -0.00 	11,5,24,557		1.21,1.76	1000,1 	0
2750    	24.69, -11.16, -10.25 	-0.49, 9.80, -6.58 	0.00, -0.00 	11,5,24,566		0.53,2.97	1000,1 	0
2762    	24.71, -11.17, -10.25 	-0.47, 9.68, -6.57 	0.00, -0.00 	11,5,24,578		1.15,6.23	1000,1 	0
2769    	24.71, -11.17, -10.26 	-0.46, 9.57, -6.59 	0.00, -0.00 	11,5,24,586		0.00,7.00	1000,1 	0
2777    	24.71, -11.17, -10.26 	-0.45, 9.40, -6.57 	0.00, -0.00 	11,5,24,595		0.00,9.28	1000,1 	0
2786    	24.70, -11.17, -10.27 	-0.49, 9.20, -6.56 	0.00, -0.00 	11,5,24,605		0.53,10.72	1000,1 	0
2795    	24.72, -11.16, -10.27 	-0.55, 8.97, -6.53 	0.00, -0.00 	11,5,24,615		1.27,13.49	1000,1 	0
2803    	24.70, -11.20, -10.28 	-0.57, 8.74, -6.53 	0.00, -0.00 	11,5,24,624		2.17,13.02	1000,1 	0
2812    	24.70, -11.20, -10.28 	-0.53, 8.55, -6.54 	0.00, -0.00 	11,5,24,634		0.00,10.12	1000,1 	0
2821    	24.71, -11.23, -10.30 	-0.56, 8.33, -6.54 	0.00, -0.00 	11,5,24,644		1.96,11.84	1000,1 	0
2829    	24.72, -11.22, -10.31 	-0.56, 8.11, -6.54 	0.00, -0.00 	11,5,24,653		0.83,12.37	1000,1 	0
2838    	24.72, -11.24, -10.31 	-0.62, 7.86, -6.50 	0.00, -0.00 	11,5,24,663		1.18,13.79	1000,1 	0
2847    	24.78, -11.29, -10.31 	-0.61, 7.67, -6.50 	0.00, -0.00 	11,5,24,673		4.19,10.52	1000,1 	0
2855    	24.81, -11.29, -10.34 	-0.57, 7.51, -6.50 	0.00, -0.00 	11,5,24,682		1.67,8.99	1000,1 	0
2864    	24.88, -11.32, -10.35 	-0.50, 7.31, -6.50 	0.00, -0.00 	11,5,24,692		4.11,11.07	1000,1 	0
2873    	24.92, -11.35, -10.38 	-0.47, 7.12, -6.50 	0.00, -0.00 	11,5,24,702		2.92,10.68	1000,1 	0
2881    	25.01, -11.39, -10.43 	-0.44, 6.91, -6.48 	0.00, -0.00 	11,5,24,711		4.85,11.83	1000,1 	0
2890    	25.06, -11.43, -10.46 	-0.41, 6.72, -6.48 	0.00, -0.00 	11,5,24,721		3.56,10.12	1000,1 	0
2899    	25.11, -11.51, -10.52 	-0.37, 6.50, -6.46 	0.00, -0.00 	11,5,24,731		4.93,11.86	1000,1 	0
2909    	25.15, -11.58, -10.56 	-0.35, 6.28, -6.45 	0.00, -0.00 	11,5,24,742		4.37,12.40	1000,1 	0
2916    	25.16, -11.64, -10.59 	-0.35, 6.05, -6.44 	0.00, -0.00 	11,5,24,750		4.01,13.10	1000,1 	0
2925    	25.16, -11.75, -10.63 	-0.26, 5.87, -6.44 	0.00, -0.00 	11,5,24,760		5.91,10.90	1000,1 	0
2934    	25.25, -11.88, -10.62 	-0.26, 5.74, -6.47 	0.00, -0.00 	11,5,24,770		8.53,6.81	1000,1 	0
2942    	25.24, -12.03, -10.61 	-0.20, 5.58, -6.48 	0.00, -0.00 	11,5,24,779		8.79,9.93	1000,1 	0
2951    	25.32, -12.15, -10.64 	-0.10, 5.36, -6.47 	0.00, -0.00 	11,5,24,789		7.29,12.19	1000,1 	0
2960    	25.39, -12.28, -10.65 	-0.05, 5.12, -6.47 	0.00, -0.00 	11,5,24,799		8.47,13.83	1000,1 	0
2968    	25.46, -12.37, -10.66 	-0.04, 4.88, -6.44 	0.00, -0.00 	11,5,24,808		6.36,13.63	1000,1 	0
2977    	25.52, -12.47, -10.66 	-0.02, 4.65, -6.43 	0.00, -0.00 	11,5,24,818		6.21,11.74	1000,1 	0
2986    	25.61, -12.53, -10.66 	0.03, 4.45, -6.43 	0.00, -0.00 	11,5,24,828		5.46,11.53	1000,1 	0
2994    	25.71, -12.62, -10.65 	0.08, 4.31, -6.44 	0.00, -0.00 	11,5,24,837		7.51,8.39	1000,1 	0
3003    	25.71, -12.75, -10.64 	0.16, 4.15, -6.46 	0.00, -0.00 	11,5,24,847		7.09,9.30	1000,1 	0
3012    	25.72, -12.91, -10.63 	0.17, 4.01, -6.49 	0.00, -0.00 	11,5,24,857		8.75,8.07	1000,1 	0
3020    	25.73, -13.01, -10.63 	0.18, 3.82, -6.48 	0.00, -0.00 	11,5,24,866		5.64,10.52	1000,1 	0
3029    	25.74, -13.11, -10.65 	0.18, 3.64, -6.49 	0.00, -0.00 	11,5,24,876		5.32,9.38	1000,1 	0
3038    	25.84, -13.22, -10.66 	0.20, 3.44, -6.50 	0.00, -0.00 	11,5,24,886		7.96,10.57	1000,1 	0
3046    	25.87, -13.28, -10.70 	0.15, 3.28, -6.51 	0.00, -0.00 	11,5,24,895		3.55,9.05	1000,1 	0
3055    	25.85, -13.41, -10.71 	0.18, 3.11, -6.54 	0.00, -0.00 	11,5,24,905		7.16,9.46	1000,1 	0
3064    	25.93, -13.50, -10.71 	0.16, 2.94, -6.56 	0.00, -0.00 	11,5,24,915		10.08,13.99	1000,1 	0
3073    	25.96, -13.61, -10.72 	0.10, 2.77, -6.60 	0.00, -0.00 	11,5,24,925		10.59,16.36	1000,1 	0
3081    	26.03, -13.67, -10.72 	0.08, 2.59, -6.64 	0.00, -0.00 	11,5,24,934		7.51,16.26	1000,1 	0
3090    	26.04, -13.77, -10.71 	-0.00, 2.37, -6.65 	0.00, -0.00 	11,5,24,944		9.24,21.70	1000,1 	0
3099    	26.10, -13.81, -10.72 	-0.06, 2.15, -6.66 	0.00, -0.00 	11,5,24,954		6.86,20.87	1000,1 	0
3107    	26.15, -13.87, -10.74 	-0.05, 1.99, -6.71 	0.00, -0.00 	11,5,24,963		6.87,14.22	1000,1 	0
3116    	26.14, -13.99, -10.72 	-0.03, 1.86, -6.77 	0.00, -0.00 	11,5,24,973		11.25,12.20	1000,1 	0
3125    	26.11, -14.09, -10.71 	-0.10, 1.74, -6.83 	0.00, -0.00 	11,5,24,983		9.56,12.73	1000,1 	0
3133    	26.09, -14.17, -10.69 	-0.07, 1.60, -6.87 	0.00, -0.00 	11,5,24,992		7.36,12.50	1000,1 	0
3142    	26.10, -14.25, -10.70 	-0.08, 1.51, -6.93 	0.00, -0.00 	11,5,25,2		6.55,7.58	1000,1 	0
3151    	26.12, -14.32, -10.72 	-0.09, 1.37, -6.97 	0.00, -0.00 	11,5,25,12		6.40,13.17	1000,1 	0
3159    	26.13, -14.32, -10.74 	-0.10, 1.23, -7.01 	0.00, -0.00 	11,5,25,21		0.91,12.16	1000,1 	0
3168    	26.14, -14.42, -10.74 	-0.14, 1.10, -7.04 	0.00, -0.00 	11,5,25,31		8.47,11.82	1000,1 	0
3177    	26.22, -14.43, -10.74 	-0.19, 0.94, -7.02 	0.00, -0.00 	11,5,25,41		7.38,14.80	1000,1 	0
3185    	26.19, -14.52, -10.71 	-0.23, 0.84, -7.05 	0.00, -0.00 	11,5,25,50		8.59,9.75	1000,1 	0
3194    	26.21, -14.54, -10.72 	-0.26, 0.73, -7.06 	0.00, -0.00 	11,5,25,60		2.52,9.80	1000,1 	0
3203    	26.25, -14.62, -10.69 	-0.29, 0.65, -7.11 	0.00, -0.00 	11,5,25,70		8.05,7.55	1000,1 	0
