#Time 	Sensor1         Sensor2         Target          Time            Vel             
#================================================================

17      	26.50, -16.55, -9.78 	-0.26, 0.11, -6.41 	0.00, 30.00 	11,4,49,859		0.00,0.00	0,0 	0
19      	26.52, -16.54, -9.78 	-0.23, 0.10, -6.40 	0.00, 30.00 	11,4,49,862		11.46,16.16	0,0 	0
28      	26.52, -16.55, -9.76 	-0.24, 0.08, -6.41 	0.00, 30.00 	11,4,49,871		1.25,2.69	0,0 	0
37      	26.52, -16.55, -9.75 	-0.26, 0.12, -6.41 	0.00, 30.00 	11,4,49,881		0.00,5.47	0,0 	0
45      	26.54, -16.55, -9.73 	-0.25, 0.12, -6.41 	0.00, 30.00 	11,4,49,890		2.51,1.26	0,0 	0
54      	26.53, -16.55, -9.73 	-0.25, 0.11, -6.40 	0.00, 30.00 	11,4,49,900		1.12,1.24	0,0 	0
63      	26.52, -16.57, -9.72 	-0.24, 0.13, -6.41 	0.00, 30.00 	11,4,49,910		2.72,2.69	0,0 	0
71      	26.52, -16.59, -9.74 	-0.24, 0.12, -6.42 	0.00, 30.00 	11,4,49,919		2.81,1.39	0,0 	0
80      	26.51, -16.59, -9.72 	-0.21, 0.11, -6.41 	0.00, 30.00 	11,4,49,929		1.12,3.59	0,0 	0
89      	26.48, -16.60, -9.71 	-0.24, 0.11, -6.40 	0.00, 30.00 	11,4,49,939		3.56,3.35	0,0 	0
97      	26.48, -16.63, -9.71 	-0.21, 0.12, -6.41 	0.00, 30.00 	11,4,49,948		2.81,3.99	0,0 	0
106     	26.47, -16.62, -9.72 	-0.24, 0.11, -6.39 	0.00, 30.00 	11,4,49,958		1.68,3.55	0,0 	0
115     	26.50, -16.66, -9.68 	-0.23, 0.12, -6.40 	0.00, 30.00 	11,4,49,968		6.03,1.65	0,0 	0
123     	26.47, -16.67, -9.67 	-0.23, 0.13, -6.41 	0.00, 30.00 	11,4,49,977		4.01,1.39	0,0 	0
132     	26.44, -16.68, -9.69 	-0.23, 0.11, -6.42 	0.00, 30.00 	11,4,49,987		3.56,2.47	0,0 	0
141     	26.41, -16.72, -9.65 	-0.21, 0.12, -6.42 	0.00, 30.00 	11,4,49,997		5.80,2.53	0,0 	0
149     	26.44, -16.75, -9.65 	-0.20, 0.11, -6.42 	0.00, 30.00 	11,4,50,6		5.67,1.89	0,0 	0
159     	26.46, -16.72, -9.65 	-0.19, 0.12, -6.42 	0.00, 30.00 	11,4,50,17		3.91,1.48	0,0 	0
167     	26.48, -16.73, -9.66 	-0.18, 0.13, -6.44 	0.00, 30.00 	11,4,50,26		2.89,1.86	0,0 	0
175     	26.48, -16.75, -9.63 	-0.20, 0.14, -6.42 	0.00, 30.00 	11,4,50,35		2.81,2.89	0,0 	0
184     	26.47, -16.75, -9.64 	-0.22, 0.15, -6.42 	0.00, 30.00 	11,4,50,45		1.11,2.57	0,0 	0
193     	26.47, -16.77, -9.62 	-0.25, 0.13, -6.42 	0.00, 30.00 	11,4,50,55		2.49,4.12	0,0 	0
202     	26.44, -16.80, -9.61 	-0.24, 0.15, -6.44 	0.00, 30.00 	11,4,50,65		4.16,2.69	0,0 	0
210     	26.46, -16.80, -9.61 	-0.23, 0.16, -6.45 	0.00, 30.00 	11,4,50,74		2.51,1.86	0,0 	0
219     	26.49, -16.77, -9.60 	-0.21, 0.13, -6.43 	0.00, 30.00 	11,4,50,84		4.16,4.37	0,0 	0
228     	26.47, -16.77, -9.62 	-0.23, 0.14, -6.42 	0.00, 30.00 	11,4,50,94		2.23,2.57	0,0 	0
236     	26.50, -16.78, -9.59 	-0.21, 0.14, -6.41 	0.00, 30.00 	11,4,50,103		4.03,2.51	0,0 	0
245     	26.47, -16.78, -9.59 	-0.21, 0.10, -6.42 	0.00, 30.00 	11,4,50,113		3.35,4.95	0,0 	0
254     	26.50, -16.81, -9.58 	-0.23, 0.10, -6.41 	0.00, 30.00 	11,4,50,123		4.19,2.23	0,0 	0
262     	26.48, -16.81, -9.59 	-0.25, 0.12, -6.42 	0.00, 30.00 	11,4,50,132		2.51,3.78	0,0 	0
271     	26.49, -16.81, -9.59 	-0.21, 0.10, -6.41 	0.00, 30.00 	11,4,50,142		1.12,5.14	0,0 	0
280     	26.49, -16.81, -9.59 	-0.21, 0.10, -6.41 	0.00, 30.00 	11,4,50,152		0.00,0.00	0,0 	0
288     	26.52, -16.78, -9.60 	-0.23, 0.10, -6.41 	0.00, 30.00 	11,4,50,161		4.68,2.51	0,0 	0
297     	26.52, -16.80, -9.61 	-0.23, 0.10, -6.40 	0.00, 30.00 	11,4,50,171		1.25,0.00	0,0 	0
306     	26.53, -16.80, -9.60 	-0.23, 0.10, -6.42 	0.00, 30.00 	11,4,50,181		1.12,0.00	0,0 	0
314     	26.53, -16.80, -9.59 	-0.25, 0.10, -6.41 	0.00, 30.00 	11,4,50,190		0.00,2.51	0,0 	0
323     	26.53, -16.80, -9.58 	-0.27, 0.10, -6.41 	0.00, 30.00 	11,4,50,200		0.00,2.23	0,0 	0
332     	26.56, -16.82, -9.58 	-0.20, 0.11, -6.40 	0.00, 30.00 	11,4,50,210		4.19,7.88	0,0 	0
340     	26.52, -16.82, -9.57 	-0.20, 0.11, -6.40 	0.00, 30.00 	11,4,50,219		5.02,0.00	0,0 	0
350     	26.51, -16.82, -9.57 	-0.19, 0.11, -6.41 	0.00, 30.00 	11,4,50,230		1.00,1.00	0,0 	0
358     	26.50, -16.83, -9.57 	-0.18, 0.12, -6.42 	0.00, 30.00 	11,4,50,239		1.87,1.86	0,0 	0
367     	26.51, -16.85, -9.55 	-0.18, 0.12, -6.42 	0.00, 30.00 	11,4,50,249		2.74,0.00	0,0 	0
376     	26.50, -16.84, -9.55 	-0.18, 0.12, -6.42 	0.00, 30.00 	11,4,50,259		1.68,0.00	0,0 	0
384     	26.49, -16.84, -9.55 	-0.20, 0.12, -6.42 	0.00, 30.00 	11,4,50,268		1.25,2.51	0,0 	0
393     	26.47, -16.90, -9.53 	-0.20, 0.12, -6.42 	0.00, 30.00 	11,4,50,278		6.60,0.00	0,0 	0
401     	26.50, -16.89, -9.52 	-0.20, 0.11, -6.41 	0.00, 30.00 	11,4,50,287		4.01,1.39	0,0 	0
410     	26.46, -16.91, -9.50 	-0.20, 0.12, -6.41 	0.00, 30.00 	11,4,50,297		5.09,1.24	0,0 	0
419     	26.46, -16.92, -9.51 	-0.20, 0.12, -6.41 	0.00, 30.00 	11,4,50,307		1.25,0.00	0,0 	0
427     	26.43, -16.93, -9.49 	-0.20, 0.13, -6.42 	0.00, 30.00 	11,4,50,316		4.01,1.39	0,0 	0
436     	26.42, -16.93, -9.49 	-0.16, 0.13, -6.42 	0.00, 30.00 	11,4,50,326		1.11,4.46	0,0 	0
445     	26.47, -16.91, -9.48 	-0.16, 0.14, -6.42 	0.00, 30.00 	11,4,50,336		6.09,1.24	0,0 	0
453     	26.46, -16.91, -9.49 	-0.16, 0.14, -6.42 	0.00, 30.00 	11,4,50,345		1.25,0.00	0,0 	0
462     	26.50, -16.92, -9.48 	-0.18, 0.12, -6.42 	0.00, 30.00 	11,4,50,355		4.64,3.30	0,0 	0
471     	26.53, -16.91, -9.49 	-0.18, 0.11, -6.42 	0.00, 30.00 	11,4,50,365		3.56,1.24	0,0 	0
479     	26.50, -16.95, -9.48 	-0.18, 0.11, -6.42 	0.00, 30.00 	11,4,50,374		6.73,0.00	0,0 	0
488     	26.49, -16.96, -9.48 	-0.18, 0.11, -6.42 	0.00, 30.00 	11,4,50,384		1.67,0.00	0,0 	0
497     	26.52, -16.94, -9.48 	-0.19, 0.11, -6.42 	0.00, 30.00 	11,4,50,394		4.16,1.12	0,0 	0
505     	26.50, -16.98, -9.47 	-0.18, 0.11, -6.42 	0.00, 30.00 	11,4,50,403		4.88,1.26	0,0 	0
514     	26.49, -16.98, -9.46 	-0.20, 0.13, -6.43 	0.00, 30.00 	11,4,50,413		1.12,3.36	0,0 	0
523     	26.49, -16.98, -9.46 	-0.20, 0.14, -6.43 	0.00, 30.00 	11,4,50,423		0.00,1.24	0,0 	0
532     	26.48, -16.98, -9.47 	-0.20, 0.14, -6.43 	0.00, 30.00 	11,4,50,433		1.11,0.00	0,0 	0
541     	26.48, -16.96, -9.47 	-0.20, 0.14, -6.43 	0.00, 30.00 	11,4,50,443		1.25,0.00	0,0 	0
549     	26.45, -16.95, -9.46 	-0.18, 0.14, -6.43 	0.00, 30.00 	11,4,50,452		4.03,2.51	0,0 	0
558     	26.48, -16.96, -9.45 	-0.19, 0.14, -6.43 	0.00, 30.00 	11,4,50,462		3.58,1.12	0,0 	0
566     	26.47, -16.99, -9.45 	-0.19, 0.14, -6.43 	0.00, 30.00 	11,4,50,471		3.06,0.00	0,0 	0
575     	26.50, -16.99, -9.46 	-0.21, 0.14, -6.43 	0.00, 30.00 	11,4,50,481		3.35,2.23	0,0 	0
584     	26.50, -16.99, -9.46 	-0.21, 0.14, -6.42 	0.00, 30.00 	11,4,50,491		0.00,0.00	0,0 	0
592     	26.51, -16.98, -9.46 	-0.21, 0.13, -6.42 	0.00, 30.00 	11,4,50,500		1.87,1.39	0,0 	0
601     	26.52, -16.99, -9.43 	-0.23, 0.13, -6.42 	0.00, 30.00 	11,4,50,510		1.68,2.23	0,0 	0
610     	26.52, -17.00, -9.44 	-0.23, 0.13, -6.42 	0.00, 30.00 	11,4,50,520		1.25,0.00	0,0 	0
618     	26.52, -17.00, -9.44 	-0.24, 0.14, -6.42 	0.00, 30.00 	11,4,50,529		0.00,1.89	0,0 	0
627     	26.53, -16.96, -9.43 	-0.23, 0.13, -6.42 	0.00, 30.00 	11,4,50,539		3.89,1.68	0,0 	0
636     	26.56, -16.95, -9.42 	-0.24, 0.13, -6.42 	0.00, 30.00 	11,4,50,549		3.56,1.12	0,0 	0
644     	26.56, -16.96, -9.43 	-0.20, 0.13, -6.42 	0.00, 30.00 	11,4,50,558		1.40,5.02	0,0 	0
653     	26.59, -16.95, -9.43 	-0.21, 0.13, -6.42 	0.00, 30.00 	11,4,50,568		3.56,1.12	0,0 	0
662     	26.56, -17.00, -9.43 	-0.22, 0.14, -6.42 	0.00, 30.00 	11,4,50,578		5.98,1.68	0,0 	0
670     	26.52, -17.01, -9.42 	-0.23, 0.16, -6.41 	0.00, 30.00 	11,4,50,587		5.20,3.08	0,0 	0
679     	26.52, -17.03, -9.40 	-0.24, 0.15, -6.41 	0.00, 30.00 	11,4,50,597		2.49,1.65	0,0 	0
688     	26.48, -17.03, -9.39 	-0.20, 0.17, -6.41 	0.00, 30.00 	11,4,50,607		4.46,4.61	0,0 	0
696     	26.44, -17.04, -9.38 	-0.20, 0.17, -6.41 	0.00, 30.00 	11,4,50,616		5.20,0.00	0,0 	0
705     	26.44, -17.05, -9.38 	-0.22, 0.16, -6.41 	0.00, 30.00 	11,4,50,626		1.25,2.23	0,0 	0
714     	26.46, -17.03, -9.38 	-0.22, 0.15, -6.41 	0.00, 30.00 	11,4,50,636		3.33,1.24	0,0 	0
723     	26.48, -17.04, -9.37 	-0.19, 0.15, -6.42 	0.00, 30.00 	11,4,50,646		2.56,3.35	0,0 	0
732     	26.46, -17.07, -9.37 	-0.21, 0.15, -6.42 	0.00, 30.00 	11,4,50,656		3.33,2.23	0,0 	0
740     	26.46, -17.07, -9.38 	-0.23, 0.15, -6.41 	0.00, 30.00 	11,4,50,665		0.00,2.51	0,0 	0
749     	26.42, -17.08, -9.37 	-0.23, 0.16, -6.41 	0.00, 30.00 	11,4,50,675		4.62,1.24	0,0 	0
757     	26.43, -17.09, -9.36 	-0.20, 0.17, -6.41 	0.00, 30.00 	11,4,50,684		1.89,3.77	0,0 	0
766     	26.43, -17.11, -9.36 	-0.20, 0.18, -6.41 	0.00, 30.00 	11,4,50,694		2.49,1.24	0,0 	0
775     	26.43, -17.11, -9.36 	-0.20, 0.18, -6.41 	0.00, 30.00 	11,4,50,704		0.00,0.00	0,0 	0
783     	26.42, -17.13, -9.36 	-0.22, 0.19, -6.41 	0.00, 30.00 	11,4,50,713		3.06,2.89	0,0 	0
792     	26.40, -17.12, -9.33 	-0.22, 0.18, -6.41 	0.00, 30.00 	11,4,50,723		2.56,1.24	0,0 	0
801     	26.43, -17.12, -9.33 	-0.22, 0.19, -6.41 	0.00, 30.00 	11,4,50,733		3.35,1.24	0,0 	0
809     	26.40, -17.12, -9.33 	-0.24, 0.18, -6.41 	0.00, 30.00 	11,4,50,742		3.76,2.85	0,0 	0
818     	26.37, -17.13, -9.33 	-0.20, 0.18, -6.41 	0.00, 30.00 	11,4,50,752		3.56,4.46	0,0 	0
827     	26.36, -17.14, -9.33 	-0.23, 0.18, -6.41 	0.00, 30.00 	11,4,50,762		1.67,3.35	0,0 	0
835     	26.34, -17.18, -9.33 	-0.23, 0.18, -6.41 	0.00, 30.00 	11,4,50,771		4.88,0.00	0,0 	0
844     	26.31, -17.19, -9.32 	-0.23, 0.18, -6.41 	0.00, 30.00 	11,4,50,781		3.56,0.00	0,0 	0
853     	26.34, -17.17, -9.32 	-0.22, 0.18, -6.40 	0.00, 30.00 	11,4,50,791		4.16,1.12	0,0 	0
861     	26.31, -17.18, -9.31 	-0.22, 0.19, -6.41 	0.00, 30.00 	11,4,50,800		4.01,1.39	0,0 	0
870     	26.37, -17.16, -9.32 	-0.24, 0.19, -6.41 	0.00, 30.00 	11,4,50,810		7.12,2.23	0,0 	0
879     	26.36, -17.14, -9.32 	-0.20, 0.18, -6.41 	0.00, 30.00 	11,4,50,820		1.68,4.65	0,0 	0
887     	26.40, -17.12, -9.33 	-0.21, 0.18, -6.42 	0.00, 30.00 	11,4,50,829		5.73,1.26	0,0 	0
896     	26.40, -17.13, -9.33 	-0.17, 0.19, -6.42 	0.00, 30.00 	11,4,50,839		1.25,4.61	0,0 	0
905     	26.37, -17.14, -9.33 	-0.19, 0.19, -6.42 	0.00, 30.00 	11,4,50,849		3.56,2.23	0,0 	0
914     	26.37, -17.14, -9.32 	-0.20, 0.19, -6.42 	0.00, 30.00 	11,4,50,859		0.00,1.12	0,0 	0
923     	26.35, -17.18, -9.31 	-0.21, 0.18, -6.42 	0.00, 30.00 	11,4,50,869		4.34,1.65	0,0 	0
931     	26.35, -17.19, -9.32 	-0.22, 0.19, -6.42 	0.00, 30.00 	11,4,50,878		1.40,1.89	0,0 	0
941     	26.34, -17.18, -9.32 	-0.24, 0.20, -6.41 	0.00, 30.00 	11,4,50,888		1.51,2.32	0,0 	0
949     	26.34, -17.18, -9.32 	-0.25, 0.19, -6.41 	0.00, 30.00 	11,4,50,897		0.00,1.86	0,0 	0
958     	26.34, -17.18, -9.32 	-0.21, 0.20, -6.41 	0.00, 30.00 	11,4,50,907		0.00,4.61	0,0 	0
967     	26.34, -17.21, -9.31 	-0.23, 0.19, -6.41 	0.00, 30.00 	11,4,50,917		3.74,2.53	0,0 	0
975     	26.31, -17.22, -9.31 	-0.23, 0.20, -6.41 	0.00, 30.00 	11,4,50,926		4.01,1.39	0,0 	0
984     	26.31, -17.23, -9.31 	-0.21, 0.20, -6.41 	0.00, 30.00 	11,4,50,936		1.25,2.23	0,0 	0
993     	26.34, -17.21, -9.31 	-0.23, 0.20, -6.41 	0.00, 30.00 	11,4,50,946		4.16,2.23	0,0 	0
1001    	26.34, -17.21, -9.32 	-0.20, 0.20, -6.41 	0.00, 30.00 	11,4,50,955		0.00,3.77	1000,1 	0
1010    	26.34, -17.20, -9.32 	-0.19, 0.20, -6.41 	0.00, 30.00 	11,4,50,965		1.25,1.12	1000,1 	0
1019    	26.38, -17.21, -9.33 	-0.17, 0.22, -6.40 	0.00, 30.00 	11,4,50,975		4.64,3.30	1000,1 	0
1027    	26.38, -17.21, -9.33 	-0.18, 0.21, -6.41 	0.00, 30.00 	11,4,50,984		0.00,1.86	1000,1 	0
1036    	26.39, -17.22, -9.33 	-0.20, 0.21, -6.41 	0.00, 30.00 	11,4,50,994		1.68,2.23	1000,1 	0
1045    	26.38, -17.22, -9.33 	-0.20, 0.23, -6.40 	0.00, 30.00 	11,4,51,4		1.12,2.47	1000,1 	0
1053    	26.38, -17.25, -9.34 	-0.18, 0.22, -6.40 	0.00, 30.00 	11,4,51,13		2.81,2.89	1000,1 	0
1062    	26.38, -17.25, -9.34 	-0.18, 0.23, -6.41 	0.00, 30.00 	11,4,51,23		0.00,1.24	1000,1 	0
1071    	26.38, -17.23, -9.33 	-0.19, 0.23, -6.41 	0.00, 30.00 	11,4,51,33		1.25,1.12	1000,1 	0
1080    	26.42, -17.21, -9.35 	-0.21, 0.21, -6.39 	0.00, 30.00 	11,4,51,43		5.09,3.30	1000,1 	0
1088    	26.41, -17.21, -9.35 	-0.21, 0.22, -6.39 	0.00, 30.00 	11,4,51,52		1.25,1.39	1000,1 	0
1097    	26.41, -17.20, -9.36 	-0.23, 0.23, -6.41 	0.00, 30.00 	11,4,51,62		1.25,2.57	1000,1 	0
1106    	26.41, -17.21, -9.36 	-0.23, 0.22, -6.41 	0.00, 30.00 	11,4,51,72		1.25,1.24	1000,1 	0
1115    	26.41, -17.21, -9.36 	-0.23, 0.22, -6.41 	0.00, 30.00 	11,4,51,82		0.00,0.00	1000,1 	0
1123    	26.42, -17.21, -9.36 	-0.23, 0.22, -6.41 	0.00, 30.00 	11,4,51,91		1.25,0.00	1000,1 	0
1132    	26.40, -17.26, -9.34 	-0.26, 0.21, -6.41 	0.00, 30.00 	11,4,51,101		5.45,3.55	1000,1 	0
1140    	26.41, -17.25, -9.35 	-0.22, 0.21, -6.41 	0.00, 30.00 	11,4,51,110		1.87,5.02	1000,1 	0
1149    	26.41, -17.25, -9.35 	-0.23, 0.23, -6.41 	0.00, 30.00 	11,4,51,120		0.00,2.73	1000,1 	0
1158    	26.41, -17.25, -9.35 	-0.23, 0.22, -6.41 	0.00, 30.00 	11,4,51,130		0.00,1.24	1000,1 	0
1166    	26.38, -17.25, -9.37 	-0.25, 0.23, -6.42 	0.00, 30.00 	11,4,51,139		3.76,2.89	1000,1 	0
1175    	26.38, -17.25, -9.37 	-0.26, 0.23, -6.42 	0.00, 30.00 	11,4,51,149		0.00,1.12	1000,1 	0
1184    	26.38, -17.25, -9.37 	-0.26, 0.23, -6.42 	0.00, 30.00 	11,4,51,159		0.00,0.00	1000,1 	0
1192    	26.38, -17.22, -9.39 	-0.26, 0.23, -6.41 	0.00, 30.00 	11,4,51,168		2.81,0.00	1000,1 	0
1201    	26.37, -17.22, -9.39 	-0.24, 0.23, -6.42 	0.00, 30.00 	11,4,51,178		1.11,2.23	1000,1 	0
1210    	26.37, -17.22, -9.40 	-0.24, 0.23, -6.42 	0.00, 30.00 	11,4,51,188		0.00,0.00	1000,1 	0
1218    	26.37, -17.22, -9.40 	-0.24, 0.23, -6.42 	0.00, 30.00 	11,4,51,197		0.00,0.00	1000,1 	0
1227    	26.37, -17.22, -9.40 	-0.25, 0.22, -6.41 	0.00, 30.00 	11,4,51,207		0.00,1.65	1000,1 	0
1236    	26.36, -17.22, -9.40 	-0.26, 0.23, -6.41 	0.00, 30.00 	11,4,51,217		1.12,1.68	1000,1 	0
1244    	26.37, -17.25, -9.38 	-0.27, 0.24, -6.41 	0.00, 30.00 	11,4,51,226		3.08,1.89	1000,1 	0
1253    	26.37, -17.22, -9.39 	-0.23, 0.24, -6.41 	0.00, 30.00 	11,4,51,236		2.49,4.46	1000,1 	0
1262    	26.37, -17.23, -9.39 	-0.24, 0.23, -6.41 	0.00, 30.00 	11,4,51,246		1.25,1.65	1000,1 	0
1271    	26.36, -17.22, -9.39 	-0.25, 0.24, -6.41 	0.00, 30.00 	11,4,51,256		1.68,1.68	1000,1 	0
1279    	26.36, -17.22, -9.39 	-0.25, 0.24, -6.41 	0.00, 30.00 	11,4,51,265		0.00,0.00	1000,1 	0
1288    	26.31, -17.25, -9.39 	-0.27, 0.24, -6.41 	0.00, 30.00 	11,4,51,275		6.09,2.23	1000,1 	0
1297    	26.31, -17.25, -9.39 	-0.27, 0.24, -6.40 	0.00, 30.00 	11,4,51,285		0.00,0.00	1000,1 	0
1306    	26.31, -17.26, -9.38 	-0.27, 0.24, -6.40 	0.00, 30.00 	11,4,51,295		1.25,0.00	1000,1 	0
1314    	26.30, -17.27, -9.38 	-0.23, 0.25, -6.40 	0.00, 30.00 	11,4,51,304		1.87,5.18	1000,1 	0
1323    	26.30, -17.27, -9.38 	-0.23, 0.24, -6.41 	0.00, 30.00 	11,4,51,314		0.00,1.24	1000,1 	0
1331    	26.27, -17.28, -9.39 	-0.23, 0.27, -6.40 	0.00, 30.00 	11,4,51,323		4.01,2.78	1000,1 	0
1340    	26.26, -17.26, -9.40 	-0.24, 0.26, -6.40 	0.00, 30.00 	11,4,51,333		2.74,1.12	1000,1 	0
1349    	26.27, -17.28, -9.39 	-0.26, 0.26, -6.40 	0.00, 30.00 	11,4,51,343		2.74,2.23	1000,1 	0
1357    	26.28, -17.28, -9.39 	-0.27, 0.26, -6.40 	0.00, 30.00 	11,4,51,352		1.25,1.26	1000,1 	0
1366    	26.28, -17.28, -9.39 	-0.27, 0.26, -6.40 	0.00, 30.00 	11,4,51,362		0.00,0.00	1000,1 	0
1375    	26.27, -17.27, -9.38 	-0.29, 0.26, -6.40 	0.00, 30.00 	11,4,51,372		1.68,2.23	1000,1 	0
1383    	26.30, -17.28, -9.39 	-0.29, 0.26, -6.40 	0.00, 30.00 	11,4,51,381		4.03,0.00	1000,1 	0
1392    	26.29, -17.28, -9.39 	-0.31, 0.26, -6.40 	0.00, 30.00 	11,4,51,391		1.11,2.23	1000,1 	0
1401    	26.27, -17.31, -9.38 	-0.31, 0.24, -6.39 	0.00, 30.00 	11,4,51,401		4.34,2.47	1000,1 	0
1409    	26.27, -17.31, -9.39 	-0.31, 0.25, -6.39 	0.00, 30.00 	11,4,51,410		0.00,1.39	1000,1 	0
1418    	26.29, -17.32, -9.39 	-0.31, 0.25, -6.39 	0.00, 30.00 	11,4,51,420		2.56,0.00	1000,1 	0
1427    	26.29, -17.32, -9.39 	-0.31, 0.24, -6.39 	0.00, 30.00 	11,4,51,430		0.00,1.24	1000,1 	0
1435    	26.30, -17.31, -9.39 	-0.33, 0.25, -6.39 	0.00, 30.00 	11,4,51,439		1.87,2.89	1000,1 	0
1444    	26.29, -17.32, -9.39 	-0.34, 0.25, -6.39 	0.00, 30.00 	11,4,51,449		1.67,1.12	1000,1 	0
1453    	26.31, -17.29, -9.41 	-0.30, 0.25, -6.39 	0.00, 30.00 	11,4,51,459		4.34,4.46	1000,1 	0
1462    	26.30, -17.29, -9.40 	-0.30, 0.24, -6.39 	0.00, 30.00 	11,4,51,469		1.11,1.24	1000,1 	0
1470    	26.30, -17.29, -9.40 	-0.31, 0.25, -6.38 	0.00, 30.00 	11,4,51,478		0.00,1.89	1000,1 	0
1479    	26.28, -17.29, -9.41 	-0.31, 0.25, -6.38 	0.00, 30.00 	11,4,51,488		2.23,0.00	1000,1 	0
1488    	26.27, -17.28, -9.42 	-0.31, 0.25, -6.38 	0.00, 30.00 	11,4,51,498		1.68,0.00	1000,1 	0
1496    	26.25, -17.30, -9.42 	-0.32, 0.24, -6.38 	0.00, 30.00 	11,4,51,507		3.75,1.86	1000,1 	0
1505    	26.26, -17.27, -9.45 	-0.31, 0.25, -6.38 	0.00, 30.00 	11,4,51,517		3.89,1.65	1000,1 	0
1514    	26.29, -17.25, -9.45 	-0.31, 0.23, -6.38 	0.00, 30.00 	11,4,51,527		4.16,2.47	1000,1 	0
1522    	26.30, -17.22, -9.46 	-0.28, 0.25, -6.37 	0.00, 30.00 	11,4,51,536		3.06,4.64	1000,1 	0
1531    	26.31, -17.18, -9.50 	-0.32, 0.25, -6.37 	0.00, 30.00 	11,4,51,546		5.10,4.46	1000,1 	0
1540    	26.30, -17.12, -9.51 	-0.31, 0.25, -6.38 	0.00, 30.00 	11,4,51,556		6.34,1.12	1000,1 	0
1548    	26.24, -17.10, -9.54 	-0.33, 0.24, -6.37 	0.00, 30.00 	11,4,51,565		8.06,2.85	1000,1 	0
1557    	26.18, -17.02, -9.61 	-0.33, 0.25, -6.38 	0.00, 30.00 	11,4,51,575		11.04,1.24	1000,1 	0
1566    	26.13, -16.92, -9.68 	-0.35, 0.28, -6.37 	0.00, 30.00 	11,4,51,585		12.57,3.36	1000,1 	0
1574    	26.10, -16.76, -9.80 	-0.34, 0.32, -6.41 	0.00, 30.00 	11,4,51,594		19.82,5.68	1000,1 	0
1583    	26.11, -16.53, -9.96 	-0.41, 0.45, -6.49 	0.00, 30.00 	11,4,51,604		26.20,16.40	1000,1 	0
1592    	26.12, -16.21, -10.17 	-0.35, 0.77, -6.56 	0.00, 30.00 	11,4,51,614		34.93,35.37	1000,1 	0
1601    	26.17, -15.89, -10.36 	-0.23, 1.13, -6.68 	0.00, 30.00 	11,4,51,623		36.72,42.72	1000,1 	0
1610    	26.17, -15.41, -10.58 	-0.12, 1.53, -6.75 	0.00, 30.00 	11,4,51,633		53.63,46.26	1000,1 	0
1619    	26.16, -14.96, -10.78 	-0.07, 2.00, -6.80 	0.00, 30.00 	11,4,51,643		49.91,52.40	1000,1 	0
1628    	26.05, -14.45, -11.02 	0.03, 2.49, -6.85 	0.00, 30.00 	11,4,51,653		57.31,55.57	1000,1 	0
1636    	25.94, -14.02, -11.21 	0.06, 2.94, -6.86 	0.00, 30.00 	11,4,51,662		56.24,55.81	1000,1 	0
1645    	25.77, -13.70, -11.37 	0.10, 3.27, -6.82 	0.00, 30.00 	11,4,51,672		39.87,37.43	1000,1 	0
1654    	25.68, -13.34, -11.53 	-0.04, 3.66, -6.81 	0.00, 30.00 	11,4,51,682		40.97,45.94	1000,1 	0
1663    	25.57, -13.05, -11.67 	-0.08, 4.11, -6.84 	0.00, 30.00 	11,4,51,692		34.38,49.67	1000,1 	0
1671    	25.42, -12.84, -11.73 	-0.16, 4.65, -6.90 	0.00, 30.00 	11,4,51,701		32.76,68.94	1000,1 	0
1680    	25.28, -12.64, -11.75 	-0.22, 5.16, -7.02 	0.00, 30.00 	11,4,51,711		27.45,57.18	1000,1 	0
1688    	25.24, -12.36, -11.87 	-0.30, 5.72, -7.14 	0.00, 30.00 	11,4,51,720		35.31,70.32	1000,1 	0
1697    	25.28, -11.99, -12.04 	-0.38, 6.23, -7.21 	0.00, 30.00 	11,4,51,730		41.36,57.60	1000,1 	0
1706    	25.33, -11.60, -12.15 	-0.52, 6.73, -7.31 	0.00, 30.00 	11,4,51,740		44.10,57.52	1000,1 	0
1714    	25.23, -11.26, -12.22 	-0.67, 7.28, -7.43 	0.00, 30.00 	11,4,51,749		43.67,70.76	1000,1 	0
1723    	25.02, -10.99, -12.27 	-0.79, 7.88, -7.55 	0.00, 30.00 	11,4,51,759		38.16,67.95	1000,1 	0
1732    	24.72, -10.80, -12.29 	-0.90, 8.51, -7.70 	0.00, 30.00 	11,4,51,769		39.76,71.62	1000,1 	0
1740    	24.52, -10.55, -12.33 	-1.05, 9.12, -7.84 	0.00, 30.00 	11,4,51,778		40.28,78.59	1000,1 	0
1749    	24.42, -10.20, -12.39 	-1.17, 9.75, -7.99 	0.00, 30.00 	11,4,51,788		40.02,70.39	1000,1 	0
1758    	24.43, -9.81, -12.48 	-1.26, 10.38, -8.09 	0.00, 30.00 	11,4,51,798		43.65,71.26	1000,1 	0
1766    	24.34, -9.46, -12.55 	-1.36, 11.02, -8.20 	0.00, 30.00 	11,4,51,807		44.72,81.55	1000,1 	0
1775    	24.17, -9.16, -12.59 	-1.42, 11.75, -8.35 	0.00, 30.00 	11,4,51,817		38.78,80.63	1000,1 	0
1784    	23.91, -8.97, -12.63 	-1.47, 12.43, -8.47 	0.00, 30.00 	11,4,51,827		35.17,75.69	1000,1 	0
1792    	23.66, -8.74, -12.67 	-1.53, 13.05, -8.58 	0.00, 30.00 	11,4,51,836		43.21,78.21	1000,1 	0
1801    	23.40, -8.55, -12.70 	-1.63, 13.62, -8.66 	0.00, 30.00 	11,4,51,846		35.17,63.90	1000,1 	0
1810    	23.10, -8.37, -12.67 	-1.67, 14.15, -8.73 	0.00, 30.00 	11,4,51,856		39.10,59.55	1000,1 	0
1819    	22.79, -8.30, -12.61 	-1.72, 14.70, -8.80 	0.00, 30.00 	11,4,51,866		35.43,60.88	1000,1 	0
1827    	22.50, -8.17, -12.57 	-1.79, 15.25, -8.86 	0.00, 30.00 	11,4,51,875		40.22,70.00	1000,1 	0
1836    	22.25, -8.01, -12.56 	-1.83, 15.84, -8.94 	0.00, 30.00 	11,4,51,885		32.78,65.73	1000,1 	0
1845    	22.09, -7.75, -12.61 	-1.84, 16.34, -9.00 	0.00, 30.00 	11,4,51,895		33.91,55.67	1000,1 	0
1853    	21.95, -7.47, -12.70 	-1.83, 16.87, -9.04 	0.00, 30.00 	11,4,51,904		38.81,65.42	1000,1 	0
1862    	21.85, -7.21, -12.80 	-1.86, 17.31, -9.07 	0.00, 30.00 	11,4,51,914		30.86,49.58	1000,1 	0
1871    	21.74, -6.93, -12.85 	-1.90, 17.70, -9.07 	0.00, 30.00 	11,4,51,924		33.20,43.50	1000,1 	0
1880    	21.63, -6.66, -12.86 	-1.97, 18.10, -9.07 	0.00, 30.00 	11,4,51,934		32.44,45.17	1000,1 	0
1888    	21.43, -6.41, -12.87 	-2.05, 18.46, -9.06 	0.00, 30.00 	11,4,51,943		40.28,45.57	1000,1 	0
1897    	21.29, -6.12, -12.90 	-2.11, 18.79, -9.03 	0.00, 30.00 	11,4,51,953		36.11,37.64	1000,1 	0
1905    	21.18, -5.85, -12.90 	-2.17, 19.11, -8.99 	0.00, 30.00 	11,4,51,962		36.03,40.97	1000,1 	0
1914    	21.11, -5.58, -12.92 	-2.24, 19.43, -8.93 	0.00, 30.00 	11,4,51,972		31.00,35.66	1000,1 	0
1923    	21.00, -5.28, -12.96 	-2.30, 19.66, -8.87 	0.00, 30.00 	11,4,51,982		35.56,26.68	1000,1 	0
1938    	20.91, -5.01, -13.00 	-2.41, 19.85, -8.82 	0.00, 30.00 	11,4,51,998		18.99,14.40	1000,1 	0
1941    	20.81, -4.72, -13.06 	-2.52, 20.06, -8.78 	0.00, 30.00 	11,4,52,1		102.07,80.19	1000,1 	0
1950    	20.63, -4.52, -13.07 	-2.63, 20.25, -8.75 	0.00, 30.00 	11,4,52,11		30.24,24.00	1000,1 	0
1958    	20.47, -4.30, -13.07 	-2.74, 20.50, -8.72 	0.00, 30.00 	11,4,52,20		33.51,35.11	1000,1 	0
1967    	20.27, -4.07, -13.07 	-2.88, 20.79, -8.69 	0.00, 30.00 	11,4,52,30		33.83,35.54	1000,1 	0
1976    	20.09, -3.81, -13.08 	-2.97, 21.10, -8.68 	0.00, 30.00 	11,4,52,40		35.15,35.94	1000,1 	0
1984    	19.93, -3.59, -13.10 	-3.04, 21.44, -8.64 	0.00, 30.00 	11,4,52,49		33.92,42.58	1000,1 	0
1993    	19.74, -3.38, -13.12 	-3.08, 21.76, -8.61 	0.00, 30.00 	11,4,52,59		31.92,36.10	1000,1 	0
2002    	19.51, -3.21, -13.14 	-3.11, 22.05, -8.58 	0.00, 30.00 	11,4,52,69		31.87,32.41	1000,1 	0
2011    	19.26, -3.09, -13.10 	-3.15, 22.33, -8.57 	0.00, 30.00 	11,4,52,79		30.18,31.18	1000,1 	0
2019    	19.08, -2.91, -13.10 	-3.17, 22.60, -8.57 	0.00, 30.00 	11,4,52,88		31.98,34.85	1000,1 	0
2028    	18.96, -2.72, -13.09 	-3.18, 22.93, -8.59 	0.00, 30.00 	11,4,52,98		25.17,35.88	1000,1 	0
2037    	18.79, -2.53, -13.08 	-3.19, 23.28, -8.61 	0.00, 30.00 	11,4,52,108		27.83,39.59	1000,1 	0
2045    	18.60, -2.35, -13.09 	-3.22, 23.62, -8.63 	0.00, 30.00 	11,4,52,117		32.88,41.88	1000,1 	0
2054    	18.38, -2.26, -13.07 	-3.21, 23.94, -8.62 	0.00, 30.00 	11,4,52,127		26.56,35.88	1000,1 	0
2063    	18.18, -2.14, -13.06 	-3.19, 24.27, -8.62 	0.00, 30.00 	11,4,52,137		25.34,37.20	1000,1 	0
2072    	18.05, -2.05, -13.06 	-3.15, 24.56, -8.63 	0.00, 30.00 	11,4,52,147		17.67,32.54	1000,1 	0
2080    	17.96, -1.91, -13.07 	-3.15, 24.82, -8.66 	0.00, 30.00 	11,4,52,156		21.53,32.01	1000,1 	0
2089    	17.94, -1.72, -13.12 	-3.16, 25.06, -8.69 	0.00, 30.00 	11,4,52,166		21.34,27.26	1000,1 	0
2097    	17.90, -1.53, -13.15 	-3.15, 25.28, -8.72 	0.00, 30.00 	11,4,52,175		24.18,26.52	1000,1 	0
2106    	17.79, -1.40, -13.17 	-3.14, 25.51, -8.75 	0.00, 30.00 	11,4,52,185		18.48,25.99	1000,1 	0
2115    	17.69, -1.30, -13.18 	-3.14, 25.77, -8.78 	0.00, 30.00 	11,4,52,195		15.89,28.46	1000,1 	0
2123    	17.61, -1.19, -13.18 	-3.09, 26.01, -8.80 	0.00, 30.00 	11,4,52,204		17.32,31.14	1000,1 	0
2132    	17.53, -1.15, -13.16 	-3.05, 26.28, -8.81 	0.00, 30.00 	11,4,52,214		10.26,30.11	1000,1 	0
2141    	17.43, -1.06, -13.17 	-2.99, 26.49, -8.79 	0.00, 30.00 	11,4,52,224		14.21,24.63	1000,1 	0
2149    	17.39, -0.99, -13.15 	-2.93, 26.71, -8.78 	0.00, 30.00 	11,4,52,233		9.84,28.70	1000,1 	0
2158    	17.31, -0.88, -13.17 	-2.86, 26.90, -8.76 	0.00, 30.00 	11,4,52,243		15.40,22.69	1000,1 	0
2167    	17.27, -0.78, -13.18 	-2.80, 27.08, -8.75 	0.00, 30.00 	11,4,52,253		12.11,20.77	1000,1 	0
2175    	17.23, -0.68, -13.19 	-2.72, 27.27, -8.71 	0.00, 30.00 	11,4,52,262		13.63,26.02	1000,1 	0
2184    	17.19, -0.59, -13.18 	-2.63, 27.44, -8.67 	0.00, 30.00 	11,4,52,272		10.96,20.93	1000,1 	0
2193    	17.15, -0.55, -13.17 	-2.50, 27.63, -8.61 	0.00, 30.00 	11,4,52,282		6.03,25.32	1000,1 	0
2202    	17.10, -0.52, -13.13 	-2.36, 27.81, -8.53 	0.00, 30.00 	11,4,52,292		6.13,25.67	1000,1 	0
2210    	17.08, -0.46, -13.11 	-2.19, 27.95, -8.44 	0.00, 30.00 	11,4,52,301		8.80,27.71	1000,1 	0
2219    	17.04, -0.45, -13.09 	-2.05, 28.04, -8.33 	0.00, 30.00 	11,4,52,311		4.64,18.33	1000,1 	0
2228    	17.01, -0.41, -13.06 	-1.90, 28.09, -8.20 	0.00, 30.00 	11,4,52,321		5.04,17.36	1000,1 	0
2236    	16.98, -0.40, -13.03 	-1.75, 28.10, -8.06 	0.00, 30.00 	11,4,52,330		4.03,18.85	1000,1 	0
2245    	16.94, -0.37, -13.01 	-1.58, 28.15, -7.91 	0.00, 30.00 	11,4,52,340		5.85,19.51	1000,1 	0
2254    	16.94, -0.32, -12.98 	-1.41, 28.16, -7.74 	0.00, 30.00 	11,4,52,350		4.99,18.98	1000,1 	0
2263    	16.96, -0.24, -12.95 	-1.24, 28.15, -7.56 	0.00, 30.00 	11,4,52,360		8.99,19.03	1000,1 	0
2271    	16.95, -0.19, -12.89 	-1.03, 28.15, -7.38 	0.00, 30.00 	11,4,52,369		7.14,26.36	1000,1 	0
2280    	16.95, -0.15, -12.81 	-0.84, 28.12, -7.21 	0.00, 30.00 	11,4,52,379		3.74,21.59	1000,1 	0
2288    	16.98, -0.14, -12.70 	-0.67, 28.07, -7.07 	0.00, 30.00 	11,4,52,388		4.01,22.16	1000,1 	0
2297    	17.00, -0.11, -12.57 	-0.52, 28.04, -7.03 	0.00, 30.00 	11,4,52,398		4.34,17.21	1000,1 	0
2306    	16.98, -0.11, -12.47 	-0.34, 28.08, -7.07 	0.00, 30.00 	11,4,52,408		2.23,20.35	1000,1 	0
2314    	16.96, -0.23, -12.37 	-0.13, 28.22, -7.13 	0.00, 30.00 	11,4,52,417		15.61,31.68	1000,1 	0
2323    	16.90, -0.38, -12.29 	0.06, 28.36, -7.17 	0.00, 30.00 	11,4,52,427		17.49,25.64	1000,1 	0
2332    	16.89, -0.47, -12.24 	0.22, 28.45, -7.18 	0.00, 30.00 	11,4,52,437		10.03,20.24	1000,1 	0
2340    	16.97, -0.47, -12.24 	0.33, 28.49, -7.18 	0.00, 30.00 	11,4,52,446		10.04,14.79	1000,1 	0
2349    	16.99, -0.45, -12.25 	0.41, 28.51, -7.16 	0.00, 30.00 	11,4,52,456		3.33,9.22	1000,1 	0
2358    	17.02, -0.45, -12.27 	0.44, 28.53, -7.14 	0.00, 30.00 	11,4,52,466		3.35,3.55	1000,1 	0
2367    	17.04, -0.47, -12.26 	0.46, 28.54, -7.11 	0.00, 30.00 	11,4,52,476		3.36,2.53	1000,1 	0
2375    	17.05, -0.47, -12.26 	0.47, 28.56, -7.08 	0.00, 30.00 	11,4,52,485		1.25,3.03	1000,1 	0
2384    	17.06, -0.47, -12.25 	0.47, 28.59, -7.05 	0.00, 30.00 	11,4,52,495		1.12,3.71	1000,1 	0
2393    	17.06, -0.46, -12.26 	0.46, 28.62, -7.01 	0.00, 30.00 	11,4,52,505		1.25,2.47	1000,1 	0
2401    	17.06, -0.46, -12.26 	0.45, 28.65, -6.99 	0.00, 30.00 	11,4,52,514		0.00,4.38	1000,1 	0
2410    	17.05, -0.46, -12.26 	0.45, 28.67, -6.98 	0.00, 30.00 	11,4,52,524		1.11,2.47	1000,1 	0
2419    	17.06, -0.47, -12.26 	0.44, 28.75, -6.98 	0.00, 30.00 	11,4,52,534		1.68,8.75	1000,1 	0
2427    	17.05, -0.46, -12.26 	0.45, 28.84, -6.99 	0.00, 30.00 	11,4,52,543		1.89,11.18	1000,1 	0
2436    	17.04, -0.43, -12.26 	0.45, 28.95, -6.99 	0.00, 30.00 	11,4,52,553		2.74,12.37	1000,1 	0
2445    	17.06, -0.43, -12.27 	0.46, 29.05, -7.00 	0.00, 30.00 	11,4,52,563		2.23,11.31	1000,1 	0
2453    	17.04, -0.40, -12.29 	0.46, 29.16, -7.00 	0.00, 30.00 	11,4,52,572		4.92,13.92	1000,1 	0
2462    	17.01, -0.37, -12.30 	0.47, 29.26, -6.99 	0.00, 30.00 	11,4,52,582		5.04,11.17	1000,1 	0
2471    	16.96, -0.30, -12.31 	0.48, 29.35, -6.99 	0.00, 30.00 	11,4,52,592		9.37,9.94	1000,1 	0
2479    	16.91, -0.27, -12.33 	0.47, 29.45, -6.99 	0.00, 30.00 	11,4,52,601		7.58,12.53	1000,1 	0
2488    	16.85, -0.23, -12.34 	0.46, 29.52, -6.98 	0.00, 30.00 	11,4,52,611		7.69,7.53	1000,1 	0
2497    	16.81, -0.20, -12.35 	0.45, 29.58, -6.98 	0.00, 30.00 	11,4,52,621		5.85,7.53	1000,1 	0
2505    	16.76, -0.13, -12.36 	0.45, 29.64, -6.97 	0.00, 30.00 	11,4,52,630		10.54,6.96	1000,1 	0
2514    	16.75, -0.10, -12.36 	0.42, 29.67, -6.97 	0.00, 30.00 	11,4,52,640		3.91,5.05	1000,1 	0
2523    	16.68, -0.03, -12.37 	0.41, 29.72, -6.97 	0.00, 30.00 	11,4,52,650		10.08,5.09	1000,1 	0
2531    	16.69, 0.01, -12.38 	0.40, 29.76, -6.97 	0.00, 30.00 	11,4,52,659		5.74,5.73	1000,1 	0
2540    	16.68, 0.05, -12.40 	0.40, 29.81, -6.97 	0.00, 30.00 	11,4,52,669		3.91,5.05	1000,1 	0
2549    	16.68, 0.09, -12.40 	0.41, 29.86, -6.97 	0.00, 30.00 	11,4,52,679		4.99,6.26	1000,1 	0
2558    	16.68, 0.10, -12.39 	0.42, 29.90, -6.97 	0.00, 30.00 	11,4,52,689		1.25,3.86	1000,1 	0
2566    	16.67, 0.11, -12.38 	0.45, 29.91, -6.97 	0.00, 30.00 	11,4,52,698		1.89,3.99	1000,1 	0
2575    	16.67, 0.15, -12.38 	0.46, 29.92, -6.97 	0.00, 30.00 	11,4,52,708		3.74,1.65	1000,1 	0
2584    	16.68, 0.15, -12.37 	0.47, 29.93, -6.97 	0.00, 30.00 	11,4,52,718		1.12,1.65	1000,1 	0
2592    	16.67, 0.17, -12.37 	0.47, 29.93, -6.97 	0.00, 30.00 	11,4,52,727		3.08,0.00	1000,1 	0
2601    	16.66, 0.17, -12.36 	0.49, 29.93, -6.97 	0.00, 30.00 	11,4,52,737		1.11,2.23	1000,1 	0
2610    	16.65, 0.18, -12.36 	0.49, 29.93, -6.97 	0.00, 30.00 	11,4,52,747		1.68,0.00	1000,1 	0
2618    	16.64, 0.21, -12.37 	0.48, 29.93, -6.97 	0.00, 30.00 	11,4,52,756		4.40,1.26	1000,1 	0
2627    	16.64, 0.23, -12.37 	0.49, 29.93, -6.97 	0.00, 30.00 	11,4,52,766		1.25,1.12	1000,1 	0
2636    	16.64, 0.23, -12.37 	0.48, 29.93, -6.97 	0.00, 30.00 	11,4,52,776		0.00,1.12	1000,1 	0
2644    	16.65, 0.24, -12.37 	0.49, 29.93, -6.97 	0.00, 30.00 	11,4,52,785		1.87,1.26	1000,1 	0
2653    	16.64, 0.23, -12.37 	0.50, 29.93, -6.97 	0.00, 30.00 	11,4,52,795		1.67,1.12	1000,1 	0
2662    	16.64, 0.24, -12.37 	0.50, 29.93, -6.97 	0.00, 30.00 	11,4,52,805		1.25,0.00	1000,1 	0
2670    	16.62, 0.24, -12.38 	0.50, 29.92, -6.97 	0.00, 30.00 	11,4,52,814		2.51,1.39	1000,1 	0
2679    	16.64, 0.26, -12.38 	0.50, 29.93, -6.97 	0.00, 30.00 	11,4,52,824		3.33,1.24	1000,1 	0
2688    	16.63, 0.25, -12.38 	0.51, 29.93, -6.97 	0.00, 30.00 	11,4,52,834		1.67,1.12	1000,1 	0
2696    	16.63, 0.26, -12.38 	0.52, 29.93, -6.97 	0.00, 30.00 	11,4,52,843		1.40,1.26	1000,1 	0
2705    	16.64, 0.27, -12.38 	0.50, 29.93, -6.97 	0.00, 30.00 	11,4,52,853		1.67,2.23	1000,1 	0
2714    	16.62, 0.27, -12.39 	0.51, 29.93, -6.97 	0.00, 30.00 	11,4,52,863		2.23,1.12	1000,1 	0
2723    	16.62, 0.27, -12.39 	0.51, 29.93, -6.97 	0.00, 30.00 	11,4,52,873		0.00,0.00	1000,1 	0
2731    	16.63, 0.28, -12.40 	0.51, 29.93, -6.97 	0.00, 30.00 	11,4,52,882		1.87,0.00	1000,1 	0
2740    	16.62, 0.30, -12.40 	0.51, 29.93, -6.97 	0.00, 30.00 	11,4,52,892		2.74,0.00	1000,1 	0
2749    	16.63, 0.29, -12.40 	0.51, 29.93, -6.97 	0.00, 30.00 	11,4,52,902		1.68,0.00	1000,1 	0
2757    	16.62, 0.29, -12.40 	0.51, 29.92, -6.96 	0.00, 30.00 	11,4,52,911		1.25,1.39	1000,1 	0
2766    	16.61, 0.28, -12.40 	0.50, 29.93, -6.97 	0.00, 30.00 	11,4,52,921		1.67,1.68	1000,1 	0
2775    	16.62, 0.29, -12.40 	0.51, 29.93, -6.97 	0.00, 30.00 	11,4,52,931		1.67,1.12	1000,1 	0
2783    	16.62, 0.29, -12.40 	0.49, 29.93, -6.97 	0.00, 30.00 	11,4,52,940		0.00,2.51	1000,1 	0
2792    	16.61, 0.31, -12.41 	0.50, 29.92, -6.97 	0.00, 30.00 	11,4,52,950		2.74,1.68	1000,1 	0
2801    	16.62, 0.31, -12.41 	0.50, 29.92, -6.97 	0.00, 30.00 	11,4,52,960		1.11,0.00	1000,1 	0
2809    	16.61, 0.31, -12.42 	0.49, 29.92, -6.97 	0.00, 30.00 	11,4,52,969		1.25,1.26	1000,1 	0
2818    	16.61, 0.30, -12.41 	0.49, 29.92, -6.96 	0.00, 30.00 	11,4,52,979		1.25,0.00	1000,1 	0
2827    	16.59, 0.30, -12.42 	0.49, 29.92, -6.97 	0.00, 30.00 	11,4,52,989		2.23,0.00	1000,1 	0
2836    	16.56, 0.29, -12.43 	0.49, 29.91, -6.96 	0.00, 30.00 	11,4,52,999		3.56,1.24	1000,1 	0
2844    	16.56, 0.31, -12.44 	0.48, 29.90, -6.97 	0.00, 30.00 	11,4,53,8		2.81,1.86	1000,1 	0
2853    	16.56, 0.30, -12.44 	0.47, 29.90, -6.97 	0.00, 30.00 	11,4,53,18		1.25,1.12	1000,1 	0
2862    	16.57, 0.35, -12.46 	0.48, 29.92, -6.97 	0.00, -0.00 	11,4,53,37		5.74,3.03	1000,1 	0
2871    	16.58, 0.33, -12.45 	0.48, 29.91, -6.97 	0.00, -0.00 	11,4,53,47		6.17,2.78	1000,1 	0
2879    	16.56, 0.33, -12.46 	0.49, 29.92, -6.97 	0.00, -0.00 	11,4,53,56		5.02,3.71	1000,1 	0
2888    	16.54, 0.34, -12.47 	0.47, 29.91, -6.97 	0.00, -0.00 	11,4,53,66		4.62,4.55	1000,1 	0
2897    	16.55, 0.36, -12.49 	0.48, 29.92, -6.97 	0.00, -0.00 	11,4,53,76		6.13,3.71	1000,1 	0
2906    	16.55, 0.38, -12.50 	0.47, 29.91, -6.97 	0.00, -0.00 	11,4,53,86		5.61,3.71	1000,1 	0
2914    	16.56, 0.40, -12.51 	0.47, 29.92, -6.97 	0.00, -0.00 	11,4,53,95		6.13,2.78	1000,1 	0
2923    	16.55, 0.39, -12.51 	0.48, 29.92, -6.97 	0.00, -0.00 	11,4,53,105		3.75,2.51	1000,1 	0
2932    	16.54, 0.39, -12.52 	0.47, 29.92, -6.97 	0.00, -0.00 	11,4,53,115		2.01,2.01	1000,1 	0
2940    	16.55, 0.42, -12.52 	0.47, 29.92, -6.97 	0.00, -0.00 	11,4,53,124		6.13,0.00	1000,1 	0
2949    	16.54, 0.42, -12.52 	0.47, 29.92, -6.97 	0.00, -0.00 	11,4,53,134		2.51,0.00	1000,1 	0
2958    	16.52, 0.40, -12.52 	0.47, 29.91, -6.97 	0.00, -0.00 	11,4,53,144		5.73,2.78	1000,1 	0
2966    	16.52, 0.42, -12.52 	0.46, 29.92, -6.97 	0.00, -0.00 	11,4,53,153		2.81,3.78	1000,1 	0
2975    	16.50, 0.42, -12.53 	0.46, 29.92, -6.97 	0.00, -0.00 	11,4,53,163		4.01,0.00	1000,1 	0
2984    	16.48, 0.43, -12.52 	0.45, 29.92, -6.97 	0.00, -0.00 	11,4,53,173		5.77,2.51	1000,1 	0
2992    	16.47, 0.41, -12.52 	0.45, 29.92, -6.97 	0.00, -0.00 	11,4,53,182		3.75,0.00	1000,1 	0
3001    	16.46, 0.41, -12.52 	0.43, 29.92, -6.97 	0.00, -0.00 	11,4,53,192		2.01,4.02	1000,1 	0
3010    	16.45, 0.43, -12.52 	0.41, 29.91, -6.97 	0.00, -0.00 	11,4,53,202		3.78,5.69	1000,1 	0
3018    	16.44, 0.41, -12.52 	0.39, 29.91, -6.97 	0.00, -0.00 	11,4,53,211		3.75,5.02	1000,1 	0
3027    	16.44, 0.44, -12.54 	0.35, 29.91, -6.97 	0.00, -0.00 	11,4,53,221		4.49,8.03	1000,1 	0
3036    	16.44, 0.44, -12.53 	0.32, 29.91, -6.97 	0.00, -0.00 	11,4,53,231		0.00,7.53	1000,1 	0
3044    	16.44, 0.45, -12.53 	0.29, 29.91, -6.97 	0.00, -0.00 	11,4,53,240		2.81,7.53	1000,1 	0
3053    	16.44, 0.47, -12.55 	0.25, 29.91, -6.97 	0.00, -0.00 	11,4,53,250		4.49,8.03	1000,1 	0
3062    	16.43, 0.47, -12.54 	0.22, 29.91, -6.97 	0.00, -0.00 	11,4,53,260		2.51,7.53	1000,1 	0
3070    	16.42, 0.49, -12.55 	0.19, 29.91, -6.97 	0.00, -0.00 	11,4,53,269		6.17,7.53	1000,1 	0
3079    	16.41, 0.49, -12.55 	0.16, 29.91, -6.97 	0.00, -0.00 	11,4,53,279		2.01,6.02	1000,1 	0
3088    	16.38, 0.50, -12.55 	0.12, 29.90, -6.97 	0.00, -0.00 	11,4,53,289		5.77,10.04	1000,1 	0
3097    	16.36, 0.50, -12.55 	0.10, 29.92, -6.97 	0.00, -0.00 	11,4,53,299		4.01,4.63	1000,1 	0
3105    	16.32, 0.49, -12.56 	0.06, 29.90, -6.97 	0.00, -0.00 	11,4,53,308		10.40,10.37	1000,1 	0
3114    	16.31, 0.47, -12.56 	0.02, 29.92, -6.97 	0.00, -0.00 	11,4,53,318		7.50,10.47	1000,1 	0
3123    	16.28, 0.49, -12.57 	-0.02, 29.90, -6.97 	0.00, -0.00 	11,4,53,328		7.56,10.37	1000,1 	0
3131    	16.27, 0.50, -12.56 	-0.06, 29.90, -6.97 	0.00, -0.00 	11,4,53,337		3.78,10.04	1000,1 	0
3140    	16.25, 0.50, -12.56 	-0.11, 29.91, -6.97 	0.00, -0.00 	11,4,53,347		5.02,12.91	1000,1 	0
3149    	16.24, 0.53, -12.57 	-0.15, 29.91, -6.97 	0.00, -0.00 	11,4,53,357		6.17,10.04	1000,1 	0
3157    	16.23, 0.54, -12.57 	-0.19, 29.93, -6.96 	0.00, -0.00 	11,4,53,366		3.78,10.47	1000,1 	0
3166    	16.23, 0.56, -12.58 	-0.23, 29.94, -6.97 	0.00, -0.00 	11,4,53,376		4.49,8.38	1000,1 	0
3175    	16.21, 0.58, -12.58 	-0.28, 29.91, -6.96 	0.00, -0.00 	11,4,53,386		7.56,13.63	1000,1 	0
3183    	16.19, 0.59, -12.58 	-0.32, 29.90, -6.96 	0.00, -0.00 	11,4,53,395		5.77,10.37	1000,1 	0
3192    	16.16, 0.59, -12.57 	-0.35, 29.90, -6.96 	0.00, -0.00 	11,4,53,405		6.02,6.02	1000,1 	0
3201    	16.14, 0.61, -12.57 	-0.36, 29.89, -6.96 	0.00, -0.00 	11,4,53,415		7.56,3.71	1000,1 	0
3210    	16.12, 0.64, -12.57 	-0.38, 29.90, -6.96 	0.00, -0.00 	11,4,53,425		7.56,5.79	1000,1 	0
3218    	16.12, 0.64, -12.57 	-0.39, 29.90, -6.96 	0.00, -0.00 	11,4,53,434		0.00,3.35	1000,1 	0
3227    	16.11, 0.63, -12.56 	-0.39, 29.90, -6.96 	0.00, -0.00 	11,4,53,444		3.75,0.00	1000,1 	0
3235    	16.07, 0.64, -12.56 	-0.39, 29.90, -6.96 	0.00, -0.00 	11,4,53,453		10.44,0.00	1000,1 	0
3244    	16.07, 0.65, -12.56 	-0.39, 29.90, -6.97 	0.00, -0.00 	11,4,53,463		2.81,0.00	1000,1 	0
3253    	16.04, 0.62, -12.56 	-0.40, 29.90, -6.96 	0.00, -0.00 	11,4,53,473		9.35,2.51	1000,1 	0
3262    	16.04, 0.64, -12.56 	-0.39, 29.90, -6.96 	0.00, -0.00 	11,4,53,483		2.81,2.51	1000,1 	0
3270    	16.04, 0.65, -12.56 	-0.40, 29.89, -6.96 	0.00, -0.00 	11,4,53,492		3.74,4.95	1000,1 	0
3279    	16.05, 0.66, -12.56 	-0.40, 29.89, -6.96 	0.00, -0.00 	11,4,53,502		3.75,0.00	1000,1 	0
3288    	16.05, 0.66, -12.56 	-0.40, 29.88, -6.96 	0.00, -0.00 	11,4,53,512		0.00,2.78	1000,1 	0
3296    	16.05, 0.66, -12.56 	-0.40, 29.85, -6.96 	0.00, -0.00 	11,4,53,520		0.00,11.13	1000,1 	0
3305    	16.02, 0.66, -12.56 	-0.41, 29.79, -6.95 	0.00, -0.00 	11,4,53,531		7.53,14.10	1000,1 	0
3314    	16.01, 0.66, -12.56 	-0.42, 29.73, -6.95 	0.00, -0.00 	11,4,53,540		2.51,14.10	1000,1 	0
3322    	16.00, 0.64, -12.56 	-0.44, 29.61, -6.94 	0.00, -0.00 	11,4,53,550		6.13,31.39	1000,1 	0
3331    	15.99, 0.61, -12.55 	-0.50, 29.48, -6.92 	0.00, -0.00 	11,4,53,560		6.13,36.38	1000,1 	0
3340    	16.01, 0.61, -12.55 	-0.55, 29.33, -6.91 	0.00, -0.00 	11,4,53,570		5.02,38.07	1000,1 	0
3348    	16.01, 0.60, -12.56 	-0.64, 29.18, -6.89 	0.00, -0.00 	11,4,53,579		2.81,45.95	1000,1 	0
3357    	16.02, 0.60, -12.56 	-0.75, 28.95, -6.87 	0.00, -0.00 	11,4,53,588		2.51,61.67	1000,1 	0
3366    	16.06, 0.59, -12.58 	-0.89, 28.71, -6.86 	0.00, -0.00 	11,4,53,598		10.44,71.27	1000,1 	0
3374    	16.08, 0.59, -12.58 	-1.06, 28.42, -6.83 	0.00, -0.00 	11,4,53,607		5.02,83.31	1000,1 	0
3383    	16.09, 0.54, -12.59 	-1.23, 28.09, -6.80 	0.00, -0.00 	11,4,53,617		14.27,91.75	1000,1 	0
3392    	16.14, 0.43, -12.59 	-1.45, 27.74, -6.78 	0.00, -0.00 	11,4,53,627		27.25,105.21	1000,1 	0
3400    	16.17, 0.36, -12.59 	-1.67, 27.34, -6.75 	0.00, -0.00 	11,4,53,636		21.09,112.29	1000,1 	0
3409    	16.24, 0.27, -12.60 	-1.92, 26.91, -6.74 	0.00, -0.00 	11,4,53,646		28.62,125.59	1000,1 	0
3418    	16.33, 0.16, -12.63 	-2.15, 26.47, -6.72 	0.00, -0.00 	11,4,53,656		36.17,123.14	1000,1 	0
3426    	16.41, 0.03, -12.67 	-2.41, 25.99, -6.70 	0.00, -0.00 	11,4,53,665		73.92,272.83	1000,1 	0
3435    	16.52, -0.12, -12.70 	-2.67, 25.48, -6.69 	0.00, -0.00 	11,4,53,675		46.79,143.72	1000,1 	0
3444    	16.70, -0.28, -12.72 	-2.93, 24.93, -6.68 	0.00, -0.00 	11,4,53,685		80.15,201.52	1000,1 	0
3453    	16.87, -0.42, -12.77 	-3.20, 24.33, -6.65 	0.00, -0.00 	11,4,53,695		75.15,221.00	1000,1 	0
3461    	17.00, -0.61, -12.80 	-3.46, 23.76, -6.64 	0.00, -0.00 	11,4,53,704		77.36,208.18	1000,1 	0
3470    	17.11, -0.79, -12.83 	-3.71, 23.17, -6.62 	0.00, -0.00 	11,4,53,714		68.82,213.57	1000,1 	0
3479    	17.22, -0.95, -12.88 	-3.94, 22.57, -6.60 	0.00, -0.00 	11,4,53,724		64.27,215.70	1000,1 	0
3487    	17.36, -1.02, -12.94 	-4.18, 21.95, -6.57 	0.00, -0.00 	11,4,53,733		52.11,219.13	1000,1 	0
3496    	17.49, -1.18, -12.99 	-4.36, 21.34, -6.56 	0.00, -0.00 	11,4,53,743		69.28,213.61	1000,1 	0
3505    	17.60, -1.35, -13.03 	-4.52, 20.76, -6.57 	0.00, -0.00 	11,4,53,754		67.37,200.17	1000,1 	0
3513    	17.80, -1.49, -13.08 	-4.62, 20.18, -6.58 	0.00, -0.00 	11,4,53,762		83.05,196.39	1000,1 	0
3522    	18.00, -1.62, -13.13 	-4.73, 19.61, -6.62 	0.00, -0.00 	11,4,53,772		59.14,144.57	1000,1 	0
3531    	18.21, -1.75, -13.15 	-4.86, 19.13, -6.70 	0.00, -0.00 	11,4,53,782		80.89,165.47	1000,1 	0
3539    	18.33, -1.96, -13.17 	-4.92, 18.71, -6.78 	0.00, -0.00 	11,4,53,791		81.94,142.53	1000,1 	0
3548    	18.38, -2.22, -13.16 	-5.07, 18.29, -6.88 	0.00, -0.00 	11,4,53,801		65.40,109.83	1000,1 	0
3557    	18.40, -2.42, -13.18 	-5.16, 17.79, -6.95 	0.00, -0.00 	11,4,53,811		67.73,169.72	1000,1 	0
3565    	18.53, -2.60, -13.20 	-5.24, 17.36, -7.07 	0.00, -0.00 	11,4,53,820		74.29,147.29	1000,1 	0
3574    	18.68, -2.80, -13.21 	-5.33, 16.96, -7.20 	0.00, -0.00 	11,4,53,830		61.77,102.84	1000,1 	0
3583    	18.90, -2.91, -13.25 	-5.36, 16.60, -7.37 	0.00, -0.00 	11,4,53,840		82.85,119.27	1000,1 	0
3592    	19.17, -3.02, -13.32 	-5.42, 16.26, -7.53 	0.00, -0.00 	11,4,53,850		98.06,116.98	1000,1 	0
3600    	19.39, -3.16, -13.36 	-5.43, 15.89, -7.67 	0.00, -0.00 	11,4,53,859		86.54,122.54	1000,1 	0
3609    	19.58, -3.40, -13.35 	-5.39, 15.59, -7.81 	0.00, -0.00 	11,4,53,869		102.40,100.92	1000,1 	0
3617    	19.72, -3.66, -13.34 	-5.35, 15.25, -7.95 	0.00, -0.00 	11,4,53,878		98.32,112.00	1000,1 	0
3626    	19.92, -3.95, -13.31 	-5.29, 14.98, -8.07 	0.00, -0.00 	11,4,53,888		87.49,71.49	1000,1 	0
3635    	20.13, -4.14, -13.32 	-5.18, 14.68, -8.18 	0.00, -0.00 	11,4,53,898		95.17,106.28	1000,1 	0
3644    	20.32, -4.30, -13.37 	-5.08, 14.35, -8.27 	0.00, -0.00 	11,4,53,908		82.66,112.34	1000,1 	0
3652    	20.48, -4.53, -13.40 	-4.97, 13.98, -8.33 	0.00, -0.00 	11,4,53,917		92.37,131.19	1000,1 	0
3661    	20.61, -4.77, -13.41 	-4.85, 13.65, -8.38 	0.00, -0.00 	11,4,53,927		93.42,114.44	1000,1 	0
3670    	20.76, -5.06, -13.39 	-4.70, 13.38, -8.42 	0.00, -0.00 	11,4,53,937		108.32,104.77	1000,1 	0
3678    	20.91, -5.37, -13.35 	-4.62, 13.11, -8.46 	0.00, -0.00 	11,4,53,946		113.18,93.52	1000,1 	0
3687    	21.07, -5.67, -13.34 	-4.46, 12.80, -8.46 	0.00, -0.00 	11,4,53,956		113.18,116.30	1000,1 	0
3696    	21.22, -5.94, -13.32 	-4.25, 12.51, -8.46 	0.00, -0.00 	11,4,53,966		101.63,118.52	1000,1 	0
3704    	21.33, -6.19, -13.29 	-4.05, 12.17, -8.44 	0.00, -0.00 	11,4,53,975		93.88,132.55	1000,1 	0
3713    	21.50, -6.42, -13.27 	-3.85, 11.87, -8.37 	0.00, -0.00 	11,4,53,985		70.78,89.80	1000,1 	0
3722    	21.74, -6.59, -13.28 	-3.65, 11.49, -8.27 	0.00, -0.00 	11,4,53,995		97.89,142.42	1000,1 	0
3730    	21.93, -6.84, -13.27 	-3.43, 11.15, -8.19 	0.00, -0.00 	11,4,54,4		78.32,102.00	1000,1 	0
3739    	22.12, -7.12, -13.21 	-3.21, 10.74, -8.08 	0.00, -0.00 	11,4,54,14		67.00,93.29	1000,1 	0
3748    	22.33, -7.40, -13.17 	-2.98, 10.35, -7.98 	0.00, -0.00 	11,4,54,24		88.09,112.93	1000,1 	0
3756    	22.57, -7.76, -13.08 	-2.70, 9.94, -7.82 	0.00, -0.00 	11,4,54,33		142.87,165.86	1000,1 	0
3765    	22.72, -8.10, -13.00 	-2.43, 9.54, -7.66 	0.00, -0.00 	11,4,54,43		76.06,96.53	1000,1 	0
3774    	22.90, -8.47, -12.92 	-2.16, 9.07, -7.50 	0.00, -0.00 	11,4,54,53		102.28,133.77	1000,1 	0
3783    	23.17, -8.73, -12.85 	-1.95, 8.57, -7.34 	0.00, -0.00 	11,4,54,63		92.16,135.86	1000,1 	0
3791    	23.40, -8.95, -12.78 	-1.71, 8.12, -7.17 	0.00, -0.00 	11,4,54,72		80.84,128.91	1000,1 	0
3800    	23.58, -9.15, -12.75 	-1.51, 7.61, -6.98 	0.00, -0.00 	11,4,54,82		68.04,136.62	1000,1 	0
3809    	23.72, -9.45, -12.71 	-1.36, 7.13, -6.76 	0.00, -0.00 	11,4,54,92		82.74,125.41	1000,1 	0
3817    	23.79, -9.76, -12.71 	-1.10, 6.66, -6.62 	0.00, -0.00 	11,4,54,101		77.37,133.77	1000,1 	0
3826    	23.86, -10.07, -12.63 	-0.84, 6.44, -6.62 	0.00, -0.00 	11,4,54,111		80.65,84.70	1000,1 	0
3835    	24.02, -10.35, -12.59 	-0.71, 6.24, -6.68 	0.00, -0.00 	11,4,54,121		79.89,60.33	1000,1 	0
3843    	24.16, -10.59, -12.55 	-0.62, 5.84, -6.64 	0.00, -0.00 	11,4,54,130		71.29,102.08	1000,1 	0
3852    	24.27, -10.84, -12.50 	-0.72, 5.41, -6.53 	0.00, -0.00 	11,4,54,140		67.83,111.51	1000,1 	0
3861    	24.33, -11.09, -12.40 	-0.77, 5.13, -6.46 	0.00, -0.00 	11,4,54,150		63.10,70.48	1000,1 	0
3869    	24.39, -11.36, -12.32 	-0.81, 4.84, -6.39 	0.00, -0.00 	11,4,54,159		69.13,73.22	1000,1 	0
3878    	24.47, -11.59, -12.27 	-0.94, 4.51, -6.33 	0.00, -0.00 	11,4,54,169		61.63,87.42	1000,1 	0
3887    	24.68, -11.83, -12.20 	-1.03, 4.08, -6.27 	0.00, -0.00 	11,4,54,179		79.38,110.96	1000,1 	0
3895    	24.89, -12.06, -12.19 	-0.93, 3.60, -6.26 	0.00, -0.00 	11,4,54,188		77.72,122.25	1000,1 	0
3904    	25.08, -12.26, -12.14 	-0.67, 3.20, -6.25 	0.00, -0.00 	11,4,54,198		55.80,95.42	1000,1 	0
3913    	25.21, -12.51, -12.12 	-0.51, 2.88, -6.24 	0.00, -0.00 	11,4,54,208		70.06,89.74	1000,1 	0
3921    	25.30, -12.73, -12.05 	-0.46, 2.59, -6.28 	0.00, -0.00 	11,4,54,217		59.76,73.27	1000,1 	0
3930    	25.39, -12.92, -11.96 	-0.44, 2.33, -6.33 	0.00, -0.00 	11,4,54,227		42.36,51.46	1000,1 	0
3939    	25.49, -13.09, -11.89 	-0.39, 2.13, -6.37 	0.00, -0.00 	11,4,54,237		49.18,51.30	1000,1 	0
3947    	25.57, -13.20, -11.83 	-0.32, 1.98, -6.42 	0.00, -0.00 	11,4,54,246		44.31,57.42	1000,1 	0
3956    	25.63, -13.30, -11.79 	-0.23, 1.87, -6.46 	0.00, -0.00 	11,4,54,256		23.61,27.71	1000,1 	0
3965    	25.72, -13.36, -11.80 	-0.21, 1.70, -6.46 	0.00, -0.00 	11,4,54,266		26.69,42.16	1000,1 	0
3974    	25.79, -13.40, -11.79 	-0.17, 1.53, -6.46 	0.00, -0.00 	11,4,54,276		20.92,42.58	1000,1 	0
3982    	25.88, -13.38, -11.82 	-0.14, 1.42, -6.48 	0.00, -0.00 	11,4,54,285		23.22,28.98	1000,1 	0
