#Time 	Sensor1         Sensor2         Target          Time            Vel             
#================================================================

13      	26.47, -16.87, -9.52 	-0.41, 0.26, -6.42 	0.00, 10.00 	11,4,35,186		0.00,0.00	0,0 	0
22      	26.45, -16.89, -9.51 	-0.44, 0.27, -6.42 	0.00, 10.00 	11,4,35,197		2.55,3.59	0,0 	0
30      	26.45, -16.89, -9.51 	-0.45, 0.31, -6.42 	0.00, 10.00 	11,4,35,206		0.00,4.38	0,0 	0
39      	26.46, -16.92, -9.50 	-0.40, 0.30, -6.43 	0.00, 10.00 	11,4,35,216		3.91,5.74	0,0 	0
47      	26.45, -16.94, -9.50 	-0.40, 0.29, -6.42 	0.00, 10.00 	11,4,35,225		3.06,1.39	0,0 	0
56      	26.45, -16.94, -9.51 	-0.41, 0.29, -6.43 	0.00, 10.00 	11,4,35,235		0.00,1.12	0,0 	0
65      	26.46, -16.95, -9.51 	-0.43, 0.29, -6.41 	0.00, 10.00 	11,4,35,245		1.68,2.23	0,0 	0
73      	26.45, -16.95, -9.51 	-0.43, 0.29, -6.41 	0.00, 10.00 	11,4,35,254		1.25,0.00	0,0 	0
82      	26.46, -16.96, -9.53 	-0.40, 0.29, -6.41 	0.00, 10.00 	11,4,35,264		1.68,3.35	0,0 	0
91      	26.51, -16.96, -9.54 	-0.40, 0.29, -6.41 	0.00, 10.00 	11,4,35,274		5.58,0.00	0,0 	0
99      	26.50, -16.95, -9.55 	-0.42, 0.29, -6.41 	0.00, 10.00 	11,4,35,283		1.89,2.51	0,0 	0
108     	26.50, -16.95, -9.56 	-0.42, 0.28, -6.41 	0.00, 10.00 	11,4,35,293		0.00,1.24	0,0 	0
117     	26.45, -16.96, -9.56 	-0.42, 0.28, -6.41 	0.00, 10.00 	11,4,35,303		5.70,0.00	0,0 	0
125     	26.42, -16.98, -9.57 	-0.42, 0.28, -6.42 	0.00, 10.00 	11,4,35,312		4.01,0.00	0,0 	0
134     	26.42, -17.02, -9.55 	-0.42, 0.28, -6.42 	0.00, 10.00 	11,4,35,322		4.99,0.00	0,0 	0
143     	26.41, -17.02, -9.55 	-0.41, 0.28, -6.42 	0.00, 10.00 	11,4,35,332		1.12,1.12	0,0 	0
151     	26.36, -17.05, -9.55 	-0.42, 0.32, -6.41 	0.00, 10.00 	11,4,35,341		7.52,5.73	0,0 	0
160     	26.37, -17.07, -9.55 	-0.42, 0.32, -6.42 	0.00, 10.00 	11,4,35,351		1.68,0.00	0,0 	0
169     	26.34, -17.05, -9.56 	-0.42, 0.30, -6.41 	0.00, 10.00 	11,4,35,360		3.58,2.47	0,0 	0
177     	26.30, -17.09, -9.57 	-0.44, 0.30, -6.42 	0.00, 10.00 	11,4,35,370		6.52,2.51	0,0 	0
186     	26.30, -17.11, -9.57 	-0.45, 0.32, -6.43 	0.00, 10.00 	11,4,35,379		2.49,2.73	0,0 	0
195     	26.31, -17.13, -9.57 	-0.45, 0.32, -6.43 	0.00, 10.00 	11,4,35,389		2.74,0.00	0,0 	0
203     	26.30, -17.16, -9.57 	-0.45, 0.34, -6.42 	0.00, 10.00 	11,4,35,399		3.06,3.03	0,0 	0
213     	26.30, -17.15, -9.58 	-0.46, 0.34, -6.44 	0.00, 10.00 	11,4,35,409		1.12,1.00	0,0 	0
221     	26.28, -17.12, -9.59 	-0.47, 0.35, -6.43 	0.00, 10.00 	11,4,35,418		3.78,1.89	0,0 	0
230     	26.30, -17.15, -9.60 	-0.47, 0.33, -6.42 	0.00, 10.00 	11,4,35,428		3.36,2.47	0,0 	0
238     	26.30, -17.15, -9.60 	-0.47, 0.33, -6.42 	0.00, 10.00 	11,4,35,437		0.00,0.00	0,0 	0
247     	26.26, -17.17, -9.58 	-0.47, 0.33, -6.42 	0.00, 10.00 	11,4,35,447		5.09,0.00	0,0 	0
256     	26.26, -17.17, -9.58 	-0.42, 0.33, -6.42 	0.00, 10.00 	11,4,35,457		0.00,4.46	0,0 	0
264     	26.27, -17.18, -9.60 	-0.45, 0.33, -6.42 	0.00, 10.00 	11,4,35,466		1.89,2.51	0,0 	0
273     	26.25, -17.19, -9.61 	-0.45, 0.33, -6.42 	0.00, 10.00 	11,4,35,476		2.55,0.00	0,0 	0
282     	26.21, -17.21, -9.61 	-0.45, 0.34, -6.44 	0.00, 10.00 	11,4,35,486		5.09,1.24	0,0 	0
290     	26.20, -17.22, -9.61 	-0.41, 0.36, -6.43 	0.00, 10.00 	11,4,35,495		1.87,5.69	0,0 	0
299     	26.15, -17.26, -9.60 	-0.42, 0.36, -6.43 	0.00, 10.00 	11,4,35,505		6.69,1.12	0,0 	0
308     	26.16, -17.25, -9.59 	-0.43, 0.35, -6.43 	0.00, 10.00 	11,4,35,515		1.67,1.65	0,0 	0
316     	26.17, -17.26, -9.62 	-0.43, 0.35, -6.44 	0.00, 10.00 	11,4,35,524		1.89,0.00	0,0 	0
325     	26.15, -17.28, -9.62 	-0.45, 0.35, -6.44 	0.00, 10.00 	11,4,35,534		3.33,2.23	0,0 	0
334     	26.16, -17.28, -9.62 	-0.45, 0.35, -6.43 	0.00, 10.00 	11,4,35,544		1.12,0.00	0,0 	0
342     	26.16, -17.26, -9.62 	-0.45, 0.35, -6.43 	0.00, 10.00 	11,4,35,553		2.81,0.00	0,0 	0
351     	26.17, -17.26, -9.62 	-0.45, 0.38, -6.43 	0.00, 10.00 	11,4,35,563		1.11,2.47	0,0 	0
360     	26.17, -17.28, -9.62 	-0.46, 0.38, -6.43 	0.00, 10.00 	11,4,35,573		2.49,1.12	0,0 	0
368     	26.17, -17.27, -9.63 	-0.44, 0.38, -6.43 	0.00, 10.00 	11,4,35,582		1.40,2.51	0,0 	0
377     	26.15, -17.28, -9.64 	-0.44, 0.38, -6.43 	0.00, 10.00 	11,4,35,592		2.55,0.00	0,0 	0
386     	26.17, -17.29, -9.64 	-0.44, 0.38, -6.43 	0.00, 10.00 	11,4,35,602		2.56,0.00	0,0 	0
394     	26.17, -17.28, -9.62 	-0.44, 0.38, -6.43 	0.00, 10.00 	11,4,35,611		1.40,0.00	0,0 	0
404     	26.12, -17.30, -9.62 	-0.44, 0.40, -6.44 	0.00, 10.00 	11,4,35,622		5.48,2.23	0,0 	0
412     	26.12, -17.34, -9.61 	-0.44, 0.40, -6.45 	0.00, 10.00 	11,4,35,631		4.21,0.00	0,0 	0
421     	26.09, -17.34, -9.62 	-0.45, 0.40, -6.45 	0.00, 10.00 	11,4,35,641		3.35,1.12	0,0 	0
430     	26.09, -17.35, -9.62 	-0.45, 0.39, -6.43 	0.00, 10.00 	11,4,35,651		1.25,1.24	0,0 	0
438     	26.05, -17.36, -9.62 	-0.46, 0.38, -6.43 	0.00, 10.00 	11,4,35,660		5.20,1.86	0,0 	0
447     	26.04, -17.36, -9.62 	-0.46, 0.38, -6.43 	0.00, 10.00 	11,4,35,670		1.12,0.00	0,0 	0
455     	26.01, -17.36, -9.62 	-0.46, 0.38, -6.43 	0.00, 10.00 	11,4,35,679		3.76,0.00	0,0 	0
464     	26.02, -17.36, -9.63 	-0.46, 0.38, -6.43 	0.00, 10.00 	11,4,35,689		1.11,0.00	0,0 	0
473     	26.02, -17.37, -9.63 	-0.48, 0.36, -6.43 	0.00, 10.00 	11,4,35,699		1.25,2.53	0,0 	0
481     	26.01, -17.38, -9.63 	-0.48, 0.37, -6.43 	0.00, 10.00 	11,4,35,708		1.87,1.39	0,0 	0
490     	26.00, -17.42, -9.63 	-0.44, 0.38, -6.43 	0.00, 10.00 	11,4,35,718		3.89,4.46	0,0 	0
499     	25.99, -17.43, -9.63 	-0.48, 0.37, -6.43 	0.00, 10.00 	11,4,35,728		2.55,4.46	0,0 	0
507     	25.98, -17.42, -9.62 	-0.48, 0.36, -6.43 	0.00, 10.00 	11,4,35,737		1.40,1.39	0,0 	0
516     	25.97, -17.38, -9.65 	-0.48, 0.36, -6.43 	0.00, 10.00 	11,4,35,747		3.91,0.00	0,0 	0
525     	25.97, -17.38, -9.65 	-0.47, 0.36, -6.43 	0.00, 10.00 	11,4,35,757		0.00,1.12	0,0 	0
533     	25.96, -17.41, -9.63 	-0.48, 0.36, -6.43 	0.00, 10.00 	11,4,35,766		3.06,1.26	0,0 	0
542     	25.96, -17.42, -9.63 	-0.47, 0.37, -6.45 	0.00, 10.00 	11,4,35,776		1.25,1.65	0,0 	0
551     	25.97, -17.44, -9.63 	-0.47, 0.37, -6.45 	0.00, 10.00 	11,4,35,786		2.49,0.00	0,0 	0
559     	25.96, -17.43, -9.65 	-0.47, 0.37, -6.44 	0.00, 10.00 	11,4,35,795		1.40,0.00	0,0 	0
568     	25.96, -17.43, -9.65 	-0.47, 0.37, -6.44 	0.00, 10.00 	11,4,35,805		0.00,0.00	0,0 	0
577     	25.96, -17.43, -9.65 	-0.47, 0.37, -6.44 	0.00, 10.00 	11,4,35,815		0.00,0.00	0,0 	0
585     	25.96, -17.43, -9.65 	-0.47, 0.37, -6.43 	0.00, 10.00 	11,4,35,824		0.00,0.00	0,0 	0
595     	25.98, -17.44, -9.65 	-0.48, 0.39, -6.42 	0.00, 10.00 	11,4,35,835		1.51,1.51	0,0 	0
603     	25.97, -17.44, -9.64 	-0.48, 0.39, -6.42 	0.00, 10.00 	11,4,35,844		1.25,0.00	0,0 	0
612     	25.91, -17.44, -9.65 	-0.48, 0.39, -6.42 	0.00, 10.00 	11,4,35,854		5.58,0.00	0,0 	0
620     	25.92, -17.44, -9.65 	-0.48, 0.41, -6.44 	0.00, 10.00 	11,4,35,863		1.25,2.78	0,0 	0
629     	25.91, -17.41, -9.67 	-0.47, 0.42, -6.44 	0.00, 10.00 	11,4,35,873		3.91,1.65	0,0 	0
638     	25.92, -17.41, -9.68 	-0.47, 0.42, -6.44 	0.00, 10.00 	11,4,35,883		1.11,0.00	0,0 	0
646     	25.94, -17.44, -9.69 	-0.46, 0.41, -6.44 	0.00, 10.00 	11,4,35,892		4.40,1.89	0,0 	0
655     	25.90, -17.44, -9.70 	-0.49, 0.41, -6.44 	0.00, 10.00 	11,4,35,902		3.35,3.35	0,0 	0
664     	25.91, -17.43, -9.70 	-0.50, 0.42, -6.44 	0.00, 10.00 	11,4,35,912		1.67,1.68	0,0 	0
672     	25.91, -17.41, -9.71 	-0.47, 0.42, -6.45 	0.00, 10.00 	11,4,35,921		2.81,3.77	0,0 	0
681     	25.91, -17.41, -9.72 	-0.45, 0.43, -6.45 	0.00, 10.00 	11,4,35,931		0.00,2.53	0,0 	0
690     	25.90, -17.39, -9.73 	-0.52, 0.41, -6.43 	0.00, 10.00 	11,4,35,941		1.68,8.15	0,0 	0
698     	25.89, -17.43, -9.73 	-0.49, 0.40, -6.42 	0.00, 10.00 	11,4,35,950		4.38,4.04	0,0 	0
707     	25.96, -17.38, -9.76 	-0.50, 0.43, -6.41 	0.00, 10.00 	11,4,35,960		9.23,3.90	0,0 	0
716     	25.94, -17.36, -9.76 	-0.52, 0.44, -6.41 	0.00, 10.00 	11,4,35,970		3.36,2.57	0,0 	0
724     	25.93, -17.35, -9.76 	-0.49, 0.43, -6.40 	0.00, 10.00 	11,4,35,979		1.89,4.04	0,0 	0
733     	25.96, -17.32, -9.79 	-0.51, 0.44, -6.41 	0.00, 10.00 	11,4,35,989		5.00,2.57	0,0 	0
742     	25.95, -17.29, -9.77 	-0.52, 0.49, -6.43 	0.00, 10.00 	11,4,35,999		2.74,5.09	0,0 	0
750     	25.92, -17.32, -9.79 	-0.56, 0.50, -6.42 	0.00, 10.00 	11,4,36,8		4.68,5.24	0,0 	0
759     	25.90, -17.28, -9.79 	-0.54, 0.52, -6.43 	0.00, 10.00 	11,4,36,18		4.37,3.30	0,0 	0
768     	25.87, -17.24, -9.82 	-0.55, 0.57, -6.43 	0.00, 10.00 	11,4,36,28		6.03,6.31	0,0 	0
777     	25.87, -17.24, -9.82 	-0.52, 0.59, -6.46 	0.00, 10.00 	11,4,36,38		0.00,3.55	0,0 	0
786     	25.85, -17.24, -9.82 	-0.53, 0.61, -6.43 	0.00, 10.00 	11,4,36,48		2.23,2.73	0,0 	0
794     	25.86, -17.22, -9.81 	-0.56, 0.63, -6.45 	0.00, 10.00 	11,4,36,57		3.06,4.73	0,0 	0
803     	25.86, -17.23, -9.83 	-0.56, 0.65, -6.44 	0.00, 10.00 	11,4,36,67		1.25,2.47	0,0 	0
811     	25.87, -17.20, -9.83 	-0.61, 0.67, -6.46 	0.00, 10.00 	11,4,36,76		3.06,6.91	0,0 	0
820     	25.85, -17.19, -9.84 	-0.62, 0.67, -6.47 	0.00, 10.00 	11,4,36,86		2.56,1.12	0,0 	0
829     	25.78, -17.18, -9.84 	-0.60, 0.69, -6.46 	0.00, 10.00 	11,4,36,96		7.92,2.53	0,0 	0
837     	25.79, -17.18, -9.82 	-0.63, 0.69, -6.46 	0.00, 10.00 	11,4,36,105		1.25,3.77	0,0 	0
846     	25.81, -17.14, -9.87 	-0.61, 0.67, -6.46 	0.00, 10.00 	11,4,36,115		5.45,2.57	0,0 	0
855     	25.81, -17.14, -9.83 	-0.61, 0.67, -6.46 	0.00, 10.00 	11,4,36,125		0.00,0.00	0,0 	0
863     	25.80, -17.14, -9.85 	-0.61, 0.69, -6.46 	0.00, 10.00 	11,4,36,134		1.25,1.39	0,0 	0
872     	25.80, -17.15, -9.85 	-0.63, 0.71, -6.47 	0.00, 10.00 	11,4,36,144		1.25,2.73	0,0 	0
881     	25.76, -17.14, -9.84 	-0.62, 0.71, -6.47 	0.00, 10.00 	11,4,36,154		4.64,1.12	0,0 	0
889     	25.76, -17.15, -9.86 	-0.63, 0.71, -6.47 	0.00, 10.00 	11,4,36,163		1.40,1.26	0,0 	0
898     	25.74, -17.15, -9.87 	-0.63, 0.70, -6.47 	0.00, 10.00 	11,4,36,173		2.23,1.24	0,0 	0
907     	25.73, -17.14, -9.86 	-0.64, 0.71, -6.47 	0.00, 10.00 	11,4,36,183		1.68,1.68	0,0 	0
915     	25.70, -17.14, -9.89 	-0.64, 0.71, -6.46 	0.00, 10.00 	11,4,36,192		3.76,0.00	0,0 	0
924     	25.69, -17.14, -9.88 	-0.66, 0.71, -6.46 	0.00, 10.00 	11,4,36,202		1.12,2.23	0,0 	0
933     	25.70, -17.14, -9.87 	-0.65, 0.70, -6.46 	0.00, 10.00 	11,4,36,212		1.12,1.68	0,0 	0
942     	25.72, -17.10, -9.88 	-0.66, 0.70, -6.45 	0.00, 10.00 	11,4,36,221		4.34,1.12	0,0 	0
951     	25.72, -17.10, -9.88 	-0.66, 0.70, -6.44 	0.00, 10.00 	11,4,36,231		0.00,0.00	0,0 	0
960     	25.73, -17.10, -9.89 	-0.68, 0.72, -6.45 	0.00, 10.00 	11,4,36,241		1.11,3.36	0,0 	0
969     	25.73, -17.08, -9.90 	-0.69, 0.72, -6.45 	0.00, 10.00 	11,4,36,251		2.49,1.12	0,0 	0
978     	25.70, -17.09, -9.91 	-0.69, 0.72, -6.45 	0.00, 10.00 	11,4,36,261		3.56,0.00	0,0 	0
986     	25.69, -17.13, -9.87 	-0.64, 0.73, -6.48 	0.00, 10.00 	11,4,36,270		4.38,6.40	0,0 	0
995     	25.65, -17.14, -9.88 	-0.66, 0.72, -6.47 	0.00, 10.00 	11,4,36,280		4.62,2.53	0,0 	0
1003    	25.65, -17.17, -9.90 	-0.65, 0.70, -6.47 	0.00, 10.00 	11,4,36,289		4.21,3.08	1000,1 	0
1012    	25.65, -17.16, -9.88 	-0.66, 0.71, -6.47 	0.00, 10.00 	11,4,36,299		1.25,1.68	1000,1 	0
1021    	25.62, -17.18, -9.88 	-0.61, 0.69, -6.46 	0.00, 10.00 	11,4,36,309		4.16,5.14	1000,1 	0
1029    	25.61, -17.18, -9.88 	-0.61, 0.67, -6.45 	0.00, 10.00 	11,4,36,318		1.25,1.39	1000,1 	0
1038    	25.60, -17.21, -9.89 	-0.66, 0.65, -6.45 	0.00, 10.00 	11,4,36,328		2.72,6.06	1000,1 	0
1047    	25.57, -17.23, -9.89 	-0.66, 0.64, -6.46 	0.00, 10.00 	11,4,36,338		4.16,1.24	1000,1 	0
1055    	25.58, -17.24, -9.88 	-0.63, 0.62, -6.44 	0.00, 10.00 	11,4,36,347		1.89,4.73	1000,1 	0
1064    	25.57, -17.23, -9.87 	-0.63, 0.62, -6.45 	0.00, 10.00 	11,4,36,357		1.68,0.00	1000,1 	0
1073    	25.55, -17.23, -9.87 	-0.64, 0.61, -6.42 	0.00, 10.00 	11,4,36,367		2.23,1.65	1000,1 	0
1081    	25.56, -17.25, -9.89 	-0.69, 0.59, -6.42 	0.00, 10.00 	11,4,36,376		3.08,6.82	1000,1 	0
1090    	25.54, -17.29, -9.87 	-0.66, 0.60, -6.41 	0.00, 10.00 	11,4,36,386		4.34,3.55	1000,1 	0
1099    	25.53, -17.27, -9.88 	-0.58, 0.63, -6.43 	0.00, 10.00 	11,4,36,396		1.68,9.60	1000,1 	0
1107    	25.55, -17.27, -9.91 	-0.57, 0.64, -6.43 	0.00, 10.00 	11,4,36,405		2.51,1.86	1000,1 	0
1116    	25.56, -17.29, -9.90 	-0.57, 0.64, -6.42 	0.00, 10.00 	11,4,36,415		1.68,0.00	1000,1 	0
1125    	25.54, -17.27, -9.90 	-0.57, 0.65, -6.43 	0.00, 10.00 	11,4,36,425		2.56,1.24	1000,1 	0
1134    	25.53, -17.27, -9.91 	-0.60, 0.64, -6.43 	0.00, 10.00 	11,4,36,435		1.11,3.55	1000,1 	0
1142    	25.54, -17.27, -9.91 	-0.60, 0.63, -6.42 	0.00, 10.00 	11,4,36,444		1.25,1.39	1000,1 	0
1151    	25.54, -17.27, -9.94 	-0.63, 0.63, -6.42 	0.00, 10.00 	11,4,36,454		0.00,3.35	1000,1 	0
1160    	25.59, -17.25, -9.94 	-0.61, 0.62, -6.44 	0.00, 10.00 	11,4,36,464		6.09,2.57	1000,1 	0
1169    	25.54, -17.25, -9.96 	-0.60, 0.61, -6.43 	0.00, 10.00 	11,4,36,474		5.58,1.68	1000,1 	0
1177    	25.58, -17.21, -10.00 	-0.58, 0.62, -6.44 	0.00, 10.00 	11,4,36,483		7.50,2.85	1000,1 	0
1186    	25.61, -17.15, -10.03 	-0.51, 0.62, -6.44 	0.00, 10.00 	11,4,36,493		7.05,7.81	1000,1 	0
1194    	25.58, -17.14, -10.09 	-0.43, 0.66, -6.49 	0.00, 10.00 	11,4,36,502		4.03,11.39	1000,1 	0
1203    	25.65, -17.04, -10.16 	-0.26, 0.85, -6.58 	0.00, 10.00 	11,4,36,512		13.62,28.80	1000,1 	0
1212    	25.61, -16.99, -10.20 	-0.02, 1.21, -6.68 	0.00, 10.00 	11,4,36,522		6.72,47.99	1000,1 	0
1220    	25.58, -16.93, -10.26 	0.32, 1.79, -6.82 	0.00, 10.00 	11,4,36,531		9.25,83.94	1000,1 	0
1229    	25.62, -16.75, -10.36 	0.63, 2.32, -6.86 	0.00, 10.00 	11,4,36,541		20.67,67.64	1000,1 	0
1238    	25.67, -16.52, -10.55 	0.74, 2.62, -6.80 	0.00, 10.00 	11,4,36,551		25.51,35.75	1000,1 	0
1246    	25.70, -16.32, -10.71 	0.77, 2.92, -6.82 	0.00, 10.00 	11,4,36,560		25.50,37.82	1000,1 	0
1255    	25.68, -16.04, -10.88 	0.78, 3.29, -6.84 	0.00, 10.00 	11,4,36,570		31.21,40.82	1000,1 	0
1264    	25.63, -15.88, -10.92 	0.83, 3.61, -6.87 	0.00, 10.00 	11,4,36,580		18.37,36.37	1000,1 	0
1272    	25.52, -15.70, -11.02 	0.91, 3.87, -6.87 	0.00, 10.00 	11,4,36,589		26.45,33.74	1000,1 	0
1281    	25.44, -15.55, -11.06 	0.92, 4.14, -6.89 	0.00, 10.00 	11,4,36,599		19.19,29.74	1000,1 	0
1290    	25.43, -15.46, -11.12 	1.04, 4.37, -6.90 	0.00, 10.00 	11,4,36,609		10.05,29.00	1000,1 	0
1298    	25.40, -15.32, -11.18 	1.07, 4.72, -6.96 	0.00, 10.00 	11,4,36,618		17.28,43.34	1000,1 	0
1307    	25.39, -15.13, -11.25 	1.04, 4.99, -7.03 	0.00, 10.00 	11,4,36,628		21.24,31.06	1000,1 	0
1316    	25.38, -14.95, -11.34 	1.03, 5.25, -7.09 	0.00, 10.00 	11,4,36,638		19.95,28.50	1000,1 	0
1325    	25.34, -14.85, -11.40 	0.95, 5.46, -7.16 	0.00, 10.00 	11,4,36,648		12.11,24.92	1000,1 	0
1334    	25.36, -14.69, -11.47 	0.86, 5.67, -7.25 	0.00, 10.00 	11,4,36,658		17.58,25.74	1000,1 	0
1342    	25.39, -14.50, -11.54 	0.79, 5.87, -7.33 	0.00, 10.00 	11,4,36,667		24.11,26.30	1000,1 	0
1351    	25.32, -14.38, -11.57 	0.62, 6.04, -7.40 	0.00, 10.00 	11,4,36,677		15.31,26.79	1000,1 	0
1359    	25.28, -14.28, -11.60 	0.48, 6.19, -7.48 	0.00, 10.00 	11,4,36,686		13.63,25.66	1000,1 	0
1368    	25.29, -14.16, -11.63 	0.33, 6.38, -7.55 	0.00, 10.00 	11,4,36,696		13.75,27.13	1000,1 	0
1377    	25.28, -14.08, -11.65 	0.16, 6.54, -7.61 	0.00, 10.00 	11,4,36,706		8.81,25.11	1000,1 	0
1385    	25.21, -13.95, -11.66 	0.01, 6.74, -7.68 	0.00, 10.00 	11,4,36,715		17.82,31.63	1000,1 	0
1394    	25.11, -13.90, -11.68 	-0.13, 6.88, -7.73 	0.00, 10.00 	11,4,36,725		12.82,21.87	1000,1 	0
1403    	25.06, -13.80, -11.70 	-0.25, 7.01, -7.78 	0.00, 10.00 	11,4,36,735		12.11,20.18	1000,1 	0
1411    	24.99, -13.68, -11.68 	-0.39, 7.10, -7.79 	0.00, 10.00 	11,4,36,744		17.82,19.93	1000,1 	0
1420    	24.96, -13.63, -11.70 	-0.54, 7.11, -7.77 	0.00, 10.00 	11,4,36,754		6.03,16.81	1000,1 	0
1429    	25.01, -13.45, -11.72 	-0.69, 7.19, -7.77 	0.00, 10.00 	11,4,36,764		20.67,18.99	1000,1 	0
1437    	25.05, -13.30, -11.74 	-0.79, 7.25, -7.75 	0.00, 10.00 	11,4,36,773		18.87,15.21	1000,1 	0
1446    	25.04, -13.16, -11.74 	-0.90, 7.31, -7.73 	0.00, 10.00 	11,4,36,783		16.21,13.85	1000,1 	0
1455    	25.04, -13.02, -11.75 	-0.97, 7.39, -7.69 	0.00, 10.00 	11,4,36,793		14.97,11.05	1000,1 	0
1463    	24.99, -12.91, -11.74 	-1.08, 7.45, -7.67 	0.00, 10.00 	11,4,36,802		15.42,16.27	1000,1 	0
1472    	24.96, -12.86, -11.70 	-1.13, 7.50, -7.61 	0.00, 10.00 	11,4,36,812		7.10,7.53	1000,1 	0
1481    	24.82, -12.81, -11.64 	-1.22, 7.57, -7.54 	0.00, 10.00 	11,4,36,822		16.43,13.39	1000,1 	0
1490    	24.67, -12.67, -11.60 	-1.25, 7.65, -7.43 	0.00, 10.00 	11,4,36,832		22.60,9.35	1000,1 	0
1498    	24.60, -12.53, -11.56 	-1.32, 7.75, -7.31 	0.00, 10.00 	11,4,36,841		19.05,14.74	1000,1 	0
1507    	24.56, -12.42, -11.47 	-1.39, 7.77, -7.11 	0.00, 10.00 	11,4,36,851		13.28,8.24	1000,1 	0
1516    	24.40, -12.34, -11.34 	-1.55, 7.64, -6.80 	0.00, 10.00 	11,4,36,861		19.93,23.86	1000,1 	0
1525    	24.29, -12.26, -11.24 	-1.79, 7.55, -6.54 	0.00, 10.00 	11,4,36,871		15.88,28.37	1000,1 	0
1533    	24.16, -12.18, -11.15 	-1.81, 7.72, -6.50 	0.00, 10.00 	11,4,36,880		18.04,20.94	1000,1 	0
1542    	24.09, -12.05, -11.07 	-1.69, 8.03, -6.57 	0.00, 10.00 	11,4,36,890		15.84,36.90	1000,1 	0
1550    	24.07, -11.96, -10.98 	-1.70, 8.21, -6.59 	0.00, 10.00 	11,4,36,899		11.52,22.27	1000,1 	0
1559    	24.10, -11.86, -10.96 	-1.69, 8.24, -6.57 	0.00, 10.00 	11,4,36,909		11.68,3.86	1000,1 	0
1568    	24.12, -11.82, -10.95 	-1.68, 8.28, -6.57 	0.00, 10.00 	11,4,36,919		5.45,5.05	1000,1 	0
1576    	24.13, -11.76, -10.95 	-1.64, 8.34, -6.58 	0.00, 10.00 	11,4,36,928		7.12,8.50	1000,1 	0
1585    	24.11, -11.71, -10.94 	-1.60, 8.44, -6.59 	0.00, 10.00 	11,4,36,938		6.64,11.92	1000,1 	0
1594    	24.03, -11.73, -10.88 	-1.59, 8.51, -6.59 	0.00, 10.00 	11,4,36,948		9.24,7.71	1000,1 	0
1602    	24.01, -11.82, -10.83 	-1.56, 8.59, -6.57 	0.00, 10.00 	11,4,36,957		11.48,10.38	1000,1 	0
1611    	23.95, -11.85, -10.78 	-1.49, 8.67, -6.59 	0.00, 10.00 	11,4,36,967		7.64,12.49	1000,1 	0
1620    	23.87, -11.89, -10.74 	-1.42, 8.73, -6.59 	0.00, 10.00 	11,4,36,977		9.64,9.87	1000,1 	0
1628    	23.86, -11.94, -10.69 	-1.30, 8.84, -6.60 	0.00, 10.00 	11,4,36,986		7.12,20.31	1000,1 	0
1637    	23.82, -11.97, -10.70 	-1.24, 8.91, -6.60 	0.00, 10.00 	11,4,36,996		5.09,10.67	1000,1 	0
1646    	23.80, -11.96, -10.67 	-1.17, 9.00, -6.61 	0.00, 10.00 	11,4,37,6		2.56,12.49	1000,1 	0
1655    	23.79, -11.98, -10.66 	-1.08, 9.09, -6.60 	0.00, 10.00 	11,4,37,16		2.72,13.96	1000,1 	0
1663    	23.83, -11.98, -10.64 	-0.99, 9.17, -6.61 	0.00, 10.00 	11,4,37,25		5.02,14.77	1000,1 	0
1672    	23.83, -11.97, -10.63 	-0.94, 9.28, -6.60 	0.00, 10.00 	11,4,37,35		1.25,13.47	1000,1 	0
1681    	23.89, -11.97, -10.63 	-0.86, 9.37, -6.58 	0.00, 10.00 	11,4,37,45		6.69,13.96	1000,1 	0
1689    	23.89, -11.95, -10.63 	-0.80, 9.49, -6.58 	0.00, 10.00 	11,4,37,54		1.40,16.93	1000,1 	0
1698    	23.88, -11.96, -10.61 	-0.70, 9.63, -6.59 	0.00, 10.00 	11,4,37,64		1.11,18.40	1000,1 	0
1707    	23.89, -11.94, -10.61 	-0.60, 9.76, -6.59 	0.00, 10.00 	11,4,37,74		1.67,18.40	1000,1 	0
1715    	23.88, -11.93, -10.60 	-0.52, 9.93, -6.62 	0.00, 10.00 	11,4,37,83		1.89,23.55	1000,1 	0
1724    	23.86, -11.96, -10.59 	-0.42, 10.05, -6.63 	0.00, 10.00 	11,4,37,93		3.33,17.43	1000,1 	0
1733    	23.88, -11.94, -10.57 	-0.36, 10.16, -6.63 	0.00, 10.00 	11,4,37,103		2.55,13.95	1000,1 	0
1741    	23.90, -11.97, -10.56 	-0.28, 10.25, -6.62 	0.00, 10.00 	11,4,37,112		3.78,14.85	1000,1 	0
1750    	23.92, -11.97, -10.55 	-0.26, 10.34, -6.61 	0.00, 10.00 	11,4,37,122		2.23,10.39	1000,1 	0
1759    	23.90, -11.97, -10.54 	-0.19, 10.44, -6.61 	0.00, 10.00 	11,4,37,132		2.23,13.48	1000,1 	0
1767    	23.91, -11.95, -10.52 	-0.09, 10.53, -6.62 	0.00, 10.00 	11,4,37,141		1.87,16.62	1000,1 	0
1776    	23.91, -11.95, -10.52 	-0.00, 10.62, -6.63 	0.00, 10.00 	11,4,37,151		0.00,13.96	1000,1 	0
1785    	23.96, -11.92, -10.52 	0.06, 10.69, -6.62 	0.00, 10.00 	11,4,37,161		6.69,9.90	1000,1 	0
1793    	23.97, -11.92, -10.52 	0.07, 10.73, -6.61 	0.00, 10.00 	11,4,37,170		1.25,6.06	1000,1 	0
1802    	23.94, -11.93, -10.51 	0.10, 10.73, -6.60 	0.00, 10.00 	11,4,37,180		3.56,3.35	1000,1 	0
1811    	23.93, -11.94, -10.49 	0.11, 10.75, -6.61 	0.00, 10.00 	11,4,37,190		1.67,2.69	1000,1 	0
1819    	23.92, -11.97, -10.49 	0.11, 10.78, -6.61 	0.00, 10.00 	11,4,37,199		3.06,2.78	1000,1 	0
1828    	23.89, -11.97, -10.48 	0.13, 10.79, -6.61 	0.00, 10.00 	11,4,37,209		3.35,2.53	1000,1 	0
1837    	23.89, -11.97, -10.46 	0.14, 10.80, -6.63 	0.00, 10.00 	11,4,37,219		0.00,1.65	1000,1 	0
1846    	23.87, -11.97, -10.43 	0.14, 10.80, -6.62 	0.00, 10.00 	11,4,37,229		2.23,0.00	1000,1 	0
1854    	23.88, -12.00, -10.41 	0.15, 10.80, -6.61 	0.00, 10.00 	11,4,37,238		4.40,1.26	1000,1 	0
1863    	23.91, -12.01, -10.41 	0.14, 10.80, -6.62 	0.00, 10.00 	11,4,37,248		3.58,1.12	1000,1 	0
1872    	23.90, -12.02, -10.39 	0.13, 10.81, -6.61 	0.00, 10.00 	11,4,37,258		1.67,1.68	1000,1 	0
1880    	23.89, -12.02, -10.39 	0.15, 10.79, -6.62 	0.00, 10.00 	11,4,37,267		1.25,3.78	1000,1 	0
1889    	23.87, -12.03, -10.39 	0.13, 10.79, -6.62 	0.00, 10.00 	11,4,37,277		2.55,2.23	1000,1 	0
1898    	23.85, -12.09, -10.37 	0.15, 10.79, -6.64 	0.00, 10.00 	11,4,37,287		6.60,2.23	1000,1 	0
1907    	23.88, -12.08, -10.35 	0.15, 10.80, -6.64 	0.00, 10.00 	11,4,37,297		3.56,1.24	1000,1 	0
1915    	23.88, -12.07, -10.34 	0.15, 10.81, -6.64 	0.00, 10.00 	11,4,37,306		1.40,1.39	1000,1 	0
1924    	23.89, -12.07, -10.34 	0.16, 10.81, -6.63 	0.00, 10.00 	11,4,37,316		1.12,1.12	1000,1 	0
1932    	23.90, -12.09, -10.34 	0.18, 10.80, -6.63 	0.00, 10.00 	11,4,37,325		3.08,2.89	1000,1 	0
1941    	23.90, -12.12, -10.32 	0.20, 10.79, -6.63 	0.00, 10.00 	11,4,37,335		3.74,2.57	1000,1 	0
1950    	23.86, -12.11, -10.31 	0.18, 10.73, -6.60 	0.00, 10.00 	11,4,37,345		4.64,6.54	1000,1 	0
1958    	23.87, -12.15, -10.31 	0.19, 10.71, -6.60 	0.00, 10.00 	11,4,37,354		4.40,2.78	1000,1 	0
1967    	23.86, -12.17, -10.30 	0.18, 10.70, -6.60 	0.00, 10.00 	11,4,37,364		2.72,1.65	1000,1 	0
1976    	23.86, -12.20, -10.27 	0.20, 10.67, -6.60 	0.00, 10.00 	11,4,37,374		3.74,4.37	1000,1 	0
1984    	23.87, -12.18, -10.27 	0.19, 10.64, -6.60 	0.00, 10.00 	11,4,37,383		3.06,3.03	1000,1 	0
1993    	23.87, -12.20, -10.26 	0.18, 10.60, -6.58 	0.00, 10.00 	11,4,37,393		2.49,5.05	1000,1 	0
2002    	23.85, -12.22, -10.25 	0.16, 10.61, -6.59 	0.00, 10.00 	11,4,37,403		3.33,2.57	1000,1 	0
2010    	23.85, -12.24, -10.23 	0.17, 10.58, -6.58 	0.00, 10.00 	11,4,37,412		1.40,4.38	1000,1 	0
2019    	23.82, -12.26, -10.23 	0.15, 10.54, -6.57 	0.00, 10.00 	11,4,37,422		4.16,4.29	1000,1 	0
2028    	23.79, -12.29, -10.23 	0.15, 10.52, -6.57 	0.00, 10.00 	11,4,37,432		5.80,2.47	1000,1 	0
2037    	23.83, -12.29, -10.23 	0.14, 10.51, -6.57 	0.00, 10.00 	11,4,37,442		4.46,1.65	1000,1 	0
2045    	23.85, -12.29, -10.23 	0.15, 10.49, -6.58 	0.00, 10.00 	11,4,37,451		2.51,3.08	1000,1 	0
2054    	23.86, -12.31, -10.24 	0.15, 10.44, -6.57 	0.00, 10.00 	11,4,37,461		2.74,4.95	1000,1 	0
2063    	23.86, -12.34, -10.23 	0.14, 10.42, -6.58 	0.00, 10.00 	11,4,37,471		2.49,2.69	1000,1 	0
2071    	23.87, -12.33, -10.24 	0.15, 10.37, -6.57 	0.00, 10.00 	11,4,37,480		1.87,7.10	1000,1 	0
2080    	23.90, -12.31, -10.24 	0.14, 10.30, -6.57 	0.00, 10.00 	11,4,37,490		3.56,7.71	1000,1 	0
2089    	23.87, -12.35, -10.24 	0.09, 10.24, -6.58 	0.00, 10.00 	11,4,37,500		5.00,8.25	1000,1 	0
2097    	23.87, -12.36, -10.25 	0.06, 10.15, -6.58 	0.00, 10.00 	11,4,37,509		1.40,11.69	1000,1 	0
2106    	23.89, -12.38, -10.24 	0.06, 10.06, -6.57 	0.00, 10.00 	11,4,37,519		3.36,9.90	1000,1 	0
2115    	23.93, -12.37, -10.23 	0.05, 10.00, -6.58 	0.00, 10.00 	11,4,37,529		4.62,7.49	1000,1 	0
2123    	23.88, -12.39, -10.24 	0.07, 9.91, -6.58 	0.00, 10.00 	11,4,37,538		6.85,11.23	1000,1 	0
2132    	23.94, -12.40, -10.23 	0.06, 9.86, -6.58 	0.00, 10.00 	11,4,37,548		6.82,5.05	1000,1 	0
2141    	23.95, -12.41, -10.23 	0.06, 9.84, -6.59 	0.00, 10.00 	11,4,37,558		1.68,2.47	1000,1 	0
2149    	23.94, -12.43, -10.23 	0.05, 9.79, -6.58 	0.00, 10.00 	11,4,37,567		1.87,7.05	1000,1 	0
2158    	23.92, -12.45, -10.23 	0.02, 9.75, -6.57 	0.00, 10.00 	11,4,37,577		3.33,4.95	1000,1 	0
2167    	23.93, -12.46, -10.22 	0.01, 9.76, -6.57 	0.00, 10.00 	11,4,37,587		1.68,1.68	1000,1 	0
2175    	23.96, -12.49, -10.21 	0.01, 9.75, -6.57 	0.00, 10.00 	11,4,37,596		5.67,1.39	1000,1 	0
2184    	23.95, -12.48, -10.20 	-0.00, 9.73, -6.57 	0.00, 10.00 	11,4,37,606		1.68,2.69	1000,1 	0
2193    	23.98, -12.48, -10.20 	0.01, 9.74, -6.58 	0.00, 10.00 	11,4,37,616		3.35,1.65	1000,1 	0
2201    	23.98, -12.49, -10.20 	-0.01, 9.73, -6.57 	0.00, 10.00 	11,4,37,625		1.40,2.85	1000,1 	0
2210    	23.97, -12.50, -10.20 	-0.00, 9.73, -6.57 	0.00, 10.00 	11,4,37,635		1.67,1.12	1000,1 	0
2219    	23.97, -12.53, -10.18 	0.01, 9.72, -6.56 	0.00, 10.00 	11,4,37,645		2.49,1.68	1000,1 	0
2228    	23.96, -12.53, -10.18 	-0.02, 9.72, -6.57 	0.00, 10.00 	11,4,37,655		1.12,3.35	1000,1 	0
2236    	23.93, -12.57, -10.16 	-0.01, 9.73, -6.57 	0.00, 10.00 	11,4,37,664		6.73,1.86	1000,1 	0
2245    	23.93, -12.58, -10.15 	-0.02, 9.72, -6.57 	0.00, 10.00 	11,4,37,674		1.25,1.65	1000,1 	0
2254    	23.94, -12.56, -10.15 	-0.01, 9.71, -6.56 	0.00, 10.00 	11,4,37,684		2.72,1.68	1000,1 	0
2262    	23.94, -12.57, -10.16 	-0.02, 9.71, -6.56 	0.00, 10.00 	11,4,37,693		1.40,1.26	1000,1 	0
2271    	23.95, -12.56, -10.15 	-0.03, 9.71, -6.56 	0.00, 10.00 	11,4,37,703		1.67,1.12	1000,1 	0
2280    	23.96, -12.56, -10.15 	-0.03, 9.72, -6.57 	0.00, 10.00 	11,4,37,713		1.11,1.24	1000,1 	0
2288    	23.94, -12.57, -10.15 	-0.03, 9.72, -6.57 	0.00, 10.00 	11,4,37,722		2.86,0.00	1000,1 	0
2297    	23.98, -12.57, -10.14 	-0.03, 9.72, -6.57 	0.00, 10.00 	11,4,37,732		4.46,0.00	1000,1 	0
2306    	23.98, -12.58, -10.13 	-0.04, 9.73, -6.57 	0.00, 10.00 	11,4,37,742		1.25,1.68	1000,1 	0
2314    	23.99, -12.57, -10.13 	-0.06, 9.73, -6.58 	0.00, 10.00 	11,4,37,751		1.87,2.51	1000,1 	0
2323    	24.00, -12.57, -10.14 	-0.07, 9.75, -6.58 	0.00, 10.00 	11,4,37,761		1.11,2.73	1000,1 	0
2332    	24.04, -12.56, -10.14 	-0.07, 9.73, -6.58 	0.00, 10.00 	11,4,37,771		4.62,2.47	1000,1 	0
2340    	24.04, -12.58, -10.12 	-0.06, 9.74, -6.58 	0.00, 10.00 	11,4,37,780		2.81,1.86	1000,1 	0
2349    	24.03, -12.56, -10.12 	-0.06, 9.73, -6.58 	0.00, 10.00 	11,4,37,790		2.74,1.24	1000,1 	0
2358    	24.02, -12.57, -10.12 	-0.07, 9.73, -6.58 	0.00, 10.00 	11,4,37,800		1.67,1.12	1000,1 	0
2366    	24.01, -12.59, -10.12 	-0.09, 9.74, -6.58 	0.00, 10.00 	11,4,37,809		3.06,2.89	1000,1 	0
2375    	23.99, -12.63, -10.10 	-0.09, 9.74, -6.58 	0.00, 10.00 	11,4,37,819		4.34,0.00	1000,1 	0
2384    	23.99, -12.62, -10.10 	-0.10, 9.73, -6.58 	0.00, 10.00 	11,4,37,829		1.25,1.65	1000,1 	0
2393    	24.00, -12.62, -10.09 	-0.09, 9.74, -6.58 	0.00, 10.00 	11,4,37,839		1.11,1.65	1000,1 	0
2401    	24.04, -12.59, -10.10 	-0.08, 9.75, -6.59 	0.00, 10.00 	11,4,37,848		5.73,1.86	1000,1 	0
2410    	24.06, -12.62, -10.08 	-0.10, 9.74, -6.59 	0.00, 10.00 	11,4,37,858		3.36,2.53	1000,1 	0
2419    	24.08, -12.59, -10.08 	-0.11, 9.74, -6.57 	0.00, 10.00 	11,4,37,868		3.33,1.12	1000,1 	0
2427    	24.04, -12.62, -10.09 	-0.10, 9.75, -6.57 	0.00, 10.00 	11,4,37,877		5.73,1.86	1000,1 	0
2436    	24.06, -12.60, -10.09 	-0.14, 9.74, -6.57 	0.00, 10.00 	11,4,37,887		2.55,4.61	1000,1 	0
2445    	24.05, -12.60, -10.09 	-0.14, 9.75, -6.58 	0.00, 10.00 	11,4,37,897		1.12,1.24	1000,1 	0
2454    	24.07, -12.60, -10.07 	-0.13, 9.74, -6.57 	0.00, -0.00 	11,4,37,916		2.51,1.89	1000,1 	0
2463    	24.07, -12.62, -10.06 	-0.15, 9.74, -6.57 	0.00, -0.00 	11,4,37,926		5.61,10.04	1000,1 	0
2471    	24.08, -12.60, -10.07 	-0.15, 9.75, -6.57 	0.00, -0.00 	11,4,37,935		7.50,5.57	1000,1 	0
2480    	24.09, -12.62, -10.05 	-0.14, 9.75, -6.57 	0.00, -0.00 	11,4,37,945		5.04,3.35	1000,1 	0
2489    	24.10, -12.62, -10.05 	-0.16, 9.75, -6.57 	0.00, -0.00 	11,4,37,955		5.02,10.04	1000,1 	0
2497    	24.07, -12.62, -10.04 	-0.18, 9.75, -6.57 	0.00, -0.00 	11,4,37,964		15.05,10.04	1000,1 	0
2506    	24.07, -12.62, -10.03 	-0.17, 9.75, -6.57 	0.00, -0.00 	11,4,37,974		0.00,3.35	1000,1 	0
2515    	24.09, -12.62, -10.04 	-0.16, 9.76, -6.57 	0.00, -0.00 	11,4,37,984		10.04,7.42	1000,1 	0
2523    	24.08, -12.60, -10.03 	-0.15, 9.75, -6.57 	0.00, -0.00 	11,4,37,993		7.56,7.57	1000,1 	0
2532    	24.08, -12.62, -10.04 	-0.16, 9.75, -6.57 	0.00, -0.00 	11,4,38,3		3.74,3.35	1000,1 	0
2541    	24.09, -12.60, -10.04 	-0.16, 9.76, -6.58 	0.00, -0.00 	11,4,38,13		7.50,5.57	1000,1 	0
2550    	24.10, -12.60, -10.03 	-0.17, 9.77, -6.57 	0.00, -0.00 	11,4,38,23		5.02,7.57	1000,1 	0
2558    	24.09, -12.63, -10.03 	-0.16, 9.77, -6.57 	0.00, -0.00 	11,4,38,32		12.26,5.02	1000,1 	0
2567    	24.09, -12.60, -10.02 	-0.17, 9.78, -6.57 	0.00, -0.00 	11,4,38,42		11.22,7.57	1000,1 	0
2576    	24.09, -12.59, -10.02 	-0.17, 9.77, -6.57 	0.00, -0.00 	11,4,38,52		5.61,5.57	1000,1 	0
2584    	24.07, -12.60, -10.02 	-0.16, 9.77, -6.57 	0.00, -0.00 	11,4,38,61		11.46,5.02	1000,1 	0
2593    	24.08, -12.62, -10.02 	-0.18, 9.77, -6.57 	0.00, -0.00 	11,4,38,71		5.04,6.69	1000,1 	0
2602    	24.07, -12.63, -10.01 	-0.19, 9.78, -6.57 	0.00, -0.00 	11,4,38,81		7.50,7.57	1000,1 	0
2610    	24.07, -12.62, -10.01 	-0.18, 9.78, -6.57 	0.00, -0.00 	11,4,38,90		11.22,10.04	1000,1 	0
2619    	24.04, -12.64, -10.02 	-0.19, 9.78, -6.57 	0.00, -0.00 	11,4,38,100		12.47,3.35	1000,1 	0
2628    	24.05, -12.65, -10.01 	-0.19, 9.77, -6.57 	0.00, -0.00 	11,4,38,110		7.56,5.57	1000,1 	0
2636    	24.03, -12.67, -9.99 	-0.20, 9.80, -6.57 	0.00, -0.00 	11,4,38,119		14.99,12.30	1000,1 	0
2645    	24.04, -12.68, -9.98 	-0.19, 9.80, -6.57 	0.00, -0.00 	11,4,38,129		5.04,3.35	1000,1 	0
2654    	24.01, -12.69, -9.98 	-0.18, 9.80, -6.57 	0.00, -0.00 	11,4,38,139		16.02,5.02	1000,1 	0
2662    	23.99, -12.68, -9.99 	-0.18, 9.78, -6.57 	0.00, -0.00 	11,4,38,148		11.54,5.57	1000,1 	0
2671    	23.98, -12.70, -10.00 	-0.18, 9.78, -6.57 	0.00, -0.00 	11,4,38,158		5.00,0.00	1000,1 	0
2680    	24.02, -12.68, -10.00 	-0.18, 9.80, -6.57 	0.00, -0.00 	11,4,38,168		20.80,5.57	1000,1 	0
2688    	24.01, -12.67, -10.00 	-0.18, 9.78, -6.57 	0.00, -0.00 	11,4,38,177		7.56,5.57	1000,1 	0
2697    	24.05, -12.65, -10.00 	-0.19, 9.80, -6.57 	0.00, -0.00 	11,4,38,187		15.28,5.05	1000,1 	0
2706    	24.03, -12.66, -10.00 	-0.20, 9.80, -6.57 	0.00, -0.00 	11,4,38,197		11.46,5.02	1000,1 	0
2714    	24.04, -12.65, -10.00 	-0.20, 9.81, -6.57 	0.00, -0.00 	11,4,38,206		7.50,5.57	1000,1 	0
2723    	24.04, -12.64, -10.00 	-0.20, 9.80, -6.57 	0.00, -0.00 	11,4,38,216		3.74,3.71	1000,1 	0
2732    	24.05, -12.65, -10.01 	-0.20, 9.80, -6.57 	0.00, -0.00 	11,4,38,226		7.56,0.00	1000,1 	0
2741    	24.06, -12.66, -9.99 	-0.20, 9.80, -6.57 	0.00, -0.00 	11,4,38,236		7.56,0.00	1000,1 	0
2749    	24.06, -12.67, -9.99 	-0.19, 9.80, -6.58 	0.00, -0.00 	11,4,38,245		5.61,5.02	1000,1 	0
2758    	24.06, -12.65, -9.99 	-0.20, 9.80, -6.58 	0.00, -0.00 	11,4,38,255		7.48,3.35	1000,1 	0
2767    	24.05, -12.65, -9.99 	-0.19, 9.81, -6.57 	0.00, -0.00 	11,4,38,265		5.02,7.42	1000,1 	0
2775    	24.05, -12.66, -9.98 	-0.19, 9.81, -6.57 	0.00, -0.00 	11,4,38,274		5.61,0.00	1000,1 	0
2784    	24.04, -12.67, -9.97 	-0.20, 9.80, -6.58 	0.00, -0.00 	11,4,38,284		5.00,4.95	1000,1 	0
2793    	24.04, -12.66, -9.96 	-0.21, 9.80, -6.58 	0.00, -0.00 	11,4,38,294		5.61,5.02	1000,1 	0
2801    	24.01, -12.69, -9.95 	-0.20, 9.80, -6.58 	0.00, -0.00 	11,4,38,303		44.98,10.04	1000,1 	0
2810    	24.04, -12.68, -9.96 	-0.22, 9.80, -6.58 	0.00, -0.00 	11,4,38,313		10.68,6.69	1000,1 	0
2819    	24.02, -12.69, -9.95 	-0.22, 9.81, -6.58 	0.00, -0.00 	11,4,38,323		11.46,5.57	1000,1 	0
2827    	24.00, -12.71, -9.95 	-0.20, 9.81, -6.57 	0.00, -0.00 	11,4,38,332		11.46,10.04	1000,1 	0
2836    	23.99, -12.71, -9.95 	-0.19, 9.81, -6.58 	0.00, -0.00 	11,4,38,342		3.35,3.35	1000,1 	0
2845    	24.00, -12.69, -9.95 	-0.22, 9.82, -6.57 	0.00, -0.00 	11,4,38,352		7.50,16.16	1000,1 	0
2853    	23.98, -12.72, -9.96 	-0.21, 9.82, -6.57 	0.00, -0.00 	11,4,38,361		14.99,5.02	1000,1 	0
2862    	23.97, -12.72, -9.96 	-0.21, 9.81, -6.57 	0.00, -0.00 	11,4,38,371		3.35,3.71	1000,1 	0
2871    	23.97, -12.72, -9.97 	-0.21, 9.81, -6.58 	0.00, -0.00 	11,4,38,381		0.00,0.00	1000,1 	0
2879    	24.00, -12.71, -9.97 	-0.21, 9.82, -6.57 	0.00, -0.00 	11,4,38,390		16.02,5.57	1000,1 	0
2888    	23.98, -12.71, -9.98 	-0.21, 9.80, -6.57 	0.00, -0.00 	11,4,38,400		6.69,7.42	1000,1 	0
2897    	23.97, -12.71, -9.99 	-0.20, 9.80, -6.58 	0.00, -0.00 	11,4,38,410		5.02,5.02	1000,1 	0
2905    	23.98, -12.70, -9.99 	-0.20, 9.80, -6.58 	0.00, -0.00 	11,4,38,419		7.50,0.00	1000,1 	0
2914    	24.02, -12.69, -9.99 	-0.21, 9.78, -6.58 	0.00, -0.00 	11,4,38,429		13.38,4.95	1000,1 	0
2923    	24.01, -12.69, -10.01 	-0.22, 9.76, -6.59 	0.00, -0.00 	11,4,38,439		5.02,12.13	1000,1 	0
2932    	24.02, -12.68, -10.01 	-0.24, 9.63, -6.56 	0.00, -0.00 	11,4,38,449		7.50,67.37	1000,1 	0
2940    	23.99, -12.73, -10.01 	-0.28, 9.45, -6.54 	0.00, -0.00 	11,4,38,458		26.92,92.08	1000,1 	0
2949    	23.99, -12.73, -10.02 	-0.28, 9.22, -6.50 	0.00, -0.00 	11,4,38,468		0.00,77.95	1000,1 	0
2958    	23.98, -12.72, -10.03 	-0.23, 8.97, -6.51 	0.00, -0.00 	11,4,38,478		7.56,124.51	1000,1 	0
2966    	24.01, -12.73, -10.05 	-0.23, 8.75, -6.53 	0.00, -0.00 	11,4,38,487		16.11,111.35	1000,1 	0
2975    	24.01, -12.75, -10.07 	-0.28, 8.54, -6.54 	0.00, -0.00 	11,4,38,497		7.48,72.95	1000,1 	0
2984    	24.06, -12.74, -10.12 	-0.36, 8.28, -6.53 	0.00, -0.00 	11,4,38,507		25.66,133.46	1000,1 	0
2992    	24.10, -12.75, -10.17 	-0.42, 8.00, -6.50 	0.00, -0.00 	11,4,38,516		41.78,285.80	1000,1 	0
3001    	24.10, -12.78, -10.21 	-0.44, 7.71, -6.47 	0.00, -0.00 	11,4,38,526		11.22,96.83	1000,1 	0
3010    	24.06, -12.87, -10.24 	-0.40, 7.43, -6.43 	0.00, -0.00 	11,4,38,536		51.24,140.30	1000,1 	0
3018    	24.05, -12.93, -10.29 	-0.38, 7.17, -6.41 	0.00, -0.00 	11,4,38,545		28.46,134.20	1000,1 	0
3027    	24.12, -13.00, -10.35 	-0.34, 6.98, -6.44 	0.00, -0.00 	11,4,38,555		32.58,64.09	1000,1 	0
3036    	24.18, -13.02, -10.43 	-0.28, 6.80, -6.45 	0.00, -0.00 	11,4,38,565		32.22,94.59	1000,1 	0
3044    	24.28, -13.09, -10.51 	-0.10, 6.65, -6.47 	0.00, -0.00 	11,4,38,574		60.67,116.70	1000,1 	0
3053    	24.29, -13.20, -10.55 	-0.03, 6.46, -6.49 	0.00, -0.00 	11,4,38,584		37.59,67.74	1000,1 	0
3062    	24.27, -13.39, -10.55 	0.04, 6.20, -6.47 	0.00, -0.00 	11,4,38,594		95.84,132.12	1000,1 	0
3070    	24.21, -13.57, -10.55 	0.07, 6.03, -6.47 	0.00, -0.00 	11,4,38,603		96.14,85.15	1000,1 	0
3079    	24.25, -13.73, -10.57 	0.10, 5.87, -6.49 	0.00, -0.00 	11,4,38,613		54.17,56.21	1000,1 	0
3088    	24.31, -13.82, -10.61 	0.15, 5.75, -6.55 	0.00, -0.00 	11,4,38,623		54.27,66.64	1000,1 	0
3096    	24.39, -13.87, -10.64 	0.17, 5.59, -6.57 	0.00, -0.00 	11,4,38,632		49.18,78.79	1000,1 	0
3105    	24.46, -13.96, -10.68 	0.24, 5.46, -6.61 	0.00, -0.00 	11,4,38,642		38.16,49.21	1000,1 	0
3114    	24.56, -14.02, -10.69 	0.26, 5.29, -6.64 	0.00, -0.00 	11,4,38,652		53.37,84.31	1000,1 	0
3123    	24.67, -14.06, -10.73 	0.27, 5.17, -6.68 	0.00, -0.00 	11,4,38,662		59.77,61.24	1000,1 	0
3131    	24.73, -14.09, -10.78 	0.34, 5.04, -6.73 	0.00, -0.00 	11,4,38,671		34.62,71.20	1000,1 	0
3140    	24.79, -14.14, -10.80 	0.37, 4.90, -6.77 	0.00, -0.00 	11,4,38,681		25.14,49.48	1000,1 	0
3149    	24.78, -14.26, -10.81 	0.44, 4.76, -6.79 	0.00, -0.00 	11,4,38,691		61.89,78.94	1000,1 	0
3157    	24.82, -14.41, -10.80 	0.44, 4.57, -6.82 	0.00, -0.00 	11,4,38,700		75.83,94.65	1000,1 	0
3166    	24.90, -14.50, -10.80 	0.44, 4.32, -6.85 	0.00, -0.00 	11,4,38,710		40.32,81.66	1000,1 	0
3175    	24.92, -14.60, -10.84 	0.50, 4.08, -6.86 	0.00, -0.00 	11,4,38,720		50.80,126.71	1000,1 	0
3183    	25.04, -14.72, -10.85 	0.54, 3.84, -6.88 	0.00, -0.00 	11,4,38,729		173.21,236.36	1000,1 	0
3192    	25.17, -14.77, -10.84 	0.58, 3.59, -6.90 	0.00, -0.00 	11,4,38,739		47.49,86.15	1000,1 	0
3201    	25.24, -14.86, -10.89 	0.64, 3.38, -6.93 	0.00, -0.00 	11,4,38,749		57.24,110.55	1000,1 	0
3210    	25.35, -14.96, -10.91 	0.63, 3.13, -6.93 	0.00, -0.00 	11,4,38,759		75.14,122.71	1000,1 	0
3218    	25.45, -15.06, -10.92 	0.60, 2.90, -6.93 	0.00, -0.00 	11,4,38,768		68.04,117.60	1000,1 	0
3227    	25.48, -15.18, -10.94 	0.56, 2.56, -6.85 	0.00, -0.00 	11,4,38,778		58.23,168.43	1000,1 	0
3235    	25.53, -15.30, -10.92 	0.50, 2.23, -6.78 	0.00, -0.00 	11,4,38,787		133.66,340.04	1000,1 	0
3244    	25.61, -15.38, -10.92 	0.41, 1.88, -6.72 	0.00, -0.00 	11,4,38,797		37.60,119.21	1000,1 	0
3253    	25.61, -15.49, -10.92 	0.38, 1.56, -6.67 	0.00, -0.00 	11,4,38,807		56.12,162.32	1000,1 	0
3261    	25.62, -15.68, -10.87 	0.27, 1.20, -6.59 	0.00, -0.00 	11,4,38,816		95.40,186.97	1000,1 	0
3270    	25.64, -15.84, -10.82 	0.26, 0.88, -6.50 	0.00, -0.00 	11,4,38,826		52.86,107.63	1000,1 	0
3279    	25.74, -16.00, -10.76 	0.29, 0.58, -6.45 	0.00, -0.00 	11,4,38,836		98.37,150.86	1000,1 	0
