#Time 	Sensor1         Sensor2         Target          Time            Vel             
#================================================================

16      	26.19, -16.93, -10.24 	-0.34, -0.21, -6.42 	0.00, 30.00 	11,5,0,45		0.00,0.00	0,0 	0
24      	26.16, -16.97, -10.24 	-0.36, -0.18, -6.43 	0.00, 30.00 	11,5,0,55		5.62,4.91	0,0 	0
33      	26.18, -16.94, -10.23 	-0.36, -0.18, -6.42 	0.00, 30.00 	11,5,0,65		3.33,0.00	0,0 	0
41      	26.18, -16.94, -10.22 	-0.38, -0.19, -6.42 	0.00, 30.00 	11,5,0,74		0.00,2.85	0,0 	0
50      	26.14, -16.94, -10.22 	-0.36, -0.18, -6.42 	0.00, 30.00 	11,5,0,84		4.46,2.53	0,0 	0
59      	26.14, -16.97, -10.22 	-0.36, -0.18, -6.42 	0.00, 30.00 	11,5,0,94		2.49,0.00	0,0 	0
67      	26.13, -16.97, -10.22 	-0.37, -0.19, -6.42 	0.00, 30.00 	11,5,0,103		1.25,1.86	0,0 	0
76      	26.16, -17.00, -10.22 	-0.38, -0.17, -6.43 	0.00, 30.00 	11,5,0,113		5.04,2.73	0,0 	0
85      	26.15, -16.98, -10.21 	-0.38, -0.17, -6.43 	0.00, 30.00 	11,5,0,123		2.74,0.00	0,0 	0
93      	26.21, -16.98, -10.21 	-0.36, -0.19, -6.43 	0.00, 30.00 	11,5,0,132		7.53,3.78	0,0 	0
102     	26.18, -16.99, -10.20 	-0.35, -0.18, -6.43 	0.00, 30.00 	11,5,0,142		3.56,1.65	0,0 	0
111     	26.18, -17.01, -10.21 	-0.35, -0.18, -6.43 	0.00, 30.00 	11,5,0,152		2.49,0.00	0,0 	0
119     	26.15, -17.03, -10.20 	-0.35, -0.18, -6.43 	0.00, 30.00 	11,5,0,161		4.68,0.00	0,0 	0
128     	26.12, -17.03, -10.20 	-0.35, -0.18, -6.43 	0.00, 30.00 	11,5,0,171		3.35,0.00	0,0 	0
138     	26.16, -17.06, -10.18 	-0.36, -0.20, -6.42 	0.00, 30.00 	11,5,0,182		4.62,2.43	0,0 	0
146     	26.18, -17.03, -10.19 	-0.35, -0.20, -6.42 	0.00, 30.00 	11,5,0,191		3.75,1.26	0,0 	0
154     	26.17, -17.03, -10.18 	-0.36, -0.20, -6.42 	0.00, 30.00 	11,5,0,200		1.25,1.26	0,0 	0
164     	26.17, -17.06, -10.19 	-0.36, -0.20, -6.42 	0.00, 30.00 	11,5,0,211		2.24,0.00	0,0 	0
172     	26.17, -17.06, -10.20 	-0.36, -0.20, -6.42 	0.00, 30.00 	11,5,0,220		0.00,0.00	0,0 	0
180     	26.14, -17.08, -10.19 	-0.34, -0.20, -6.42 	0.00, 30.00 	11,5,0,229		4.68,2.51	0,0 	0
189     	26.16, -17.08, -10.17 	-0.34, -0.20, -6.42 	0.00, 30.00 	11,5,0,239		2.23,0.00	0,0 	0
198     	26.17, -17.09, -10.19 	-0.34, -0.20, -6.42 	0.00, 30.00 	11,5,0,249		1.68,0.00	0,0 	0
206     	26.14, -17.12, -10.17 	-0.34, -0.20, -6.42 	0.00, 30.00 	11,5,0,258		5.62,0.00	0,0 	0
215     	26.12, -17.14, -10.16 	-0.34, -0.20, -6.42 	0.00, 30.00 	11,5,0,268		2.55,0.00	0,0 	0
224     	26.12, -17.15, -10.15 	-0.36, -0.20, -6.42 	0.00, 30.00 	11,5,0,278		1.25,2.23	0,0 	0
232     	26.11, -17.17, -10.14 	-0.36, -0.20, -6.42 	0.00, 30.00 	11,5,0,287		3.06,0.00	0,0 	0
241     	26.10, -17.18, -10.14 	-0.36, -0.20, -6.42 	0.00, 30.00 	11,5,0,297		1.67,0.00	0,0 	0
250     	26.12, -17.17, -10.13 	-0.36, -0.20, -6.42 	0.00, 30.00 	11,5,0,307		2.55,0.00	0,0 	0
258     	26.12, -17.18, -10.12 	-0.37, -0.19, -6.43 	0.00, 30.00 	11,5,0,316		1.40,1.89	0,0 	0
267     	26.09, -17.18, -10.12 	-0.36, -0.19, -6.43 	0.00, 30.00 	11,5,0,326		3.35,1.12	0,0 	0
276     	26.08, -17.19, -10.13 	-0.33, -0.19, -6.43 	0.00, 30.00 	11,5,0,336		1.67,3.35	0,0 	0
284     	26.10, -17.18, -10.12 	-0.33, -0.19, -6.43 	0.00, 30.00 	11,5,0,345		2.86,0.00	0,0 	0
293     	26.13, -17.20, -10.11 	-0.33, -0.19, -6.44 	0.00, 30.00 	11,5,0,355		4.19,0.00	0,0 	0
302     	26.10, -17.20, -10.12 	-0.33, -0.19, -6.44 	0.00, 30.00 	11,5,0,365		3.35,0.00	0,0 	0
311     	26.11, -17.18, -10.12 	-0.33, -0.19, -6.44 	0.00, 30.00 	11,5,0,375		2.72,0.00	0,0 	0
319     	26.09, -17.20, -10.12 	-0.33, -0.21, -6.42 	0.00, 30.00 	11,5,0,384		3.75,2.78	0,0 	0
329     	26.06, -17.21, -10.13 	-0.33, -0.21, -6.42 	0.00, 30.00 	11,5,0,395		3.20,0.00	0,0 	0
337     	26.05, -17.20, -10.12 	-0.35, -0.19, -6.42 	0.00, 30.00 	11,5,0,404		1.89,3.78	0,0 	0
345     	26.03, -17.23, -10.12 	-0.34, -0.19, -6.42 	0.00, 30.00 	11,5,0,413		3.75,1.26	0,0 	0
354     	26.08, -17.23, -10.12 	-0.34, -0.19, -6.42 	0.00, 30.00 	11,5,0,423		5.58,0.00	0,0 	0
363     	26.05, -17.24, -10.12 	-0.34, -0.19, -6.42 	0.00, 30.00 	11,5,0,433		3.56,0.00	0,0 	0
371     	26.05, -17.24, -10.12 	-0.34, -0.19, -6.42 	0.00, 30.00 	11,5,0,442		0.00,0.00	0,0 	0
380     	26.05, -17.23, -10.13 	-0.34, -0.19, -6.42 	0.00, 30.00 	11,5,0,452		1.25,0.00	0,0 	0
389     	26.03, -17.26, -10.13 	-0.35, -0.18, -6.43 	0.00, 30.00 	11,5,0,462		4.34,1.68	0,0 	0
397     	26.03, -17.25, -10.12 	-0.34, -0.20, -6.42 	0.00, 30.00 	11,5,0,471		1.40,3.08	0,0 	0
406     	26.07, -17.25, -10.12 	-0.34, -0.19, -6.42 	0.00, 30.00 	11,5,0,481		4.46,1.24	0,0 	0
415     	26.04, -17.25, -10.12 	-0.34, -0.19, -6.42 	0.00, 30.00 	11,5,0,491		3.35,0.00	0,0 	0
423     	26.03, -17.25, -10.12 	-0.34, -0.19, -6.42 	0.00, 30.00 	11,5,0,500		1.25,0.00	0,0 	0
432     	26.03, -17.25, -10.13 	-0.34, -0.19, -6.43 	0.00, 30.00 	11,5,0,510		0.00,0.00	0,0 	0
441     	26.04, -17.26, -10.12 	-0.34, -0.17, -6.43 	0.00, 30.00 	11,5,0,520		1.68,2.47	0,0 	0
449     	26.04, -17.26, -10.12 	-0.34, -0.17, -6.43 	0.00, 30.00 	11,5,0,529		0.00,0.00	0,0 	0
458     	26.04, -17.26, -10.11 	-0.34, -0.17, -6.43 	0.00, 30.00 	11,5,0,539		0.00,0.00	0,0 	0
467     	26.04, -17.26, -10.11 	-0.34, -0.17, -6.44 	0.00, 30.00 	11,5,0,549		0.00,0.00	0,0 	0
475     	26.02, -17.26, -10.10 	-0.34, -0.17, -6.44 	0.00, 30.00 	11,5,0,558		2.51,0.00	0,0 	0
484     	26.02, -17.26, -10.11 	-0.35, -0.18, -6.42 	0.00, 30.00 	11,5,0,568		0.00,1.65	0,0 	0
493     	26.03, -17.28, -10.12 	-0.35, -0.17, -6.43 	0.00, 30.00 	11,5,0,578		2.74,1.24	0,0 	0
502     	26.03, -17.30, -10.10 	-0.34, -0.19, -6.42 	0.00, 30.00 	11,5,0,588		2.49,2.73	0,0 	0
510     	26.03, -17.29, -10.10 	-0.35, -0.17, -6.42 	0.00, 30.00 	11,5,0,597		1.40,3.08	0,0 	0
519     	26.03, -17.28, -10.10 	-0.34, -0.18, -6.43 	0.00, 30.00 	11,5,0,607		1.25,1.68	0,0 	0
528     	26.07, -17.27, -10.11 	-0.35, -0.17, -6.42 	0.00, 30.00 	11,5,0,617		4.62,1.68	0,0 	0
536     	26.07, -17.26, -10.11 	-0.34, -0.18, -6.42 	0.00, 30.00 	11,5,0,626		1.40,1.89	0,0 	0
546     	26.07, -17.26, -10.11 	-0.35, -0.18, -6.43 	0.00, 30.00 	11,5,0,637		0.00,1.00	0,0 	0
554     	26.05, -17.27, -10.11 	-0.35, -0.20, -6.42 	0.00, 30.00 	11,5,0,646		2.86,2.78	0,0 	0
562     	26.04, -17.28, -10.12 	-0.33, -0.19, -6.43 	0.00, 30.00 	11,5,0,655		1.87,2.85	0,0 	0
571     	26.01, -17.32, -10.10 	-0.34, -0.18, -6.42 	0.00, 30.00 	11,5,0,665		5.00,1.68	0,0 	0
580     	25.99, -17.32, -10.11 	-0.34, -0.19, -6.43 	0.00, 30.00 	11,5,0,675		2.23,1.24	0,0 	0
588     	26.01, -17.32, -10.12 	-0.34, -0.17, -6.42 	0.00, 30.00 	11,5,0,684		2.51,2.78	0,0 	0
597     	26.03, -17.32, -10.12 	-0.33, -0.18, -6.42 	0.00, 30.00 	11,5,0,694		2.23,1.68	0,0 	0
606     	26.03, -17.29, -10.13 	-0.34, -0.18, -6.43 	0.00, 30.00 	11,5,0,704		2.49,1.12	0,0 	0
614     	26.01, -17.32, -10.15 	-0.34, -0.18, -6.42 	0.00, 30.00 	11,5,0,713		3.75,0.00	0,0 	0
623     	26.00, -17.34, -10.16 	-0.34, -0.20, -6.41 	0.00, 30.00 	11,5,0,723		2.72,2.47	0,0 	0
632     	26.00, -17.33, -10.16 	-0.35, -0.18, -6.41 	0.00, 30.00 	11,5,0,733		1.25,2.73	0,0 	0
640     	26.00, -17.32, -10.16 	-0.34, -0.18, -6.41 	0.00, 30.00 	11,5,0,742		1.40,1.26	0,0 	0
649     	26.01, -17.30, -10.17 	-0.35, -0.18, -6.42 	0.00, 30.00 	11,5,0,752		1.67,1.12	0,0 	0
658     	26.01, -17.32, -10.18 	-0.35, -0.16, -6.42 	0.00, 30.00 	11,5,0,762		1.25,2.47	0,0 	0
666     	26.01, -17.30, -10.18 	-0.34, -0.17, -6.42 	0.00, 30.00 	11,5,0,771		1.40,1.89	0,0 	0
675     	26.01, -17.32, -10.17 	-0.34, -0.17, -6.42 	0.00, 30.00 	11,5,0,781		1.25,0.00	0,0 	0
684     	26.02, -17.33, -10.18 	-0.34, -0.17, -6.42 	0.00, 30.00 	11,5,0,791		1.68,0.00	0,0 	0
693     	26.04, -17.33, -10.17 	-0.35, -0.18, -6.42 	0.00, 30.00 	11,5,0,801		2.23,1.65	0,0 	0
701     	26.07, -17.33, -10.17 	-0.33, -0.16, -6.42 	0.00, 30.00 	11,5,0,810		3.76,3.71	0,0 	0
711     	26.06, -17.30, -10.20 	-0.33, -0.16, -6.42 	0.00, 30.00 	11,5,0,821		2.47,0.00	0,0 	0
719     	26.07, -17.30, -10.20 	-0.33, -0.16, -6.43 	0.00, 30.00 	11,5,0,830		1.25,0.00	0,0 	0
727     	26.09, -17.29, -10.21 	-0.33, -0.17, -6.41 	0.00, 30.00 	11,5,0,839		2.86,1.39	0,0 	0
736     	26.07, -17.32, -10.21 	-0.31, -0.18, -6.40 	0.00, 30.00 	11,5,0,849		3.33,2.57	0,0 	0
745     	26.04, -17.33, -10.21 	-0.32, -0.18, -6.41 	0.00, 30.00 	11,5,0,859		3.56,1.12	0,0 	0
753     	26.04, -17.34, -10.20 	-0.35, -0.16, -6.41 	0.00, 30.00 	11,5,0,868		1.40,4.73	0,0 	0
762     	26.06, -17.30, -10.21 	-0.35, -0.18, -6.41 	0.00, 30.00 	11,5,0,878		4.34,2.47	0,0 	0
771     	26.06, -17.30, -10.22 	-0.34, -0.19, -6.41 	0.00, 30.00 	11,5,0,888		0.00,1.68	0,0 	0
779     	26.06, -17.33, -10.22 	-0.34, -0.18, -6.42 	0.00, 30.00 	11,5,0,897		2.81,1.39	0,0 	0
788     	26.03, -17.32, -10.21 	-0.34, -0.18, -6.40 	0.00, 30.00 	11,5,0,907		3.58,0.00	0,0 	0
797     	26.03, -17.32, -10.20 	-0.38, -0.19, -6.40 	0.00, 30.00 	11,5,0,917		0.00,4.61	0,0 	0
805     	26.03, -17.32, -10.21 	-0.38, -0.18, -6.41 	0.00, 30.00 	11,5,0,926		0.00,1.39	0,0 	0
814     	26.02, -17.34, -10.20 	-0.38, -0.17, -6.42 	0.00, 30.00 	11,5,0,936		2.72,1.24	0,0 	0
823     	26.05, -17.33, -10.20 	-0.40, -0.17, -6.42 	0.00, 30.00 	11,5,0,946		3.56,2.23	0,0 	0
831     	26.04, -17.32, -10.21 	-0.39, -0.17, -6.42 	0.00, 30.00 	11,5,0,955		1.89,1.26	0,0 	0
840     	26.03, -17.30, -10.20 	-0.39, -0.19, -6.40 	0.00, 30.00 	11,5,0,965		1.68,2.47	0,0 	0
849     	26.04, -17.32, -10.21 	-0.42, -0.18, -6.42 	0.00, 30.00 	11,5,0,975		1.68,3.59	0,0 	0
857     	26.02, -17.29, -10.21 	-0.44, -0.20, -6.41 	0.00, 30.00 	11,5,0,984		3.78,3.71	0,0 	0
866     	26.02, -17.27, -10.21 	-0.45, -0.20, -6.41 	0.00, 30.00 	11,5,0,994		2.49,1.12	0,0 	0
875     	25.94, -17.29, -10.20 	-0.46, -0.17, -6.41 	0.00, 30.00 	11,5,1,4		9.24,3.90	0,0 	0
884     	25.96, -17.30, -10.20 	-0.46, -0.18, -6.41 	0.00, 30.00 	11,5,1,14		2.56,1.24	0,0 	0
892     	25.95, -17.27, -10.20 	-0.43, -0.18, -6.41 	0.00, 30.00 	11,5,1,23		4.40,3.77	0,0 	0
902     	25.95, -17.29, -10.20 	-0.44, -0.15, -6.42 	0.00, 30.00 	11,5,1,34		2.24,3.51	0,0 	0
910     	25.95, -17.28, -10.20 	-0.42, -0.16, -6.42 	0.00, 30.00 	11,5,1,43		1.40,2.89	0,0 	0
918     	25.92, -17.30, -10.20 	-0.45, -0.17, -6.42 	0.00, 30.00 	11,5,1,52		4.68,3.99	0,0 	0
927     	25.94, -17.26, -10.21 	-0.45, -0.15, -6.41 	0.00, 30.00 	11,5,1,62		5.45,2.47	0,0 	0
936     	25.94, -17.27, -10.22 	-0.46, -0.15, -6.41 	0.00, 30.00 	11,5,1,72		1.25,1.12	0,0 	0
944     	25.91, -17.28, -10.22 	-0.45, -0.16, -6.40 	0.00, 30.00 	11,5,1,81		4.01,1.89	0,0 	0
953     	25.91, -17.28, -10.21 	-0.50, -0.14, -6.42 	0.00, 30.00 	11,5,1,91		0.00,6.15	0,0 	0
962     	25.91, -17.25, -10.22 	-0.50, -0.15, -6.42 	0.00, 30.00 	11,5,1,101		3.74,1.24	0,0 	0
970     	25.91, -17.25, -10.22 	-0.50, -0.15, -6.41 	0.00, 30.00 	11,5,1,110		0.00,0.00	0,0 	0
979     	25.91, -17.27, -10.20 	-0.50, -0.15, -6.41 	0.00, 30.00 	11,5,1,120		2.49,0.00	0,0 	0
988     	25.90, -17.25, -10.20 	-0.47, -0.14, -6.42 	0.00, 30.00 	11,5,1,130		2.74,3.55	0,0 	0
996     	25.89, -17.24, -10.20 	-0.51, -0.13, -6.42 	0.00, 30.00 	11,5,1,139		1.89,5.24	0,0 	0
1005    	25.88, -17.24, -10.18 	-0.51, -0.14, -6.42 	0.00, 30.00 	11,5,1,149		1.12,1.24	1000,1 	0
1014    	25.88, -17.25, -10.18 	-0.51, -0.15, -6.41 	0.00, 30.00 	11,5,1,159		1.25,1.24	1000,1 	0
1022    	25.88, -17.25, -10.19 	-0.51, -0.14, -6.43 	0.00, 30.00 	11,5,1,168		0.00,1.39	1000,1 	0
1031    	25.87, -17.24, -10.18 	-0.51, -0.10, -6.44 	0.00, 30.00 	11,5,1,178		1.68,3.71	1000,1 	0
1040    	25.87, -17.24, -10.18 	-0.52, -0.10, -6.43 	0.00, 30.00 	11,5,1,188		0.00,1.12	1000,1 	0
1048    	25.87, -17.26, -10.17 	-0.52, -0.12, -6.44 	0.00, 30.00 	11,5,1,197		2.81,1.39	1000,1 	0
1057    	25.89, -17.27, -10.16 	-0.53, -0.12, -6.43 	0.00, 30.00 	11,5,1,207		2.56,1.12	1000,1 	0
1066    	25.88, -17.26, -10.15 	-0.56, -0.13, -6.42 	0.00, 30.00 	11,5,1,217		1.68,3.55	1000,1 	0
1075    	25.88, -17.26, -10.15 	-0.56, -0.12, -6.43 	0.00, 30.00 	11,5,1,227		0.00,1.24	1000,1 	0
1083    	25.88, -17.28, -10.14 	-0.57, -0.10, -6.42 	0.00, 30.00 	11,5,1,236		2.81,1.89	1000,1 	0
1093    	25.85, -17.28, -10.15 	-0.60, -0.08, -6.42 	0.00, 30.00 	11,5,1,247		3.01,3.03	1000,1 	0
1101    	25.85, -17.29, -10.15 	-0.60, -0.08, -6.43 	0.00, 30.00 	11,5,1,256		1.40,0.00	1000,1 	0
1109    	25.86, -17.31, -10.15 	-0.58, -0.09, -6.43 	0.00, 30.00 	11,5,1,265		1.89,1.89	1000,1 	0
1118    	25.86, -17.29, -10.14 	-0.62, -0.07, -6.44 	0.00, 30.00 	11,5,1,275		1.25,4.20	1000,1 	0
1127    	25.88, -17.29, -10.13 	-0.61, -0.06, -6.46 	0.00, 30.00 	11,5,1,285		2.23,1.65	1000,1 	0
1135    	25.88, -17.28, -10.13 	-0.60, -0.07, -6.45 	0.00, 30.00 	11,5,1,294		1.40,1.89	1000,1 	0
1144    	25.82, -17.31, -10.13 	-0.61, -0.06, -6.45 	0.00, 30.00 	11,5,1,304		7.12,1.68	1000,1 	0
1153    	25.82, -17.29, -10.13 	-0.60, -0.06, -6.44 	0.00, 30.00 	11,5,1,314		1.25,1.12	1000,1 	0
1161    	25.81, -17.29, -10.13 	-0.64, -0.07, -6.44 	0.00, 30.00 	11,5,1,323		1.25,5.18	1000,1 	0
1170    	25.81, -17.31, -10.12 	-0.64, -0.07, -6.44 	0.00, 30.00 	11,5,1,333		1.25,0.00	1000,1 	0
1179    	25.81, -17.31, -10.10 	-0.64, -0.07, -6.44 	0.00, 30.00 	11,5,1,343		0.00,0.00	1000,1 	0
1187    	25.81, -17.32, -10.10 	-0.64, -0.06, -6.44 	0.00, 30.00 	11,5,1,352		1.40,1.39	1000,1 	0
1196    	25.81, -17.32, -10.10 	-0.65, -0.04, -6.44 	0.00, 30.00 	11,5,1,362		0.00,2.73	1000,1 	0
1205    	25.80, -17.33, -10.10 	-0.66, -0.07, -6.45 	0.00, 30.00 	11,5,1,372		1.67,3.86	1000,1 	0
1213    	25.80, -17.35, -10.09 	-0.66, -0.07, -6.45 	0.00, 30.00 	11,5,1,381		2.81,0.00	1000,1 	0
1222    	25.78, -17.36, -10.10 	-0.66, -0.07, -6.45 	0.00, 30.00 	11,5,1,391		2.55,0.00	1000,1 	0
1231    	25.78, -17.35, -10.09 	-0.65, -0.07, -6.44 	0.00, 30.00 	11,5,1,401		1.25,1.12	1000,1 	0
1240    	25.78, -17.35, -10.10 	-0.66, -0.05, -6.46 	0.00, 30.00 	11,5,1,411		0.00,2.73	1000,1 	0
1248    	25.78, -17.35, -10.10 	-0.65, -0.05, -6.46 	0.00, 30.00 	11,5,1,420		0.00,1.26	1000,1 	0
1257    	25.80, -17.35, -10.10 	-0.65, -0.05, -6.46 	0.00, 30.00 	11,5,1,430		2.23,0.00	1000,1 	0
1266    	25.80, -17.35, -10.10 	-0.65, -0.05, -6.46 	0.00, 30.00 	11,5,1,440		0.00,0.00	1000,1 	0
1274    	25.80, -17.35, -10.10 	-0.69, -0.05, -6.46 	0.00, 30.00 	11,5,1,449		0.00,5.02	1000,1 	0
1284    	25.80, -17.34, -10.10 	-0.69, -0.06, -6.46 	0.00, 30.00 	11,5,1,460		1.12,1.11	1000,1 	0
1292    	25.76, -17.32, -10.11 	-0.69, -0.07, -6.46 	0.00, 30.00 	11,5,1,469		5.77,1.39	1000,1 	0
1300    	25.73, -17.33, -10.12 	-0.68, -0.07, -6.45 	0.00, 30.00 	11,5,1,478		4.00,1.26	1000,1 	0
1309    	25.76, -17.33, -10.12 	-0.69, -0.07, -6.45 	0.00, 30.00 	11,5,1,488		3.35,1.12	1000,1 	0
1318    	25.72, -17.34, -10.12 	-0.70, -0.04, -6.46 	0.00, 30.00 	11,5,1,498		4.62,3.90	1000,1 	0
1326    	25.72, -17.37, -10.12 	-0.66, -0.04, -6.46 	0.00, 30.00 	11,5,1,507		4.21,5.02	1000,1 	0
1335    	25.72, -17.38, -10.12 	-0.66, -0.05, -6.44 	0.00, 30.00 	11,5,1,517		1.25,1.24	1000,1 	0
1344    	25.71, -17.36, -10.11 	-0.66, -0.05, -6.43 	0.00, 30.00 	11,5,1,527		2.74,0.00	1000,1 	0
1352    	25.74, -17.36, -10.13 	-0.66, -0.04, -6.44 	0.00, 30.00 	11,5,1,536		3.76,1.39	1000,1 	0
1361    	25.71, -17.37, -10.12 	-0.65, -0.04, -6.45 	0.00, 30.00 	11,5,1,546		3.56,1.12	1000,1 	0
1370    	25.74, -17.35, -10.12 	-0.65, -0.05, -6.43 	0.00, 30.00 	11,5,1,556		4.16,1.24	1000,1 	0
1378    	25.75, -17.35, -10.13 	-0.66, -0.04, -6.43 	0.00, 30.00 	11,5,1,565		1.25,1.89	1000,1 	0
1387    	25.75, -17.35, -10.15 	-0.65, -0.04, -6.45 	0.00, 30.00 	11,5,1,575		0.00,1.12	1000,1 	0
1396    	25.72, -17.36, -10.15 	-0.65, -0.04, -6.45 	0.00, 30.00 	11,5,1,585		3.56,0.00	1000,1 	0
1404    	25.70, -17.35, -10.15 	-0.66, -0.03, -6.45 	0.00, 30.00 	11,5,1,594		2.88,1.89	1000,1 	0
1413    	25.73, -17.34, -10.15 	-0.67, -0.03, -6.46 	0.00, 30.00 	11,5,1,604		3.56,1.12	1000,1 	0
1422    	25.74, -17.32, -10.16 	-0.72, -0.04, -6.45 	0.00, 30.00 	11,5,1,614		2.72,5.69	1000,1 	0
1431    	25.78, -17.32, -10.16 	-0.70, -0.04, -6.46 	0.00, 30.00 	11,5,1,624		4.46,2.23	1000,1 	0
1439    	25.77, -17.32, -10.16 	-0.71, -0.05, -6.45 	0.00, 30.00 	11,5,1,633		1.25,1.86	1000,1 	0
1448    	25.73, -17.32, -10.18 	-0.70, -0.05, -6.46 	0.00, 30.00 	11,5,1,643		4.46,1.12	1000,1 	0
1457    	25.73, -17.32, -10.19 	-0.70, -0.06, -6.45 	0.00, 30.00 	11,5,1,653		0.00,1.24	1000,1 	0
1465    	25.71, -17.34, -10.16 	-0.70, -0.03, -6.46 	0.00, 30.00 	11,5,1,662		3.75,4.18	1000,1 	0
1475    	25.77, -17.29, -10.17 	-0.69, -0.06, -6.46 	0.00, 30.00 	11,5,1,673		7.48,3.51	1000,1 	0
1483    	25.74, -17.25, -10.20 	-0.70, -0.07, -6.45 	0.00, 30.00 	11,5,1,682		6.78,1.86	1000,1 	0
1491    	25.69, -17.22, -10.21 	-0.56, -0.07, -6.47 	0.00, 30.00 	11,5,1,691		7.58,17.57	1000,1 	0
1500    	25.67, -17.14, -10.27 	-0.44, -0.01, -6.51 	0.00, 30.00 	11,5,1,701		9.03,14.64	1000,1 	0
1509    	25.63, -17.08, -10.32 	-0.35, 0.14, -6.59 	0.00, 30.00 	11,5,1,711		7.70,19.85	1000,1 	0
1517    	25.62, -16.97, -10.44 	-0.27, 0.32, -6.69 	0.00, 30.00 	11,5,1,720		14.10,24.25	1000,1 	0
1526    	25.62, -16.78, -10.60 	-0.22, 0.59, -6.76 	0.00, 30.00 	11,5,1,730		21.22,30.31	1000,1 	0
1535    	25.70, -16.57, -10.77 	-0.16, 0.92, -6.78 	0.00, 30.00 	11,5,1,740		25.25,37.78	1000,1 	0
1543    	25.62, -16.26, -10.97 	-0.05, 1.29, -6.79 	0.00, 30.00 	11,5,1,749		39.27,48.06	1000,1 	0
1552    	25.52, -15.96, -11.16 	0.10, 1.61, -6.78 	0.00, 30.00 	11,5,1,759		35.22,39.77	1000,1 	0
1561    	25.41, -15.70, -11.34 	0.25, 1.95, -6.78 	0.00, 30.00 	11,5,1,769		31.29,40.42	1000,1 	0
1569    	25.30, -15.37, -11.57 	0.41, 2.33, -6.81 	0.00, 30.00 	11,5,1,778		44.02,51.54	1000,1 	0
1578    	25.27, -14.92, -11.80 	0.52, 2.83, -6.90 	0.00, 30.00 	11,5,1,788		49.95,57.01	1000,1 	0
1587    	25.34, -14.42, -12.00 	0.58, 3.35, -7.00 	0.00, 30.00 	11,5,1,798		55.52,58.66	1000,1 	0
1596    	25.47, -13.99, -12.13 	0.65, 3.86, -7.06 	0.00, 30.00 	11,5,1,808		50.63,56.22	1000,1 	0
1604    	25.44, -13.64, -12.23 	0.67, 4.26, -7.10 	0.00, 30.00 	11,5,1,817		43.59,50.18	1000,1 	0
1613    	25.43, -13.34, -12.29 	0.62, 4.65, -7.12 	0.00, 30.00 	11,5,1,827		33.70,43.62	1000,1 	0
1622    	25.49, -13.03, -12.40 	0.54, 5.08, -7.18 	0.00, 30.00 	11,5,1,837		34.50,49.03	1000,1 	0
1630    	25.51, -12.73, -12.53 	0.46, 5.52, -7.28 	0.00, 30.00 	11,5,1,846		37.94,56.53	1000,1 	0
1639    	25.44, -12.48, -12.65 	0.36, 6.02, -7.39 	0.00, 30.00 	11,5,1,856		28.30,56.56	1000,1 	0
1648    	25.32, -12.30, -12.74 	0.27, 6.50, -7.51 	0.00, 30.00 	11,5,1,866		24.12,54.12	1000,1 	0
1656    	25.13, -12.17, -12.74 	0.12, 6.98, -7.62 	0.00, 30.00 	11,5,1,875		29.30,62.71	1000,1 	0
1665    	24.98, -12.04, -12.74 	-0.05, 7.38, -7.74 	0.00, 30.00 	11,5,1,885		22.54,48.31	1000,1 	0
1674    	24.91, -11.78, -12.80 	-0.20, 7.85, -7.89 	0.00, 30.00 	11,5,1,895		29.51,54.55	1000,1 	0
1682    	24.91, -11.42, -12.88 	-0.38, 8.36, -8.04 	0.00, 30.00 	11,5,1,904		44.90,67.48	1000,1 	0
1691    	24.85, -11.11, -12.94 	-0.54, 8.89, -8.19 	0.00, 30.00 	11,5,1,914		35.41,62.01	1000,1 	0
1700    	24.82, -10.80, -13.01 	-0.65, 9.47, -8.33 	0.00, 30.00 	11,5,1,924		33.87,65.31	1000,1 	0
1708    	24.80, -10.51, -13.06 	-0.76, 10.03, -8.46 	0.00, 30.00 	11,5,1,933		36.51,70.96	1000,1 	0
1717    	24.68, -10.19, -13.10 	-0.96, 10.57, -8.59 	0.00, 30.00 	11,5,1,943		38.67,64.24	1000,1 	0
1726    	24.52, -9.95, -13.12 	-1.12, 11.07, -8.68 	0.00, 30.00 	11,5,1,953		31.20,58.45	1000,1 	0
1734    	24.33, -9.75, -13.14 	-1.25, 11.59, -8.73 	0.00, 30.00 	11,5,1,962		34.87,67.42	1000,1 	0
1743    	24.13, -9.51, -13.17 	-1.31, 12.07, -8.79 	0.00, 30.00 	11,5,1,972		34.81,53.48	1000,1 	0
1752    	23.96, -9.24, -13.19 	-1.40, 12.53, -8.82 	0.00, 30.00 	11,5,1,982		35.57,51.68	1000,1 	0
1761    	23.74, -9.04, -13.21 	-1.44, 12.95, -8.86 	0.00, 30.00 	11,5,1,992		32.58,47.20	1000,1 	0
1769    	23.57, -8.83, -13.23 	-1.50, 13.47, -8.89 	0.00, 30.00 	11,5,2,1		34.28,65.84	1000,1 	0
1778    	23.38, -8.57, -13.24 	-1.52, 14.02, -8.95 	0.00, 30.00 	11,5,2,11		35.15,60.63	1000,1 	0
1787    	23.25, -8.31, -13.25 	-1.53, 14.53, -8.97 	0.00, 30.00 	11,5,2,21		32.25,56.91	1000,1 	0
1795    	23.00, -8.13, -13.21 	-1.57, 14.98, -8.97 	0.00, 30.00 	11,5,2,30		38.72,55.88	1000,1 	0
1804    	22.75, -7.99, -13.19 	-1.62, 15.40, -8.96 	0.00, 30.00 	11,5,2,40		31.41,47.31	1000,1 	0
1813    	22.58, -7.79, -13.15 	-1.65, 15.80, -8.95 	0.00, 30.00 	11,5,2,50		29.51,44.64	1000,1 	0
1821    	22.47, -7.63, -13.13 	-1.66, 16.21, -8.94 	0.00, 30.00 	11,5,2,59		24.10,51.50	1000,1 	0
1830    	22.42, -7.33, -13.11 	-1.70, 16.62, -8.91 	0.00, 30.00 	11,5,2,69		34.00,45.97	1000,1 	0
1839    	22.35, -6.96, -13.13 	-1.73, 17.05, -8.89 	0.00, 30.00 	11,5,2,79		41.95,47.11	1000,1 	0
1847    	22.15, -6.65, -13.12 	-1.74, 17.46, -8.87 	0.00, 30.00 	11,5,2,88		46.12,51.50	1000,1 	0
1857    	21.95, -6.45, -13.10 	-1.75, 17.88, -8.84 	0.00, 30.00 	11,5,2,99		28.60,42.31	1000,1 	0
1865    	21.70, -6.33, -13.02 	-1.73, 18.31, -8.79 	0.00, 30.00 	11,5,2,108		33.95,54.34	1000,1 	0
1873    	21.46, -6.18, -12.97 	-1.72, 18.70, -8.74 	0.00, 30.00 	11,5,2,117		35.34,48.73	1000,1 	0
1882    	21.30, -5.94, -12.98 	-1.69, 19.11, -8.67 	0.00, 30.00 	11,5,2,127		32.85,44.68	1000,1 	0
1891    	21.17, -5.63, -13.02 	-1.66, 19.50, -8.60 	0.00, 30.00 	11,5,2,137		36.34,43.45	1000,1 	0
1899    	21.00, -5.37, -13.05 	-1.67, 19.84, -8.52 	0.00, 30.00 	11,5,2,146		40.01,43.15	1000,1 	0
1908    	20.89, -5.09, -13.06 	-1.68, 20.15, -8.43 	0.00, 30.00 	11,5,2,156		33.20,34.64	1000,1 	0
1917    	20.72, -4.84, -13.07 	-1.72, 20.46, -8.35 	0.00, 30.00 	11,5,2,166		33.48,34.87	1000,1 	0
1925    	20.55, -4.64, -13.06 	-1.76, 20.75, -8.27 	0.00, 30.00 	11,5,2,175		32.39,36.46	1000,1 	0
1934    	20.36, -4.42, -13.04 	-1.78, 21.06, -8.22 	0.00, 30.00 	11,5,2,185		32.86,34.76	1000,1 	0
1943    	20.18, -4.23, -13.01 	-1.81, 21.35, -8.16 	0.00, 30.00 	11,5,2,195		28.56,32.29	1000,1 	0
1951    	19.97, -4.06, -12.96 	-1.86, 21.63, -8.12 	0.00, 30.00 	11,5,2,204		33.86,35.26	1000,1 	0
1960    	19.70, -3.90, -12.92 	-1.92, 21.92, -8.10 	0.00, 30.00 	11,5,2,214		34.93,32.76	1000,1 	0
1969    	19.47, -3.78, -12.89 	-1.95, 22.21, -8.08 	0.00, 30.00 	11,5,2,224		28.21,32.41	1000,1 	0
1978    	19.28, -3.55, -12.90 	-2.02, 22.45, -8.06 	0.00, 30.00 	11,5,2,234		33.83,28.16	1000,1 	0
1986    	19.17, -3.37, -12.92 	-2.10, 22.69, -8.05 	0.00, 30.00 	11,5,2,243		26.45,30.69	1000,1 	0
1995    	19.03, -3.17, -12.93 	-2.22, 22.87, -8.02 	0.00, 30.00 	11,5,2,253		26.83,24.11	1000,1 	0
2004    	18.90, -3.00, -12.94 	-2.32, 23.09, -8.00 	0.00, 30.00 	11,5,2,263		23.76,26.89	1000,1 	0
2012    	18.78, -2.81, -12.96 	-2.42, 23.33, -7.98 	0.00, 30.00 	11,5,2,272		28.31,33.32	1000,1 	0
2021    	18.68, -2.60, -12.99 	-2.49, 23.58, -7.97 	0.00, 30.00 	11,5,2,282		25.81,28.16	1000,1 	0
2030    	18.62, -2.40, -13.01 	-2.56, 23.78, -7.95 	0.00, 30.00 	11,5,2,292		23.48,23.38	1000,1 	0
2038    	18.52, -2.22, -13.03 	-2.61, 23.99, -7.94 	0.00, 30.00 	11,5,2,301		25.81,27.30	1000,1 	0
2048    	18.37, -2.06, -13.03 	-2.68, 24.15, -7.92 	0.00, 30.00 	11,5,2,312		21.17,17.87	1000,1 	0
2056    	18.27, -1.93, -13.02 	-2.74, 24.37, -7.92 	0.00, 30.00 	11,5,2,321		21.08,27.64	1000,1 	0
2064    	18.16, -1.79, -13.02 	-2.80, 24.58, -7.93 	0.00, 30.00 	11,5,2,330		21.86,27.30	1000,1 	0
2073    	18.09, -1.65, -13.02 	-2.84, 24.80, -7.91 	0.00, 30.00 	11,5,2,340		18.05,25.23	1000,1 	0
2082    	18.01, -1.46, -13.03 	-2.88, 25.02, -7.90 	0.00, 30.00 	11,5,2,350		22.65,25.04	1000,1 	0
2090    	17.88, -1.35, -13.03 	-2.88, 25.24, -7.88 	0.00, 30.00 	11,5,2,359		21.60,27.84	1000,1 	0
2099    	17.75, -1.25, -13.02 	-2.85, 25.49, -7.86 	0.00, 30.00 	11,5,2,369		18.41,27.50	1000,1 	0
2108    	17.59, -1.18, -13.00 	-2.81, 25.70, -7.84 	0.00, 30.00 	11,5,2,379		19.41,24.06	1000,1 	0
2116    	17.44, -1.13, -12.98 	-2.75, 25.92, -7.81 	0.00, 30.00 	11,5,2,388		18.97,28.70	1000,1 	0
2125    	17.39, -1.01, -12.97 	-2.68, 26.17, -7.79 	0.00, 30.00 	11,5,2,398		13.70,28.48	1000,1 	0
2134    	17.29, -0.91, -12.97 	-2.58, 26.42, -7.76 	0.00, 30.00 	11,5,2,408		15.89,29.22	1000,1 	0
2143    	17.22, -0.83, -12.97 	-2.44, 26.68, -7.74 	0.00, 30.00 	11,5,2,418		12.72,33.80	1000,1 	0
2151    	17.14, -0.75, -12.96 	-2.28, 26.92, -7.69 	0.00, 30.00 	11,5,2,427		14.10,35.14	1000,1 	0
2160    	17.03, -0.67, -12.95 	-2.13, 27.16, -7.64 	0.00, 30.00 	11,5,2,437		15.12,32.26	1000,1 	0
2169    	16.97, -0.59, -12.94 	-1.96, 27.41, -7.59 	0.00, 30.00 	11,5,2,447		10.40,33.51	1000,1 	0
2177    	16.86, -0.58, -12.90 	-1.76, 27.66, -7.54 	0.00, 30.00 	11,5,2,456		13.88,39.22	1000,1 	0
2186    	16.79, -0.54, -12.85 	-1.53, 27.88, -7.47 	0.00, 30.00 	11,5,2,466		9.30,36.11	1000,1 	0
2195    	16.70, -0.50, -12.81 	-1.29, 28.09, -7.40 	0.00, 30.00 	11,5,2,476		10.74,35.29	1000,1 	0
2203    	16.65, -0.45, -12.77 	-1.08, 28.25, -7.30 	0.00, 30.00 	11,5,2,485		9.45,32.47	1000,1 	0
2212    	16.63, -0.38, -12.74 	-0.88, 28.35, -7.20 	0.00, 30.00 	11,5,2,495		7.83,24.74	1000,1 	0
2221    	16.63, -0.32, -12.72 	-0.71, 28.42, -7.10 	0.00, 30.00 	11,5,2,505		6.24,21.28	1000,1 	0
2229    	16.65, -0.22, -12.70 	-0.56, 28.46, -7.04 	0.00, 30.00 	11,5,2,514		12.85,19.53	1000,1 	0
2239    	16.66, -0.11, -12.70 	-0.41, 28.51, -7.01 	0.00, 30.00 	11,5,2,525		11.26,15.62	1000,1 	0
2247    	16.70, -0.10, -12.68 	-0.30, 28.54, -7.01 	0.00, 30.00 	11,5,2,534		5.20,14.35	1000,1 	0
2255    	16.68, -0.08, -12.66 	-0.20, 28.57, -7.01 	0.00, 30.00 	11,5,2,543		3.78,12.80	1000,1 	0
2264    	16.67, -0.07, -12.62 	-0.12, 28.61, -7.02 	0.00, 30.00 	11,5,2,553		1.68,10.12	1000,1 	0
2273    	16.71, -0.01, -12.61 	-0.05, 28.63, -7.03 	0.00, 30.00 	11,5,2,563		8.33,8.15	1000,1 	0
2281    	16.75, 0.05, -12.62 	-0.03, 28.66, -7.02 	0.00, 30.00 	11,5,2,572		8.59,3.71	1000,1 	0
2290    	16.76, 0.05, -12.60 	0.01, 28.68, -7.02 	0.00, 30.00 	11,5,2,582		1.12,5.06	1000,1 	0
2299    	16.75, 0.04, -12.57 	0.04, 28.72, -7.01 	0.00, 30.00 	11,5,2,592		1.67,5.92	1000,1 	0
2307    	16.74, 0.04, -12.55 	0.05, 28.77, -7.00 	0.00, 30.00 	11,5,2,601		1.25,5.68	1000,1 	0
2316    	16.75, 0.04, -12.54 	0.07, 28.78, -6.98 	0.00, 30.00 	11,5,2,611		1.12,2.53	1000,1 	0
2325    	16.77, 0.06, -12.54 	0.08, 28.80, -6.97 	0.00, 30.00 	11,5,2,620		3.33,2.69	1000,1 	0
2334    	16.78, 0.06, -12.55 	0.08, 28.81, -6.97 	0.00, 30.00 	11,5,2,630		1.12,1.24	1000,1 	0
2342    	16.79, 0.06, -12.55 	0.09, 28.82, -6.97 	0.00, 30.00 	11,5,2,640		1.25,1.86	1000,1 	0
2351    	16.81, 0.07, -12.55 	0.08, 28.85, -6.97 	0.00, 30.00 	11,5,2,649		2.55,2.73	1000,1 	0
2360    	16.80, 0.07, -12.55 	0.07, 28.86, -6.97 	0.00, 30.00 	11,5,2,659		1.12,1.68	1000,1 	0
2368    	16.79, 0.06, -12.55 	0.05, 28.87, -6.97 	0.00, 30.00 	11,5,2,668		1.87,2.89	1000,1 	0
2377    	16.79, 0.06, -12.56 	0.03, 28.88, -6.97 	0.00, 30.00 	11,5,2,678		0.00,2.57	1000,1 	0
2386    	16.78, 0.05, -12.55 	0.01, 28.91, -6.96 	0.00, 30.00 	11,5,2,688		1.67,4.37	1000,1 	0
2394    	16.78, 0.05, -12.55 	-0.01, 28.94, -6.97 	0.00, 30.00 	11,5,2,697		0.00,3.08	1000,1 	0
2403    	16.77, 0.05, -12.55 	-0.02, 28.97, -6.97 	0.00, 30.00 	11,5,2,707		1.11,3.90	1000,1 	0
2412    	16.76, 0.06, -12.56 	-0.04, 28.99, -6.97 	0.00, 30.00 	11,5,2,717		1.68,3.36	1000,1 	0
2420    	16.74, 0.06, -12.56 	-0.06, 29.02, -6.97 	0.00, 30.00 	11,5,2,726		2.51,4.91	1000,1 	0
2430    	16.71, 0.04, -12.56 	-0.08, 29.06, -6.97 	0.00, 30.00 	11,5,2,737		3.74,3.93	1000,1 	0
2438    	16.70, 0.05, -12.56 	-0.08, 29.08, -6.97 	0.00, 30.00 	11,5,2,746		1.89,2.78	1000,1 	0
2446    	16.67, 0.02, -12.56 	-0.09, 29.10, -6.97 	0.00, 30.00 	11,5,2,755		4.67,3.08	1000,1 	0
2455    	16.64, 0.03, -12.58 	-0.11, 29.12, -6.97 	0.00, 30.00 	11,5,2,765		3.58,3.36	1000,1 	0
2464    	16.61, 0.02, -12.57 	-0.12, 29.14, -6.96 	0.00, 30.00 	11,5,2,775		3.56,1.68	1000,1 	0
2472    	16.58, 0.01, -12.56 	-0.13, 29.14, -6.96 	0.00, 30.00 	11,5,2,784		4.01,1.26	1000,1 	0
2481    	16.53, 0.01, -12.57 	-0.15, 29.13, -6.96 	0.00, 30.00 	11,5,2,794		5.58,2.23	1000,1 	0
2490    	16.48, -0.00, -12.57 	-0.15, 29.16, -6.96 	0.00, 30.00 	11,5,2,804		5.70,2.47	1000,1 	0
2498    	16.45, -0.01, -12.58 	-0.15, 29.16, -6.95 	0.00, 30.00 	11,5,2,813		4.01,0.00	1000,1 	0
2507    	16.43, 0.02, -12.59 	-0.15, 29.16, -6.95 	0.00, 30.00 	11,5,2,823		4.37,0.00	1000,1 	0
2516    	16.41, 0.02, -12.60 	-0.14, 29.16, -6.95 	0.00, 30.00 	11,5,2,833		2.23,1.12	1000,1 	0
2525    	16.40, 0.01, -12.62 	-0.15, 29.15, -6.95 	0.00, 30.00 	11,5,2,843		1.67,1.65	1000,1 	0
2533    	16.38, 0.02, -12.61 	-0.15, 29.15, -6.95 	0.00, 30.00 	11,5,2,852		2.89,0.00	1000,1 	0
2542    	16.38, 0.02, -12.61 	-0.14, 29.16, -6.95 	0.00, 30.00 	11,5,2,862		0.00,1.65	1000,1 	0
2551    	16.37, 0.01, -12.62 	-0.15, 29.16, -6.95 	0.00, 30.00 	11,5,2,872		1.67,1.12	1000,1 	0
2559    	16.34, 0.04, -12.63 	-0.14, 29.15, -6.95 	0.00, 30.00 	11,5,2,881		5.67,1.89	1000,1 	0
2568    	16.33, 0.05, -12.64 	-0.14, 29.16, -6.95 	0.00, 30.00 	11,5,2,891		1.68,1.24	1000,1 	0
2577    	16.30, 0.04, -12.66 	-0.14, 29.16, -6.95 	0.00, 30.00 	11,5,2,901		3.56,0.00	1000,1 	0
2585    	16.31, 0.05, -12.66 	-0.13, 29.16, -6.95 	0.00, 30.00 	11,5,2,910		1.87,1.26	1000,1 	0
2594    	16.29, 0.07, -12.67 	-0.14, 29.15, -6.95 	0.00, 30.00 	11,5,2,920		2.56,1.65	1000,1 	0
2603    	16.26, 0.05, -12.68 	-0.13, 29.16, -6.95 	0.00, 30.00 	11,5,2,930		3.56,1.65	1000,1 	0
2611    	16.23, 0.02, -12.67 	-0.14, 29.16, -6.95 	0.00, 30.00 	11,5,2,939		5.62,1.26	1000,1 	0
2621    	16.22, 0.01, -12.67 	-0.13, 29.16, -6.95 	0.00, 30.00 	11,5,2,950		1.50,1.00	1000,1 	0
2629    	16.20, 0.01, -12.67 	-0.13, 29.16, -6.95 	0.00, 30.00 	11,5,2,959		2.51,0.00	1000,1 	0
2637    	16.18, -0.00, -12.66 	-0.14, 29.15, -6.95 	0.00, 30.00 	11,5,2,968		2.86,1.86	1000,1 	0
2646    	16.17, -0.01, -12.67 	-0.14, 29.16, -6.95 	0.00, 30.00 	11,5,2,978		1.67,1.24	1000,1 	0
2655    	16.16, -0.03, -12.66 	-0.14, 29.16, -6.94 	0.00, 30.00 	11,5,2,988		1.67,0.00	1000,1 	0
2663    	16.15, -0.00, -12.68 	-0.14, 29.16, -6.95 	0.00, 30.00 	11,5,2,997		3.08,0.00	1000,1 	0
2672    	16.15, -0.00, -12.68 	-0.14, 29.16, -6.95 	0.00, 30.00 	11,5,3,7		0.00,0.00	1000,1 	0
2681    	16.12, 0.01, -12.68 	-0.12, 29.18, -6.95 	0.00, -0.00 	11,5,3,27		3.58,3.30	1000,1 	0
2689    	16.11, -0.00, -12.68 	-0.12, 29.17, -6.95 	0.00, -0.00 	11,5,3,36		inf,inf	1000,1 	0
2698    	16.10, -0.00, -12.67 	-0.12, 29.16, -6.95 	0.00, -0.00 	11,5,3,46		10.03,11.13	1000,1 	0
2707    	16.09, -0.01, -12.67 	-0.12, 29.16, -6.95 	0.00, -0.00 	11,5,3,56		14.99,0.00	1000,1 	0
2715    	16.08, -0.04, -12.67 	-0.12, 29.16, -6.95 	0.00, -0.00 	11,5,3,65		inf,nan	1000,1 	0
2724    	16.06, -0.00, -12.67 	-0.12, 29.16, -6.95 	0.00, -0.00 	11,5,3,75		39.35,0.00	1000,1 	0
2733    	16.04, -0.01, -12.67 	-0.11, 29.17, -6.95 	0.00, -0.00 	11,5,3,85		22.91,14.85	1000,1 	0
2741    	16.01, -0.03, -12.67 	-0.11, 29.18, -6.95 	0.00, -0.00 	11,5,3,94		inf,inf	1000,1 	0
2750    	16.01, -0.03, -12.66 	-0.11, 29.18, -6.95 	0.00, -0.00 	11,5,3,104		0.00,0.00	1000,1 	0
2759    	15.98, -0.05, -12.66 	-0.11, 29.18, -6.95 	0.00, -0.00 	11,5,3,114		37.40,0.00	1000,1 	0
2767    	15.98, -0.05, -12.65 	-0.11, 29.18, -6.95 	0.00, -0.00 	11,5,3,123		nan,nan	1000,1 	0
2776    	15.98, -0.05, -12.64 	-0.10, 29.17, -6.94 	0.00, -0.00 	11,5,3,133		0.00,15.14	1000,1 	0
2785    	15.98, -0.04, -12.65 	-0.10, 29.17, -6.95 	0.00, -0.00 	11,5,3,143		11.22,0.00	1000,1 	0
2793    	15.97, -0.04, -12.65 	-0.09, 29.18, -6.95 	0.00, -0.00 	11,5,3,152		inf,inf	1000,1 	0
2802    	15.96, -0.03, -12.65 	-0.08, 29.19, -6.95 	0.00, -0.00 	11,5,3,162		15.12,14.85	1000,1 	0
2811    	15.97, -0.03, -12.65 	-0.08, 29.19, -6.95 	0.00, -0.00 	11,5,3,172		10.04,0.00	1000,1 	0
2819    	15.95, -0.02, -12.65 	-0.07, 29.19, -6.95 	0.00, -0.00 	11,5,3,181		inf,inf	1000,1 	0
2828    	15.93, -0.04, -12.64 	-0.07, 29.19, -6.95 	0.00, -0.00 	11,5,3,191		29.99,0.00	1000,1 	0
2837    	15.92, -0.04, -12.64 	-0.07, 29.20, -6.95 	0.00, -0.00 	11,5,3,201		10.03,11.14	1000,1 	0
2845    	15.91, -0.03, -12.64 	-0.06, 29.20, -6.95 	0.00, -0.00 	11,5,3,210		15.12,10.04	1000,1 	0
2854    	15.92, -0.03, -12.63 	-0.05, 29.19, -6.95 	0.00, -0.00 	11,5,3,220		10.04,15.14	1000,1 	0
2863    	15.90, -0.03, -12.63 	-0.05, 29.20, -6.95 	0.00, -0.00 	11,5,3,230		20.07,11.13	1000,1 	0
2872    	15.90, -0.04, -12.63 	-0.05, 29.20, -6.95 	0.00, -0.00 	11,5,3,240		11.22,0.00	1000,1 	0
2880    	15.88, -0.04, -12.63 	-0.05, 29.19, -6.95 	0.00, -0.00 	11,5,3,249		inf,inf	1000,1 	0
2889    	15.88, -0.04, -12.63 	-0.05, 29.19, -6.95 	0.00, -0.00 	11,5,3,259		0.00,0.00	1000,1 	0
2898    	15.88, -0.03, -12.63 	-0.05, 29.19, -6.95 	0.00, -0.00 	11,5,3,269		11.22,0.00	1000,1 	0
2906    	15.89, -0.03, -12.63 	-0.04, 29.19, -6.95 	0.00, -0.00 	11,5,3,278		inf,inf	1000,1 	0
2915    	15.90, -0.02, -12.63 	-0.03, 29.20, -6.95 	0.00, -0.00 	11,5,3,288		14.99,14.85	1000,1 	0
2924    	15.92, -0.03, -12.63 	-0.03, 29.19, -6.95 	0.00, -0.00 	11,5,3,298		23.08,11.13	1000,1 	0
2932    	15.91, -0.03, -12.63 	-0.02, 29.18, -6.95 	0.00, -0.00 	11,5,3,307		inf,inf	1000,1 	0
2941    	15.91, -0.03, -12.63 	-0.01, 29.17, -6.95 	0.00, -0.00 	11,5,3,317		0.00,15.14	1000,1 	0
2950    	15.93, -0.04, -12.64 	0.01, 29.11, -6.95 	0.00, -0.00 	11,5,3,327		23.08,59.55	1000,1 	0
2958    	15.94, -0.05, -12.63 	-0.01, 28.98, -6.93 	0.00, -0.00 	11,5,3,336		inf,inf	1000,1 	0
2967    	15.95, -0.06, -12.62 	-0.06, 28.83, -6.91 	0.00, -0.00 	11,5,3,346		15.12,155.72	1000,1 	0
2976    	15.94, -0.07, -12.62 	-0.16, 28.65, -6.88 	0.00, -0.00 	11,5,3,356		14.99,212.56	1000,1 	0
2984    	15.94, -0.11, -12.61 	-0.28, 28.41, -6.86 	0.00, -0.00 	11,5,3,365		4.21,33.20	1000,1 	0
2993    	15.96, -0.11, -12.62 	-0.45, 28.12, -6.82 	0.00, -0.00 	11,5,3,375		2.51,41.65	1000,1 	0
3002    	15.98, -0.13, -12.62 	-0.63, 27.80, -6.80 	0.00, -0.00 	11,5,3,385		3.78,46.48	1000,1 	0
3010    	15.99, -0.16, -12.63 	-0.83, 27.42, -6.76 	0.00, -0.00 	11,5,3,394		4.40,53.72	1000,1 	0
3019    	16.05, -0.21, -12.63 	-1.08, 27.01, -6.74 	0.00, -0.00 	11,5,3,404		9.43,59.27	1000,1 	0
3028    	16.12, -0.28, -12.64 	-1.34, 26.54, -6.70 	0.00, -0.00 	11,5,3,414		12.42,67.00	1000,1 	0
3036    	16.16, -0.45, -12.65 	-1.63, 26.04, -6.68 	0.00, -0.00 	11,5,3,423		21.68,72.46	1000,1 	0
3045    	16.26, -0.63, -12.65 	-1.91, 25.51, -6.66 	0.00, -0.00 	11,5,3,433		25.81,75.46	1000,1 	0
3054    	16.40, -0.83, -12.67 	-2.18, 24.97, -6.65 	0.00, -0.00 	11,5,3,443		30.18,75.46	1000,1 	0
3063    	16.58, -1.03, -12.71 	-2.46, 24.39, -6.63 	0.00, -0.00 	11,5,3,453		34.02,80.38	1000,1 	0
3071    	16.77, -1.17, -12.75 	-2.73, 23.82, -6.63 	0.00, -0.00 	11,5,3,462		33.49,89.83	1000,1 	0
3080    	17.02, -1.34, -12.80 	-2.98, 23.23, -6.64 	0.00, -0.00 	11,5,3,472		37.71,80.59	1000,1 	0
3089    	17.23, -1.52, -12.86 	-3.23, 22.61, -6.61 	0.00, -0.00 	11,5,3,482		34.76,82.64	1000,1 	0
3097    	17.51, -1.69, -12.91 	-3.43, 22.03, -6.63 	0.00, -0.00 	11,5,3,491		41.10,76.55	1000,1 	0
3106    	17.77, -1.91, -12.92 	-3.61, 21.41, -6.60 	0.00, -0.00 	11,5,3,501		42.26,81.43	1000,1 	0
3115    	17.92, -2.17, -12.88 	-3.76, 20.83, -6.59 	0.00, -0.00 	11,5,3,511		37.49,74.74	1000,1 	0
3123    	18.03, -2.42, -12.84 	-3.89, 20.26, -6.56 	0.00, -0.00 	11,5,3,520		34.72,73.09	1000,1 	0
3132    	18.08, -2.61, -12.85 	-4.03, 19.69, -6.53 	0.00, -0.00 	11,5,3,530		24.71,73.09	1000,1 	0
3141    	18.24, -2.74, -12.86 	-4.10, 19.16, -6.53 	0.00, -0.00 	11,5,3,540		25.42,67.37	1000,1 	0
3149    	18.42, -2.87, -12.90 	-4.13, 18.60, -6.51 	0.00, -0.00 	11,5,3,549		27.28,69.76	1000,1 	0
3158    	18.62, -3.04, -12.91 	-4.15, 18.09, -6.52 	0.00, -0.00 	11,5,3,559		32.89,64.07	1000,1 	0
3167    	18.78, -3.20, -12.94 	-4.17, 17.57, -6.53 	0.00, -0.00 	11,5,3,569		29.21,65.46	1000,1 	0
3175    	18.95, -3.32, -12.99 	-4.16, 17.08, -6.56 	0.00, -0.00 	11,5,3,578		24.59,61.23	1000,1 	0
3185    	19.06, -3.42, -13.03 	-4.14, 16.69, -6.61 	0.00, -0.00 	11,5,3,589		18.78,48.76	1000,1 	0
3193    	19.21, -3.56, -13.06 	-4.11, 16.33, -6.69 	0.00, -0.00 	11,5,3,598		30.08,51.04	1000,1 	0
3201    	19.33, -3.73, -13.07 	-4.06, 15.97, -6.77 	0.00, -0.00 	11,5,3,607		25.98,45.10	1000,1 	0
3210    	19.47, -3.95, -13.07 	-3.95, 15.63, -6.83 	0.00, -0.00 	11,5,3,617		28.96,40.15	1000,1 	0
3219    	19.66, -4.12, -13.09 	-3.86, 15.32, -6.90 	0.00, -0.00 	11,5,3,627		31.93,40.44	1000,1 	0
3227    	19.89, -4.29, -13.09 	-3.79, 15.02, -6.95 	0.00, -0.00 	11,5,3,636		35.86,38.47	1000,1 	0
3236    	20.14, -4.40, -13.10 	-3.68, 14.76, -7.03 	0.00, -0.00 	11,5,3,646		33.33,34.61	1000,1 	0
3245    	20.35, -4.58, -13.10 	-3.59, 14.50, -7.09 	0.00, -0.00 	11,5,3,656		35.69,35.47	1000,1 	0
3254    	20.47, -4.83, -13.10 	-3.44, 14.24, -7.14 	0.00, -0.00 	11,5,3,666		34.46,36.82	1000,1 	0
3262    	20.55, -5.13, -13.11 	-3.25, 14.04, -7.22 	0.00, -0.00 	11,5,3,675		38.96,34.06	1000,1 	0
3271    	20.67, -5.37, -13.09 	-3.14, 13.82, -7.24 	0.00, -0.00 	11,5,3,685		33.20,31.31	1000,1 	0
3280    	20.78, -5.64, -13.07 	-2.94, 13.55, -7.25 	0.00, -0.00 	11,5,3,695		36.03,41.42	1000,1 	0
3288    	21.00, -5.86, -13.04 	-2.76, 13.33, -7.27 	0.00, -0.00 	11,5,3,704		39.53,35.40	1000,1 	0
3297    	21.32, -6.04, -13.02 	-2.54, 13.14, -7.26 	0.00, -0.00 	11,5,3,714		45.07,36.71	1000,1 	0
3306    	21.56, -6.27, -13.00 	-2.24, 12.93, -7.25 	0.00, -0.00 	11,5,3,724		42.31,45.41	1000,1 	0
3314    	21.76, -6.53, -12.96 	-2.03, 12.70, -7.21 	0.00, -0.00 	11,5,3,733		40.28,38.90	1000,1 	0
3323    	21.93, -6.86, -12.88 	-1.85, 12.44, -7.15 	0.00, -0.00 	11,5,3,743		47.35,40.69	1000,1 	0
3332    	22.12, -7.13, -12.81 	-1.56, 12.17, -7.07 	0.00, -0.00 	11,5,3,753		40.70,48.96	1000,1 	0
3340    	22.35, -7.40, -12.78 	-1.32, 11.92, -6.97 	0.00, -0.00 	11,5,3,762		44.53,43.52	1000,1 	0
3349    	22.62, -7.67, -12.76 	-1.03, 11.64, -6.88 	0.00, -0.00 	11,5,3,772		47.08,49.94	1000,1 	0
3358    	22.80, -7.97, -12.73 	-0.81, 11.35, -6.76 	0.00, -0.00 	11,5,3,782		44.27,45.18	1000,1 	0
3366    	22.99, -8.26, -12.67 	-0.62, 11.05, -6.70 	0.00, -0.00 	11,5,3,791		43.07,44.90	1000,1 	0
3375    	23.10, -8.58, -12.61 	-0.53, 10.77, -6.68 	0.00, -0.00 	11,5,3,801		43.07,36.41	1000,1 	0
3384    	23.15, -8.87, -12.56 	-0.37, 10.47, -6.69 	0.00, -0.00 	11,5,3,811		36.86,42.36	1000,1 	0
3393    	23.21, -9.10, -12.52 	-0.27, 10.24, -6.62 	0.00, -0.00 	11,5,3,821		29.11,31.54	1000,1 	0
3401    	23.35, -9.31, -12.50 	-0.15, 10.02, -6.59 	0.00, -0.00 	11,5,3,830		35.85,36.47	1000,1 	0
3410    	23.51, -9.53, -12.46 	-0.03, 9.80, -6.54 	0.00, -0.00 	11,5,3,840		34.64,31.31	1000,1 	0
3419    	23.75, -9.69, -12.43 	0.01, 9.53, -6.50 	0.00, -0.00 	11,5,3,850		36.09,33.88	1000,1 	0
3427    	24.00, -9.92, -12.36 	0.10, 9.14, -6.44 	0.00, -0.00 	11,5,3,859		48.35,57.07	1000,1 	0
3436    	24.16, -10.20, -12.30 	0.22, 8.74, -6.37 	0.00, -0.00 	11,5,3,869		40.56,51.89	1000,1 	0
3445    	24.34, -10.49, -12.25 	0.31, 8.43, -6.36 	0.00, -0.00 	11,5,3,879		42.41,40.79	1000,1 	0
3453    	24.55, -10.73, -12.19 	0.48, 8.11, -6.36 	0.00, -0.00 	11,5,3,888		39.69,45.43	1000,1 	0
3462    	24.73, -10.91, -12.18 	0.51, 7.70, -6.35 	0.00, -0.00 	11,5,3,898		31.10,51.61	1000,1 	0
3471    	24.87, -11.05, -12.15 	0.55, 7.41, -6.38 	0.00, -0.00 	11,5,3,908		25.43,36.46	1000,1 	0
3479    	24.92, -11.24, -12.12 	0.55, 7.04, -6.38 	0.00, -0.00 	11,5,3,917		24.71,45.93	1000,1 	0
3488    	25.09, -11.43, -12.04 	0.62, 6.71, -6.41 	0.00, -0.00 	11,5,3,927		31.30,42.58	1000,1 	0
3497    	25.16, -11.63, -11.98 	0.67, 6.39, -6.41 	0.00, -0.00 	11,5,3,937		26.81,39.39	1000,1 	0
3505    	25.27, -11.82, -11.91 	0.61, 6.10, -6.42 	0.00, -0.00 	11,5,3,946		27.66,36.82	1000,1 	0
3514    	25.38, -12.00, -11.86 	0.67, 5.90, -6.45 	0.00, -0.00 	11,5,3,956		25.81,25.95	1000,1 	0
3523    	25.45, -12.13, -11.84 	0.69, 5.69, -6.45 	0.00, -0.00 	11,5,3,966		19.06,26.61	1000,1 	0
3531    	25.50, -12.27, -11.81 	0.81, 5.54, -6.50 	0.00, -0.00 	11,5,3,975		18.02,24.10	1000,1 	0
3541    	25.55, -12.36, -11.78 	0.81, 5.31, -6.52 	0.00, -0.00 	11,5,3,986		12.90,27.84	1000,1 	0
3549    	25.56, -12.44, -11.76 	0.79, 5.17, -6.50 	0.00, -0.00 	11,5,3,995		11.33,21.04	1000,1 	0
3557    	25.64, -12.55, -11.75 	0.83, 5.00, -6.50 	0.00, -0.00 	11,5,4,4		16.61,21.57	1000,1 	0
3566    	25.71, -12.57, -11.77 	0.84, 4.80, -6.48 	0.00, -0.00 	11,5,4,14		9.24,25.05	1000,1 	0
3575    	25.78, -12.63, -11.78 	0.90, 4.60, -6.46 	0.00, -0.00 	11,5,4,24		11.29,26.30	1000,1 	0
3584    	25.77, -12.73, -11.75 	0.90, 4.40, -6.44 	0.00, -0.00 	11,5,4,34		12.68,25.06	1000,1 	0
3592    	25.76, -12.81, -11.74 	0.86, 4.21, -6.42 	0.00, -0.00 	11,5,4,43		9.89,24.09	1000,1 	0
3601    	25.76, -12.91, -11.72 	0.89, 4.02, -6.41 	0.00, -0.00 	11,5,4,53		12.63,23.84	1000,1 	0
3610    	25.73, -12.99, -11.72 	0.82, 3.86, -6.42 	0.00, -0.00 	11,5,4,63		10.49,22.49	1000,1 	0
3618    	25.76, -13.04, -11.73 	0.78, 3.66, -6.42 	0.00, -0.00 	11,5,4,72		9.13,29.38	1000,1 	0
3627    	25.82, -13.09, -11.72 	0.68, 3.48, -6.42 	0.00, -0.00 	11,5,4,82		8.45,25.35	1000,1 	0
3636    	25.85, -13.13, -11.72 	0.65, 3.32, -6.43 	0.00, -0.00 	11,5,4,92		6.78,19.78	1000,1 	0
3644    	25.90, -13.14, -11.71 	0.63, 3.18, -6.42 	0.00, -0.00 	11,5,4,101		6.44,18.41	1000,1 	0
3653    	25.92, -13.20, -11.72 	0.63, 3.08, -6.42 	0.00, -0.00 	11,5,4,111		7.47,12.53	1000,1 	0
3662    	25.93, -13.21, -11.72 	0.64, 2.94, -6.42 	0.00, -0.00 	11,5,4,121		1.89,16.77	1000,1 	0
