#Time 	Sensor1         Sensor2         Target          Time            Vel             
#================================================================

12      	27.14, -13.91, -10.49 	-0.64, 0.39, -6.40 	0.00, 30.00 	11,3,18,692		0.00,0.00	0,0 	0
19      	27.14, -13.92, -10.48 	-0.64, 0.37, -6.39 	0.00, 30.00 	11,3,18,701		1.60,1.59	0,0 	0
27      	27.12, -13.91, -10.48 	-0.65, 0.37, -6.38 	0.00, 30.00 	11,3,18,710		2.89,1.26	0,0 	0
36      	27.12, -13.92, -10.47 	-0.63, 0.39, -6.39 	0.00, 30.00 	11,3,18,720		1.25,2.53	0,0 	0
45      	27.12, -13.91, -10.49 	-0.65, 0.40, -6.40 	0.00, 30.00 	11,3,18,730		1.25,2.57	0,0 	0
53      	27.15, -13.92, -10.46 	-0.65, 0.40, -6.39 	0.00, 30.00 	11,3,18,739		4.03,0.00	0,0 	0
62      	27.13, -13.94, -10.46 	-0.66, 0.40, -6.39 	0.00, 30.00 	11,3,18,749		3.33,1.12	0,0 	0
71      	27.10, -13.95, -10.46 	-0.66, 0.41, -6.40 	0.00, 30.00 	11,3,18,759		3.56,1.24	0,0 	0
79      	27.10, -14.00, -10.45 	-0.66, 0.41, -6.40 	0.00, 30.00 	11,3,18,768		5.61,0.00	0,0 	0
88      	27.05, -14.02, -10.45 	-0.67, 0.42, -6.41 	0.00, 30.00 	11,3,18,778		6.09,1.68	0,0 	0
97      	27.04, -14.02, -10.44 	-0.67, 0.41, -6.40 	0.00, 30.00 	11,3,18,788		1.11,1.24	0,0 	0
105     	27.01, -14.02, -10.43 	-0.67, 0.41, -6.39 	0.00, 30.00 	11,3,18,797		3.76,0.00	0,0 	0
114     	27.03, -14.02, -10.43 	-0.68, 0.41, -6.40 	0.00, 30.00 	11,3,18,807		2.23,1.12	0,0 	0
123     	27.03, -14.03, -10.43 	-0.67, 0.40, -6.40 	0.00, 30.00 	11,3,18,817		1.25,1.68	0,0 	0
131     	27.02, -14.04, -10.44 	-0.68, 0.38, -6.39 	0.00, 30.00 	11,3,18,826		2.86,1.86	0,0 	0
140     	27.05, -14.03, -10.43 	-0.68, 0.41, -6.40 	0.00, 30.00 	11,3,18,836		3.56,2.47	0,0 	0
149     	27.03, -14.06, -10.44 	-0.69, 0.40, -6.40 	0.00, 30.00 	11,3,18,846		4.34,1.65	0,0 	0
158     	27.00, -14.08, -10.42 	-0.65, 0.40, -6.41 	0.00, 30.00 	11,3,18,856		3.56,4.46	0,0 	0
166     	27.00, -14.09, -10.42 	-0.66, 0.38, -6.39 	0.00, 30.00 	11,3,18,865		1.40,1.86	0,0 	0
175     	26.99, -14.08, -10.42 	-0.66, 0.41, -6.39 	0.00, 30.00 	11,3,18,875		1.68,2.47	0,0 	0
184     	26.92, -14.13, -10.41 	-0.67, 0.42, -6.40 	0.00, 30.00 	11,3,18,885		9.95,1.68	0,0 	0
192     	26.91, -14.14, -10.41 	-0.67, 0.42, -6.40 	0.00, 30.00 	11,3,18,894		1.87,0.00	0,0 	0
202     	26.90, -14.14, -10.42 	-0.66, 0.40, -6.40 	0.00, 30.00 	11,3,18,905		1.00,2.46	0,0 	0
210     	26.94, -14.15, -10.43 	-0.66, 0.40, -6.40 	0.00, 30.00 	11,3,18,914		5.22,0.00	0,0 	0
218     	26.93, -14.17, -10.44 	-0.66, 0.40, -6.40 	0.00, 30.00 	11,3,18,923		1.87,0.00	0,0 	0
227     	26.93, -14.14, -10.45 	-0.67, 0.38, -6.40 	0.00, 30.00 	11,3,18,933		2.49,1.65	0,0 	0
236     	26.94, -14.13, -10.45 	-0.68, 0.40, -6.41 	0.00, 30.00 	11,3,18,943		1.67,1.68	0,0 	0
244     	26.95, -14.17, -10.44 	-0.64, 0.40, -6.41 	0.00, 30.00 	11,3,18,952		4.40,5.02	0,0 	0
253     	26.95, -14.17, -10.44 	-0.64, 0.42, -6.40 	0.00, 30.00 	11,3,18,962		0.00,2.47	0,0 	0
262     	26.92, -14.20, -10.42 	-0.64, 0.42, -6.40 	0.00, 30.00 	11,3,18,972		5.00,0.00	0,0 	0
270     	26.96, -14.19, -10.42 	-0.64, 0.41, -6.39 	0.00, 30.00 	11,3,18,981		5.20,1.39	0,0 	0
279     	26.96, -14.20, -10.40 	-0.64, 0.41, -6.39 	0.00, 30.00 	11,3,18,991		1.25,0.00	0,0 	0
288     	26.94, -14.23, -10.40 	-0.66, 0.41, -6.39 	0.00, 30.00 	11,3,19,1		4.34,2.23	0,0 	0
296     	26.94, -14.22, -10.40 	-0.67, 0.41, -6.39 	0.00, 30.00 	11,3,19,10		1.40,1.26	0,0 	0
305     	26.91, -14.24, -10.39 	-0.63, 0.43, -6.41 	0.00, 30.00 	11,3,19,20		4.16,5.06	0,0 	0
314     	26.93, -14.23, -10.40 	-0.65, 0.41, -6.41 	0.00, 30.00 	11,3,19,30		2.55,3.30	0,0 	0
322     	26.93, -14.26, -10.39 	-0.66, 0.41, -6.39 	0.00, 30.00 	11,3,19,39		2.81,1.26	0,0 	0
331     	26.93, -14.26, -10.39 	-0.62, 0.41, -6.40 	0.00, 30.00 	11,3,19,49		0.00,4.46	0,0 	0
340     	26.93, -14.27, -10.40 	-0.62, 0.40, -6.40 	0.00, 30.00 	11,3,19,59		1.25,1.24	0,0 	0
349     	26.92, -14.28, -10.41 	-0.63, 0.40, -6.41 	0.00, 30.00 	11,3,19,69		1.67,1.12	0,0 	0
357     	26.92, -14.29, -10.41 	-0.63, 0.39, -6.41 	0.00, 30.00 	11,3,19,78		1.40,1.39	0,0 	0
366     	26.91, -14.27, -10.41 	-0.62, 0.39, -6.41 	0.00, 30.00 	11,3,19,88		2.74,1.12	0,0 	0
375     	26.89, -14.30, -10.42 	-0.65, 0.40, -6.40 	0.00, 30.00 	11,3,19,98		4.34,3.59	0,0 	0
383     	26.89, -14.28, -10.42 	-0.65, 0.40, -6.41 	0.00, 30.00 	11,3,19,107		2.81,0.00	0,0 	0
392     	26.91, -14.27, -10.43 	-0.63, 0.40, -6.41 	0.00, 30.00 	11,3,19,117		2.55,2.23	0,0 	0
401     	26.89, -14.30, -10.42 	-0.64, 0.40, -6.41 	0.00, 30.00 	11,3,19,127		4.34,1.12	0,0 	0
409     	26.89, -14.30, -10.44 	-0.63, 0.39, -6.39 	0.00, 30.00 	11,3,19,136		0.00,1.89	0,0 	0
419     	26.89, -14.31, -10.42 	-0.63, 0.39, -6.40 	0.00, 30.00 	11,3,19,147		1.12,0.00	0,0 	0
427     	26.89, -14.35, -10.43 	-0.64, 0.39, -6.40 	0.00, 30.00 	11,3,19,156		4.21,1.26	0,0 	0
435     	26.89, -14.33, -10.44 	-0.64, 0.40, -6.40 	0.00, 30.00 	11,3,19,165		1.40,1.39	0,0 	0
444     	26.90, -14.37, -10.43 	-0.64, 0.40, -6.40 	0.00, 30.00 	11,3,19,175		3.91,0.00	0,0 	0
453     	26.91, -14.33, -10.43 	-0.64, 0.40, -6.40 	0.00, 30.00 	11,3,19,185		3.89,0.00	0,0 	0
461     	26.88, -14.35, -10.44 	-0.64, 0.40, -6.40 	0.00, 30.00 	11,3,19,194		4.01,0.00	0,0 	0
470     	26.88, -14.35, -10.42 	-0.64, 0.40, -6.40 	0.00, 30.00 	11,3,19,204		0.00,0.00	0,0 	0
479     	26.84, -14.36, -10.43 	-0.65, 0.40, -6.42 	0.00, 30.00 	11,3,19,214		4.62,1.12	0,0 	0
487     	26.84, -14.37, -10.43 	-0.65, 0.39, -6.39 	0.00, 30.00 	11,3,19,223		1.40,1.39	0,0 	0
496     	26.85, -14.39, -10.42 	-0.64, 0.37, -6.40 	0.00, 30.00 	11,3,19,233		2.74,1.68	0,0 	0
505     	26.84, -14.37, -10.42 	-0.65, 0.40, -6.40 	0.00, 30.00 	11,3,19,243		2.74,2.73	0,0 	0
513     	26.84, -14.37, -10.42 	-0.66, 0.40, -6.40 	0.00, 30.00 	11,3,19,252		0.00,1.26	0,0 	0
522     	26.84, -14.37, -10.42 	-0.67, 0.40, -6.41 	0.00, 30.00 	11,3,19,262		0.00,1.12	0,0 	0
531     	26.85, -14.39, -10.42 	-0.67, 0.40, -6.41 	0.00, 30.00 	11,3,19,272		2.74,0.00	0,0 	0
540     	26.83, -14.42, -10.42 	-0.67, 0.40, -6.41 	0.00, 30.00 	11,3,19,282		4.34,0.00	0,0 	0
548     	26.81, -14.44, -10.42 	-0.68, 0.41, -6.42 	0.00, 30.00 	11,3,19,291		2.86,1.89	0,0 	0
557     	26.81, -14.44, -10.44 	-0.67, 0.41, -6.42 	0.00, 30.00 	11,3,19,301		0.00,1.12	0,0 	0
566     	26.79, -14.45, -10.44 	-0.64, 0.41, -6.42 	0.00, 30.00 	11,3,19,311		2.55,3.35	0,0 	0
574     	26.80, -14.47, -10.45 	-0.64, 0.42, -6.42 	0.00, 30.00 	11,3,19,320		3.08,1.39	0,0 	0
584     	26.80, -14.45, -10.45 	-0.64, 0.42, -6.42 	0.00, 30.00 	11,3,19,331		2.24,0.00	0,0 	0
592     	26.81, -14.48, -10.44 	-0.64, 0.41, -6.41 	0.00, 30.00 	11,3,19,340		4.40,1.39	0,0 	0
600     	26.78, -14.48, -10.45 	-0.64, 0.41, -6.41 	0.00, 30.00 	11,3,19,349		3.76,0.00	0,0 	0
609     	26.83, -14.49, -10.45 	-0.65, 0.41, -6.42 	0.00, 30.00 	11,3,19,359		5.72,1.12	0,0 	0
618     	26.82, -14.49, -10.44 	-0.66, 0.41, -6.42 	0.00, 30.00 	11,3,19,369		1.12,1.12	0,0 	0
626     	26.79, -14.50, -10.44 	-0.67, 0.40, -6.42 	0.00, 30.00 	11,3,19,378		4.01,1.86	0,0 	0
635     	26.77, -14.50, -10.43 	-0.67, 0.41, -6.42 	0.00, 30.00 	11,3,19,388		2.23,1.24	0,0 	0
644     	26.78, -14.50, -10.42 	-0.67, 0.40, -6.43 	0.00, 30.00 	11,3,19,398		1.12,1.24	0,0 	0
652     	26.77, -14.50, -10.42 	-0.67, 0.41, -6.42 	0.00, 30.00 	11,3,19,407		1.25,1.39	0,0 	0
661     	26.78, -14.50, -10.41 	-0.68, 0.41, -6.42 	0.00, 30.00 	11,3,19,417		1.12,1.12	0,0 	0
670     	26.79, -14.52, -10.42 	-0.68, 0.40, -6.41 	0.00, 30.00 	11,3,19,427		1.68,1.24	0,0 	0
678     	26.79, -14.55, -10.41 	-0.68, 0.40, -6.42 	0.00, 30.00 	11,3,19,436		4.21,0.00	0,0 	0
687     	26.79, -14.56, -10.41 	-0.68, 0.38, -6.42 	0.00, 30.00 	11,3,19,446		1.25,1.24	0,0 	0
696     	26.77, -14.54, -10.41 	-0.68, 0.40, -6.42 	0.00, 30.00 	11,3,19,456		3.36,1.24	0,0 	0
705     	26.77, -14.54, -10.41 	-0.69, 0.38, -6.42 	0.00, 30.00 	11,3,19,466		0.00,1.65	0,0 	0
713     	26.73, -14.55, -10.42 	-0.69, 0.40, -6.42 	0.00, 30.00 	11,3,19,475		5.20,1.39	0,0 	0
722     	26.73, -14.57, -10.42 	-0.70, 0.41, -6.42 	0.00, 30.00 	11,3,19,485		2.49,1.68	0,0 	0
731     	26.72, -14.55, -10.42 	-0.70, 0.41, -6.42 	0.00, 30.00 	11,3,19,495		2.74,0.00	0,0 	0
739     	26.71, -14.57, -10.40 	-0.70, 0.41, -6.42 	0.00, 30.00 	11,3,19,504		3.06,0.00	0,0 	0
748     	26.68, -14.61, -10.38 	-0.71, 0.41, -6.42 	0.00, 30.00 	11,3,19,514		5.00,1.12	0,0 	0
757     	26.71, -14.58, -10.38 	-0.72, 0.38, -6.42 	0.00, 30.00 	11,3,19,524		4.16,2.69	0,0 	0
765     	26.69, -14.59, -10.38 	-0.73, 0.38, -6.42 	0.00, 30.00 	11,3,19,533		2.86,1.26	0,0 	0
775     	26.70, -14.63, -10.38 	-0.73, 0.38, -6.42 	0.00, 30.00 	11,3,19,544		3.52,0.00	0,0 	0
783     	26.67, -14.63, -10.37 	-0.73, 0.38, -6.42 	0.00, 30.00 	11,3,19,553		3.76,0.00	0,0 	0
791     	26.66, -14.63, -10.37 	-0.74, 0.38, -6.42 	0.00, 30.00 	11,3,19,562		1.25,1.26	0,0 	0
800     	26.65, -14.64, -10.35 	-0.74, 0.38, -6.42 	0.00, 30.00 	11,3,19,572		1.67,0.00	0,0 	0
809     	26.68, -14.66, -10.34 	-0.70, 0.41, -6.42 	0.00, 30.00 	11,3,19,582		4.19,5.06	0,0 	0
817     	26.65, -14.70, -10.32 	-0.71, 0.41, -6.40 	0.00, 30.00 	11,3,19,591		5.62,1.26	0,0 	0
826     	26.68, -14.68, -10.33 	-0.72, 0.41, -6.41 	0.00, 30.00 	11,3,19,601		3.56,1.12	0,0 	0
835     	26.64, -14.70, -10.34 	-0.71, 0.42, -6.41 	0.00, 30.00 	11,3,19,611		4.62,1.65	0,0 	0
843     	26.62, -14.71, -10.34 	-0.72, 0.41, -6.41 	0.00, 30.00 	11,3,19,620		2.86,1.86	0,0 	0
852     	26.61, -14.71, -10.34 	-0.71, 0.43, -6.43 	0.00, 30.00 	11,3,19,630		1.11,2.69	0,0 	0
861     	26.63, -14.71, -10.35 	-0.68, 0.43, -6.43 	0.00, 30.00 	11,3,19,640		2.23,3.35	0,0 	0
869     	26.66, -14.68, -10.35 	-0.69, 0.43, -6.43 	0.00, 30.00 	11,3,19,649		4.67,1.26	0,0 	0
878     	26.66, -14.70, -10.34 	-0.69, 0.41, -6.42 	0.00, 30.00 	11,3,19,659		1.25,2.47	0,0 	0
887     	26.67, -14.72, -10.34 	-0.70, 0.41, -6.42 	0.00, 30.00 	11,3,19,669		2.74,1.12	0,0 	0
896     	26.67, -14.74, -10.34 	-0.72, 0.40, -6.42 	0.00, 30.00 	11,3,19,679		2.49,2.53	0,0 	0
904     	26.65, -14.74, -10.35 	-0.72, 0.38, -6.42 	0.00, 30.00 	11,3,19,688		2.51,1.39	0,0 	0
913     	26.64, -14.75, -10.34 	-0.73, 0.41, -6.41 	0.00, 30.00 	11,3,19,698		1.67,2.73	0,0 	0
922     	26.63, -14.77, -10.32 	-0.72, 0.41, -6.41 	0.00, 30.00 	11,3,19,708		3.33,1.12	0,0 	0
930     	26.61, -14.80, -10.31 	-0.73, 0.41, -6.41 	0.00, 30.00 	11,3,19,717		3.75,1.26	0,0 	0
939     	26.61, -14.82, -10.31 	-0.73, 0.41, -6.41 	0.00, 30.00 	11,3,19,727		2.49,0.00	0,0 	0
948     	26.60, -14.80, -10.30 	-0.73, 0.41, -6.41 	0.00, 30.00 	11,3,19,737		2.74,0.00	0,0 	0
956     	26.60, -14.81, -10.29 	-0.74, 0.38, -6.40 	0.00, 30.00 	11,3,19,746		1.40,3.03	0,0 	0
966     	26.61, -14.80, -10.30 	-0.74, 0.38, -6.40 	0.00, 30.00 	11,3,19,757		1.50,0.00	0,0 	0
974     	26.61, -14.83, -10.29 	-0.70, 0.38, -6.40 	0.00, 30.00 	11,3,19,766		4.21,5.02	0,0 	0
982     	26.61, -14.81, -10.30 	-0.70, 0.38, -6.40 	0.00, 30.00 	11,3,19,775		2.81,0.00	0,0 	0
991     	26.62, -14.84, -10.28 	-0.74, 0.40, -6.39 	0.00, 30.00 	11,3,19,785		3.91,4.65	0,0 	0
1000    	26.65, -14.83, -10.30 	-0.74, 0.40, -6.41 	0.00, 30.00 	11,3,19,795		3.56,0.00	1000,1 	0
1008    	26.65, -14.84, -10.30 	-0.74, 0.40, -6.41 	0.00, 30.00 	11,3,19,804		1.40,0.00	1000,1 	0
1017    	26.65, -14.84, -10.31 	-0.76, 0.40, -6.40 	0.00, 30.00 	11,3,19,814		0.00,2.23	1000,1 	0
1026    	26.65, -14.85, -10.31 	-0.77, 0.40, -6.40 	0.00, 30.00 	11,3,19,824		1.25,1.12	1000,1 	0
1034    	26.66, -14.85, -10.31 	-0.77, 0.40, -6.40 	0.00, 30.00 	11,3,19,833		1.25,0.00	1000,1 	0
1043    	26.61, -14.83, -10.30 	-0.74, 0.40, -6.40 	0.00, 30.00 	11,3,19,843		6.13,3.35	1000,1 	0
1052    	26.61, -14.82, -10.30 	-0.74, 0.40, -6.40 	0.00, 30.00 	11,3,19,853		1.25,0.00	1000,1 	0
1060    	26.57, -14.82, -10.31 	-0.74, 0.40, -6.40 	0.00, 30.00 	11,3,19,862		5.02,0.00	1000,1 	0
1069    	26.58, -14.85, -10.31 	-0.74, 0.41, -6.41 	0.00, 30.00 	11,3,19,872		3.91,1.24	1000,1 	0
1078    	26.58, -14.84, -10.31 	-0.74, 0.41, -6.41 	0.00, 30.00 	11,3,19,882		1.25,0.00	1000,1 	0
1087    	26.57, -14.84, -10.31 	-0.74, 0.41, -6.41 	0.00, 30.00 	11,3,19,892		1.12,0.00	1000,1 	0
1095    	26.55, -14.85, -10.32 	-0.74, 0.41, -6.41 	0.00, 30.00 	11,3,19,901		2.86,0.00	1000,1 	0
1104    	26.52, -14.87, -10.33 	-0.74, 0.42, -6.41 	0.00, 30.00 	11,3,19,911		3.56,1.24	1000,1 	0
1113    	26.53, -14.85, -10.31 	-0.74, 0.41, -6.41 	0.00, 30.00 	11,3,19,921		1.67,1.24	1000,1 	0
1121    	26.53, -14.88, -10.31 	-0.76, 0.43, -6.41 	0.00, 30.00 	11,3,19,930		2.81,3.78	1000,1 	0
1130    	26.54, -14.86, -10.31 	-0.76, 0.43, -6.41 	0.00, 30.00 	11,3,19,940		1.67,0.00	1000,1 	0
1139    	26.51, -14.88, -10.30 	-0.75, 0.42, -6.41 	0.00, 30.00 	11,3,19,950		3.56,1.68	1000,1 	0
1147    	26.52, -14.85, -10.31 	-0.75, 0.42, -6.41 	0.00, 30.00 	11,3,19,959		3.06,0.00	1000,1 	0
1157    	26.51, -14.84, -10.33 	-0.77, 0.42, -6.41 	0.00, 30.00 	11,3,19,970		1.51,2.01	1000,1 	0
1165    	26.46, -14.87, -10.31 	-0.76, 0.42, -6.41 	0.00, 30.00 	11,3,19,979		6.85,1.26	1000,1 	0
1173    	26.45, -14.83, -10.31 	-0.75, 0.41, -6.41 	0.00, 30.00 	11,3,19,988		4.40,1.89	1000,1 	0
1182    	26.49, -14.83, -10.32 	-0.79, 0.43, -6.40 	0.00, 30.00 	11,3,19,998		4.46,5.14	1000,1 	0
1191    	26.45, -14.82, -10.33 	-0.77, 0.43, -6.39 	0.00, 30.00 	11,3,20,8		4.64,2.23	1000,1 	0
1199    	26.48, -14.79, -10.35 	-0.76, 0.45, -6.42 	0.00, 30.00 	11,3,20,17		6.52,3.03	1000,1 	0
1208    	26.47, -14.74, -10.38 	-0.78, 0.48, -6.43 	0.00, 30.00 	11,3,20,27		5.12,4.37	1000,1 	0
1217    	26.47, -14.76, -10.38 	-0.86, 0.50, -6.40 	0.00, 30.00 	11,3,20,37		2.49,9.03	1000,1 	0
1225    	26.44, -14.72, -10.40 	-0.87, 0.52, -6.43 	0.00, 30.00 	11,3,20,46		6.78,3.08	1000,1 	0
1234    	26.48, -14.71, -10.41 	-0.88, 0.53, -6.42 	0.00, 30.00 	11,3,20,56		4.62,1.68	1000,1 	0
1243    	26.43, -14.67, -10.42 	-0.91, 0.58, -6.43 	0.00, 30.00 	11,3,20,66		6.74,7.09	1000,1 	0
1252    	26.43, -14.71, -10.41 	-1.01, 0.68, -6.45 	0.00, 30.00 	11,3,20,76		3.74,15.14	1000,1 	0
1260    	26.40, -14.68, -10.41 	-1.01, 0.79, -6.46 	0.00, 30.00 	11,3,20,85		5.67,13.92	1000,1 	0
1269    	26.41, -14.59, -10.43 	-1.10, 0.92, -6.50 	0.00, 30.00 	11,3,20,95		10.03,17.07	1000,1 	0
1278    	26.38, -14.56, -10.46 	-1.24, 1.02, -6.49 	0.00, 30.00 	11,3,20,105		4.19,18.46	1000,1 	0
1286    	26.32, -14.54, -10.46 	-1.24, 1.08, -6.48 	0.00, 30.00 	11,3,20,114		8.06,8.35	1000,1 	0
1295    	26.31, -14.47, -10.49 	-1.33, 1.14, -6.48 	0.00, 30.00 	11,3,20,124		7.57,11.90	1000,1 	0
1304    	26.28, -14.43, -10.50 	-1.33, 1.25, -6.48 	0.00, 30.00 	11,3,20,134		6.03,12.37	1000,1 	0
1312    	26.24, -14.36, -10.52 	-1.38, 1.33, -6.52 	0.00, 30.00 	11,3,20,143		9.84,11.69	1000,1 	0
1321    	26.19, -14.25, -10.56 	-1.45, 1.36, -6.52 	0.00, 30.00 	11,3,20,153		13.70,7.72	1000,1 	0
1330    	26.17, -14.16, -10.58 	-1.45, 1.44, -6.52 	0.00, 30.00 	11,3,20,163		10.05,8.66	1000,1 	0
1338    	26.16, -14.06, -10.61 	-1.49, 1.47, -6.53 	0.00, 30.00 	11,3,20,172		12.70,6.59	1000,1 	0
1348    	26.19, -13.98, -10.62 	-1.48, 1.54, -6.53 	0.00, 30.00 	11,3,20,183		8.39,6.74	1000,1 	0
1356    	26.13, -13.88, -10.66 	-1.50, 1.59, -6.53 	0.00, 30.00 	11,3,20,192		14.76,7.44	1000,1 	0
1364    	26.10, -13.80, -10.70 	-1.50, 1.60, -6.53 	0.00, 30.00 	11,3,20,201		10.55,1.39	1000,1 	0
1373    	26.05, -13.68, -10.75 	-1.54, 1.63, -6.51 	0.00, 30.00 	11,3,20,211		14.85,5.14	1000,1 	0
1382    	25.92, -13.56, -10.80 	-1.61, 1.67, -6.52 	0.00, 30.00 	11,3,20,221		19.25,9.33	1000,1 	0
1390    	25.82, -13.47, -10.80 	-1.73, 1.67, -6.49 	0.00, 30.00 	11,3,20,230		16.90,15.06	1000,1 	0
1399    	25.74, -13.39, -10.83 	-1.78, 1.69, -6.48 	0.00, 30.00 	11,3,20,240		12.53,5.14	1000,1 	0
1408    	25.73, -13.36, -10.85 	-1.77, 1.73, -6.46 	0.00, 30.00 	11,3,20,250		3.91,3.86	1000,1 	0
1416    	25.70, -13.27, -10.90 	-1.83, 1.77, -6.47 	0.00, 30.00 	11,3,20,259		11.87,9.45	1000,1 	0
1425    	25.70, -13.21, -10.96 	-1.84, 1.81, -6.48 	0.00, 30.00 	11,3,20,269		6.24,5.09	1000,1 	0
1434    	25.71, -13.11, -10.99 	-1.83, 1.85, -6.51 	0.00, 30.00 	11,3,20,279		11.27,3.86	1000,1 	0
1443    	25.70, -13.03, -11.02 	-1.82, 1.91, -6.56 	0.00, 30.00 	11,3,20,289		8.73,7.49	1000,1 	0
1451    	25.65, -13.00, -11.06 	-1.82, 1.95, -6.58 	0.00, 30.00 	11,3,20,298		7.58,4.18	1000,1 	0
1460    	25.62, -12.92, -11.08 	-1.88, 2.04, -6.62 	0.00, 30.00 	11,3,20,308		9.38,12.06	1000,1 	0
1469    	25.58, -12.80, -11.11 	-1.90, 2.11, -6.62 	0.00, 30.00 	11,3,20,318		14.46,8.75	1000,1 	0
1477    	25.47, -12.75, -11.15 	-1.90, 2.28, -6.67 	0.00, 30.00 	11,3,20,327		14.94,20.88	1000,1 	0
1486    	25.45, -12.62, -11.18 	-1.80, 2.53, -6.76 	0.00, 30.00 	11,3,20,337		15.15,29.64	1000,1 	0
1495    	25.23, -12.55, -11.24 	-1.72, 2.75, -6.81 	0.00, 30.00 	11,3,20,347		24.65,26.14	1000,1 	0
1503    	25.19, -12.45, -11.32 	-1.74, 2.96, -6.82 	0.00, 30.00 	11,3,20,356		13.63,26.50	1000,1 	0
1512    	25.12, -12.28, -11.45 	-1.76, 3.21, -6.89 	0.00, 30.00 	11,3,20,366		20.33,27.35	1000,1 	0
1521    	25.11, -12.11, -11.58 	-1.83, 3.46, -6.96 	0.00, 30.00 	11,3,20,376		18.75,29.36	1000,1 	0
1529    	25.08, -11.88, -11.70 	-1.89, 3.78, -7.06 	0.00, 30.00 	11,3,20,385		29.59,40.97	1000,1 	0
1539    	25.06, -11.59, -11.84 	-1.92, 4.11, -7.17 	0.00, 30.00 	11,3,20,396		29.27,32.39	1000,1 	0
1547    	25.03, -11.21, -11.98 	-1.86, 4.54, -7.34 	0.00, 30.00 	11,3,20,405		47.79,54.82	1000,1 	0
1555    	25.03, -10.78, -12.19 	-1.89, 5.00, -7.50 	0.00, 30.00 	11,3,20,414		53.31,57.17	1000,1 	0
1564    	25.02, -10.36, -12.39 	-1.97, 5.50, -7.67 	0.00, 30.00 	11,3,20,424		46.14,56.37	1000,1 	0
1573    	24.91, -9.98, -12.57 	-2.06, 5.95, -7.84 	0.00, 30.00 	11,3,20,434		43.94,51.68	1000,1 	0
1581    	24.70, -9.72, -12.68 	-2.19, 6.49, -8.02 	0.00, 30.00 	11,3,20,443		42.93,68.49	1000,1 	0
1590    	24.62, -9.40, -12.79 	-2.27, 7.10, -8.24 	0.00, 30.00 	11,3,20,453		35.85,68.65	1000,1 	0
1599    	24.58, -9.09, -12.90 	-2.41, 7.69, -8.47 	0.00, 30.00 	11,3,20,463		35.24,67.18	1000,1 	0
1607    	24.54, -8.81, -13.01 	-2.56, 8.31, -8.69 	0.00, 30.00 	11,3,20,472		35.31,79.95	1000,1 	0
1616    	24.38, -8.56, -13.09 	-2.75, 9.00, -8.93 	0.00, 30.00 	11,3,20,482		32.85,79.67	1000,1 	0
1625    	24.21, -8.33, -13.14 	-2.95, 9.68, -9.15 	0.00, 30.00 	11,3,20,492		31.82,78.48	1000,1 	0
1633    	24.06, -7.90, -13.28 	-3.07, 10.40, -9.38 	0.00, 30.00 	11,3,20,501		56.69,91.58	1000,1 	0
1642    	23.98, -7.45, -13.42 	-3.22, 11.16, -9.58 	0.00, 30.00 	11,3,20,511		50.56,85.65	1000,1 	0
1651    	23.84, -6.99, -13.56 	-3.39, 11.96, -9.76 	0.00, 30.00 	11,3,20,521		53.27,90.96	1000,1 	0
1660    	23.61, -6.65, -13.65 	-3.49, 12.75, -9.94 	0.00, 30.00 	11,3,20,531		46.58,88.47	1000,1 	0
1668    	23.40, -6.32, -13.66 	-3.56, 13.55, -10.10 	0.00, 30.00 	11,3,20,540		47.98,100.54	1000,1 	0
1677    	23.13, -6.07, -13.68 	-3.62, 14.28, -10.23 	0.00, 30.00 	11,3,20,550		40.96,81.87	1000,1 	0
1686    	22.92, -5.83, -13.69 	-3.73, 14.97, -10.33 	0.00, 30.00 	11,3,20,560		35.28,77.56	1000,1 	0
1694    	22.69, -5.63, -13.71 	-3.82, 15.69, -10.43 	0.00, 30.00 	11,3,20,569		38.51,89.69	1000,1 	0
1703    	22.46, -5.42, -13.68 	-3.84, 16.42, -10.54 	0.00, 30.00 	11,3,20,579		34.25,81.66	1000,1 	0
1712    	22.27, -5.12, -13.66 	-3.84, 17.12, -10.62 	0.00, 30.00 	11,3,20,589		39.94,77.93	1000,1 	0
1720    	22.07, -4.83, -13.65 	-3.85, 17.73, -10.68 	0.00, 30.00 	11,3,20,598		43.74,76.54	1000,1 	0
1729    	21.81, -4.63, -13.64 	-3.90, 18.30, -10.71 	0.00, 30.00 	11,3,20,608		36.82,63.35	1000,1 	0
1738    	21.49, -4.55, -13.60 	-3.93, 18.83, -10.74 	0.00, 30.00 	11,3,20,618		35.73,58.18	1000,1 	0
1746    	21.13, -4.48, -13.56 	-3.94, 19.35, -10.76 	0.00, 30.00 	11,3,20,627		46.30,65.42	1000,1 	0
1756    	20.91, -4.32, -13.50 	-3.96, 19.86, -10.76 	0.00, 30.00 	11,3,20,638		27.21,51.25	1000,1 	0
1764    	20.74, -4.11, -13.48 	-4.03, 20.23, -10.72 	0.00, 30.00 	11,3,20,647		33.51,46.69	1000,1 	0
1772    	20.69, -3.82, -13.48 	-4.09, 20.57, -10.67 	0.00, 30.00 	11,3,20,656		37.07,43.72	1000,1 	0
1781    	20.58, -3.60, -13.49 	-4.14, 20.84, -10.60 	0.00, 30.00 	11,3,20,666		27.89,30.11	1000,1 	0
1790    	20.43, -3.45, -13.47 	-4.21, 21.06, -10.53 	0.00, 30.00 	11,3,20,676		22.60,26.09	1000,1 	0
1798    	20.26, -3.35, -13.43 	-4.26, 21.24, -10.45 	0.00, 30.00 	11,3,20,685		24.88,22.92	1000,1 	0
1807    	20.16, -3.26, -13.38 	-4.33, 21.45, -10.35 	0.00, 30.00 	11,3,20,695		15.03,24.57	1000,1 	0
1816    	20.06, -3.14, -13.35 	-4.35, 21.64, -10.24 	0.00, 30.00 	11,3,20,705		17.75,21.19	1000,1 	0
1825    	19.98, -3.03, -13.32 	-4.36, 21.80, -10.10 	0.00, 30.00 	11,3,20,715		14.77,17.38	1000,1 	0
1833    	19.92, -2.88, -13.28 	-4.35, 21.97, -9.95 	0.00, 30.00 	11,3,20,724		19.79,22.36	1000,1 	0
1842    	19.85, -2.75, -13.27 	-4.37, 22.13, -9.79 	0.00, 30.00 	11,3,20,734		16.94,17.51	1000,1 	0
1851    	19.77, -2.60, -13.24 	-4.34, 22.27, -9.62 	0.00, 30.00 	11,3,20,744		18.57,16.61	1000,1 	0
1859    	19.67, -2.50, -13.20 	-4.26, 22.44, -9.47 	0.00, 30.00 	11,3,20,753		17.01,22.99	1000,1 	0
1868    	19.53, -2.40, -13.15 	-4.17, 22.63, -9.31 	0.00, 30.00 	11,3,20,763		19.31,23.13	1000,1 	0
1877    	19.34, -2.31, -13.07 	-4.03, 22.83, -9.15 	0.00, 30.00 	11,3,20,773		23.50,27.60	1000,1 	0
1885    	19.17, -2.29, -13.01 	-3.84, 23.03, -9.00 	0.00, 30.00 	11,3,20,782		21.53,34.25	1000,1 	0
1894    	18.95, -2.20, -12.98 	-3.67, 23.30, -8.85 	0.00, 30.00 	11,3,20,792		26.56,35.52	1000,1 	0
1903    	18.84, -2.09, -12.98 	-3.41, 23.55, -8.71 	0.00, 30.00 	11,3,20,802		17.57,39.39	1000,1 	0
1911    	18.74, -1.97, -12.97 	-3.16, 23.81, -8.56 	0.00, 30.00 	11,3,20,811		19.20,45.27	1000,1 	0
1920    	18.66, -1.91, -12.94 	-2.86, 24.08, -8.43 	0.00, 30.00 	11,3,20,821		10.93,45.15	1000,1 	0
1929    	18.61, -1.88, -12.90 	-2.54, 24.31, -8.32 	0.00, 30.00 	11,3,20,831		6.74,43.75	1000,1 	0
1937    	18.60, -1.80, -12.88 	-2.25, 24.52, -8.20 	0.00, 30.00 	11,3,20,840		9.91,44.58	1000,1 	0
1947    	18.59, -1.75, -12.86 	-1.95, 24.72, -8.11 	0.00, 30.00 	11,3,20,851		5.71,36.12	1000,1 	0
1955    	18.60, -1.70, -12.86 	-1.62, 24.92, -8.02 	0.00, 30.00 	11,3,20,860		5.74,47.99	1000,1 	0
1963    	18.60, -1.68, -12.83 	-1.32, 25.15, -7.94 	0.00, 30.00 	11,3,20,869		2.81,48.21	1000,1 	0
1972    	18.63, -1.67, -12.81 	-0.99, 25.36, -7.86 	0.00, 30.00 	11,3,20,879		3.56,42.66	1000,1 	0
1981    	18.65, -1.70, -12.77 	-0.67, 25.57, -7.79 	0.00, 30.00 	11,3,20,889		4.37,42.37	1000,1 	0
1989    	18.67, -1.72, -12.74 	-0.38, 25.76, -7.71 	0.00, 30.00 	11,3,20,898		3.78,44.08	1000,1 	0
1998    	18.69, -1.71, -12.72 	-0.07, 25.92, -7.64 	0.00, 30.00 	11,3,20,908		2.55,38.38	1000,1 	0
2007    	18.74, -1.69, -12.70 	0.19, 26.04, -7.56 	0.00, 30.00 	11,3,20,918		6.09,31.80	1000,1 	0
2016    	18.75, -1.69, -12.67 	0.48, 26.17, -7.51 	0.00, 30.00 	11,3,20,928		1.11,34.86	1000,1 	0
2024    	18.78, -1.67, -12.67 	0.69, 26.29, -7.44 	0.00, 30.00 	11,3,20,937		4.68,31.31	1000,1 	0
2033    	18.75, -1.66, -12.65 	0.91, 26.37, -7.37 	0.00, 30.00 	11,3,20,947		3.58,25.87	1000,1 	0
2042    	18.72, -1.68, -12.62 	1.12, 26.48, -7.29 	0.00, 30.00 	11,3,20,957		4.16,26.28	1000,1 	0
2050    	18.71, -1.69, -12.58 	1.31, 26.55, -7.20 	0.00, 30.00 	11,3,20,966		1.87,25.12	1000,1 	0
2059    	18.71, -1.66, -12.58 	1.47, 26.63, -7.14 	0.00, 30.00 	11,3,20,976		3.74,19.69	1000,1 	0
2068    	18.75, -1.57, -12.60 	1.57, 26.66, -7.11 	0.00, 30.00 	11,3,20,986		10.89,11.69	1000,1 	0
2076    	18.75, -1.51, -12.63 	1.64, 26.72, -7.11 	0.00, 30.00 	11,3,20,995		7.01,11.10	1000,1 	0
2085    	18.77, -1.45, -12.63 	1.68, 26.80, -7.15 	0.00, 30.00 	11,3,21,5		7.05,9.67	1000,1 	0
2094    	18.78, -1.43, -12.63 	1.69, 26.87, -7.16 	0.00, 30.00 	11,3,21,15		2.72,8.90	1000,1 	0
2102    	18.81, -1.39, -12.62 	1.69, 26.95, -7.17 	0.00, 30.00 	11,3,21,24		6.73,9.74	1000,1 	0
2111    	18.78, -1.41, -12.60 	1.66, 27.01, -7.17 	0.00, 30.00 	11,3,21,34		4.16,7.09	1000,1 	0
2120    	18.74, -1.41, -12.59 	1.61, 27.07, -7.17 	0.00, 30.00 	11,3,21,44		4.46,9.37	1000,1 	0
2128    	18.73, -1.38, -12.59 	1.53, 27.14, -7.17 	0.00, 30.00 	11,3,21,53		4.40,13.18	1000,1 	0
2138    	18.73, -1.34, -12.57 	1.44, 27.23, -7.18 	0.00, 30.00 	11,3,21,64		3.37,12.11	1000,1 	0
2146    	18.73, -1.32, -12.58 	1.36, 27.32, -7.18 	0.00, 30.00 	11,3,21,73		2.81,15.14	1000,1 	0
2154    	18.71, -1.30, -12.58 	1.26, 27.42, -7.19 	0.00, 30.00 	11,3,21,82		3.78,17.91	1000,1 	0
2163    	18.69, -1.26, -12.58 	1.14, 27.47, -7.19 	0.00, 30.00 	11,3,21,92		4.37,14.86	1000,1 	0
2172    	18.68, -1.26, -12.57 	0.98, 27.54, -7.19 	0.00, 30.00 	11,3,21,102		1.12,18.44	1000,1 	0
2181    	18.62, -1.24, -12.57 	0.81, 27.57, -7.19 	0.00, 30.00 	11,3,21,112		7.16,19.40	1000,1 	0
2189    	18.54, -1.22, -12.54 	0.64, 27.61, -7.19 	0.00, 30.00 	11,3,21,121		10.44,22.16	1000,1 	0
2198    	18.46, -1.19, -12.53 	0.48, 27.68, -7.19 	0.00, 30.00 	11,3,21,131		9.70,19.47	1000,1 	0
2207    	18.35, -1.12, -12.52 	0.28, 27.75, -7.20 	0.00, 30.00 	11,3,21,141		14.42,23.65	1000,1 	0
2215    	18.24, -1.01, -12.51 	0.10, 27.81, -7.20 	0.00, 30.00 	11,3,21,150		19.76,23.06	1000,1 	0
2224    	18.09, -0.84, -12.53 	-0.07, 27.89, -7.19 	0.00, 30.00 	11,3,21,160		24.47,21.00	1000,1 	0
2233    	17.94, -0.69, -12.55 	-0.25, 27.97, -7.20 	0.00, 30.00 	11,3,21,170		24.28,22.02	1000,1 	0
2241    	17.79, -0.53, -12.55 	-0.44, 28.03, -7.20 	0.00, 30.00 	11,3,21,179		27.32,25.42	1000,1 	0
2250    	17.62, -0.40, -12.55 	-0.64, 28.09, -7.20 	0.00, 30.00 	11,3,21,189		23.39,22.20	1000,1 	0
2259    	17.45, -0.26, -12.55 	-0.81, 28.16, -7.21 	0.00, 30.00 	11,3,21,199		24.25,21.00	1000,1 	0
2267    	17.30, -0.11, -12.54 	-0.98, 28.27, -7.22 	0.00, 30.00 	11,3,21,208		27.32,25.70	1000,1 	0
2276    	17.14, -0.02, -12.52 	-1.14, 28.37, -7.23 	0.00, 30.00 	11,3,21,218		20.52,20.28	1000,1 	0
2285    	16.99, 0.03, -12.47 	-1.30, 28.49, -7.24 	0.00, 30.00 	11,3,21,228		16.43,22.66	1000,1 	0
2293    	16.85, 0.08, -12.43 	-1.41, 28.59, -7.25 	0.00, 30.00 	11,3,21,237		18.97,18.82	1000,1 	0
2302    	16.68, 0.10, -12.39 	-1.54, 28.70, -7.25 	0.00, 30.00 	11,3,21,247		19.14,18.41	1000,1 	0
2311    	16.54, 0.13, -12.36 	-1.65, 28.81, -7.26 	0.00, 30.00 	11,3,21,257		16.08,17.60	1000,1 	0
2319    	16.42, 0.21, -12.35 	-1.75, 28.94, -7.27 	0.00, 30.00 	11,3,21,266		18.04,19.99	1000,1 	0
2329    	16.31, 0.29, -12.34 	-1.81, 29.05, -7.28 	0.00, 30.00 	11,3,21,277		13.60,12.30	1000,1 	0
2337    	16.25, 0.40, -12.32 	-1.87, 29.17, -7.30 	0.00, 30.00 	11,3,21,286		15.98,17.19	1000,1 	0
2345    	16.21, 0.47, -12.29 	-1.88, 29.29, -7.32 	0.00, 30.00 	11,3,21,295		9.25,15.39	1000,1 	0
2354    	16.21, 0.56, -12.27 	-1.91, 29.40, -7.32 	0.00, 30.00 	11,3,21,305		9.98,12.62	1000,1 	0
2363    	16.21, 0.65, -12.26 	-1.92, 29.53, -7.33 	0.00, 30.00 	11,3,21,315		9.98,13.68	1000,1 	0
2372    	16.16, 0.70, -12.26 	-1.89, 29.61, -7.34 	0.00, 30.00 	11,3,21,325		8.40,10.39	1000,1 	0
2380    	16.09, 0.72, -12.23 	-1.86, 29.70, -7.35 	0.00, 30.00 	11,3,21,334		8.90,11.69	1000,1 	0
2389    	16.02, 0.71, -12.21 	-1.82, 29.79, -7.35 	0.00, 30.00 	11,3,21,344		7.81,11.27	1000,1 	0
2398    	15.96, 0.75, -12.19 	-1.79, 29.86, -7.36 	0.00, 30.00 	11,3,21,354		7.69,8.08	1000,1 	0
2406    	15.95, 0.79, -12.18 	-1.74, 29.90, -7.37 	0.00, 30.00 	11,3,21,363		5.76,8.31	1000,1 	0
2415    	15.94, 0.83, -12.15 	-1.69, 29.96, -7.38 	0.00, 30.00 	11,3,21,373		3.91,8.25	1000,1 	0
2424    	15.89, 0.84, -12.12 	-1.63, 30.01, -7.38 	0.00, 30.00 	11,3,21,383		5.72,8.25	1000,1 	0
2432    	15.87, 0.83, -12.09 	-1.57, 30.05, -7.39 	0.00, 30.00 	11,3,21,392		2.86,9.28	1000,1 	0
2441    	15.83, 0.84, -12.09 	-1.51, 30.08, -7.39 	0.00, 30.00 	11,3,21,402		4.64,7.59	1000,1 	0
2450    	15.84, 0.83, -12.07 	-1.44, 30.11, -7.39 	0.00, 30.00 	11,3,21,412		1.68,8.15	1000,1 	0
2458    	15.84, 0.84, -12.06 	-1.41, 30.13, -7.38 	0.00, 30.00 	11,3,21,421		1.40,4.64	1000,1 	0
2467    	15.83, 0.86, -12.06 	-1.39, 30.13, -7.37 	0.00, 30.00 	11,3,21,431		2.74,2.23	1000,1 	0
2476    	15.81, 0.84, -12.05 	-1.36, 30.16, -7.37 	0.00, 30.00 	11,3,21,441		3.33,4.95	1000,1 	0
2484    	15.83, 0.85, -12.06 	-1.35, 30.15, -7.37 	0.00, 30.00 	11,3,21,450		2.86,1.89	1000,1 	0
2494    	15.85, 0.85, -12.05 	-1.32, 30.17, -7.37 	0.00, 30.00 	11,3,21,461		2.01,3.71	1000,1 	0
2502    	15.85, 0.86, -12.05 	-1.32, 30.17, -7.36 	0.00, 30.00 	11,3,21,470		1.40,0.00	1000,1 	0
2510    	15.87, 0.88, -12.05 	-1.29, 30.21, -7.35 	0.00, 30.00 	11,3,21,479		3.75,5.57	1000,1 	0
2519    	15.88, 0.87, -12.04 	-1.25, 30.24, -7.34 	0.00, 30.00 	11,3,21,489		1.68,5.75	1000,1 	0
2528    	15.88, 0.86, -12.04 	-1.24, 30.26, -7.32 	0.00, 30.00 	11,3,21,499		1.25,2.69	1000,1 	0
2537    	15.87, 0.87, -12.04 	-1.23, 30.28, -7.30 	0.00, 30.00 	11,3,21,509		1.68,1.65	1000,1 	0
2545    	15.86, 0.86, -12.04 	-1.23, 30.28, -7.29 	0.00, 30.00 	11,3,21,518		1.87,0.00	1000,1 	0
2554    	15.84, 0.85, -12.03 	-1.23, 30.30, -7.27 	0.00, 30.00 	11,3,21,528		2.55,2.69	1000,1 	0
2563    	15.85, 0.85, -12.04 	-1.22, 30.33, -7.25 	0.00, 30.00 	11,3,21,538		1.12,3.86	1000,1 	0
2571    	15.84, 0.86, -12.04 	-1.22, 30.33, -7.23 	0.00, 30.00 	11,3,21,547		1.89,0.00	1000,1 	0
2580    	15.83, 0.86, -12.05 	-1.24, 30.33, -7.21 	0.00, 30.00 	11,3,21,557		1.12,2.23	1000,1 	0
2589    	15.83, 0.85, -12.05 	-1.24, 30.33, -7.19 	0.00, 30.00 	11,3,21,567		1.25,0.00	1000,1 	0
2597    	15.83, 0.85, -12.05 	-1.22, 30.34, -7.18 	0.00, 30.00 	11,3,21,576		0.00,2.85	1000,1 	0
2606    	15.82, 0.85, -12.05 	-1.22, 30.34, -7.16 	0.00, 30.00 	11,3,21,586		1.12,0.00	1000,1 	0
2615    	15.81, 0.86, -12.05 	-1.21, 30.33, -7.15 	0.00, 30.00 	11,3,21,596		1.68,1.68	1000,1 	0
2623    	15.82, 0.85, -12.05 	-1.19, 30.34, -7.13 	0.00, 30.00 	11,3,21,605		1.89,2.85	1000,1 	0
2632    	15.82, 0.85, -12.05 	-1.18, 30.35, -7.12 	0.00, 30.00 	11,3,21,615		0.00,1.65	1000,1 	0
2641    	15.81, 0.85, -12.05 	-1.17, 30.36, -7.11 	0.00, 30.00 	11,3,21,625		1.12,1.65	1000,1 	0
2649    	15.80, 0.84, -12.04 	-1.16, 30.38, -7.10 	0.00, 30.00 	11,3,21,634		1.87,1.86	1000,1 	0
2658    	15.78, 0.83, -12.05 	-1.15, 30.38, -7.09 	0.00, 30.00 	11,3,21,644		2.55,1.12	1000,1 	0
2667    	15.76, 0.84, -12.04 	-1.14, 30.39, -7.08 	0.00, 30.00 	11,3,21,654		2.56,1.65	1000,1 	0
2675    	15.75, 0.82, -12.05 	-1.12, 30.38, -7.07 	0.00, 30.00 	11,3,21,663		1.87,2.89	1000,1 	0
2685    	15.75, 0.82, -12.05 	-1.11, 30.39, -7.06 	0.00, 30.00 	11,3,21,674		0.00,1.48	1000,1 	0
2693    	15.74, 0.80, -12.05 	-1.09, 30.40, -7.06 	0.00, 30.00 	11,3,21,683		3.06,2.85	1000,1 	0
2702    	15.74, 0.79, -12.05 	-1.08, 30.39, -7.05 	0.00, 30.00 	11,3,21,693		1.25,1.68	1000,1 	0
2710    	15.72, 0.80, -12.04 	-1.08, 30.40, -7.04 	0.00, 30.00 	11,3,21,702		2.89,1.39	1000,1 	0
2719    	15.72, 0.79, -12.04 	-1.07, 30.39, -7.04 	0.00, 30.00 	11,3,21,712		1.25,1.68	1000,1 	0
2728    	15.73, 0.79, -12.04 	-1.06, 30.38, -7.03 	0.00, 30.00 	11,3,21,722		1.12,1.68	1000,1 	0
2736    	15.71, 0.78, -12.05 	-1.05, 30.38, -7.02 	0.00, 30.00 	11,3,21,731		2.86,1.26	1000,1 	0
2745    	15.71, 0.77, -12.04 	-1.05, 30.38, -7.02 	0.00, 30.00 	11,3,21,741		1.25,0.00	1000,1 	0
2754    	15.70, 0.76, -12.04 	-1.04, 30.38, -7.01 	0.00, 30.00 	11,3,21,751		1.67,1.12	1000,1 	0
2762    	15.69, 0.77, -12.05 	-1.04, 30.38, -7.01 	0.00, 30.00 	11,3,21,760		1.89,0.00	1000,1 	0
2771    	15.68, 0.76, -12.05 	-1.03, 30.37, -7.00 	0.00, 30.00 	11,3,21,770		1.67,1.68	1000,1 	0
2780    	15.65, 0.75, -12.05 	-1.03, 30.37, -7.00 	0.00, 30.00 	11,3,21,780		3.56,0.00	1000,1 	0
2788    	15.66, 0.77, -12.07 	-1.02, 30.37, -6.99 	0.00, 30.00 	11,3,21,789		3.06,1.26	1000,1 	0
2797    	15.66, 0.75, -12.06 	-1.02, 30.35, -6.98 	0.00, 30.00 	11,3,21,799		2.49,1.24	1000,1 	0
2806    	15.64, 0.73, -12.06 	-1.01, 30.37, -6.98 	0.00, 30.00 	11,3,21,809		2.55,1.65	1000,1 	0
2814    	15.62, 0.75, -12.06 	-1.00, 30.37, -6.98 	0.00, 30.00 	11,3,21,818		2.89,1.26	1000,1 	0
2834    	15.62, 0.73, -12.07 	-1.00, 30.35, -6.98 	0.00, 30.00 	11,3,21,839		0.56,0.56	1000,1 	0
2834    	15.62, 0.73, -12.07 	-1.00, 30.35, -6.98 	0.00, 30.00 	11,3,21,839		nan,nan	1000,1 	0
2841    	15.61, 0.75, -12.08 	-0.99, 30.34, -6.97 	0.00, 30.00 	11,3,21,847		2.16,2.16	1000,1 	0
2850    	15.62, 0.73, -12.07 	-0.99, 30.35, -6.98 	0.00, 30.00 	11,3,21,857		1.68,1.24	1000,1 	0
2859    	15.60, 0.73, -12.07 	-0.99, 30.34, -6.97 	0.00, 30.00 	11,3,21,867		2.23,1.24	1000,1 	0
2867    	15.59, 0.73, -12.08 	-0.99, 30.33, -6.97 	0.00, 30.00 	11,3,21,876		1.25,1.39	1000,1 	0
2877    	15.60, 0.75, -12.08 	-0.99, 30.34, -6.97 	0.00, 30.00 	11,3,21,887		1.50,1.11	1000,1 	0
2885    	15.59, 0.73, -12.09 	-0.99, 30.33, -6.97 	0.00, 30.00 	11,3,21,896		1.87,1.39	1000,1 	0
2893    	15.59, 0.73, -12.09 	-0.99, 30.33, -6.97 	0.00, 30.00 	11,3,21,905		0.00,0.00	1000,1 	0
2902    	15.60, 0.72, -12.08 	-0.98, 30.33, -6.97 	0.00, 30.00 	11,3,21,915		1.68,1.12	1000,1 	0
2911    	15.58, 0.72, -12.08 	-0.98, 30.33, -6.97 	0.00, 30.00 	11,3,21,925		2.23,0.00	1000,1 	0
2920    	15.57, 0.71, -12.08 	-0.98, 30.33, -6.97 	0.00, 30.00 	11,3,21,935		1.67,0.00	1000,1 	0
2928    	15.56, 0.71, -12.09 	-0.98, 30.32, -6.97 	0.00, 30.00 	11,3,21,944		1.25,1.86	1000,1 	0
2937    	15.57, 0.70, -12.08 	-0.99, 30.33, -6.97 	0.00, 30.00 	11,3,21,954		1.68,1.24	1000,1 	0
2946    	15.56, 0.69, -12.08 	-1.00, 30.33, -6.97 	0.00, 30.00 	11,3,21,964		1.67,1.12	1000,1 	0
2954    	15.56, 0.69, -12.08 	-1.00, 30.33, -6.97 	0.00, 30.00 	11,3,21,973		0.00,0.00	1000,1 	0
2963    	15.55, 0.67, -12.08 	-0.99, 30.33, -6.97 	0.00, 30.00 	11,3,21,983		2.72,1.12	1000,1 	0
2972    	15.55, 0.68, -12.08 	-0.99, 30.33, -6.97 	0.00, 30.00 	11,3,21,993		1.25,0.00	1000,1 	0
2980    	15.53, 0.67, -12.08 	-0.99, 30.34, -6.97 	0.00, 30.00 	11,3,22,2		2.86,1.39	1000,1 	0
2989    	15.53, 0.68, -12.09 	-0.99, 30.33, -6.97 	0.00, 30.00 	11,3,22,12		1.25,1.24	1000,1 	0
2998    	15.53, 0.67, -12.09 	-0.98, 30.33, -6.97 	0.00, 30.00 	11,3,22,22		1.25,1.12	1000,1 	0
3006    	15.53, 0.68, -12.10 	-0.99, 30.33, -6.97 	0.00, 30.00 	11,3,22,31		1.40,1.26	1000,1 	0
3015    	15.53, 0.68, -12.10 	-0.99, 30.34, -6.97 	0.00, 30.00 	11,3,22,41		0.00,1.24	1000,1 	0
3024    	15.52, 0.67, -12.10 	-0.98, 30.33, -6.97 	0.00, 30.00 	11,3,22,51		1.67,1.68	1000,1 	0
3032    	15.52, 0.67, -12.10 	-0.99, 30.33, -6.97 	0.00, 30.00 	11,3,22,60		0.00,1.26	1000,1 	0
3041    	15.52, 0.67, -12.11 	-1.00, 30.33, -6.97 	0.00, 30.00 	11,3,22,70		0.00,1.12	1000,1 	0
3050    	15.51, 0.67, -12.10 	-0.99, 30.33, -6.97 	0.00, 30.00 	11,3,22,80		1.12,1.12	1000,1 	0
3058    	15.52, 0.68, -12.10 	-1.00, 30.34, -6.97 	0.00, 30.00 	11,3,22,89		1.87,1.89	1000,1 	0
3067    	15.51, 0.67, -12.11 	-1.00, 30.33, -6.97 	0.00, 30.00 	11,3,22,99		1.67,1.24	1000,1 	0
3076    	15.52, 0.69, -12.11 	-1.01, 30.34, -6.97 	0.00, 30.00 	11,3,22,109		2.72,1.68	1000,1 	0
3084    	15.54, 0.68, -12.11 	-1.00, 30.33, -6.97 	0.00, 30.00 	11,3,22,118		2.89,1.89	1000,1 	0
3093    	15.53, 0.68, -12.11 	-1.00, 30.33, -6.97 	0.00, 30.00 	11,3,22,128		1.12,0.00	1000,1 	0
3102    	15.52, 0.68, -12.11 	-1.00, 30.34, -6.98 	0.00, 30.00 	11,3,22,138		1.12,1.24	1000,1 	0
3111    	15.53, 0.68, -12.10 	-1.00, 30.33, -6.97 	0.00, 30.00 	11,3,22,148		1.12,1.24	1000,1 	0
3119    	15.53, 0.69, -12.11 	-1.00, 30.33, -6.97 	0.00, 30.00 	11,3,22,157		1.40,0.00	1000,1 	0
3128    	15.54, 0.69, -12.10 	-1.00, 30.34, -6.97 	0.00, 30.00 	11,3,22,167		1.12,1.24	1000,1 	0
3137    	15.54, 0.69, -12.10 	-0.99, 30.34, -6.97 	0.00, 30.00 	11,3,22,177		0.00,1.12	1000,1 	0
3145    	15.55, 0.68, -12.10 	-0.99, 30.34, -6.97 	0.00, 30.00 	11,3,22,186		1.89,0.00	1000,1 	0
3154    	15.57, 0.69, -12.10 	-0.99, 30.33, -6.97 	0.00, 30.00 	11,3,22,196		2.55,1.24	1000,1 	0
3163    	15.58, 0.69, -12.10 	-1.00, 30.34, -6.97 	0.00, 30.00 	11,3,22,206		1.12,1.68	1000,1 	0
3171    	15.56, 0.68, -12.10 	-1.00, 30.33, -6.97 	0.00, 30.00 	11,3,22,215		2.86,1.39	1000,1 	0
3180    	15.56, 0.68, -12.10 	-0.99, 30.33, -6.97 	0.00, 30.00 	11,3,22,225		0.00,1.12	1000,1 	0
3189    	15.55, 0.68, -12.11 	-0.99, 30.34, -6.97 	0.00, 30.00 	11,3,22,235		1.12,1.24	1000,1 	0
3197    	15.56, 0.69, -12.11 	-0.99, 30.33, -6.97 	0.00, 30.00 	11,3,22,244		1.87,1.39	1000,1 	0
3206    	15.56, 0.67, -12.11 	-0.99, 30.33, -6.97 	0.00, 30.00 	11,3,22,254		2.49,0.00	1000,1 	0
3215    	15.58, 0.68, -12.10 	-0.99, 30.33, -6.97 	0.00, 30.00 	11,3,22,264		2.55,0.00	1000,1 	0
3223    	15.56, 0.68, -12.10 	-1.00, 30.33, -6.97 	0.00, 30.00 	11,3,22,273		2.51,1.26	1000,1 	0
3232    	15.56, 0.68, -12.10 	-1.00, 30.34, -6.97 	0.00, 30.00 	11,3,22,283		0.00,1.24	1000,1 	0
3241    	15.58, 0.69, -12.10 	-0.99, 30.34, -6.97 	0.00, 30.00 	11,3,22,293		2.55,1.12	1000,1 	0
3249    	15.56, 0.68, -12.10 	-1.00, 30.34, -6.97 	0.00, 30.00 	11,3,22,302		2.86,1.26	1000,1 	0
3258    	15.58, 0.69, -12.11 	-0.99, 30.34, -6.97 	0.00, 30.00 	11,3,22,312		2.55,1.12	1000,1 	0
3267    	15.58, 0.70, -12.11 	-0.99, 30.34, -6.97 	0.00, 30.00 	11,3,22,322		1.25,0.00	1000,1 	0
3276    	15.59, 0.69, -12.11 	-1.00, 30.34, -6.97 	0.00, 30.00 	11,3,22,332		1.68,1.12	1000,1 	0
3284    	15.58, 0.70, -12.11 	-0.99, 30.34, -6.97 	0.00, 30.00 	11,3,22,341		1.89,1.26	1000,1 	0
3293    	15.58, 0.69, -12.11 	-0.99, 30.34, -6.97 	0.00, 30.00 	11,3,22,351		1.25,0.00	1000,1 	0
3302    	15.57, 0.70, -12.10 	-1.00, 30.34, -6.97 	0.00, 30.00 	11,3,22,361		1.68,1.12	1000,1 	0
3310    	15.58, 0.69, -12.10 	-0.99, 30.34, -6.97 	0.00, 30.00 	11,3,22,370		1.89,1.26	1000,1 	0
3319    	15.58, 0.70, -12.10 	-1.00, 30.34, -6.97 	0.00, 30.00 	11,3,22,380		1.25,1.12	1000,1 	0
3328    	15.61, 0.70, -12.10 	-0.99, 30.34, -6.97 	0.00, 30.00 	11,3,22,390		3.35,1.12	1000,1 	0
3336    	15.58, 0.69, -12.10 	-1.00, 30.34, -6.97 	0.00, 30.00 	11,3,22,399		4.01,1.26	1000,1 	0
3345    	15.59, 0.68, -12.09 	-1.00, 30.34, -6.97 	0.00, 30.00 	11,3,22,409		1.68,0.00	1000,1 	0
3354    	15.58, 0.68, -12.09 	-1.00, 30.34, -6.97 	0.00, 30.00 	11,3,22,419		1.12,0.00	1000,1 	0
3362    	15.59, 0.68, -12.09 	-1.00, 30.34, -6.97 	0.00, 30.00 	11,3,22,428		1.25,0.00	1000,1 	0
3371    	15.59, 0.67, -12.08 	-1.00, 30.34, -6.97 	0.00, 30.00 	11,3,22,438		1.25,0.00	1000,1 	0
3380    	15.59, 0.68, -12.07 	-1.00, 30.34, -6.97 	0.00, 30.00 	11,3,22,448		1.25,0.00	1000,1 	0
3388    	15.61, 0.68, -12.07 	-1.01, 30.34, -6.97 	0.00, 30.00 	11,3,22,457		2.51,1.26	1000,1 	0
3397    	15.61, 0.69, -12.07 	-1.00, 30.34, -6.97 	0.00, 30.00 	11,3,22,467		1.25,1.12	1000,1 	0
3406    	15.62, 0.68, -12.08 	-1.01, 30.34, -6.97 	0.00, 30.00 	11,3,22,477		1.68,1.12	1000,1 	0
3414    	15.63, 0.70, -12.08 	-1.00, 30.33, -6.97 	0.00, 30.00 	11,3,22,486		3.06,1.89	1000,1 	0
3423    	15.64, 0.70, -12.07 	-1.01, 30.33, -6.97 	0.00, 30.00 	11,3,22,496		1.12,1.12	1000,1 	0
3432    	15.64, 0.69, -12.07 	-1.00, 30.34, -6.97 	0.00, 30.00 	11,3,22,506		1.25,1.65	1000,1 	0
3441    	15.65, 0.68, -12.06 	-1.01, 30.34, -6.97 	0.00, 30.00 	11,3,22,516		1.68,1.12	1000,1 	0
3449    	15.65, 0.69, -12.07 	-1.00, 30.34, -6.97 	0.00, 30.00 	11,3,22,525		1.40,1.26	1000,1 	0
3458    	15.66, 0.69, -12.06 	-1.00, 30.33, -6.97 	0.00, 30.00 	11,3,22,535		1.12,1.24	1000,1 	0
3467    	15.66, 0.69, -12.07 	-1.01, 30.34, -6.97 	0.00, 30.00 	11,3,22,545		0.00,1.68	1000,1 	0
3475    	15.67, 0.70, -12.06 	-1.00, 30.34, -6.97 	0.00, 30.00 	11,3,22,554		1.87,1.26	1000,1 	0
3484    	15.67, 0.69, -12.05 	-1.01, 30.34, -6.97 	0.00, 30.00 	11,3,22,564		1.25,1.12	1000,1 	0
3493    	15.67, 0.68, -12.05 	-1.01, 30.33, -6.97 	0.00, 30.00 	11,3,22,574		1.25,1.24	1000,1 	0
3501    	15.67, 0.69, -12.05 	-1.01, 30.33, -6.97 	0.00, 30.00 	11,3,22,583		1.40,0.00	1000,1 	0
3510    	15.68, 0.68, -12.05 	-1.00, 30.34, -6.97 	0.00, 30.00 	11,3,22,593		1.68,1.65	1000,1 	0
3519    	15.67, 0.68, -12.04 	-1.01, 30.34, -6.97 	0.00, 30.00 	11,3,22,603		1.12,1.12	1000,1 	0
3527    	15.67, 0.68, -12.04 	-1.01, 30.34, -6.97 	0.00, 30.00 	11,3,22,612		0.00,0.00	1000,1 	0
3536    	15.67, 0.68, -12.04 	-1.00, 30.35, -6.97 	0.00, 30.00 	11,3,22,622		0.00,1.65	1000,1 	0
3545    	15.67, 0.68, -12.03 	-1.02, 30.35, -6.97 	0.00, 30.00 	11,3,22,632		0.00,2.23	1000,1 	0
3553    	15.68, 0.67, -12.03 	-1.01, 30.37, -6.97 	0.00, 30.00 	11,3,22,641		1.89,1.86	1000,1 	0
3562    	15.66, 0.67, -12.03 	-1.01, 30.39, -6.97 	0.00, 30.00 	11,3,22,651		2.23,2.47	1000,1 	0
3571    	15.66, 0.66, -12.03 	-1.01, 30.39, -6.97 	0.00, 30.00 	11,3,22,661		1.25,0.00	1000,1 	0
3579    	15.65, 0.68, -12.04 	-1.02, 30.40, -6.97 	0.00, 30.00 	11,3,22,670		3.08,1.89	1000,1 	0
3588    	15.64, 0.67, -12.04 	-1.02, 30.40, -6.97 	0.00, 30.00 	11,3,22,680		1.67,0.00	1000,1 	0
3597    	15.65, 0.67, -12.04 	-1.02, 30.40, -6.97 	0.00, 30.00 	11,3,22,689		1.11,0.00	1000,1 	0
3605    	15.65, 0.69, -12.04 	-1.03, 30.41, -6.97 	0.00, 30.00 	11,3,22,699		2.81,1.89	1000,1 	0
3614    	15.66, 0.69, -12.04 	-1.03, 30.42, -6.97 	0.00, 30.00 	11,3,22,708		1.12,1.24	1000,1 	0
3623    	15.65, 0.69, -12.05 	-1.02, 30.42, -6.97 	0.00, 30.00 	11,3,22,718		1.12,1.12	1000,1 	0
3632    	15.65, 0.69, -12.05 	-1.02, 30.43, -6.97 	0.00, 30.00 	11,3,22,728		0.00,1.24	1000,1 	0
3640    	15.65, 0.69, -12.05 	-1.02, 30.43, -6.97 	0.00, 30.00 	11,3,22,737		0.00,0.00	1000,1 	0
3649    	15.65, 0.68, -12.05 	-1.02, 30.44, -6.97 	0.00, 30.00 	11,3,22,747		1.25,1.24	1000,1 	0
3658    	15.64, 0.69, -12.05 	-1.01, 30.44, -6.97 	0.00, 30.00 	11,3,22,757		1.68,1.12	1000,1 	0
3666    	15.64, 0.68, -12.05 	-1.01, 30.45, -6.97 	0.00, 30.00 	11,3,22,767		1.40,1.39	1000,1 	0
3675    	15.63, 0.68, -12.05 	-1.01, 30.45, -6.97 	0.00, 30.00 	11,3,22,776		1.12,0.00	1000,1 	0
3684    	15.62, 0.69, -12.05 	-0.99, 30.47, -6.97 	0.00, 30.00 	11,3,22,786		1.68,2.53	1000,1 	0
3692    	15.64, 0.69, -12.06 	-1.00, 30.48, -6.97 	0.00, 30.00 	11,3,22,795		2.51,1.89	1000,1 	0
3701    	15.63, 0.69, -12.06 	-1.01, 30.48, -6.97 	0.00, 30.00 	11,3,22,805		1.12,1.12	1000,1 	0
3710    	15.62, 0.70, -12.07 	-1.00, 30.48, -6.97 	0.00, 30.00 	11,3,22,815		1.68,1.12	1000,1 	0
3721    	15.61, 0.70, -12.08 	-0.99, 30.48, -6.97 	0.00, 30.00 	11,3,22,827		0.91,0.91	1000,1 	0
3728    	15.60, 0.70, -12.09 	-0.99, 30.48, -6.97 	0.00, 30.00 	11,3,22,835		1.43,0.00	1000,1 	0
3737    	15.57, 0.70, -12.10 	-0.99, 30.49, -6.97 	0.00, 30.00 	11,3,22,844		3.35,1.24	1000,1 	0
3745    	15.55, 0.68, -12.11 	-0.99, 30.49, -6.97 	0.00, 30.00 	11,3,22,853		3.75,0.00	1000,1 	0
3754    	15.54, 0.72, -12.12 	-0.98, 30.49, -6.97 	0.00, 30.00 	11,3,22,863		5.12,1.12	1000,1 	0
3763    	15.52, 0.70, -12.14 	-0.98, 30.50, -6.97 	0.00, 30.00 	11,3,22,873		3.33,1.24	1000,1 	0
3771    	15.49, 0.71, -12.16 	-0.99, 30.50, -6.97 	0.00, 30.00 	11,3,22,882		4.03,1.26	1000,1 	0
3780    	15.48, 0.70, -12.16 	-0.99, 30.49, -6.97 	0.00, 30.00 	11,3,22,892		1.67,1.24	1000,1 	0
3789    	15.45, 0.71, -12.18 	-0.99, 30.49, -6.97 	0.00, 30.00 	11,3,22,902		3.58,0.00	1000,1 	0
3797    	15.43, 0.73, -12.19 	-0.99, 30.49, -6.97 	0.00, 30.00 	11,3,22,911		3.78,0.00	1000,1 	0
3806    	15.40, 0.72, -12.20 	-0.99, 30.49, -6.97 	0.00, 30.00 	11,3,22,921		3.56,0.00	1000,1 	0
3815    	15.39, 0.73, -12.21 	-0.99, 30.48, -6.97 	0.00, 30.00 	11,3,22,931		1.68,1.24	1000,1 	0
3824    	15.37, 0.70, -12.21 	-0.98, 30.48, -6.97 	0.00, 30.00 	11,3,22,941		4.34,1.12	1000,1 	0
3832    	15.34, 0.69, -12.22 	-0.99, 30.48, -6.97 	0.00, 30.00 	11,3,22,950		4.01,1.26	1000,1 	0
3841    	15.33, 0.66, -12.22 	-0.99, 30.48, -6.97 	0.00, 30.00 	11,3,22,960		2.72,0.00	1000,1 	0
3850    	15.30, 0.65, -12.23 	-0.99, 30.48, -6.97 	0.00, 30.00 	11,3,22,970		3.56,0.00	1000,1 	0
3858    	15.27, 0.65, -12.22 	-0.98, 30.48, -6.97 	0.00, 30.00 	11,3,22,979		3.76,1.26	1000,1 	0
3867    	15.26, 0.64, -12.23 	-0.98, 30.49, -6.97 	0.00, 30.00 	11,3,22,989		1.67,1.24	1000,1 	0
3876    	15.25, 0.64, -12.24 	-0.99, 30.49, -6.97 	0.00, 30.00 	11,3,22,999		1.12,1.12	1000,1 	0
3884    	15.24, 0.64, -12.25 	-0.99, 30.49, -6.97 	0.00, 30.00 	11,3,23,8		1.25,0.00	1000,1 	0
3893    	15.21, 0.63, -12.26 	-0.99, 30.49, -6.97 	0.00, 30.00 	11,3,23,18		3.56,0.00	1000,1 	0
3902    	15.19, 0.63, -12.25 	-0.99, 30.49, -6.97 	0.00, 30.00 	11,3,23,28		2.23,0.00	1000,1 	0
3910    	15.18, 0.63, -12.26 	-0.98, 30.49, -6.97 	0.00, 30.00 	11,3,23,37		1.25,1.26	1000,1 	0
3919    	15.15, 0.61, -12.26 	-0.99, 30.49, -6.97 	0.00, 30.00 	11,3,23,47		4.16,1.12	1000,1 	0
3928    	15.14, 0.60, -12.26 	-0.98, 30.48, -6.97 	0.00, 30.00 	11,3,23,57		1.67,1.68	1000,1 	0
3936    	15.13, 0.61, -12.26 	-0.98, 30.49, -6.97 	0.00, 30.00 	11,3,23,66		1.89,1.39	1000,1 	0
3945    	15.12, 0.58, -12.26 	-0.98, 30.49, -6.97 	0.00, 30.00 	11,3,23,76		2.72,0.00	1000,1 	0
3954    	15.12, 0.58, -12.26 	-0.99, 30.49, -6.97 	0.00, 30.00 	11,3,23,86		0.00,1.12	1000,1 	0
3962    	15.11, 0.56, -12.26 	-0.99, 30.49, -6.97 	0.00, 30.00 	11,3,23,95		3.06,0.00	1000,1 	0
3971    	15.10, 0.56, -12.26 	-0.98, 30.48, -6.96 	0.00, 30.00 	11,3,23,105		1.12,1.68	1000,1 	0
3980    	15.10, 0.56, -12.26 	-0.99, 30.49, -6.97 	0.00, 30.00 	11,3,23,115		0.00,1.68	1000,1 	0
3988    	15.10, 0.56, -12.25 	-0.99, 30.49, -6.97 	0.00, 30.00 	11,3,23,124		0.00,0.00	1000,1 	0
3997    	15.10, 0.57, -12.25 	-0.98, 30.48, -6.97 	0.00, 30.00 	11,3,23,134		1.25,1.68	1000,1 	0
4006    	15.10, 0.56, -12.26 	-0.98, 30.48, -6.97 	0.00, 30.00 	11,3,23,144		1.25,0.00	1000,1 	0
4014    	15.09, 0.56, -12.25 	-0.98, 30.48, -6.97 	0.00, 30.00 	11,3,23,153		1.25,0.00	1000,1 	0
4023    	15.10, 0.55, -12.25 	-0.98, 30.49, -6.97 	0.00, 30.00 	11,3,23,163		1.68,1.24	1000,1 	0
4032    	15.10, 0.56, -12.25 	-0.98, 30.48, -6.97 	0.00, 30.00 	11,3,23,173		1.25,1.24	1000,1 	0
4041    	15.10, 0.56, -12.25 	-0.98, 30.49, -6.97 	0.00, 30.00 	11,3,23,183		0.00,1.24	1000,1 	0
4049    	15.09, 0.55, -12.24 	-0.98, 30.49, -6.97 	0.00, 30.00 	11,3,23,192		1.87,0.00	1000,1 	0
4058    	15.08, 0.54, -12.24 	-0.98, 30.49, -6.96 	0.00, 30.00 	11,3,23,202		1.67,0.00	1000,1 	0
4067    	15.07, 0.54, -12.25 	-0.98, 30.49, -6.96 	0.00, 30.00 	11,3,23,212		1.12,0.00	1000,1 	0
4075    	15.06, 0.54, -12.25 	-0.97, 30.49, -6.97 	0.00, 30.00 	11,3,23,221		1.25,1.26	1000,1 	0
4084    	15.06, 0.55, -12.25 	-0.97, 30.49, -6.97 	0.00, 30.00 	11,3,23,231		1.25,0.00	1000,1 	0
4093    	15.05, 0.55, -12.25 	-0.97, 30.48, -6.97 	0.00, 30.00 	11,3,23,241		1.11,1.24	1000,1 	0
4101    	15.04, 0.55, -12.25 	-0.97, 30.48, -6.97 	0.00, 30.00 	11,3,23,250		1.25,0.00	1000,1 	0
4110    	15.03, 0.55, -12.26 	-0.97, 30.48, -6.97 	0.00, 30.00 	11,3,23,260		1.12,0.00	1000,1 	0
4119    	15.03, 0.54, -12.26 	-0.97, 30.48, -6.97 	0.00, 30.00 	11,3,23,270		1.25,0.00	1000,1 	0
4127    	15.03, 0.53, -12.25 	-0.97, 30.48, -6.97 	0.00, 30.00 	11,3,23,279		1.40,0.00	1000,1 	0
4136    	15.03, 0.54, -12.26 	-0.97, 30.48, -6.97 	0.00, 30.00 	11,3,23,289		1.25,0.00	1000,1 	0
4145    	15.02, 0.54, -12.26 	-0.97, 30.49, -6.97 	0.00, 30.00 	11,3,23,299		1.12,1.24	1000,1 	0
4153    	15.01, 0.53, -12.26 	-0.97, 30.49, -6.97 	0.00, 30.00 	11,3,23,308		1.87,0.00	1000,1 	0
4162    	15.01, 0.53, -12.25 	-0.97, 30.49, -6.97 	0.00, 30.00 	11,3,23,318		0.00,0.00	1000,1 	0
4171    	15.00, 0.52, -12.25 	-0.97, 30.49, -6.97 	0.00, 30.00 	11,3,23,328		1.67,0.00	1000,1 	0
4179    	15.00, 0.53, -12.26 	-0.97, 30.48, -6.97 	0.00, 30.00 	11,3,23,337		1.40,1.39	1000,1 	0
4188    	15.00, 0.53, -12.25 	-0.97, 30.48, -6.97 	0.00, 30.00 	11,3,23,347		0.00,0.00	1000,1 	0
4197    	14.99, 0.53, -12.25 	-0.97, 30.49, -6.97 	0.00, 30.00 	11,3,23,357		1.12,1.24	1000,1 	0
4206    	15.00, 0.54, -12.26 	-0.96, 30.49, -6.96 	0.00, 30.00 	11,3,23,367		1.67,1.12	1000,1 	0
4214    	14.98, 0.53, -12.26 	-0.97, 30.48, -6.97 	0.00, 30.00 	11,3,23,376		2.86,1.86	1000,1 	0
4223    	14.98, 0.53, -12.26 	-0.97, 30.49, -6.96 	0.00, 30.00 	11,3,23,386		0.00,1.24	1000,1 	0
4232    	14.97, 0.53, -12.26 	-0.97, 30.49, -6.96 	0.00, 30.00 	11,3,23,396		1.12,0.00	1000,1 	0
4240    	14.97, 0.53, -12.25 	-0.97, 30.49, -6.97 	0.00, 30.00 	11,3,23,405		0.00,0.00	1000,1 	0
4249    	14.96, 0.53, -12.26 	-0.97, 30.48, -6.97 	0.00, 30.00 	11,3,23,415		1.12,1.24	1000,1 	0
4258    	14.96, 0.52, -12.26 	-0.97, 30.49, -6.97 	0.00, 30.00 	11,3,23,425		1.25,1.24	1000,1 	0
4266    	14.95, 0.52, -12.27 	-0.97, 30.49, -6.96 	0.00, 30.00 	11,3,23,434		1.25,0.00	1000,1 	0
4275    	14.94, 0.52, -12.27 	-0.96, 30.49, -6.96 	0.00, 30.00 	11,3,23,444		1.12,1.12	1000,1 	0
4284    	14.92, 0.52, -12.27 	-0.95, 30.49, -6.96 	0.00, 30.00 	11,3,23,454		2.23,1.12	1000,1 	0
4292    	14.91, 0.50, -12.27 	-0.96, 30.50, -6.97 	0.00, 30.00 	11,3,23,463		1.87,1.89	1000,1 	0
4301    	14.91, 0.52, -12.27 	-0.96, 30.49, -6.97 	0.00, 30.00 	11,3,23,473		1.25,1.24	1000,1 	0
4310    	14.90, 0.50, -12.27 	-0.95, 30.49, -6.96 	0.00, 30.00 	11,3,23,483		1.67,1.12	1000,1 	0
4318    	14.88, 0.50, -12.27 	-0.95, 30.50, -6.97 	0.00, 30.00 	11,3,23,492		2.51,1.39	1000,1 	0
4327    	14.88, 0.52, -12.27 	-0.95, 30.49, -6.96 	0.00, 30.00 	11,3,23,502		1.25,1.24	1000,1 	0
4336    	14.88, 0.50, -12.27 	-0.94, 30.50, -6.97 	0.00, 30.00 	11,3,23,512		1.25,1.65	1000,1 	0
4344    	14.86, 0.50, -12.28 	-0.93, 30.50, -6.96 	0.00, 30.00 	11,3,23,521		2.51,1.26	1000,1 	0
4353    	14.86, 0.52, -12.28 	-0.93, 30.50, -6.97 	0.00, 30.00 	11,3,23,531		1.25,0.00	1000,1 	0
4362    	14.86, 0.50, -12.28 	-0.92, 30.50, -6.97 	0.00, 30.00 	11,3,23,541		1.25,1.12	1000,1 	0
4370    	14.86, 0.52, -12.27 	-0.92, 30.50, -6.97 	0.00, 30.00 	11,3,23,550		1.40,0.00	1000,1 	0
4379    	14.86, 0.50, -12.28 	-0.90, 30.51, -6.97 	0.00, 30.00 	11,3,23,560		1.25,2.53	1000,1 	0
4388    	14.85, 0.50, -12.28 	-0.89, 30.52, -6.97 	0.00, 30.00 	11,3,23,570		1.12,1.65	1000,1 	0
4397    	14.84, 0.48, -12.27 	-0.88, 30.53, -6.97 	0.00, 30.00 	11,3,23,580		2.72,1.65	1000,1 	0
4406    	14.84, 0.48, -12.27 	-0.87, 30.53, -6.97 	0.00, 30.00 	11,3,23,590		0.00,1.12	1000,1 	0
4414    	14.84, 0.48, -12.26 	-0.87, 30.53, -6.97 	0.00, 30.00 	11,3,23,599		0.00,0.00	1000,1 	0
4423    	14.83, 0.47, -12.26 	-0.86, 30.53, -6.97 	0.00, 30.00 	11,3,23,609		1.67,1.12	1000,1 	0
4431    	14.82, 0.47, -12.27 	-0.86, 30.52, -6.97 	0.00, 30.00 	11,3,23,618		1.25,1.39	1000,1 	0
4440    	14.79, 0.45, -12.26 	-0.86, 30.52, -6.97 	0.00, 30.00 	11,3,23,628		4.16,0.00	1000,1 	0
4449    	14.80, 0.45, -12.26 	-0.85, 30.53, -6.97 	0.00, 30.00 	11,3,23,638		1.12,1.65	1000,1 	0
4457    	14.77, 0.44, -12.26 	-0.85, 30.52, -6.97 	0.00, 30.00 	11,3,23,647		4.01,1.39	1000,1 	0
4466    	14.76, 0.41, -12.25 	-0.84, 30.52, -6.97 	0.00, 30.00 	11,3,23,657		2.72,1.12	1000,1 	0
4475    	14.76, 0.41, -12.25 	-0.83, 30.52, -6.97 	0.00, 30.00 	11,3,23,667		0.00,1.12	1000,1 	0
4483    	14.76, 0.41, -12.25 	-0.82, 30.54, -6.97 	0.00, 30.00 	11,3,23,676		0.00,3.03	1000,1 	0
4492    	14.74, 0.41, -12.25 	-0.81, 30.53, -6.97 	0.00, 30.00 	11,3,23,686		2.23,1.68	1000,1 	0
4501    	14.73, 0.40, -12.24 	-0.80, 30.55, -6.97 	0.00, 30.00 	11,3,23,696		1.67,1.65	1000,1 	0
4509    	14.72, 0.39, -12.25 	-0.79, 30.55, -6.97 	0.00, 30.00 	11,3,23,705		1.87,1.26	1000,1 	0
4518    	14.71, 0.40, -12.24 	-0.78, 30.55, -6.97 	0.00, 30.00 	11,3,23,715		1.68,1.12	1000,1 	0
4527    	14.72, 0.39, -12.24 	-0.78, 30.55, -6.97 	0.00, 30.00 	11,3,23,725		1.68,0.00	1000,1 	0
4535    	14.70, 0.39, -12.24 	-0.77, 30.56, -6.97 	0.00, 30.00 	11,3,23,734		2.51,1.86	1000,1 	0
4544    	14.68, 0.36, -12.24 	-0.78, 30.56, -6.97 	0.00, 30.00 	11,3,23,744		4.34,1.12	1000,1 	0
4553    	14.68, 0.37, -12.23 	-0.77, 30.56, -6.97 	0.00, 30.00 	11,3,23,754		1.25,1.12	1000,1 	0
4562    	14.66, 0.36, -12.24 	-0.77, 30.57, -6.97 	0.00, 30.00 	11,3,23,763		2.55,1.24	1000,1 	0
4571    	14.65, 0.36, -12.24 	-0.77, 30.57, -6.97 	0.00, 30.00 	11,3,23,773		1.12,0.00	1000,1 	0
4580    	14.65, 0.35, -12.23 	-0.76, 30.56, -6.97 	0.00, 30.00 	11,3,23,783		1.25,1.68	1000,1 	0
4589    	14.64, 0.35, -12.23 	-0.76, 30.57, -6.97 	0.00, 30.00 	11,3,23,793		1.12,1.24	1000,1 	0
4598    	14.64, 0.35, -12.23 	-0.76, 30.56, -6.97 	0.00, 30.00 	11,3,23,803		0.00,1.24	1000,1 	0
4606    	14.63, 0.33, -12.24 	-0.76, 30.56, -6.97 	0.00, 30.00 	11,3,23,812		1.87,0.00	1000,1 	0
4615    	14.61, 0.32, -12.23 	-0.75, 30.56, -6.97 	0.00, 30.00 	11,3,23,822		2.55,1.12	1000,1 	0
4623    	14.61, 0.31, -12.24 	-0.75, 30.56, -6.97 	0.00, 30.00 	11,3,23,831		1.40,0.00	1000,1 	0
4632    	14.60, 0.31, -12.24 	-0.74, 30.57, -6.97 	0.00, 30.00 	11,3,23,841		1.12,1.65	1000,1 	0
4641    	14.59, 0.31, -12.23 	-0.74, 30.57, -6.97 	0.00, 30.00 	11,3,23,851		1.12,0.00	1000,1 	0
4649    	14.59, 0.31, -12.23 	-0.74, 30.57, -6.97 	0.00, 30.00 	11,3,23,860		0.00,0.00	1000,1 	0
4658    	14.57, 0.31, -12.23 	-0.73, 30.57, -6.97 	0.00, 30.00 	11,3,23,870		2.23,1.12	1000,1 	0
4667    	14.58, 0.31, -12.23 	-0.72, 30.57, -6.97 	0.00, 30.00 	11,3,23,880		1.12,1.12	1000,1 	0
4675    	14.57, 0.30, -12.23 	-0.71, 30.57, -6.97 	0.00, 30.00 	11,3,23,889		1.87,1.26	1000,1 	0
4684    	14.57, 0.30, -12.23 	-0.71, 30.56, -6.97 	0.00, 30.00 	11,3,23,899		0.00,1.24	1000,1 	0
4693    	14.57, 0.30, -12.23 	-0.70, 30.56, -6.97 	0.00, 30.00 	11,3,23,909		0.00,1.12	1000,1 	0
4701    	14.54, 0.29, -12.23 	-0.70, 30.56, -6.97 	0.00, 30.00 	11,3,23,918		4.01,0.00	1000,1 	0
4710    	14.52, 0.28, -12.23 	-0.70, 30.56, -6.97 	0.00, 30.00 	11,3,23,928		2.55,0.00	1000,1 	0
4719    	14.53, 0.28, -12.23 	-0.69, 30.56, -6.97 	0.00, 30.00 	11,3,23,938		1.12,1.12	1000,1 	0
4728    	14.53, 0.27, -12.22 	-0.70, 30.56, -6.97 	0.00, 30.00 	11,3,23,948		1.25,1.12	1000,1 	0
4736    	14.53, 0.27, -12.22 	-0.70, 30.57, -6.97 	0.00, 30.00 	11,3,23,957		0.00,1.39	1000,1 	0
4745    	14.51, 0.27, -12.22 	-0.69, 30.56, -6.97 	0.00, 30.00 	11,3,23,967		2.23,1.68	1000,1 	0
4754    	14.50, 0.27, -12.22 	-0.69, 30.56, -6.97 	0.00, 30.00 	11,3,23,977		1.12,0.00	1000,1 	0
4762    	14.51, 0.25, -12.23 	-0.69, 30.56, -6.97 	0.00, 30.00 	11,3,23,986		1.89,0.00	1000,1 	0
4771    	14.50, 0.25, -12.22 	-0.69, 30.56, -6.97 	0.00, 30.00 	11,3,23,996		1.12,0.00	1000,1 	0
4780    	14.49, 0.25, -12.22 	-0.68, 30.57, -6.97 	0.00, 30.00 	11,3,24,6		1.12,1.65	1000,1 	0
4788    	14.48, 0.24, -12.22 	-0.69, 30.56, -6.97 	0.00, 30.00 	11,3,24,15		1.87,1.86	1000,1 	0
4797    	14.50, 0.24, -12.22 	-0.69, 30.57, -6.97 	0.00, 30.00 	11,3,24,25		2.23,1.24	1000,1 	0
4806    	14.50, 0.24, -12.22 	-0.68, 30.56, -6.97 	0.00, 30.00 	11,3,24,35		0.00,1.68	1000,1 	0
4814    	14.50, 0.24, -12.22 	-0.68, 30.56, -6.97 	0.00, 30.00 	11,3,24,44		0.00,0.00	1000,1 	0
4823    	14.48, 0.23, -12.22 	-0.69, 30.57, -6.97 	0.00, 30.00 	11,3,24,54		2.55,1.68	1000,1 	0
4832    	14.49, 0.23, -12.22 	-0.68, 30.56, -6.97 	0.00, 30.00 	11,3,24,64		1.12,1.68	1000,1 	0
4840    	14.48, 0.22, -12.21 	-0.69, 30.56, -6.97 	0.00, 30.00 	11,3,24,73		1.87,1.26	1000,1 	0
4849    	14.46, 0.21, -12.22 	-0.68, 30.56, -6.97 	0.00, 30.00 	11,3,24,83		2.55,1.12	1000,1 	0
4858    	14.45, 0.22, -12.23 	-0.67, 30.56, -6.97 	0.00, 30.00 	11,3,24,93		1.68,1.12	1000,1 	0
4866    	14.46, 0.23, -12.23 	-0.66, 30.55, -6.97 	0.00, 30.00 	11,3,24,102		1.87,1.89	1000,1 	0
4875    	14.47, 0.22, -12.22 	-0.65, 30.55, -6.97 	0.00, 30.00 	11,3,24,112		1.68,1.12	1000,1 	0
4884    	14.48, 0.22, -12.21 	-0.64, 30.55, -6.97 	0.00, 30.00 	11,3,24,122		1.12,1.12	1000,1 	0
4892    	14.47, 0.23, -12.22 	-0.63, 30.55, -6.97 	0.00, 30.00 	11,3,24,131		1.89,1.26	1000,1 	0
4901    	14.48, 0.22, -12.22 	-0.63, 30.55, -6.97 	0.00, 30.00 	11,3,24,141		1.68,0.00	1000,1 	0
4910    	14.48, 0.21, -12.21 	-0.62, 30.54, -6.97 	0.00, 30.00 	11,3,24,151		1.25,1.68	1000,1 	0
4919    	14.47, 0.22, -12.21 	-0.62, 30.54, -6.97 	0.00, 30.00 	11,3,24,161		1.68,0.00	1000,1 	0
4927    	14.47, 0.22, -12.21 	-0.62, 30.54, -6.97 	0.00, 30.00 	11,3,24,170		0.00,0.00	1000,1 	0
4936    	14.46, 0.21, -12.21 	-0.61, 30.52, -6.97 	0.00, 30.00 	11,3,24,180		1.67,1.68	1000,1 	0
4945    	14.46, 0.21, -12.21 	-0.62, 30.54, -6.97 	0.00, 30.00 	11,3,24,190		0.00,1.68	1000,1 	0
4953    	14.45, 0.21, -12.21 	-0.62, 30.52, -6.97 	0.00, 30.00 	11,3,24,199		1.25,1.39	1000,1 	0
4962    	14.46, 0.20, -12.21 	-0.61, 30.54, -6.97 	0.00, 30.00 	11,3,24,209		1.68,1.65	1000,1 	0
4971    	14.46, 0.20, -12.20 	-0.62, 30.54, -6.97 	0.00, 30.00 	11,3,24,219		0.00,1.12	1000,1 	0
4980    	14.46, 0.19, -12.19 	-0.62, 30.54, -6.97 	0.00, 30.00 	11,3,24,229		1.25,0.00	1000,1 	0
4988    	14.44, 0.18, -12.19 	-0.61, 30.52, -6.97 	0.00, 30.00 	11,3,24,238		2.86,1.89	1000,1 	0
4997    	14.45, 0.18, -12.19 	-0.61, 30.54, -6.97 	0.00, 30.00 	11,3,24,248		1.12,1.24	1000,1 	0
5005    	14.46, 0.19, -12.19 	-0.61, 30.54, -6.97 	0.00, 30.00 	11,3,24,257		1.87,0.00	1000,1 	0
5014    	14.46, 0.16, -12.19 	-0.61, 30.52, -6.97 	0.00, 30.00 	11,3,24,267		2.49,1.24	1000,1 	0
5023    	14.44, 0.16, -12.19 	-0.61, 30.52, -6.97 	0.00, 30.00 	11,3,24,277		2.23,0.00	1000,1 	0
5031    	14.44, 0.16, -12.18 	-0.61, 30.52, -6.97 	0.00, 30.00 	11,3,24,286		0.00,0.00	1000,1 	0
5040    	14.44, 0.14, -12.17 	-0.60, 30.52, -6.97 	0.00, 30.00 	11,3,24,296		2.49,1.12	1000,1 	0
5049    	14.45, 0.15, -12.17 	-0.61, 30.52, -6.97 	0.00, 30.00 	11,3,24,306		1.67,1.12	1000,1 	0
5057    	14.46, 0.15, -12.17 	-0.61, 30.54, -6.97 	0.00, 30.00 	11,3,24,315		1.25,1.39	1000,1 	0
5066    	14.46, 0.15, -12.17 	-0.61, 30.52, -6.97 	0.00, 30.00 	11,3,24,325		0.00,1.24	1000,1 	0
5075    	14.47, 0.15, -12.17 	-0.61, 30.52, -6.97 	0.00, 30.00 	11,3,24,335		1.12,0.00	1000,1 	0
5083    	14.46, 0.12, -12.16 	-0.61, 30.51, -6.97 	0.00, 30.00 	11,3,24,344		4.38,1.39	1000,1 	0
5092    	14.47, 0.13, -12.16 	-0.61, 30.52, -6.97 	0.00, 30.00 	11,3,24,354		1.67,1.24	1000,1 	0
5101    	14.47, 0.12, -12.16 	-0.61, 30.52, -6.97 	0.00, 30.00 	11,3,24,364		1.25,0.00	1000,1 	0
5109    	14.48, 0.12, -12.16 	-0.60, 30.52, -6.97 	0.00, 30.00 	11,3,24,373		1.25,1.26	1000,1 	0
5118    	14.47, 0.12, -12.16 	-0.61, 30.52, -6.97 	0.00, 30.00 	11,3,24,383		1.12,1.12	1000,1 	0
5127    	14.46, 0.13, -12.16 	-0.60, 30.52, -6.97 	0.00, 30.00 	11,3,24,393		1.68,1.12	1000,1 	0
5136    	14.46, 0.12, -12.15 	-0.60, 30.52, -6.97 	0.00, 30.00 	11,3,24,403		1.25,0.00	1000,1 	0
5144    	14.47, 0.12, -12.15 	-0.60, 30.51, -6.97 	0.00, 30.00 	11,3,24,412		1.25,1.39	1000,1 	0
5153    	14.48, 0.10, -12.14 	-0.60, 30.52, -6.97 	0.00, 30.00 	11,3,24,422		2.74,1.24	1000,1 	0
5162    	14.47, 0.11, -12.14 	-0.60, 30.51, -6.97 	0.00, 30.00 	11,3,24,432		1.68,1.24	1000,1 	0
5171    	14.48, 0.11, -12.13 	-0.61, 30.51, -6.97 	0.00, 30.00 	11,3,24,442		1.12,1.12	1000,1 	0
5179    	14.48, 0.11, -12.13 	-0.60, 30.52, -6.97 	0.00, 30.00 	11,3,24,451		0.00,1.86	1000,1 	0
5188    	14.48, 0.10, -12.12 	-0.60, 30.52, -6.97 	0.00, 30.00 	11,3,24,461		1.25,0.00	1000,1 	0
5196    	14.48, 0.10, -12.12 	-0.60, 30.52, -6.97 	0.00, 30.00 	11,3,24,470		0.00,0.00	1000,1 	0
5205    	14.48, 0.09, -12.12 	-0.59, 30.51, -6.97 	0.00, 30.00 	11,3,24,480		1.25,1.68	1000,1 	0
5214    	14.47, 0.07, -12.12 	-0.59, 30.51, -6.97 	0.00, 30.00 	11,3,24,490		1.67,0.00	1000,1 	0
5222    	14.47, 0.07, -12.12 	-0.60, 30.50, -6.97 	0.00, 30.00 	11,3,24,499		0.00,1.86	1000,1 	0
5231    	14.47, 0.06, -12.11 	-0.59, 30.51, -6.97 	0.00, 30.00 	11,3,24,509		1.25,1.65	1000,1 	0
5240    	14.46, 0.06, -12.11 	-0.58, 30.50, -6.97 	0.00, 30.00 	11,3,24,519		1.12,1.68	1000,1 	0
5248    	14.46, 0.06, -12.11 	-0.58, 30.47, -6.97 	0.00, 30.00 	11,3,24,528		0.00,4.18	1000,1 	0
5257    	14.47, 0.07, -12.12 	-0.57, 30.46, -6.97 	0.00, 30.00 	11,3,24,538		1.67,1.68	1000,1 	0
5266    	14.48, 0.06, -12.12 	-0.57, 30.44, -6.97 	0.00, 30.00 	11,3,24,548		1.68,2.47	1000,1 	0
5275    	14.49, 0.06, -12.11 	-0.56, 30.41, -6.97 	0.00, 30.00 	11,3,24,558		1.12,2.73	1000,1 	0
5283    	14.50, 0.07, -12.12 	-0.55, 30.38, -6.97 	0.00, 30.00 	11,3,24,567		1.87,4.18	1000,1 	0
5292    	14.52, 0.08, -12.12 	-0.54, 30.36, -6.97 	0.00, 30.00 	11,3,24,577		2.23,2.73	1000,1 	0
5301    	14.53, 0.05, -12.11 	-0.54, 30.31, -6.96 	0.00, 30.00 	11,3,24,587		2.49,4.95	1000,1 	0
5309    	14.53, 0.04, -12.11 	-0.54, 30.29, -6.96 	0.00, 30.00 	11,3,24,596		1.40,2.78	1000,1 	0
5318    	14.53, 0.04, -12.10 	-0.54, 30.26, -6.96 	0.00, 30.00 	11,3,24,606		0.00,3.71	1000,1 	0
5327    	14.55, 0.03, -12.10 	-0.54, 30.23, -6.96 	0.00, 30.00 	11,3,24,616		2.56,2.47	1000,1 	0
5335    	14.54, 0.02, -12.10 	-0.53, 30.20, -6.96 	0.00, 30.00 	11,3,24,625		1.87,4.38	1000,1 	0
5344    	14.55, 0.02, -12.10 	-0.54, 30.16, -6.96 	0.00, 30.00 	11,3,24,635		1.12,5.05	1000,1 	0
5353    	14.55, 0.02, -12.12 	-0.54, 30.13, -6.96 	0.00, 30.00 	11,3,24,645		0.00,2.47	1000,1 	0
5362    	14.56, 0.01, -12.11 	-0.53, 30.11, -6.96 	0.00, 30.00 	11,3,24,655		1.68,2.73	1000,1 	0
5370    	14.57, 0.02, -12.11 	-0.52, 30.09, -6.96 	0.00, 30.00 	11,3,24,664		1.87,3.08	1000,1 	0
5379    	14.56, -0.00, -12.11 	-0.52, 30.08, -6.96 	0.00, 30.00 	11,3,24,674		2.72,1.24	1000,1 	0
5387    	14.57, -0.01, -12.10 	-0.52, 30.06, -6.96 	0.00, 30.00 	11,3,24,683		1.89,2.78	1000,1 	0
5396    	14.57, -0.04, -12.10 	-0.52, 30.05, -6.96 	0.00, 30.00 	11,3,24,693		2.49,1.24	1000,1 	0
5405    	14.58, -0.05, -12.10 	-0.52, 30.03, -6.96 	0.00, 30.00 	11,3,24,703		1.68,1.24	1000,1 	0
5413    	14.61, -0.05, -12.10 	-0.53, 30.03, -6.96 	0.00, 30.00 	11,3,24,712		3.76,1.26	1000,1 	0
5422    	14.61, -0.06, -12.09 	-0.53, 30.03, -6.97 	0.00, 30.00 	11,3,24,722		1.25,0.00	1000,1 	0
5431    	14.62, -0.04, -12.10 	-0.53, 30.03, -6.96 	0.00, 30.00 	11,3,24,732		2.72,0.00	1000,1 	0
5439    	14.63, -0.06, -12.10 	-0.52, 30.02, -6.96 	0.00, 30.00 	11,3,24,741		3.08,1.89	1000,1 	0
5448    	14.66, -0.06, -12.10 	-0.51, 30.03, -6.96 	0.00, 30.00 	11,3,24,751		3.35,1.65	1000,1 	0
5457    	14.69, -0.05, -12.10 	-0.52, 30.03, -6.96 	0.00, 30.00 	11,3,24,761		3.56,1.12	1000,1 	0
5465    	14.69, -0.06, -12.09 	-0.53, 30.02, -6.96 	0.00, 30.00 	11,3,24,770		1.40,1.86	1000,1 	0
5474    	14.71, -0.07, -12.10 	-0.52, 30.03, -6.96 	0.00, 30.00 	11,3,24,780		2.56,1.65	1000,1 	0
5483    	14.71, -0.07, -12.10 	-0.52, 30.02, -6.96 	0.00, 30.00 	11,3,24,790		0.00,1.24	1000,1 	0
5492    	14.72, -0.08, -12.09 	-0.53, 30.02, -6.96 	0.00, 30.00 	11,3,24,800		1.68,1.12	1000,1 	0
5500    	14.73, -0.07, -12.10 	-0.53, 30.03, -6.96 	0.00, 30.00 	11,3,24,809		1.87,1.39	1000,1 	0
5509    	14.73, -0.08, -12.09 	-0.52, 30.03, -6.96 	0.00, 30.00 	11,3,24,819		1.25,1.12	1000,1 	0
5518    	14.75, -0.08, -12.08 	-0.53, 30.02, -6.96 	0.00, 30.00 	11,3,24,829		2.23,1.65	1000,1 	0
5526    	14.76, -0.08, -12.08 	-0.52, 30.02, -6.96 	0.00, 30.00 	11,3,24,838		1.25,1.26	1000,1 	0
5535    	14.77, -0.07, -12.08 	-0.53, 30.03, -6.96 	0.00, 30.00 	11,3,24,848		1.67,1.68	1000,1 	0
5544    	14.78, -0.06, -12.08 	-0.52, 30.03, -6.96 	0.00, 30.00 	11,3,24,858		1.67,1.12	1000,1 	0
5553    	14.79, -0.07, -12.08 	-0.52, 30.03, -6.96 	0.00, 30.00 	11,3,24,868		1.68,0.00	1000,1 	0
5561    	14.80, -0.07, -12.08 	-0.53, 30.03, -6.97 	0.00, 30.00 	11,3,24,877		1.25,1.26	1000,1 	0
5570    	14.83, -0.06, -12.08 	-0.52, 30.03, -6.97 	0.00, 30.00 	11,3,24,887		3.56,1.12	1000,1 	0
5578    	14.84, -0.06, -12.09 	-0.52, 30.03, -6.97 	0.00, 30.00 	11,3,24,896		1.25,0.00	1000,1 	0
5587    	14.84, -0.07, -12.08 	-0.52, 30.03, -6.96 	0.00, 30.00 	11,3,24,906		1.25,0.00	1000,1 	0
5596    	14.85, -0.07, -12.08 	-0.52, 30.03, -6.96 	0.00, 30.00 	11,3,24,916		1.12,0.00	1000,1 	0
5604    	14.85, -0.07, -12.08 	-0.52, 30.03, -6.97 	0.00, 30.00 	11,3,24,925		0.00,0.00	1000,1 	0
5613    	14.88, -0.06, -12.08 	-0.52, 30.03, -6.97 	0.00, 30.00 	11,3,24,935		3.56,0.00	1000,1 	0
5622    	14.88, -0.06, -12.08 	-0.53, 30.05, -6.97 	0.00, 30.00 	11,3,24,945		0.00,1.68	1000,1 	0
5630    	14.88, -0.07, -12.07 	-0.52, 30.05, -6.97 	0.00, 30.00 	11,3,24,954		1.40,1.26	1000,1 	0
5639    	14.89, -0.07, -12.07 	-0.52, 30.03, -6.97 	0.00, 30.00 	11,3,24,964		1.12,1.24	1000,1 	0
5648    	14.91, -0.07, -12.07 	-0.52, 30.05, -6.97 	0.00, 30.00 	11,3,24,974		2.23,1.24	1000,1 	0
5657    	14.92, -0.08, -12.07 	-0.52, 30.03, -6.97 	0.00, 30.00 	11,3,24,984		1.68,1.24	1000,1 	0
5665    	14.94, -0.07, -12.07 	-0.52, 30.03, -6.97 	0.00, 30.00 	11,3,24,993		2.86,0.00	1000,1 	0
5674    	14.94, -0.07, -12.06 	-0.52, 30.03, -6.97 	0.00, 30.00 	11,3,25,3		0.00,0.00	1000,1 	0
5683    	14.93, -0.07, -12.06 	-0.53, 30.03, -6.97 	0.00, 30.00 	11,3,25,13		1.11,1.12	1000,1 	0
5691    	14.96, -0.07, -12.06 	-0.53, 30.05, -6.97 	0.00, 30.00 	11,3,25,22		3.76,1.39	1000,1 	0
5700    	14.96, -0.07, -12.06 	-0.52, 30.05, -6.97 	0.00, 30.00 	11,3,25,32		0.00,1.12	1000,1 	0
5709    	14.96, -0.07, -12.06 	-0.52, 30.03, -6.97 	0.00, 30.00 	11,3,25,42		0.00,1.24	1000,1 	0
5717    	14.96, -0.07, -12.06 	-0.52, 30.03, -6.97 	0.00, 30.00 	11,3,25,51		0.00,0.00	1000,1 	0
5726    	14.98, -0.09, -12.05 	-0.52, 30.03, -6.97 	0.00, 30.00 	11,3,25,61		3.36,0.00	1000,1 	0
5735    	14.99, -0.08, -12.05 	-0.52, 30.03, -6.97 	0.00, 30.00 	11,3,25,71		1.67,0.00	1000,1 	0
5743    	15.01, -0.08, -12.05 	-0.51, 30.03, -6.97 	0.00, -0.00 	11,3,25,90		2.23,1.12	1000,1 	0
5752    	15.01, -0.07, -12.05 	-0.52, 30.03, -6.97 	0.00, -0.00 	11,3,25,100		0.00,0.00	0,0 	0
5761    	15.01, -0.07, -12.05 	-0.52, 30.03, -6.97 	0.00, -0.00 	11,3,25,110		0.00,0.00	0,0 	0
5769    	15.01, -0.08, -12.04 	-0.52, 30.03, -6.97 	0.00, -0.00 	11,3,25,119		0.00,0.00	0,0 	0
5778    	15.03, -0.08, -12.04 	-0.52, 30.02, -6.96 	0.00, -0.00 	11,3,25,129		0.00,0.00	0,0 	0
5786    	15.03, -0.09, -12.03 	-0.51, 30.01, -6.96 	0.00, -0.00 	11,3,25,138		0.00,0.00	0,0 	0
5795    	15.04, -0.11, -12.02 	-0.50, 30.00, -6.96 	0.00, -0.00 	11,3,25,148		0.00,0.00	0,0 	0
5804    	15.03, -0.11, -12.02 	-0.51, 29.99, -6.96 	0.00, -0.00 	11,3,25,158		0.00,0.00	0,0 	0
5813    	15.05, -0.11, -12.02 	-0.52, 29.96, -6.96 	0.00, -0.00 	11,3,25,168		0.00,0.00	0,0 	0
5821    	15.06, -0.11, -12.02 	-0.53, 29.92, -6.96 	0.00, -0.00 	11,3,25,177		0.00,0.00	0,0 	0
5830    	15.06, -0.11, -12.02 	-0.54, 29.88, -6.95 	0.00, -0.00 	11,3,25,187		0.00,0.00	0,0 	0
5839    	15.07, -0.12, -12.01 	-0.57, 29.79, -6.95 	0.00, -0.00 	11,3,25,197		0.00,0.00	0,0 	0
5847    	15.08, -0.12, -12.01 	-0.62, 29.68, -6.94 	0.00, -0.00 	11,3,25,206		0.00,0.00	0,0 	0
5856    	15.08, -0.12, -12.01 	-0.63, 29.61, -6.94 	0.00, -0.00 	11,3,25,216		0.00,0.00	0,0 	0
5865    	15.11, -0.13, -12.01 	-0.61, 29.57, -6.94 	0.00, -0.00 	11,3,25,226		0.00,0.00	0,0 	0
5873    	15.13, -0.14, -12.01 	-0.62, 29.52, -6.94 	0.00, -0.00 	11,3,25,235		0.00,0.00	0,0 	0
5882    	15.16, -0.14, -12.01 	-0.64, 29.48, -6.94 	0.00, -0.00 	11,3,25,245		0.00,0.00	0,0 	0
5891    	15.18, -0.16, -12.00 	-0.64, 29.43, -6.94 	0.00, -0.00 	11,3,25,255		0.00,0.00	0,0 	0
5899    	15.19, -0.16, -12.01 	-0.64, 29.41, -6.95 	0.00, -0.00 	11,3,25,264		0.00,0.00	0,0 	0
5908    	15.20, -0.17, -12.00 	-0.65, 29.40, -6.95 	0.00, -0.00 	11,3,25,274		0.00,0.00	0,0 	0
5917    	15.23, -0.17, -12.00 	-0.66, 29.37, -6.95 	0.00, -0.00 	11,3,25,284		0.00,0.00	0,0 	0
5926    	15.25, -0.19, -11.99 	-0.66, 29.37, -6.95 	0.00, -0.00 	11,3,25,294		0.00,0.00	0,0 	0
5934    	15.25, -0.20, -11.99 	-0.67, 29.37, -6.95 	0.00, -0.00 	11,3,25,303		0.00,0.00	0,0 	0
5943    	15.27, -0.20, -11.99 	-0.67, 29.37, -6.95 	0.00, -0.00 	11,3,25,313		0.00,0.00	0,0 	0
5951    	15.29, -0.21, -11.99 	-0.67, 29.37, -6.95 	0.00, -0.00 	11,3,25,322		0.00,0.00	0,0 	0
5960    	15.32, -0.22, -11.98 	-0.68, 29.38, -6.95 	0.00, -0.00 	11,3,25,332		0.00,0.00	0,0 	0
5969    	15.35, -0.22, -11.99 	-0.67, 29.38, -6.95 	0.00, -0.00 	11,3,25,342		0.00,0.00	0,0 	0
5977    	15.35, -0.23, -11.99 	-0.68, 29.38, -6.95 	0.00, -0.00 	11,3,25,351		0.00,0.00	0,0 	0
5986    	15.36, -0.23, -11.98 	-0.68, 29.38, -6.95 	0.00, -0.00 	11,3,25,361		0.00,0.00	0,0 	0
5995    	15.37, -0.23, -11.98 	-0.68, 29.37, -6.95 	0.00, -0.00 	11,3,25,371		0.00,0.00	0,0 	0
6003    	15.36, -0.22, -11.98 	-0.68, 29.38, -6.95 	0.00, -0.00 	11,3,25,380		0.00,0.00	0,0 	0
6012    	15.39, -0.24, -11.98 	-0.68, 29.38, -6.96 	0.00, -0.00 	11,3,25,390		0.00,0.00	0,0 	0
6021    	15.40, -0.24, -11.98 	-0.68, 29.39, -6.95 	0.00, -0.00 	11,3,25,400		0.00,0.00	0,0 	0
6030    	15.39, -0.24, -11.98 	-0.68, 29.39, -6.96 	0.00, -0.00 	11,3,25,410		0.00,0.00	0,0 	0
6038    	15.41, -0.26, -11.98 	-0.68, 29.39, -6.95 	0.00, -0.00 	11,3,25,419		0.00,0.00	0,0 	0
6047    	15.40, -0.24, -11.98 	-0.68, 29.39, -6.96 	0.00, -0.00 	11,3,25,429		0.00,0.00	0,0 	0
6056    	15.42, -0.27, -11.98 	-0.68, 29.39, -6.95 	0.00, -0.00 	11,3,25,439		0.00,0.00	0,0 	0
6064    	15.42, -0.26, -11.98 	-0.69, 29.40, -6.95 	0.00, -0.00 	11,3,25,448		0.00,0.00	0,0 	0
6073    	15.44, -0.24, -11.98 	-0.69, 29.39, -6.96 	0.00, -0.00 	11,3,25,458		0.00,0.00	0,0 	0
6082    	15.45, -0.24, -11.98 	-0.69, 29.40, -6.96 	0.00, -0.00 	11,3,25,468		0.00,0.00	0,0 	0
6090    	15.44, -0.24, -11.98 	-0.68, 29.39, -6.96 	0.00, -0.00 	11,3,25,477		0.00,0.00	0,0 	0
6099    	15.46, -0.24, -11.98 	-0.69, 29.40, -6.96 	0.00, -0.00 	11,3,25,487		0.00,0.00	0,0 	0
6108    	15.47, -0.24, -11.98 	-0.68, 29.39, -6.96 	0.00, -0.00 	11,3,25,497		0.00,0.00	0,0 	0
6117    	15.47, -0.23, -11.98 	-0.69, 29.41, -6.95 	0.00, -0.00 	11,3,25,507		0.00,0.00	0,0 	0
6125    	15.48, -0.23, -11.98 	-0.69, 29.41, -6.95 	0.00, -0.00 	11,3,25,516		0.00,0.00	0,0 	0
6134    	15.50, -0.23, -11.98 	-0.69, 29.40, -6.95 	0.00, -0.00 	11,3,25,526		0.00,0.00	0,0 	0
6142    	15.51, -0.25, -11.98 	-0.69, 29.41, -6.95 	0.00, -0.00 	11,3,25,535		0.00,0.00	0,0 	0
6151    	15.50, -0.25, -11.98 	-0.69, 29.40, -6.96 	0.00, -0.00 	11,3,25,545		0.00,0.00	0,0 	0
6160    	15.51, -0.24, -11.98 	-0.69, 29.40, -6.95 	0.00, -0.00 	11,3,25,555		0.00,0.00	0,0 	0
6168    	15.51, -0.25, -11.98 	-0.69, 29.41, -6.95 	0.00, -0.00 	11,3,25,564		0.00,0.00	0,0 	0
6177    	15.53, -0.25, -11.97 	-0.69, 29.40, -6.95 	0.00, -0.00 	11,3,25,574		0.00,0.00	0,0 	0
6186    	15.54, -0.27, -11.97 	-0.69, 29.40, -6.95 	0.00, -0.00 	11,3,25,584		0.00,0.00	0,0 	0
6195    	15.53, -0.25, -11.98 	-0.69, 29.40, -6.95 	0.00, -0.00 	11,3,25,594		0.00,0.00	0,0 	0
6203    	15.54, -0.25, -11.98 	-0.69, 29.40, -6.95 	0.00, -0.00 	11,3,25,603		0.00,0.00	0,0 	0
6212    	15.56, -0.27, -11.98 	-0.68, 29.39, -6.95 	0.00, -0.00 	11,3,25,613		0.00,0.00	0,0 	0
6221    	15.55, -0.29, -11.98 	-0.69, 29.39, -6.95 	0.00, -0.00 	11,3,25,623		0.00,0.00	0,0 	0
6229    	15.57, -0.27, -11.98 	-0.69, 29.38, -6.95 	0.00, -0.00 	11,3,25,632		0.00,0.00	0,0 	0
6238    	15.59, -0.29, -11.97 	-0.69, 29.35, -6.94 	0.00, -0.00 	11,3,25,642		0.00,0.00	0,0 	0
6247    	15.59, -0.30, -11.98 	-0.71, 29.25, -6.94 	0.00, -0.00 	11,3,25,652		0.00,0.00	0,0 	0
6255    	15.59, -0.30, -11.98 	-0.76, 29.00, -6.91 	0.00, -0.00 	11,3,25,661		0.00,0.00	0,0 	0
6264    	15.59, -0.32, -11.98 	-0.82, 28.73, -6.89 	0.00, -0.00 	11,3,25,671		0.00,0.00	0,0 	0
6273    	15.61, -0.35, -11.97 	-0.87, 28.54, -6.88 	0.00, -0.00 	11,3,25,681		0.00,0.00	0,0 	0
6281    	15.61, -0.40, -11.98 	-0.94, 28.37, -6.87 	0.00, -0.00 	11,3,25,690		0.00,0.00	0,0 	0
6290    	15.64, -0.46, -11.98 	-0.98, 28.19, -6.86 	0.00, -0.00 	11,3,25,700		0.00,0.00	0,0 	0
6299    	15.70, -0.53, -11.99 	-1.04, 27.98, -6.85 	0.00, -0.00 	11,3,25,710		0.00,0.00	0,0 	0
6307    	15.79, -0.63, -12.01 	-1.09, 27.75, -6.84 	0.00, -0.00 	11,3,25,719		0.00,0.00	0,0 	0
6316    	15.87, -0.79, -12.04 	-1.13, 27.49, -6.82 	0.00, -0.00 	11,3,25,729		0.00,0.00	0,0 	0
6325    	16.02, -0.99, -12.05 	-1.18, 27.25, -6.82 	0.00, -0.00 	11,3,25,739		0.00,0.00	0,0 	0
6333    	16.21, -1.14, -12.10 	-1.17, 27.02, -6.82 	0.00, -0.00 	11,3,25,748		0.00,0.00	0,0 	0
6342    	16.38, -1.30, -12.14 	-1.19, 26.81, -6.82 	0.00, -0.00 	11,3,25,758		0.00,0.00	0,0 	0
6351    	16.57, -1.46, -12.21 	-1.17, 26.58, -6.82 	0.00, -0.00 	11,3,25,768		0.00,0.00	0,0 	0
6359    	16.78, -1.57, -12.29 	-1.14, 26.33, -6.82 	0.00, -0.00 	11,3,25,777		0.00,0.00	0,0 	0
6368    	17.02, -1.62, -12.38 	-1.11, 26.11, -6.82 	0.00, -0.00 	11,3,25,787		0.00,0.00	0,0 	0
6377    	17.27, -1.68, -12.44 	-1.04, 25.89, -6.82 	0.00, -0.00 	11,3,25,797		0.00,0.00	0,0 	0
6386    	17.48, -1.79, -12.48 	-0.95, 25.71, -6.82 	0.00, -0.00 	11,3,25,807		0.00,0.00	0,0 	0
6394    	17.56, -1.91, -12.49 	-0.82, 25.55, -6.82 	0.00, -0.00 	11,3,25,816		0.00,0.00	0,0 	0
6403    	17.64, -2.03, -12.51 	-0.72, 25.36, -6.82 	0.00, -0.00 	11,3,25,826		0.00,0.00	0,0 	0
6412    	17.70, -2.20, -12.53 	-0.57, 25.19, -6.82 	0.00, -0.00 	11,3,25,836		0.00,0.00	0,0 	0
6420    	17.79, -2.36, -12.54 	-0.41, 25.04, -6.83 	0.00, -0.00 	11,3,25,845		0.00,0.00	0,0 	0
6429    	17.92, -2.46, -12.58 	-0.26, 24.91, -6.87 	0.00, -0.00 	11,3,25,855		0.00,0.00	0,0 	0
6438    	18.08, -2.56, -12.63 	-0.08, 24.80, -6.93 	0.00, -0.00 	11,3,25,865		0.00,0.00	0,0 	0
6446    	18.30, -2.58, -12.71 	0.07, 24.73, -6.99 	0.00, -0.00 	11,3,25,874		0.00,0.00	0,0 	0
6455    	18.54, -2.60, -12.77 	0.27, 24.67, -7.06 	0.00, -0.00 	11,3,25,884		0.00,0.00	0,0 	0
6464    	18.77, -2.62, -12.81 	0.48, 24.61, -7.15 	0.00, -0.00 	11,3,25,894		0.00,0.00	0,0 	0
6472    	18.96, -2.71, -12.84 	0.67, 24.56, -7.24 	0.00, -0.00 	11,3,25,903		0.00,0.00	0,0 	0
6481    	19.15, -2.88, -12.82 	0.85, 24.50, -7.32 	0.00, -0.00 	11,3,25,913		0.00,0.00	0,0 	0
6490    	19.27, -3.12, -12.79 	1.04, 24.44, -7.41 	0.00, -0.00 	11,3,25,923		0.00,0.00	0,0 	0
6499    	19.34, -3.39, -12.76 	1.24, 24.39, -7.51 	0.00, -0.00 	11,3,25,933		0.00,0.00	0,0 	0
6507    	19.43, -3.60, -12.74 	1.45, 24.33, -7.60 	0.00, -0.00 	11,3,25,942		0.00,0.00	0,0 	0
6516    	19.54, -3.79, -12.77 	1.66, 24.27, -7.68 	0.00, -0.00 	11,3,25,952		0.00,0.00	0,0 	0
6524    	19.67, -3.93, -12.80 	1.86, 24.17, -7.76 	0.00, -0.00 	11,3,25,961		0.00,0.00	0,0 	0
6533    	19.82, -4.11, -12.81 	2.06, 24.03, -7.83 	0.00, -0.00 	11,3,25,971		0.00,0.00	0,0 	0
6542    	19.94, -4.34, -12.82 	2.23, 23.89, -7.91 	0.00, -0.00 	11,3,25,981		0.00,0.00	0,0 	0
6551    	20.11, -4.53, -12.81 	2.36, 23.72, -7.97 	0.00, -0.00 	11,3,25,991		0.00,0.00	0,0 	0
6559    	20.26, -4.75, -12.79 	2.50, 23.57, -8.05 	0.00, -0.00 	11,3,26,0		0.00,0.00	0,0 	0
6568    	20.46, -4.94, -12.80 	2.61, 23.42, -8.12 	0.00, -0.00 	11,3,26,10		0.00,0.00	0,0 	0
6577    	20.67, -5.13, -12.80 	2.76, 23.20, -8.17 	0.00, -0.00 	11,3,26,20		0.00,0.00	0,0 	0
6585    	20.92, -5.29, -12.80 	2.87, 22.96, -8.23 	0.00, -0.00 	11,3,26,29		0.00,0.00	0,0 	0
6594    	21.16, -5.41, -12.81 	2.95, 22.73, -8.28 	0.00, -0.00 	11,3,26,39		0.00,0.00	0,0 	0
6603    	21.36, -5.58, -12.78 	3.05, 22.44, -8.30 	0.00, -0.00 	11,3,26,49		0.00,0.00	0,0 	0
6611    	21.50, -5.78, -12.76 	3.12, 22.13, -8.31 	0.00, -0.00 	11,3,26,58		0.00,0.00	0,0 	0
6620    	21.67, -5.92, -12.76 	3.17, 21.78, -8.31 	0.00, -0.00 	11,3,26,68		0.00,0.00	0,0 	0
6629    	21.85, -6.10, -12.76 	3.19, 21.39, -8.29 	0.00, -0.00 	11,3,26,78		0.00,0.00	0,0 	0
6637    	22.02, -6.27, -12.77 	3.24, 21.02, -8.26 	0.00, -0.00 	11,3,26,87		0.00,0.00	0,0 	0
6646    	22.22, -6.49, -12.74 	3.30, 20.63, -8.24 	0.00, -0.00 	11,3,26,97		0.00,0.00	0,0 	0
6655    	22.38, -6.76, -12.70 	3.33, 20.15, -8.19 	0.00, -0.00 	11,3,26,107		0.00,0.00	0,0 	0
6663    	22.53, -7.08, -12.64 	3.34, 19.65, -8.13 	0.00, -0.00 	11,3,26,116		0.00,0.00	0,0 	0
6672    	22.61, -7.41, -12.61 	3.32, 19.16, -8.06 	0.00, -0.00 	11,3,26,126		0.00,0.00	0,0 	0
6681    	22.74, -7.73, -12.56 	3.29, 18.67, -7.99 	0.00, -0.00 	11,3,26,136		0.00,0.00	0,0 	0
6690    	22.87, -8.05, -12.49 	3.27, 18.11, -7.93 	0.00, -0.00 	11,3,26,146		0.00,0.00	0,0 	0
6698    	23.03, -8.30, -12.43 	3.29, 17.55, -7.86 	0.00, -0.00 	11,3,26,155		0.00,0.00	0,0 	0
6707    	23.22, -8.53, -12.39 	3.28, 17.01, -7.78 	0.00, -0.00 	11,3,26,165		0.00,0.00	0,0 	0
6715    	23.50, -8.74, -12.36 	3.23, 16.43, -7.70 	0.00, -0.00 	11,3,26,174		0.00,0.00	0,0 	0
6724    	23.77, -8.98, -12.31 	3.21, 15.92, -7.62 	0.00, -0.00 	11,3,26,184		0.00,0.00	0,0 	0
6733    	23.98, -9.29, -12.25 	3.15, 15.34, -7.52 	0.00, -0.00 	11,3,26,194		0.00,0.00	0,0 	0
6742    	24.19, -9.57, -12.17 	3.17, 14.75, -7.44 	0.00, -0.00 	11,3,26,204		0.00,0.00	0,0 	0
6750    	24.47, -9.81, -12.14 	3.13, 14.14, -7.36 	0.00, -0.00 	11,3,26,213		0.00,0.00	0,0 	0
6759    	24.73, -10.02, -12.11 	3.14, 13.55, -7.29 	0.00, -0.00 	11,3,26,223		0.00,0.00	0,0 	0
6768    	24.92, -10.29, -12.07 	3.14, 12.99, -7.22 	0.00, -0.00 	11,3,26,233		0.00,0.00	0,0 	0
6776    	25.16, -10.50, -12.04 	3.13, 12.42, -7.13 	0.00, -0.00 	11,3,26,242		0.00,0.00	0,0 	0
6785    	25.38, -10.71, -12.00 	3.14, 11.84, -7.05 	0.00, -0.00 	11,3,26,252		0.00,0.00	0,0 	0
6794    	25.62, -10.86, -11.99 	3.15, 11.32, -6.99 	0.00, -0.00 	11,3,26,262		0.00,0.00	0,0 	0
6802    	25.79, -11.10, -11.98 	3.20, 10.77, -6.91 	0.00, -0.00 	11,3,26,271		0.00,0.00	0,0 	0
6811    	25.89, -11.44, -11.92 	3.27, 10.21, -6.84 	0.00, -0.00 	11,3,26,281		0.00,0.00	0,0 	0
6820    	25.94, -11.83, -11.84 	3.36, 9.68, -6.78 	0.00, -0.00 	11,3,26,291		0.00,0.00	0,0 	0
6828    	26.10, -12.11, -11.77 	3.38, 9.22, -6.74 	0.00, -0.00 	11,3,26,300		0.00,0.00	0,0 	0
6837    	26.32, -12.32, -11.71 	3.36, 8.69, -6.68 	0.00, -0.00 	11,3,26,310		0.00,0.00	0,0 	0
6846    	26.45, -12.62, -11.64 	3.39, 8.18, -6.60 	0.00, -0.00 	11,3,26,320		0.00,0.00	0,0 	0
6855    	26.54, -12.92, -11.58 	3.46, 7.71, -6.55 	0.00, -0.00 	11,3,26,330		0.00,0.00	0,0 	0
6863    	26.66, -13.21, -11.54 	3.54, 7.25, -6.50 	0.00, -0.00 	11,3,26,339		0.00,0.00	0,0 	0
6872    	26.86, -13.43, -11.52 	3.60, 6.78, -6.45 	0.00, -0.00 	11,3,26,349		0.00,0.00	0,0 	0
6881    	27.04, -13.66, -11.50 	3.66, 6.38, -6.43 	0.00, -0.00 	11,3,26,359		0.00,0.00	0,0 	0
6889    	27.25, -13.80, -11.47 	3.74, 6.01, -6.42 	0.00, -0.00 	11,3,26,368		0.00,0.00	0,0 	0
6898    	27.35, -13.99, -11.44 	3.79, 5.67, -6.42 	0.00, -0.00 	11,3,26,378		0.00,0.00	0,0 	0
6907    	27.43, -14.23, -11.37 	3.75, 5.38, -6.40 	0.00, -0.00 	11,3,26,388		0.00,0.00	0,0 	0
6915    	27.46, -14.49, -11.32 	3.77, 5.10, -6.40 	0.00, -0.00 	11,3,26,397		0.00,0.00	0,0 	0
6924    	27.57, -14.70, -11.29 	3.83, 4.83, -6.39 	0.00, -0.00 	11,3,26,407		0.00,0.00	0,0 	0
6933    	27.66, -14.83, -11.26 	3.92, 4.59, -6.39 	0.00, -0.00 	11,3,26,417		0.00,0.00	0,0 	0
6941    	27.76, -14.99, -11.23 	3.93, 4.33, -6.38 	0.00, -0.00 	11,3,26,426		0.00,0.00	0,0 	0
6950    	27.95, -15.09, -11.16 	3.97, 4.10, -6.36 	0.00, -0.00 	11,3,26,436		0.00,0.00	0,0 	0
6959    	28.07, -15.21, -11.15 	3.97, 3.89, -6.35 	0.00, -0.00 	11,3,26,446		0.00,0.00	0,0 	0
6967    	28.18, -15.35, -11.11 	3.98, 3.71, -6.37 	0.00, -0.00 	11,3,26,455		0.00,0.00	0,0 	0
6976    	28.22, -15.55, -11.04 	4.00, 3.60, -6.40 	0.00, -0.00 	11,3,26,465		0.00,0.00	0,0 	0
6985    	28.28, -15.69, -10.98 	4.05, 3.46, -6.43 	0.00, -0.00 	11,3,26,475		0.00,0.00	0,0 	0
6993    	28.19, -15.89, -10.89 	4.04, 3.31, -6.44 	0.00, -0.00 	11,3,26,484		0.00,0.00	0,0 	0
7002    	28.15, -16.12, -10.80 	4.03, 3.21, -6.45 	0.00, -0.00 	11,3,26,494		0.00,0.00	0,0 	0
7011    	28.20, -16.21, -10.73 	4.06, 3.07, -6.45 	0.00, -0.00 	11,3,26,504		0.00,0.00	0,0 	0
7019    	28.28, -16.33, -10.71 	4.07, 2.97, -6.46 	0.00, -0.00 	11,3,26,513		0.00,0.00	0,0 	0
7028    	28.34, -16.39, -10.72 	4.01, 2.81, -6.46 	0.00, -0.00 	11,3,26,523		0.00,0.00	0,0 	0
7037    	28.39, -16.48, -10.69 	4.02, 2.68, -6.48 	0.00, -0.00 	11,3,26,533		0.00,0.00	0,0 	0
7045    	28.41, -16.55, -10.66 	3.97, 2.49, -6.46 	0.00, -0.00 	11,3,26,542		0.00,0.00	0,0 	0
7054    	28.42, -16.62, -10.60 	3.90, 2.35, -6.47 	0.00, -0.00 	11,3,26,552		0.00,0.00	0,0 	0
7063    	28.52, -16.71, -10.56 	3.86, 2.19, -6.45 	0.00, -0.00 	11,3,26,562		0.00,0.00	0,0 	0
7072    	28.45, -16.78, -10.52 	3.76, 2.00, -6.43 	0.00, -0.00 	11,3,26,572		0.00,0.00	0,0 	0
7080    	28.47, -16.87, -10.49 	3.71, 1.81, -6.39 	0.00, -0.00 	11,3,26,581		0.00,0.00	0,0 	0
7089    	28.47, -16.90, -10.45 	3.59, 1.61, -6.40 	0.00, -0.00 	11,3,26,591		0.00,0.00	0,0 	0
7098    	28.50, -16.94, -10.42 	3.48, 1.45, -6.39 	0.00, -0.00 	11,3,26,601		0.00,0.00	0,0 	0
7106    	28.55, -16.98, -10.40 	3.26, 1.24, -6.39 	0.00, -0.00 	11,3,26,610		0.00,0.00	0,0 	0
7115    	28.51, -16.98, -10.41 	3.05, 1.03, -6.39 	0.00, -0.00 	11,3,26,620		0.00,0.00	0,0 	0
7124    	28.53, -17.02, -10.37 	2.89, 0.84, -6.40 	0.00, -0.00 	11,3,26,630		0.00,0.00	0,0 	0
7132    	28.49, -17.02, -10.38 	2.77, 0.69, -6.42 	0.00, -0.00 	11,3,26,639		0.00,0.00	0,0 	0
7141    	28.54, -17.04, -10.34 	2.66, 0.53, -6.45 	0.00, -0.00 	11,3,26,649		0.00,0.00	0,0 	0
7150    	28.55, -16.99, -10.34 	2.49, 0.33, -6.42 	0.00, -0.00 	11,3,26,659		0.00,0.00	0,0 	0
7158    	28.62, -16.99, -10.32 	2.34, 0.15, -6.42 	0.00, -0.00 	11,3,26,668		0.00,0.00	0,0 	0
7167    	28.60, -16.98, -10.33 	2.14, -0.08, -6.40 	0.00, -0.00 	11,3,26,678		0.00,0.00	0,0 	0
7176    	28.64, -16.98, -10.31 	1.98, -0.19, -6.41 	0.00, -0.00 	11,3,26,688		0.00,0.00	0,0 	0
7184    	28.64, -17.02, -10.30 	1.87, -0.31, -6.43 	0.00, -0.00 	11,3,26,697		0.00,0.00	0,0 	0
7193    	28.67, -16.98, -10.25 	1.73, -0.42, -6.46 	0.00, -0.00 	11,3,26,707		0.00,0.00	0,0 	0
7202    	28.58, -17.02, -10.17 	1.64, -0.54, -6.48 	0.00, -0.00 	11,3,26,717		0.00,0.00	0,0 	0
7210    	28.54, -16.99, -10.15 	1.53, -0.64, -6.50 	0.00, -0.00 	11,3,26,726		0.00,0.00	0,0 	0
7219    	28.51, -16.94, -10.14 	1.47, -0.75, -6.53 	0.00, -0.00 	11,3,26,736		0.00,0.00	0,0 	0
7228    	28.52, -16.85, -10.14 	1.40, -0.79, -6.57 	0.00, -0.00 	11,3,26,746		0.00,0.00	0,0 	0
7236    	28.49, -16.80, -10.13 	1.30, -0.85, -6.61 	0.00, -0.00 	11,3,26,755		0.00,0.00	0,0 	0
7245    	28.47, -16.78, -10.12 	1.13, -0.90, -6.65 	0.00, -0.00 	11,3,26,765		0.00,0.00	0,0 	0
7254    	28.48, -16.72, -10.12 	1.08, -0.91, -6.69 	0.00, -0.00 	11,3,26,775		0.00,0.00	0,0 	0
7263    	28.42, -16.71, -10.12 	0.98, -0.90, -6.73 	0.00, -0.00 	11,3,26,785		0.00,0.00	0,0 	0
7271    	28.44, -16.67, -10.12 	0.86, -0.90, -6.75 	0.00, -0.00 	11,3,26,794		0.00,0.00	0,0 	0
7280    	28.39, -16.60, -10.09 	0.78, -0.92, -6.79 	0.00, -0.00 	11,3,26,804		0.00,0.00	0,0 	0
7289    	28.35, -16.58, -10.07 	0.70, -0.91, -6.79 	0.00, -0.00 	11,3,26,814		0.00,0.00	0,0 	0
7297    	28.33, -16.51, -10.06 	0.61, -0.94, -6.79 	0.00, -0.00 	11,3,26,823		0.00,0.00	0,0 	0
7306    	28.27, -16.48, -10.04 	0.50, -0.99, -6.78 	0.00, -0.00 	11,3,26,833		0.00,0.00	0,0 	0
7315    	28.24, -16.43, -10.03 	0.44, -0.98, -6.78 	0.00, -0.00 	11,3,26,843		0.00,0.00	0,0 	0
7323    	28.17, -16.44, -10.00 	0.36, -1.00, -6.78 	0.00, -0.00 	11,3,26,852		0.00,0.00	0,0 	0
7332    	28.15, -16.37, -9.96 	0.33, -0.97, -6.78 	0.00, -0.00 	11,3,26,862		0.00,0.00	0,0 	0
7341    	28.09, -16.35, -9.95 	0.26, -0.96, -6.77 	0.00, -0.00 	11,3,26,872		0.00,0.00	0,0 	0
7349    	28.06, -16.32, -9.92 	0.27, -0.96, -6.73 	0.00, -0.00 	11,3,26,881		0.00,0.00	0,0 	0
7358    	28.07, -16.28, -9.87 	0.19, -0.93, -6.71 	0.00, -0.00 	11,3,26,891		0.00,0.00	0,0 	0
7367    	28.03, -16.26, -9.86 	0.13, -0.91, -6.72 	0.00, -0.00 	11,3,26,901		0.00,0.00	0,0 	0
7375    	28.02, -16.25, -9.82 	0.13, -0.88, -6.73 	0.00, -0.00 	11,3,26,910		0.00,0.00	0,0 	0
7384    	27.98, -16.22, -9.78 	0.14, -0.84, -6.70 	0.00, -0.00 	11,3,26,920		0.00,0.00	0,0 	0
7393    	27.91, -16.21, -9.76 	0.14, -0.80, -6.70 	0.00, -0.00 	11,3,26,930		0.00,0.00	0,0 	0
7401    	27.90, -16.15, -9.76 	0.12, -0.80, -6.67 	0.00, -0.00 	11,3,26,939		0.00,0.00	0,0 	0
7410    	27.87, -16.12, -9.76 	0.11, -0.77, -6.63 	0.00, -0.00 	11,3,26,949		0.00,0.00	0,0 	0
7419    	27.86, -16.08, -9.72 	0.06, -0.69, -6.61 	0.00, -0.00 	11,3,26,959		0.00,0.00	0,0 	0
