#Time 	Sensor1         Sensor2         Target          Time            Vel             
#================================================================

15      	151916.80, 116013.07, -6.78 	-0.11, 0.15, -6.67 	0.00, 20.00 	14,19,19,215		0.00,0.00	0,0 	0
24      	151846.36, 115959.30, -6.77 	-0.13, 0.14, -6.66 	0.00, 20.00 	14,19,19,224		9846.37,2.70	0,0 	0
33      	151992.53, 116070.91, -6.77 	-0.14, 0.15, -6.65 	0.00, 20.00 	14,19,19,234		20434.44,1.72	0,0 	0
42      	152062.95, 116124.69, -6.77 	-0.08, 0.16, -6.66 	0.00, 20.00 	14,19,19,244		9845.51,7.47	0,0 	0
51      	151992.53, 116070.91, -6.77 	-0.09, 0.15, -6.64 	0.00, 20.00 	14,19,19,253		9845.51,1.67	0,0 	0
60      	151992.53, 116070.91, -6.77 	-0.09, 0.16, -6.64 	0.00, 20.00 	14,19,19,263		0.00,1.16	0,0 	0
69      	151841.05, 115955.23, -6.78 	-0.13, 0.16, -6.65 	0.00, 20.00 	14,19,19,273		21178.05,4.94	0,0 	0
78      	151841.05, 115955.23, -6.78 	-0.13, 0.17, -6.64 	0.00, 20.00 	14,19,19,282		0.00,1.16	0,0 	0
87      	151846.36, 115959.30, -6.78 	-0.08, 0.19, -6.62 	0.00, 20.00 	14,19,19,292		743.62,6.53	0,0 	0
96      	151775.95, 115905.53, -6.78 	-0.06, 0.18, -6.65 	0.00, 20.00 	14,19,19,302		9843.08,1.72	0,0 	0
105     	151781.27, 115909.60, -6.78 	-0.10, 0.17, -6.63 	0.00, 20.00 	14,19,19,311		743.62,3.85	0,0 	0
114     	151851.69, 115963.37, -6.77 	-0.10, 0.17, -6.64 	0.00, 20.00 	14,19,19,321		9844.46,0.00	0,0 	0
123     	151922.11, 116017.14, -6.77 	-0.10, 0.16, -6.65 	0.00, 20.00 	14,19,19,331		9844.99,1.16	0,0 	0
132     	151922.11, 116017.14, -6.77 	-0.09, 0.16, -6.65 	0.00, 20.00 	14,19,19,340		0.00,1.24	0,0 	0
141     	151922.11, 116017.14, -6.77 	-0.09, 0.18, -6.67 	0.00, 20.00 	14,19,19,350		0.00,2.33	0,0 	0
150     	151851.69, 115963.37, -6.78 	-0.12, 0.18, -6.67 	0.00, 20.00 	14,19,19,360		9844.99,3.71	0,0 	0
159     	151775.95, 115905.53, -6.78 	-0.09, 0.17, -6.66 	0.00, 20.00 	14,19,19,369		10588.07,3.92	0,0 	0
168     	151781.27, 115909.60, -6.79 	-0.10, 0.17, -6.66 	0.00, 20.00 	14,19,19,379		743.62,1.24	0,0 	0
177     	151781.27, 115909.60, -6.79 	-0.09, 0.17, -6.65 	0.00, 20.00 	14,19,19,389		0.00,1.24	0,0 	0
186     	151781.27, 115909.60, -6.79 	-0.10, 0.15, -6.64 	0.00, 20.00 	14,19,19,399		0.00,2.60	0,0 	0
195     	151781.27, 115909.60, -6.79 	-0.09, 0.16, -6.64 	0.00, 20.00 	14,19,19,408		0.00,1.67	0,0 	0
204     	151857.00, 115967.44, -6.79 	-0.12, 0.17, -6.66 	0.00, 20.00 	14,19,19,418		10588.07,3.92	0,0 	0
213     	151851.69, 115963.37, -6.79 	-0.12, 0.17, -6.65 	0.00, 20.00 	14,19,19,428		743.62,0.00	0,0 	0
222     	151851.69, 115963.37, -6.79 	-0.12, 0.18, -6.65 	0.00, 20.00 	14,19,19,437		0.00,1.16	0,0 	0
231     	151927.44, 116021.22, -6.78 	-0.12, 0.20, -6.66 	0.00, 20.00 	14,19,19,447		10590.51,2.33	0,0 	0
240     	151927.44, 116021.22, -6.78 	-0.09, 0.19, -6.68 	0.00, 20.00 	14,19,19,457		0.00,3.92	0,0 	0
249     	151851.69, 115963.37, -6.79 	-0.10, 0.22, -6.65 	0.00, 20.00 	14,19,19,466		10590.51,3.74	0,0 	0
258     	151927.44, 116021.22, -6.79 	-0.13, 0.23, -6.66 	0.00, 20.00 	14,19,19,476		10590.51,3.92	0,0 	0
267     	151857.00, 115967.44, -6.79 	-0.14, 0.20, -6.64 	0.00, 20.00 	14,19,19,486		9846.89,3.67	0,0 	0
276     	151851.69, 115963.37, -6.79 	-0.12, 0.16, -6.65 	0.00, 20.00 	14,19,19,495		743.62,5.34	0,0 	0
285     	151927.44, 116021.22, -6.79 	-0.14, 0.14, -6.65 	0.00, 20.00 	14,19,19,505		10590.51,3.34	0,0 	0
294     	151857.00, 115967.44, -6.79 	-0.20, 0.09, -6.66 	0.00, 20.00 	14,19,19,515		9846.89,7.62	0,0 	0
303     	151927.44, 116021.22, -6.78 	-0.15, 0.07, -6.68 	0.00, 20.00 	14,19,19,524		9846.89,5.53	0,0 	0
312     	151997.84, 116074.98, -6.78 	-0.14, 0.11, -6.72 	0.00, 20.00 	14,19,19,534		9842.55,4.78	0,0 	0
321     	152003.16, 116079.05, -6.78 	-0.13, 0.16, -6.71 	0.00, 20.00 	14,19,19,544		744.14,4.78	0,0 	0
330     	152068.28, 116128.76, -6.78 	-0.12, 0.19, -6.74 	0.00, 20.00 	14,19,19,553		9102.75,3.67	0,0 	0
339     	151997.84, 116074.98, -6.78 	-0.03, 0.21, -6.75 	0.00, 20.00 	14,19,19,563		9846.89,10.08	0,0 	0
348     	151927.44, 116021.22, -6.78 	-0.08, 0.22, -6.75 	0.00, 20.00 	14,19,19,573		9842.55,5.11	0,0 	0
357     	151927.44, 116021.22, -6.78 	-0.05, 0.19, -6.71 	0.00, 20.00 	14,19,19,582		0.00,4.34	0,0 	0
366     	151927.44, 116021.22, -6.78 	-0.05, 0.18, -6.71 	0.00, 20.00 	14,19,19,592		0.00,1.16	0,0 	0
375     	151851.69, 115963.37, -6.78 	-0.04, 0.18, -6.73 	0.00, 20.00 	14,19,19,602		10590.51,1.24	0,0 	0
384     	151922.11, 116017.14, -6.78 	-0.03, 0.15, -6.71 	0.00, 20.00 	14,19,19,611		9844.99,3.74	0,0 	0
393     	151997.84, 116074.98, -6.78 	-0.02, 0.15, -6.71 	0.00, 20.00 	14,19,19,621		10588.07,1.24	0,0 	0
402     	151922.11, 116017.14, -6.78 	-0.04, 0.18, -6.74 	0.00, 20.00 	14,19,19,631		10588.07,4.34	0,0 	0
411     	151922.11, 116017.14, -6.78 	-0.09, 0.20, -6.74 	0.00, 20.00 	14,19,19,641		0.00,5.53	0,0 	0
420     	151997.84, 116074.98, -6.78 	-0.06, 0.23, -6.74 	0.00, 20.00 	14,19,19,650		10588.07,5.01	0,0 	0
429     	151997.84, 116074.98, -6.78 	-0.14, 0.23, -6.72 	0.00, 20.00 	14,19,19,660		0.00,9.88	0,0 	0
438     	152003.16, 116079.05, -6.78 	-0.20, 0.27, -6.70 	0.00, 20.00 	14,19,19,670		744.14,7.85	0,0 	0
447     	151922.11, 116017.14, -6.78 	-0.15, 0.28, -6.71 	0.00, 20.00 	14,19,19,679		11332.22,6.25	0,0 	0
456     	151922.11, 116017.14, -6.78 	-0.09, 0.28, -6.65 	0.00, 20.00 	14,19,19,689		0.00,6.18	0,0 	0
465     	151927.44, 116021.22, -6.78 	-0.10, 0.29, -6.67 	0.00, 20.00 	14,19,19,699		745.52,1.72	0,0 	0
474     	151922.11, 116017.14, -6.79 	-0.07, 0.29, -6.68 	0.00, 20.00 	14,19,19,708		745.52,3.71	0,0 	0
483     	151922.11, 116017.14, -6.78 	-0.12, 0.24, -6.67 	0.00, 20.00 	14,19,19,718		0.00,8.35	0,0 	0
492     	151922.11, 116017.14, -6.79 	-0.16, 0.28, -6.68 	0.00, 20.00 	14,19,19,728		0.00,6.04	0,0 	0
501     	151927.44, 116021.22, -6.79 	-0.11, 0.30, -6.72 	0.00, 20.00 	14,19,19,737		745.52,5.40	0,0 	0
510     	151932.75, 116025.29, -6.78 	-0.09, 0.32, -6.71 	0.00, 20.00 	14,19,19,747		743.62,3.34	0,0 	0
519     	151997.84, 116074.98, -6.78 	-0.09, 0.31, -6.70 	0.00, 20.00 	14,19,19,757		9098.94,1.16	0,0 	0
528     	151932.75, 116025.29, -6.78 	-0.05, 0.32, -6.73 	0.00, 20.00 	14,19,19,766		9098.94,5.04	0,0 	0
537     	151927.44, 116021.22, -6.79 	-0.07, 0.33, -6.71 	0.00, 20.00 	14,19,19,776		743.62,2.76	0,0 	0
546     	151857.00, 115967.44, -6.78 	-0.11, 0.35, -6.68 	0.00, 20.00 	14,19,19,786		9846.89,5.11	0,0 	0
555     	151857.00, 115967.44, -6.78 	-0.11, 0.32, -6.67 	0.00, 20.00 	14,19,19,795		0.00,2.33	0,0 	0
564     	151927.44, 116021.22, -6.78 	-0.15, 0.30, -6.69 	0.00, 20.00 	14,19,19,805		9846.89,4.31	0,0 	0
573     	151927.44, 116021.22, -6.78 	-0.09, 0.30, -6.69 	0.00, 20.00 	14,19,19,815		0.00,6.18	0,0 	0
582     	151927.44, 116021.22, -6.78 	-0.11, 0.30, -6.69 	0.00, 20.00 	14,19,19,824		0.00,2.47	0,0 	0
591     	151851.69, 115963.37, -6.78 	-0.15, 0.30, -6.69 	0.00, 20.00 	14,19,19,834		10590.51,3.71	0,0 	0
600     	151927.44, 116021.22, -6.78 	-0.09, 0.30, -6.69 	0.00, 20.00 	14,19,19,844		10590.51,6.18	0,0 	0
609     	151922.11, 116017.14, -6.78 	-0.10, 0.30, -6.69 	0.00, 20.00 	14,19,19,853		745.52,1.24	0,0 	0
618     	151927.44, 116021.22, -6.78 	-0.14, 0.35, -6.71 	0.00, 20.00 	14,19,19,863		745.52,6.04	0,0 	0
627     	151857.00, 115967.44, -6.78 	-0.08, 0.33, -6.70 	0.00, 20.00 	14,19,19,873		9846.89,6.32	0,0 	0
636     	151927.44, 116021.22, -6.78 	-0.06, 0.35, -6.70 	0.00, 20.00 	14,19,19,883		9846.89,2.70	0,0 	0
645     	151927.44, 116021.22, -6.78 	-0.07, 0.36, -6.71 	0.00, 20.00 	14,19,19,892		0.00,1.72	0,0 	0
654     	151781.27, 115909.60, -6.78 	-0.11, 0.32, -6.69 	0.00, 20.00 	14,19,19,902		20434.97,5.96	0,0 	0
663     	151857.00, 115967.44, -6.78 	-0.10, 0.35, -6.68 	0.00, 20.00 	14,19,19,912		10588.07,2.60	0,0 	0
672     	151857.00, 115967.44, -6.78 	-0.12, 0.39, -6.71 	0.00, 20.00 	14,19,19,921		0.00,4.85	0,0 	0
681     	151857.00, 115967.44, -6.78 	-0.12, 0.40, -6.71 	0.00, 20.00 	14,19,19,931		0.00,1.16	0,0 	0
690     	151927.44, 116021.22, -6.78 	-0.08, 0.41, -6.75 	0.00, 20.00 	14,19,19,941		9846.89,3.85	0,0 	0
699     	151857.00, 115967.44, -6.78 	-0.08, 0.44, -6.74 	0.00, 20.00 	14,19,19,950		9846.89,3.49	0,0 	0
708     	151932.75, 116025.29, -6.78 	-0.06, 0.49, -6.75 	0.00, 20.00 	14,19,19,960		10590.51,6.25	0,0 	0
717     	151927.44, 116021.22, -6.78 	-0.06, 0.53, -6.76 	0.00, 20.00 	14,19,19,970		743.62,4.66	0,0 	0
726     	151851.69, 115963.37, -6.78 	-0.05, 0.55, -6.75 	0.00, 20.00 	14,19,19,979		10590.51,2.60	0,0 	0
735     	151851.69, 115963.37, -6.78 	-0.04, 0.51, -6.76 	0.00, 20.00 	14,19,19,989		0.00,4.85	0,0 	0
744     	151781.27, 115909.60, -6.79 	-0.10, 0.49, -6.77 	0.00, 20.00 	14,19,19,999		9844.46,6.53	0,0 	0
753     	151857.00, 115967.44, -6.79 	0.00, 0.48, -6.77 	0.00, 20.00 	14,19,20,8		10588.07,11.21	0,0 	0
762     	151857.00, 115967.44, -6.79 	-0.07, 0.46, -6.78 	0.00, 20.00 	14,19,20,18		0.00,8.88	0,0 	0
771     	151927.44, 116021.22, -6.78 	-0.07, 0.46, -6.78 	0.00, 20.00 	14,19,20,28		9846.89,0.00	0,0 	0
780     	151927.44, 116021.22, -6.78 	-0.02, 0.50, -6.82 	0.00, 20.00 	14,19,20,37		0.00,7.62	0,0 	0
789     	151922.11, 116017.14, -6.78 	-0.02, 0.54, -6.82 	0.00, 20.00 	14,19,20,47		745.52,4.66	0,0 	0
798     	151927.44, 116021.22, -6.78 	-0.02, 0.60, -6.87 	0.00, 20.00 	14,19,20,57		745.52,5.82	0,0 	0
807     	151922.11, 116017.14, -6.78 	-0.01, 0.61, -6.84 	0.00, 20.00 	14,19,20,66		745.52,1.67	0,0 	0
816     	151851.69, 115963.37, -6.78 	0.00, 0.60, -6.86 	0.00, 20.00 	14,19,20,76		9844.99,1.72	0,0 	0
825     	151922.11, 116017.14, -6.78 	0.02, 0.61, -6.86 	0.00, 20.00 	14,19,20,86		9844.99,2.70	0,0 	0
834     	151781.27, 115909.60, -6.78 	0.06, 0.59, -6.85 	0.00, 20.00 	14,19,20,96		19689.44,4.44	0,0 	0
843     	151857.00, 115967.44, -6.78 	0.02, 0.59, -6.84 	0.00, 20.00 	14,19,20,105		10588.07,3.71	0,0 	0
852     	151927.44, 116021.22, -6.78 	0.00, 0.59, -6.84 	0.00, 20.00 	14,19,20,115		9846.89,2.47	0,0 	0
861     	151927.44, 116021.22, -6.78 	0.02, 0.59, -6.84 	0.00, 20.00 	14,19,20,125		0.00,2.47	0,0 	0
870     	151857.00, 115967.44, -6.78 	0.00, 0.60, -6.84 	0.00, 20.00 	14,19,20,134		9846.89,2.76	0,0 	0
879     	151932.75, 116025.29, -6.78 	-0.03, 0.60, -6.84 	0.00, 20.00 	14,19,20,144		10590.51,3.71	0,0 	0
888     	151857.00, 115967.44, -6.78 	0.04, 0.59, -6.85 	0.00, 20.00 	14,19,20,154		10590.51,8.76	0,0 	0
897     	151932.75, 116025.29, -6.78 	0.09, 0.60, -6.87 	0.00, 20.00 	14,19,20,163		10590.51,5.04	0,0 	0
906     	151781.27, 115909.60, -6.78 	0.06, 0.59, -6.86 	0.00, 20.00 	14,19,20,173		21178.58,3.85	0,0 	0
915     	151857.00, 115967.44, -6.78 	0.09, 0.61, -6.86 	0.00, 20.00 	14,19,20,183		10588.07,4.31	0,0 	0
924     	151781.27, 115909.60, -6.78 	0.09, 0.61, -6.87 	0.00, 20.00 	14,19,20,192		10588.07,0.00	0,0 	0
933     	151851.69, 115963.37, -6.79 	0.11, 0.61, -6.87 	0.00, 20.00 	14,19,20,202		9844.46,2.47	0,0 	0
942     	151857.00, 115967.44, -6.79 	0.10, 0.61, -6.86 	0.00, 20.00 	14,19,20,212		743.62,1.24	0,0 	0
951     	151857.00, 115967.44, -6.79 	0.08, 0.59, -6.85 	0.00, 20.00 	14,19,20,221		0.00,3.34	0,0 	0
960     	151927.44, 116021.22, -6.78 	0.09, 0.60, -6.85 	0.00, 20.00 	14,19,20,231		9846.89,1.67	0,0 	0
969     	151857.00, 115967.44, -6.78 	0.06, 0.60, -6.86 	0.00, 20.00 	14,19,20,241		9846.89,3.71	0,0 	0
978     	151927.44, 116021.22, -6.78 	0.03, 0.60, -6.86 	0.00, 20.00 	14,19,20,250		9846.89,2.47	0,0 	0
987     	151927.44, 116021.22, -6.78 	0.02, 0.60, -6.86 	0.00, 20.00 	14,19,20,260		0.00,1.24	0,0 	0
996     	151927.44, 116021.22, -6.78 	0.07, 0.61, -6.87 	0.00, 20.00 	14,19,20,270		0.00,5.04	0,0 	0
1005    	151927.44, 116021.22, -6.78 	0.08, 0.62, -6.88 	0.00, 20.00 	14,19,20,279		0.00,1.67	1000,1 	0
1014    	151857.00, 115967.44, -6.78 	0.08, 0.63, -6.87 	0.00, 20.00 	14,19,20,289		9846.89,1.16	1000,1 	0
1023    	151786.58, 115913.67, -6.78 	0.10, 0.63, -6.87 	0.00, 20.00 	14,19,20,299		9844.46,2.47	1000,1 	0
1032    	151851.69, 115963.37, -6.79 	0.09, 0.63, -6.86 	0.00, 20.00 	14,19,20,309		9100.84,1.24	1000,1 	0
1041    	151857.00, 115967.44, -6.79 	0.07, 0.62, -6.87 	0.00, 20.00 	14,19,20,318		743.62,2.70	1000,1 	0
1050    	151862.31, 115971.51, -6.78 	0.07, 0.62, -6.86 	0.00, 20.00 	14,19,20,328		743.62,0.00	1000,1 	0
1059    	151857.00, 115967.44, -6.78 	0.11, 0.62, -6.88 	0.00, 20.00 	14,19,20,338		743.62,4.94	1000,1 	0
1068    	151927.44, 116021.22, -6.78 	0.13, 0.64, -6.87 	0.00, 20.00 	14,19,20,347		9846.89,3.34	1000,1 	0
1077    	151922.11, 116017.14, -6.78 	0.11, 0.65, -6.89 	0.00, 20.00 	14,19,20,357		745.52,2.76	1000,1 	0
1086    	151857.00, 115967.44, -6.78 	0.11, 0.65, -6.89 	0.00, 20.00 	14,19,20,367		9101.37,0.00	1000,1 	0
1095    	151851.69, 115963.37, -6.77 	0.12, 0.67, -6.89 	0.00, 20.00 	14,19,20,376		743.62,2.60	1000,1 	0
1104    	151857.00, 115967.44, -6.77 	0.09, 0.68, -6.87 	0.00, 20.00 	14,19,20,386		743.62,3.92	1000,1 	0
1113    	151927.44, 116021.22, -6.77 	0.12, 0.68, -6.87 	0.00, 20.00 	14,19,20,396		9846.89,3.71	1000,1 	0
1122    	151857.00, 115967.44, -6.77 	0.11, 0.68, -6.86 	0.00, 20.00 	14,19,20,405		9846.89,1.24	1000,1 	0
1131    	151927.44, 116021.22, -6.78 	0.12, 0.66, -6.87 	0.00, 20.00 	14,19,20,415		9846.89,2.67	1000,1 	0
1140    	151857.00, 115967.44, -6.78 	0.13, 0.68, -6.86 	0.00, 20.00 	14,19,20,425		9846.89,2.60	1000,1 	0
1149    	151857.00, 115967.44, -6.78 	0.11, 0.68, -6.86 	0.00, 20.00 	14,19,20,434		0.00,2.47	1000,1 	0
1158    	151927.44, 116021.22, -6.78 	0.11, 0.68, -6.86 	0.00, 20.00 	14,19,20,444		9846.89,0.00	1000,1 	0
1167    	151922.11, 116017.14, -6.78 	0.19, 0.66, -6.86 	0.00, 20.00 	14,19,20,454		745.52,9.03	1000,1 	0
1176    	151927.44, 116021.22, -6.77 	0.18, 0.68, -6.86 	0.00, 20.00 	14,19,20,463		745.52,2.67	1000,1 	0
1185    	151927.44, 116021.22, -6.77 	0.14, 0.66, -6.88 	0.00, 20.00 	14,19,20,473		0.00,4.31	1000,1 	0
1194    	151857.00, 115967.44, -6.78 	0.12, 0.68, -6.87 	0.00, 20.00 	14,19,20,483		9846.89,3.45	1000,1 	0
1203    	151857.00, 115967.44, -6.78 	0.10, 0.67, -6.85 	0.00, 20.00 	14,19,20,492		0.00,2.70	1000,1 	0
1212    	151857.00, 115967.44, -6.78 	0.08, 0.69, -6.85 	0.00, 20.00 	14,19,20,502		0.00,3.45	1000,1 	0
1221    	151851.69, 115963.37, -6.78 	0.13, 0.68, -6.85 	0.00, 20.00 	14,19,20,512		743.62,6.32	1000,1 	0
1230    	151922.11, 116017.14, -6.77 	0.14, 0.67, -6.85 	0.00, 20.00 	14,19,20,521		9844.99,1.72	1000,1 	0
1239    	151922.11, 116017.14, -6.78 	0.13, 0.68, -6.86 	0.00, 20.00 	14,19,20,531		0.00,1.72	1000,1 	0
1248    	151857.00, 115967.44, -6.78 	0.12, 0.70, -6.86 	0.00, 20.00 	14,19,20,541		9101.37,2.67	1000,1 	0
1257    	151927.44, 116021.22, -6.77 	0.13, 0.69, -6.85 	0.00, 20.00 	14,19,20,551		9846.89,1.72	1000,1 	0
1266    	151927.44, 116021.22, -6.77 	0.18, 0.69, -6.86 	0.00, 20.00 	14,19,20,560		0.00,4.94	1000,1 	0
1275    	151922.11, 116017.14, -6.77 	0.15, 0.71, -6.86 	0.00, 20.00 	14,19,20,570		745.52,3.45	1000,1 	0
1284    	151922.11, 116017.14, -6.77 	0.16, 0.68, -6.87 	0.00, 20.00 	14,19,20,580		0.00,3.74	1000,1 	0
1293    	151922.11, 116017.14, -6.77 	0.13, 0.68, -6.88 	0.00, 20.00 	14,19,20,589		0.00,3.71	1000,1 	0
1302    	151922.11, 116017.14, -6.77 	0.13, 0.70, -6.87 	0.00, 20.00 	14,19,20,599		0.00,2.33	1000,1 	0
1311    	151922.11, 116017.14, -6.77 	0.19, 0.68, -6.85 	0.00, 20.00 	14,19,20,608		0.00,6.67	1000,1 	0
1320    	151927.44, 116021.22, -6.77 	0.19, 0.67, -6.85 	0.00, 20.00 	14,19,20,618		745.52,1.16	1000,1 	0
1329    	151927.44, 116021.22, -6.77 	0.18, 0.66, -6.85 	0.00, 20.00 	14,19,20,628		0.00,1.67	1000,1 	0
1338    	151927.44, 116021.22, -6.77 	0.18, 0.66, -6.85 	0.00, 20.00 	14,19,20,638		0.00,0.00	1000,1 	0
1347    	151927.44, 116021.22, -6.77 	0.18, 0.67, -6.86 	0.00, 20.00 	14,19,20,647		0.00,1.16	1000,1 	0
1356    	151927.44, 116021.22, -6.77 	0.18, 0.67, -6.85 	0.00, 20.00 	14,19,20,657		0.00,0.00	1000,1 	0
1365    	151997.84, 116074.98, -6.77 	0.13, 0.69, -6.85 	0.00, 20.00 	14,19,20,667		9842.55,5.53	1000,1 	0
1374    	151927.44, 116021.22, -6.77 	0.19, 0.69, -6.85 	0.00, 20.00 	14,19,20,676		9842.55,6.18	1000,1 	0
1383    	151927.44, 116021.22, -6.77 	0.20, 0.68, -6.84 	0.00, 20.00 	14,19,20,686		0.00,1.72	1000,1 	0
1392    	151857.00, 115967.44, -6.78 	0.19, 0.72, -6.83 	0.00, 20.00 	14,19,20,696		9846.89,4.85	1000,1 	0
1401    	151927.44, 116021.22, -6.78 	0.16, 0.71, -6.83 	0.00, 20.00 	14,19,20,705		9846.89,2.70	1000,1 	0
1410    	151927.44, 116021.22, -6.78 	0.14, 0.70, -6.83 	0.00, 20.00 	14,19,20,715		0.00,2.70	1000,1 	0
1419    	151927.44, 116021.22, -6.78 	0.13, 0.70, -6.82 	0.00, 20.00 	14,19,20,725		0.00,1.24	1000,1 	0
1428    	151927.44, 116021.22, -6.77 	0.13, 0.72, -6.82 	0.00, 20.00 	14,19,20,734		0.00,2.33	1000,1 	0
1437    	151927.44, 116021.22, -6.78 	0.10, 0.71, -6.83 	0.00, 20.00 	14,19,20,744		0.00,3.85	1000,1 	0
1446    	151927.44, 116021.22, -6.77 	0.14, 0.74, -6.86 	0.00, 20.00 	14,19,20,754		0.00,5.96	1000,1 	0
1455    	151927.44, 116021.22, -6.78 	0.20, 0.74, -6.86 	0.00, 20.00 	14,19,20,764		0.00,6.18	1000,1 	0
1464    	151927.44, 116021.22, -6.78 	0.18, 0.76, -6.86 	0.00, 20.00 	14,19,20,773		0.00,2.67	1000,1 	0
1473    	151927.44, 116021.22, -6.78 	0.13, 0.80, -6.88 	0.00, 20.00 	14,19,20,783		0.00,7.19	1000,1 	0
1482    	151932.75, 116025.29, -6.78 	0.20, 0.83, -6.90 	0.00, 20.00 	14,19,20,793		743.62,9.22	1000,1 	0
1491    	151927.44, 116021.22, -6.78 	0.17, 0.84, -6.89 	0.00, 20.00 	14,19,20,802		743.62,3.92	1000,1 	0
1500    	151857.00, 115967.44, -6.78 	0.11, 0.85, -6.90 	0.00, 20.00 	14,19,20,812		9846.89,6.32	1000,1 	0
1509    	151862.31, 115971.51, -6.79 	0.07, 0.90, -6.96 	0.00, 20.00 	14,19,20,822		743.62,7.75	1000,1 	0
1518    	151862.31, 115971.51, -6.79 	0.07, 0.98, -7.04 	0.00, 20.00 	14,19,20,831		0.00,9.31	1000,1 	0
1527    	151997.84, 116074.98, -6.78 	0.01, 1.20, -7.26 	0.00, 20.00 	14,19,20,841		18945.83,25.09	1000,1 	0
1536    	151997.84, 116074.98, -6.77 	-0.10, 1.58, -7.61 	0.00, 20.00 	14,19,20,851		0.00,43.69	1000,1 	0
1545    	152073.59, 116132.81, -6.77 	-0.13, 2.40, -8.18 	0.00, 20.00 	14,19,20,860		10589.45,90.84	1000,1 	0
1554    	152144.02, 116186.59, -6.77 	-0.17, 2.87, -8.38 	0.00, 20.00 	14,19,20,870		9845.51,52.52	1000,1 	0
1563    	152068.28, 116128.76, -6.78 	-0.28, 3.34, -8.52 	0.00, 20.00 	14,19,20,880		10588.07,53.89	1000,1 	0
1572    	151997.84, 116074.98, -6.79 	-0.41, 3.77, -8.62 	0.00, 20.00 	14,19,20,889		9846.89,49.67	1000,1 	0
1581    	151927.44, 116021.22, -6.79 	-0.58, 4.22, -8.64 	0.00, 20.00 	14,19,20,899		9842.55,53.47	1000,1 	0
1590    	151862.31, 115971.51, -6.79 	-0.65, 4.74, -8.75 	0.00, 20.00 	14,19,20,909		9103.28,58.72	1000,1 	0
1599    	151781.27, 115909.60, -6.79 	-0.73, 5.32, -8.86 	0.00, 20.00 	14,19,20,918		11331.69,64.68	1000,1 	0
1608    	151781.27, 115909.60, -6.78 	-0.71, 6.04, -9.00 	0.00, 20.00 	14,19,20,928		0.00,80.32	1000,1 	0
1617    	151851.69, 115963.37, -6.78 	-0.62, 6.86, -9.21 	0.00, 20.00 	14,19,20,938		9844.46,91.39	1000,1 	0
1626    	151857.00, 115967.44, -6.78 	-0.66, 7.74, -9.36 	0.00, 20.00 	14,19,20,947		743.62,97.89	1000,1 	0
1635    	151857.00, 115967.44, -6.78 	-0.75, 8.62, -9.46 	0.00, 20.00 	14,19,20,957		0.00,98.17	1000,1 	0
1644    	151857.00, 115967.44, -6.78 	-0.85, 9.46, -9.46 	0.00, 20.00 	14,19,20,967		0.00,93.79	1000,1 	0
1653    	151857.00, 115967.44, -6.78 	-0.82, 10.34, -9.36 	0.00, 20.00 	14,19,20,977		0.00,97.78	1000,1 	0
1662    	151857.00, 115967.44, -6.78 	-0.66, 11.37, -9.28 	0.00, 20.00 	14,19,20,986		0.00,116.49	1000,1 	0
1671    	151857.00, 115967.44, -6.78 	-0.19, 12.46, -9.23 	0.00, 20.00 	14,19,20,996		0.00,132.11	1000,1 	0
1680    	151857.00, 115967.44, -6.78 	0.36, 13.38, -9.16 	0.00, 20.00 	14,19,21,5		0.00,119.20	1000,1 	0
1689    	151781.27, 115909.60, -6.78 	0.75, 14.04, -9.01 	0.00, 20.00 	14,19,21,15		10588.07,85.19	1000,1 	0
1698    	151851.69, 115963.37, -6.77 	1.02, 14.56, -8.77 	0.00, 20.00 	14,19,21,25		9844.46,65.03	1000,1 	0
1707    	151851.69, 115963.37, -6.77 	1.22, 14.91, -8.45 	0.00, 20.00 	14,19,21,35		0.00,44.39	1000,1 	0
1716    	151851.69, 115963.37, -6.78 	1.28, 15.13, -8.06 	0.00, 20.00 	14,19,21,44		0.00,25.32	1000,1 	0
1725    	151922.11, 116017.14, -6.77 	1.24, 15.38, -7.73 	0.00, 20.00 	14,19,21,54		9844.99,28.30	1000,1 	0
1734    	151922.11, 116017.14, -6.77 	1.26, 15.73, -7.59 	0.00, 20.00 	14,19,21,64		0.00,38.48	1000,1 	0
1743    	151922.11, 116017.14, -6.77 	1.29, 16.11, -7.62 	0.00, 20.00 	14,19,21,73		0.00,43.20	1000,1 	0
1752    	151922.11, 116017.14, -6.77 	1.29, 16.45, -7.70 	0.00, 20.00 	14,19,21,83		0.00,37.23	1000,1 	0
1761    	151922.11, 116017.14, -6.77 	1.24, 16.71, -7.76 	0.00, 20.00 	14,19,21,93		0.00,29.67	1000,1 	0
1770    	151857.00, 115967.44, -6.77 	1.20, 16.96, -7.75 	0.00, 20.00 	14,19,21,102		9101.37,28.30	1000,1 	0
1779    	151851.69, 115963.37, -6.77 	1.19, 17.16, -7.68 	0.00, 20.00 	14,19,21,112		743.62,22.12	1000,1 	0
1788    	151775.95, 115905.53, -6.78 	1.22, 17.30, -7.57 	0.00, 20.00 	14,19,21,122		10588.07,15.47	1000,1 	0
1797    	151781.27, 115909.60, -6.78 	1.23, 17.37, -7.44 	0.00, 20.00 	14,19,21,131		743.62,8.20	1000,1 	0
1806    	151775.95, 115905.53, -6.78 	1.25, 17.39, -7.29 	0.00, 20.00 	14,19,21,141		743.62,3.34	1000,1 	0
1815    	151846.36, 115959.30, -6.77 	1.20, 17.36, -7.17 	0.00, 20.00 	14,19,21,151		9843.08,7.00	1000,1 	0
1824    	151922.11, 116017.14, -6.77 	1.01, 17.29, -7.11 	0.00, 20.00 	14,19,21,160		10589.98,22.29	1000,1 	0
1833    	151922.11, 116017.14, -6.77 	0.88, 17.21, -7.06 	0.00, 20.00 	14,19,21,170		0.00,16.69	1000,1 	0
1842    	151851.69, 115963.37, -6.77 	0.89, 17.21, -7.02 	0.00, 20.00 	14,19,21,180		9844.99,1.24	1000,1 	0
1851    	151922.11, 116017.14, -6.77 	1.02, 17.27, -6.97 	0.00, 20.00 	14,19,21,189		9844.99,15.76	1000,1 	0
1860    	151851.69, 115963.37, -6.77 	1.11, 17.27, -6.97 	0.00, 20.00 	14,19,21,199		9844.99,9.88	1000,1 	0
1869    	151775.95, 115905.53, -6.77 	1.11, 17.21, -6.95 	0.00, 20.00 	14,19,21,209		10588.07,5.82	1000,1 	0
1878    	151775.95, 115905.53, -6.77 	1.10, 17.14, -6.93 	0.00, 20.00 	14,19,21,218		0.00,8.20	1000,1 	0
1887    	151775.95, 115905.53, -6.77 	1.08, 17.13, -6.93 	0.00, 20.00 	14,19,21,228		0.00,2.70	1000,1 	0
1896    	151775.95, 115905.53, -6.77 	1.08, 17.13, -6.93 	0.00, 20.00 	14,19,21,238		0.00,0.00	1000,1 	0
1905    	151775.95, 115905.53, -6.77 	1.08, 17.15, -6.94 	0.00, 20.00 	14,19,21,247		0.00,2.33	1000,1 	0
1914    	151775.95, 115905.53, -6.77 	1.09, 17.15, -6.96 	0.00, 20.00 	14,19,21,257		0.00,1.24	1000,1 	0
1923    	151775.95, 115905.53, -6.77 	1.12, 17.18, -6.97 	0.00, 20.00 	14,19,21,267		0.00,5.01	1000,1 	0
1932    	151775.95, 115905.53, -6.77 	1.13, 17.21, -7.00 	0.00, 20.00 	14,19,21,276		0.00,3.67	1000,1 	0
1941    	151775.95, 115905.53, -6.77 	1.14, 17.22, -7.00 	0.00, 20.00 	14,19,21,286		0.00,1.67	1000,1 	0
1950    	151775.95, 115905.53, -6.77 	1.14, 17.22, -7.01 	0.00, 20.00 	14,19,21,296		0.00,0.00	1000,1 	0
1959    	151775.95, 115905.53, -6.77 	1.11, 17.18, -6.98 	0.00, 20.00 	14,19,21,306		0.00,5.86	1000,1 	0
1968    	151775.95, 115905.53, -6.77 	1.05, 17.16, -6.95 	0.00, 20.00 	14,19,21,315		0.00,7.70	1000,1 	0
1977    	151775.95, 115905.53, -6.77 	1.05, 17.15, -6.93 	0.00, 20.00 	14,19,21,325		0.00,1.16	1000,1 	0
1986    	151775.95, 115905.53, -6.77 	1.03, 17.14, -6.91 	0.00, 20.00 	14,19,21,335		0.00,2.70	1000,1 	0
1995    	151781.27, 115909.60, -6.77 	1.01, 17.14, -6.92 	0.00, 20.00 	14,19,21,344		743.62,1.24	1000,1 	0
2004    	151775.95, 115905.53, -6.77 	1.04, 17.16, -6.94 	0.00, 20.00 	14,19,21,354		743.62,3.34	1000,1 	0
2013    	151846.36, 115959.30, -6.77 	1.07, 17.16, -6.95 	0.00, 20.00 	14,19,21,364		9843.08,3.71	1000,1 	0
2022    	151846.36, 115959.30, -6.76 	1.07, 17.17, -6.95 	0.00, 20.00 	14,19,21,373		0.00,1.16	1000,1 	0
2031    	151775.95, 115905.53, -6.77 	1.07, 17.18, -6.95 	0.00, 20.00 	14,19,21,383		9843.08,1.16	1000,1 	0
2040    	151775.95, 115905.53, -6.77 	1.07, 17.18, -6.95 	0.00, 20.00 	14,19,21,393		0.00,0.00	1000,1 	0
2049    	151775.95, 115905.53, -6.77 	1.06, 17.19, -6.94 	0.00, 20.00 	14,19,21,402		0.00,1.72	1000,1 	0
2058    	151775.95, 115905.53, -6.77 	1.06, 17.18, -6.93 	0.00, 20.00 	14,19,21,412		0.00,1.16	1000,1 	0
2067    	151775.95, 115905.53, -6.77 	1.06, 17.18, -6.93 	0.00, 20.00 	14,19,21,422		0.00,0.00	1000,1 	0
2076    	151781.27, 115909.60, -6.77 	1.06, 17.19, -6.93 	0.00, 20.00 	14,19,21,431		743.62,1.16	1000,1 	0
2085    	151846.36, 115959.30, -6.77 	1.07, 17.18, -6.92 	0.00, 20.00 	14,19,21,441		9099.46,1.72	1000,1 	0
2094    	151775.95, 115905.53, -6.77 	1.06, 17.17, -6.93 	0.00, 20.00 	14,19,21,451		9843.08,1.67	1000,1 	0
2103    	151775.95, 115905.53, -6.77 	1.06, 17.17, -6.93 	0.00, 20.00 	14,19,21,460		0.00,0.00	1000,1 	0
2112    	151846.36, 115959.30, -6.77 	1.05, 17.17, -6.93 	0.00, 20.00 	14,19,21,470		9843.08,1.24	1000,1 	0
2121    	151846.36, 115959.30, -6.77 	1.06, 17.17, -6.93 	0.00, 20.00 	14,19,21,480		0.00,1.24	1000,1 	0
2130    	151775.95, 115905.53, -6.76 	1.06, 17.17, -6.93 	0.00, 20.00 	14,19,21,490		9843.08,0.00	1000,1 	0
2139    	151846.36, 115959.30, -6.76 	1.06, 17.18, -6.93 	0.00, 20.00 	14,19,21,499		9843.08,1.16	1000,1 	0
2148    	151846.36, 115959.30, -6.77 	1.06, 17.18, -6.93 	0.00, 20.00 	14,19,21,509		0.00,0.00	1000,1 	0
2157    	151851.69, 115963.37, -6.76 	1.05, 17.18, -6.93 	0.00, 20.00 	14,19,21,519		744.99,1.24	1000,1 	0
2166    	151775.95, 115905.53, -6.77 	1.06, 17.18, -6.93 	0.00, 20.00 	14,19,21,528		10588.07,1.24	1000,1 	0
2175    	151781.27, 115909.60, -6.77 	1.05, 17.17, -6.93 	0.00, 20.00 	14,19,21,538		743.62,1.67	1000,1 	0
2184    	151781.27, 115909.60, -6.76 	1.05, 17.17, -6.93 	0.00, 20.00 	14,19,21,548		0.00,0.00	1000,1 	0
2193    	151781.27, 115909.60, -6.76 	1.05, 17.17, -6.93 	0.00, 20.00 	14,19,21,557		0.00,0.00	1000,1 	0
2202    	151846.36, 115959.30, -6.77 	1.05, 17.17, -6.93 	0.00, 20.00 	14,19,21,567		9099.46,0.00	1000,1 	0
2211    	151846.36, 115959.30, -6.76 	1.06, 17.17, -6.93 	0.00, 20.00 	14,19,21,577		0.00,1.24	1000,1 	0
2220    	151846.36, 115959.30, -6.76 	1.06, 17.18, -6.94 	0.00, 20.00 	14,19,21,586		0.00,1.16	1000,1 	0
2229    	151781.27, 115909.60, -6.77 	1.06, 17.18, -6.94 	0.00, -0.00 	14,19,21,606		9099.46,0.00	1000,1 	0
2238    	151775.95, 115905.53, -6.77 	1.07, 17.18, -6.94 	0.00, -0.00 	14,19,21,615		0.00,0.00	1000,1 	0
2247    	151846.36, 115959.30, -6.76 	1.05, 17.18, -6.93 	0.00, -0.00 	14,19,21,625		0.00,0.00	1000,1 	0
2256    	151775.95, 115905.53, -6.76 	1.05, 17.16, -6.93 	0.00, -0.00 	14,19,21,635		0.00,0.00	1000,1 	0
2265    	151846.36, 115959.30, -6.76 	1.06, 17.17, -6.93 	0.00, -0.00 	14,19,21,644		0.00,0.00	1000,1 	0
2274    	151775.95, 115905.53, -6.76 	1.05, 17.16, -6.93 	0.00, -0.00 	14,19,21,654		0.00,0.00	1000,1 	0
2283    	151846.36, 115959.30, -6.76 	1.07, 17.15, -6.93 	0.00, -0.00 	14,19,21,664		0.00,0.00	1000,1 	0
2292    	151775.95, 115905.53, -6.76 	1.06, 17.16, -6.94 	0.00, -0.00 	14,19,21,673		0.00,0.00	1000,1 	0
2301    	151775.95, 115905.53, -6.76 	1.08, 17.18, -6.94 	0.00, -0.00 	14,19,21,683		0.00,0.00	1000,1 	0
2310    	151775.95, 115905.53, -6.76 	1.11, 17.18, -6.94 	0.00, -0.00 	14,19,21,693		0.00,0.00	1000,1 	0
2319    	151775.95, 115905.53, -6.77 	1.10, 17.13, -6.92 	0.00, -0.00 	14,19,21,702		0.00,0.00	1000,1 	0
2328    	151775.95, 115905.53, -6.77 	1.10, 17.10, -6.90 	0.00, -0.00 	14,19,21,712		0.00,0.00	1000,1 	0
2337    	151775.95, 115905.53, -6.77 	1.12, 17.09, -6.90 	0.00, -0.00 	14,19,21,722		0.00,0.00	1000,1 	0
2346    	151705.52, 115851.76, -6.77 	1.12, 17.07, -6.89 	0.00, -0.00 	14,19,21,731		0.00,0.00	1000,1 	0
2355    	151705.52, 115851.76, -6.77 	1.14, 17.07, -6.90 	0.00, -0.00 	14,19,21,741		0.00,0.00	1000,1 	0
2364    	151705.52, 115851.76, -6.77 	1.14, 17.06, -6.90 	0.00, -0.00 	14,19,21,751		0.00,0.00	1000,1 	0
2373    	151775.95, 115905.53, -6.76 	1.16, 17.05, -6.91 	0.00, -0.00 	14,19,21,761		0.00,0.00	1000,1 	0
2382    	151781.27, 115909.60, -6.77 	1.15, 17.06, -6.92 	0.00, -0.00 	14,19,21,770		0.00,0.00	1000,1 	0
2391    	151770.64, 115901.46, -6.77 	1.19, 17.05, -6.93 	0.00, -0.00 	14,19,21,780		0.00,0.00	1000,1 	0
2400    	151775.95, 115905.53, -6.77 	1.18, 16.96, -6.96 	0.00, -0.00 	14,19,21,790		0.00,0.00	1000,1 	0
2409    	151775.95, 115905.53, -6.77 	1.18, 16.70, -7.00 	0.00, -0.00 	14,19,21,799		0.00,0.00	1000,1 	0
2418    	151775.95, 115905.53, -6.77 	1.11, 16.40, -6.99 	0.00, -0.00 	14,19,21,809		0.00,0.00	1000,1 	0
2427    	151700.20, 115847.69, -6.77 	0.99, 16.01, -7.01 	0.00, -0.00 	14,19,21,819		0.00,0.00	1000,1 	0
2436    	151700.20, 115847.69, -6.77 	0.80, 15.56, -7.04 	0.00, -0.00 	14,19,21,828		0.00,0.00	1000,1 	0
2445    	151705.52, 115851.76, -6.77 	0.58, 15.06, -7.09 	0.00, -0.00 	14,19,21,838		0.00,0.00	1000,1 	0
2454    	151705.52, 115851.76, -6.77 	0.36, 14.49, -7.19 	0.00, -0.00 	14,19,21,848		0.00,0.00	1000,1 	0
2463    	151705.52, 115851.76, -6.77 	0.16, 13.84, -7.35 	0.00, -0.00 	14,19,21,857		0.00,0.00	1000,1 	0
2472    	151700.20, 115847.69, -6.76 	-0.07, 13.21, -7.53 	0.00, -0.00 	14,19,21,867		0.00,0.00	1000,1 	0
2481    	151705.52, 115851.76, -6.77 	-0.32, 12.53, -7.72 	0.00, -0.00 	14,19,21,877		0.00,0.00	1000,1 	0
2490    	151775.95, 115905.53, -6.76 	-0.52, 11.77, -7.94 	0.00, -0.00 	14,19,21,886		0.00,0.00	1000,1 	0
2499    	151775.95, 115905.53, -6.77 	-0.73, 10.93, -8.17 	0.00, -0.00 	14,19,21,896		0.00,0.00	1000,1 	0
2508    	151705.52, 115851.76, -6.77 	-1.06, 10.02, -8.34 	0.00, -0.00 	14,19,21,906		0.00,0.00	1000,1 	0
2517    	151700.20, 115847.69, -6.77 	-1.33, 9.06, -8.42 	0.00, -0.00 	14,19,21,915		0.00,0.00	1000,1 	0
2526    	151705.52, 115851.76, -6.77 	-1.60, 8.15, -8.48 	0.00, -0.00 	14,19,21,925		0.00,0.00	1000,1 	0
2535    	151635.11, 115797.99, -6.77 	-1.75, 7.30, -8.46 	0.00, -0.00 	14,19,21,935		0.00,0.00	1000,1 	0
2544    	151635.11, 115797.99, -6.77 	-2.02, 6.40, -8.38 	0.00, -0.00 	14,19,21,945		0.00,0.00	1000,1 	0
2553    	151705.52, 115851.76, -6.77 	-2.21, 5.50, -8.27 	0.00, -0.00 	14,19,21,954		0.00,0.00	1000,1 	0
2562    	151705.52, 115851.76, -6.77 	-2.27, 4.65, -8.24 	0.00, -0.00 	14,19,21,964		0.00,0.00	1000,1 	0
2571    	151710.83, 115855.83, -6.78 	-2.20, 3.93, -8.29 	0.00, -0.00 	14,19,21,973		0.00,0.00	1000,1 	0
2580    	151710.83, 115855.83, -6.77 	-1.99, 3.22, -8.29 	0.00, -0.00 	14,19,21,983		0.00,0.00	1000,1 	0
2589    	151710.83, 115855.83, -6.77 	-1.84, 2.47, -8.20 	0.00, -0.00 	14,19,21,993		0.00,0.00	1000,1 	0
2598    	151710.83, 115855.83, -6.77 	-1.67, 1.79, -8.10 	0.00, -0.00 	14,19,21,3		0.00,0.00	1000,1 	0
2607    	151705.52, 115851.76, -6.77 	-1.53, 1.21, -7.95 	0.00, -0.00 	14,19,22,12		0.00,0.00	1000,1 	0
