#Time 	Sensor1         Sensor2         Target          Time            Vel             
#================================================================

17      	2.20, -10.56, 2.26 	0.17, 0.37, -6.36 	0.00, 30.00 	11,27,56,253		0.00,0.00	0,0 	0
26      	2.20, -10.56, 2.27 	0.19, 0.37, -6.36 	0.00, 30.00 	11,27,56,263		0.00,1.22	0,0 	0
35      	2.20, -10.56, 2.27 	0.19, 0.37, -6.36 	0.00, 30.00 	11,27,56,272		0.00,0.00	0,0 	0
44      	2.20, -10.56, 2.25 	0.19, 0.37, -6.36 	0.00, 30.00 	11,27,56,282		0.00,0.00	0,0 	0
53      	2.20, -10.56, 2.26 	0.19, 0.37, -6.36 	0.00, 30.00 	11,27,56,292		0.00,0.00	0,0 	0
62      	2.19, -10.55, 2.26 	0.18, 0.35, -6.35 	0.00, 30.00 	11,27,56,301		1.73,2.60	0,0 	0
71      	2.18, -10.56, 2.26 	0.18, 0.35, -6.35 	0.00, 30.00 	11,27,56,311		1.24,0.00	0,0 	0
80      	2.17, -10.56, 2.27 	0.18, 0.35, -6.35 	0.00, 30.00 	11,27,56,321		1.24,0.00	0,0 	0
89      	2.19, -10.55, 2.26 	0.18, 0.35, -6.35 	0.00, 30.00 	11,27,56,330		2.49,0.00	0,0 	0
98      	2.19, -10.55, 2.27 	0.14, 0.34, -6.36 	0.00, 30.00 	11,27,56,340		0.00,3.67	0,0 	0
107     	2.19, -10.55, 2.26 	0.18, 0.36, -6.37 	0.00, 30.00 	11,27,56,350		0.00,3.81	0,0 	0
116     	2.19, -10.56, 2.26 	0.19, 0.36, -6.37 	0.00, 30.00 	11,27,56,359		1.17,1.22	0,0 	0
125     	2.20, -10.57, 2.26 	0.19, 0.36, -6.37 	0.00, 30.00 	11,27,56,369		1.73,0.00	0,0 	0
134     	2.21, -10.55, 2.27 	0.19, 0.36, -6.37 	0.00, 30.00 	11,27,56,379		2.62,0.00	0,0 	0
143     	2.20, -10.55, 2.26 	0.19, 0.36, -6.37 	0.00, 30.00 	11,27,56,388		1.24,0.00	0,0 	0
152     	2.19, -10.54, 2.26 	0.18, 0.34, -6.36 	0.00, 30.00 	11,27,56,398		1.73,2.60	0,0 	0
161     	2.18, -10.54, 2.28 	0.18, 0.34, -6.36 	0.00, 30.00 	11,27,56,408		1.24,0.00	0,0 	0
170     	2.17, -10.55, 2.26 	0.18, 0.34, -6.36 	0.00, 30.00 	11,27,56,417		1.24,0.00	0,0 	0
179     	2.17, -10.55, 2.28 	0.18, 0.34, -6.36 	0.00, 30.00 	11,27,56,427		0.00,0.00	0,0 	0
188     	2.17, -10.55, 2.27 	0.18, 0.36, -6.37 	0.00, 30.00 	11,27,56,437		0.00,2.33	0,0 	0
197     	2.17, -10.56, 2.27 	0.17, 0.37, -6.37 	0.00, 30.00 	11,27,56,446		1.17,1.17	0,0 	0
206     	2.17, -10.56, 2.27 	0.17, 0.37, -6.35 	0.00, 30.00 	11,27,56,456		0.00,0.00	0,0 	0
215     	2.18, -10.56, 2.28 	0.17, 0.37, -6.35 	0.00, 30.00 	11,27,56,466		1.24,0.00	0,0 	0
224     	2.18, -10.56, 2.27 	0.21, 0.37, -6.35 	0.00, 30.00 	11,27,56,476		0.00,3.67	0,0 	0
233     	2.18, -10.54, 2.28 	0.21, 0.37, -6.35 	0.00, 30.00 	11,27,56,485		1.17,0.00	0,0 	0
242     	2.19, -10.53, 2.26 	0.21, 0.37, -6.35 	0.00, 30.00 	11,27,56,495		1.68,0.00	0,0 	0
251     	2.18, -10.53, 2.27 	0.17, 0.37, -6.35 	0.00, 30.00 	11,27,56,505		1.24,3.67	0,0 	0
260     	2.16, -10.54, 2.28 	0.17, 0.37, -6.35 	0.00, 30.00 	11,27,56,514		1.24,0.00	0,0 	0
269     	2.16, -10.54, 2.28 	0.16, 0.37, -6.35 	0.00, 30.00 	11,27,56,524		0.00,1.22	0,0 	0
278     	2.16, -10.54, 2.28 	0.17, 0.36, -6.35 	0.00, 30.00 	11,27,56,534		0.00,1.17	0,0 	0
287     	2.19, -10.55, 2.28 	0.17, 0.36, -6.35 	0.00, 30.00 	11,27,56,543		3.46,0.00	0,0 	0
296     	2.20, -10.55, 2.28 	0.16, 0.38, -6.35 	0.00, 30.00 	11,27,56,553		1.24,2.33	0,0 	0
305     	2.22, -10.56, 2.28 	0.20, 0.37, -6.35 	0.00, 30.00 	11,27,56,563		2.78,3.89	0,0 	0
314     	2.21, -10.56, 2.28 	0.20, 0.38, -6.35 	0.00, 30.00 	11,27,56,572		1.24,1.17	0,0 	0
323     	2.21, -10.56, 2.27 	0.20, 0.37, -6.35 	0.00, 30.00 	11,27,56,582		0.00,1.17	0,0 	0
332     	2.19, -10.54, 2.27 	0.20, 0.38, -6.35 	0.00, 30.00 	11,27,56,592		3.46,1.17	0,0 	0
341     	2.18, -10.53, 2.28 	0.20, 0.37, -6.35 	0.00, 30.00 	11,27,56,601		1.73,1.17	0,0 	0
350     	2.18, -10.53, 2.28 	0.20, 0.39, -6.35 	0.00, 30.00 	11,27,56,611		0.00,2.60	0,0 	0
359     	2.19, -10.52, 2.27 	0.21, 0.38, -6.35 	0.00, 30.00 	11,27,56,621		1.68,1.17	0,0 	0
368     	2.17, -10.52, 2.28 	0.17, 0.39, -6.36 	0.00, 30.00 	11,27,56,630		1.24,3.89	0,0 	0
377     	2.17, -10.52, 2.28 	0.17, 0.39, -6.37 	0.00, 30.00 	11,27,56,640		0.00,0.00	0,0 	0
386     	2.20, -10.54, 2.28 	0.17, 0.39, -6.37 	0.00, 30.00 	11,27,56,650		3.46,0.00	0,0 	0
395     	2.20, -10.53, 2.28 	0.17, 0.39, -6.37 	0.00, 30.00 	11,27,56,659		1.17,0.00	0,0 	0
404     	2.21, -10.52, 2.28 	0.17, 0.40, -6.35 	0.00, 30.00 	11,27,56,669		1.68,1.17	0,0 	0
413     	2.20, -10.52, 2.28 	0.17, 0.40, -6.37 	0.00, 30.00 	11,27,56,679		1.24,0.00	0,0 	0
422     	2.21, -10.52, 2.27 	0.17, 0.40, -6.37 	0.00, 30.00 	11,27,56,688		1.24,0.00	0,0 	0
431     	2.20, -10.52, 2.27 	0.17, 0.40, -6.37 	0.00, 30.00 	11,27,56,698		1.24,0.00	0,0 	0
440     	2.18, -10.51, 2.28 	0.16, 0.39, -6.37 	0.00, 30.00 	11,27,56,708		1.73,1.66	0,0 	0
449     	2.18, -10.51, 2.28 	0.16, 0.39, -6.37 	0.00, 30.00 	11,27,56,718		0.00,0.00	0,0 	0
458     	2.17, -10.51, 2.28 	0.15, 0.38, -6.35 	0.00, 30.00 	11,27,56,727		1.24,1.66	0,0 	0
467     	2.17, -10.52, 2.27 	0.16, 0.38, -6.35 	0.00, 30.00 	11,27,56,737		1.17,1.22	0,0 	0
476     	2.17, -10.52, 2.27 	0.12, 0.38, -6.34 	0.00, 30.00 	11,27,56,747		0.00,5.07	0,0 	0
485     	2.19, -10.53, 2.27 	0.15, 0.40, -6.36 	0.00, 30.00 	11,27,56,756		1.73,3.81	0,0 	0
494     	2.19, -10.53, 2.27 	0.16, 0.40, -6.35 	0.00, 30.00 	11,27,56,766		0.00,1.22	0,0 	0
503     	2.20, -10.53, 2.27 	0.20, 0.40, -6.36 	0.00, 30.00 	11,27,56,776		1.24,4.89	0,0 	0
512     	2.20, -10.52, 2.27 	0.23, 0.39, -6.35 	0.00, 30.00 	11,27,56,785		1.17,2.75	0,0 	0
521     	2.18, -10.51, 2.28 	0.23, 0.37, -6.35 	0.00, 30.00 	11,27,56,795		1.73,2.33	0,0 	0
530     	2.21, -10.51, 2.26 	0.24, 0.39, -6.34 	0.00, 30.00 	11,27,56,805		2.49,2.60	0,0 	0
539     	2.20, -10.52, 2.25 	0.19, 0.40, -6.35 	0.00, 30.00 	11,27,56,814		1.68,5.07	0,0 	0
548     	2.20, -10.52, 2.25 	0.18, 0.40, -6.36 	0.00, 30.00 	11,27,56,824		0.00,1.22	0,0 	0
557     	2.20, -10.52, 2.25 	0.18, 0.39, -6.35 	0.00, 30.00 	11,27,56,834		0.00,1.17	0,0 	0
566     	2.21, -10.53, 2.25 	0.13, 0.37, -6.34 	0.00, 30.00 	11,27,56,843		1.73,6.19	0,0 	0
575     	2.22, -10.54, 2.25 	0.16, 0.38, -6.35 	0.00, 30.00 	11,27,56,853		1.73,3.67	0,0 	0
584     	2.21, -10.54, 2.25 	0.16, 0.40, -6.35 	0.00, 30.00 	11,27,56,863		1.24,2.33	0,0 	0
593     	2.21, -10.55, 2.24 	0.24, 0.39, -6.36 	0.00, 30.00 	11,27,56,872		1.17,8.68	0,0 	0
602     	2.23, -10.54, 2.25 	0.22, 0.44, -6.38 	0.00, 30.00 	11,27,56,882		2.72,4.87	0,0 	0
611     	2.23, -10.54, 2.24 	0.23, 0.44, -6.38 	0.00, 30.00 	11,27,56,892		0.00,1.22	0,0 	0
620     	2.22, -10.54, 2.24 	0.23, 0.45, -6.38 	0.00, 30.00 	11,27,56,901		1.24,1.17	0,0 	0
629     	2.22, -10.54, 2.24 	0.23, 0.45, -6.38 	0.00, 30.00 	11,27,56,911		0.00,0.00	0,0 	0
638     	2.23, -10.55, 2.24 	0.21, 0.42, -6.39 	0.00, 30.00 	11,27,56,921		1.73,3.32	0,0 	0
647     	2.22, -10.55, 2.24 	0.19, 0.41, -6.37 	0.00, 30.00 	11,27,56,931		1.24,2.68	0,0 	0
656     	2.24, -10.56, 2.24 	0.17, 0.45, -6.40 	0.00, 30.00 	11,27,56,940		1.73,4.87	0,0 	0
665     	2.24, -10.56, 2.24 	0.21, 0.45, -6.42 	0.00, 30.00 	11,27,56,950		0.00,3.67	0,0 	0
674     	2.25, -10.56, 2.24 	0.32, 0.62, -6.53 	0.00, 30.00 	11,27,56,960		1.24,22.47	0,0 	0
683     	2.25, -10.56, 2.25 	0.66, 1.05, -6.76 	0.00, 30.00 	11,27,56,969		0.00,60.65	0,0 	0
692     	2.26, -10.55, 2.25 	0.86, 1.28, -6.80 	0.00, 30.00 	11,27,56,979		1.68,34.13	0,0 	0
701     	2.23, -10.55, 2.25 	0.99, 1.43, -6.81 	0.00, 30.00 	11,27,56,989		2.49,21.61	0,0 	0
710     	2.22, -10.55, 2.25 	1.07, 1.65, -6.87 	0.00, 30.00 	11,27,56,998		1.24,25.99	0,0 	0
719     	2.22, -10.54, 2.25 	1.19, 1.81, -6.90 	0.00, 30.00 	11,27,57,8		1.17,22.42	0,0 	0
728     	2.21, -10.52, 2.25 	1.24, 2.07, -6.98 	0.00, 30.00 	11,27,57,18		2.68,29.36	0,0 	0
737     	2.19, -10.52, 2.25 	1.38, 2.36, -7.13 	0.00, 30.00 	11,27,57,27		2.49,35.56	0,0 	0
746     	2.19, -10.53, 2.24 	1.59, 2.73, -7.29 	0.00, 30.00 	11,27,57,37		1.17,46.93	0,0 	0
755     	2.20, -10.54, 2.24 	1.90, 3.07, -7.43 	0.00, 30.00 	11,27,57,47		1.73,51.65	0,0 	0
764     	2.22, -10.54, 2.25 	2.18, 3.38, -7.58 	0.00, 30.00 	11,27,57,56		2.49,45.91	0,0 	0
773     	2.22, -10.55, 2.25 	2.41, 3.70, -7.71 	0.00, 30.00 	11,27,57,66		1.17,44.01	0,0 	0
782     	2.23, -10.55, 2.24 	2.65, 4.00, -7.82 	0.00, 30.00 	11,27,57,76		1.24,43.18	0,0 	0
791     	2.23, -10.55, 2.24 	2.83, 4.28, -7.92 	0.00, 30.00 	11,27,57,85		0.00,36.57	0,0 	0
800     	2.22, -10.54, 2.23 	3.08, 4.54, -8.02 	0.00, 30.00 	11,27,57,95		1.73,40.02	0,0 	0
809     	2.23, -10.54, 2.23 	3.04, 4.86, -8.16 	0.00, 30.00 	11,27,57,105		1.24,35.00	0,0 	0
818     	2.23, -10.54, 2.23 	3.03, 5.25, -8.34 	0.00, 30.00 	11,27,57,114		0.00,43.22	0,0 	0
827     	2.23, -10.54, 2.24 	3.04, 5.56, -8.51 	0.00, 30.00 	11,27,57,124		0.00,35.34	0,0 	0
836     	2.22, -10.53, 2.24 	3.14, 5.85, -8.67 	0.00, 30.00 	11,27,57,134		1.73,33.79	0,0 	0
845     	2.19, -10.53, 2.23 	3.13, 6.21, -8.83 	0.00, 30.00 	11,27,57,143		3.73,39.73	0,0 	0
854     	2.20, -10.53, 2.22 	3.30, 6.56, -8.96 	0.00, 30.00 	11,27,57,153		1.24,43.96	0,0 	0
863     	2.20, -10.53, 2.23 	3.46, 6.91, -9.10 	0.00, 30.00 	11,27,57,163		0.00,42.72	0,0 	0
872     	2.21, -10.53, 2.24 	3.58, 7.27, -9.24 	0.00, 30.00 	11,27,57,173		1.24,42.62	0,0 	0
881     	2.21, -10.53, 2.24 	3.62, 7.53, -9.36 	0.00, 30.00 	11,27,57,182		0.00,28.72	0,0 	0
890     	2.21, -10.54, 2.23 	3.65, 7.80, -9.47 	0.00, 30.00 	11,27,57,192		1.17,29.85	0,0 	0
899     	2.20, -10.52, 2.24 	3.66, 7.92, -9.58 	0.00, 30.00 	11,27,57,202		2.68,13.23	0,0 	0
908     	2.21, -10.54, 2.23 	3.70, 8.09, -9.73 	0.00, 30.00 	11,27,57,211		2.68,19.46	0,0 	0
917     	2.20, -10.55, 2.23 	3.72, 8.32, -9.87 	0.00, 30.00 	11,27,57,221		1.68,26.20	0,0 	0
926     	2.20, -10.55, 2.24 	3.71, 8.63, -10.04 	0.00, 30.00 	11,27,57,231		0.00,33.92	0,0 	0
935     	2.18, -10.56, 2.24 	3.70, 9.01, -10.19 	0.00, 30.00 	11,27,57,240		2.49,42.06	0,0 	0
944     	2.19, -10.55, 2.23 	3.70, 9.42, -10.34 	0.00, 30.00 	11,27,57,250		1.24,45.73	0,0 	0
953     	2.19, -10.56, 2.23 	3.70, 9.86, -10.44 	0.00, 30.00 	11,27,57,260		1.17,49.32	0,0 	0
962     	2.23, -10.57, 2.22 	3.75, 10.23, -10.55 	0.00, 30.00 	11,27,57,269		3.94,40.83	0,0 	0
971     	2.19, -10.57, 2.22 	3.81, 10.54, -10.62 	0.00, 30.00 	11,27,57,279		3.73,35.24	0,0 	0
980     	2.21, -10.58, 2.23 	3.85, 10.81, -10.68 	0.00, 30.00 	11,27,57,289		1.73,30.13	0,0 	0
989     	2.20, -10.57, 2.21 	3.83, 11.08, -10.76 	0.00, 30.00 	11,27,57,298		1.17,30.33	0,0 	0
998     	2.21, -10.56, 2.22 	3.81, 11.35, -10.86 	0.00, 30.00 	11,27,57,308		1.68,30.36	0,0 	0
1007    	2.21, -10.56, 2.22 	3.72, 11.57, -10.95 	0.00, 30.00 	11,27,57,318		0.00,26.94	1000,1 	0
1016    	2.21, -10.55, 2.22 	3.62, 11.78, -11.04 	0.00, 30.00 	11,27,57,327		1.17,25.82	1000,1 	0
1025    	2.18, -10.54, 2.22 	3.58, 11.99, -11.10 	0.00, 30.00 	11,27,57,337		3.94,23.42	1000,1 	0
1034    	2.20, -10.54, 2.23 	3.54, 12.26, -11.16 	0.00, 30.00 	11,27,57,347		2.49,30.35	1000,1 	0
1043    	2.19, -10.54, 2.24 	3.57, 12.58, -11.23 	0.00, 30.00 	11,27,57,356		1.24,35.53	1000,1 	0
1052    	2.19, -10.56, 2.24 	3.48, 12.89, -11.30 	0.00, 30.00 	11,27,57,366		2.34,35.52	1000,1 	0
1061    	2.20, -10.54, 2.24 	3.41, 13.21, -11.35 	0.00, 30.00 	11,27,57,376		2.62,36.49	1000,1 	0
1070    	2.21, -10.53, 2.24 	3.44, 13.45, -11.40 	0.00, 30.00 	11,27,57,386		1.68,27.59	1000,1 	0
1079    	2.22, -10.54, 2.24 	3.38, 13.68, -11.46 	0.00, 30.00 	11,27,57,395		1.73,26.06	1000,1 	0
1088    	2.19, -10.52, 2.24 	3.28, 13.88, -11.51 	0.00, 30.00 	11,27,57,405		4.46,24.71	1000,1 	0
1097    	2.18, -10.51, 2.24 	3.17, 14.06, -11.57 	0.00, 30.00 	11,27,57,415		1.17,23.47	1000,1 	0
1106    	2.20, -10.51, 2.25 	3.06, 14.23, -11.63 	0.00, 30.00 	11,27,57,424		1.24,22.42	1000,1 	0
1115    	2.19, -10.52, 2.25 	2.97, 14.47, -11.68 	0.00, 30.00 	11,27,57,434		1.68,28.87	1000,1 	0
1124    	2.16, -10.50, 2.25 	2.93, 14.78, -11.74 	0.00, 30.00 	11,27,57,444		3.46,35.02	1000,1 	0
1133    	2.16, -10.51, 2.25 	2.90, 15.05, -11.79 	0.00, 30.00 	11,27,57,453		1.17,29.16	1000,1 	0
1142    	2.18, -10.51, 2.25 	2.89, 15.32, -11.86 	0.00, 30.00 	11,27,57,463		2.49,30.36	1000,1 	0
1151    	2.17, -10.51, 2.25 	2.96, 15.57, -11.90 	0.00, 30.00 	11,27,57,473		1.24,29.13	1000,1 	0
1160    	2.17, -10.52, 2.23 	2.96, 15.78, -11.94 	0.00, 30.00 	11,27,57,482		1.17,23.39	1000,1 	0
1169    	2.19, -10.52, 2.24 	2.94, 15.94, -11.98 	0.00, 30.00 	11,27,57,492		1.24,17.51	1000,1 	0
1178    	2.16, -10.51, 2.24 	2.88, 15.99, -12.03 	0.00, 30.00 	11,27,57,502		2.78,8.68	1000,1 	0
1187    	2.17, -10.51, 2.24 	2.88, 16.04, -12.09 	0.00, 30.00 	11,27,57,511		1.24,4.67	1000,1 	0
1196    	2.17, -10.50, 2.23 	2.78, 16.12, -12.17 	0.00, 30.00 	11,27,57,521		1.17,14.60	1000,1 	0
1205    	2.16, -10.50, 2.23 	2.81, 16.25, -12.23 	0.00, 30.00 	11,27,57,531		1.24,14.68	1000,1 	0
1214    	2.16, -10.50, 2.23 	2.75, 16.37, -12.30 	0.00, 30.00 	11,27,57,540		0.00,14.99	1000,1 	0
1223    	2.17, -10.51, 2.23 	2.81, 16.49, -12.36 	0.00, 30.00 	11,27,57,550		1.73,15.19	1000,1 	0
1232    	2.17, -10.52, 2.23 	2.79, 16.59, -12.40 	0.00, 30.00 	11,27,57,560		1.17,10.50	1000,1 	0
1241    	2.17, -10.52, 2.22 	2.83, 16.67, -12.44 	0.00, 30.00 	11,27,57,569		0.00,10.40	1000,1 	0
1250    	2.16, -10.53, 2.23 	2.82, 16.66, -12.45 	0.00, 30.00 	11,27,57,579		1.24,1.66	1000,1 	0
1259    	2.16, -10.54, 2.23 	2.84, 16.66, -12.47 	0.00, 30.00 	11,27,57,589		1.17,2.45	1000,1 	0
1268    	2.15, -10.54, 2.23 	2.77, 16.66, -12.52 	0.00, 30.00 	11,27,57,598		1.24,7.34	1000,1 	0
1277    	2.14, -10.53, 2.22 	2.69, 16.62, -12.55 	0.00, 30.00 	11,27,57,608		1.73,10.29	1000,1 	0
1286    	2.15, -10.53, 2.21 	2.62, 16.48, -12.56 	0.00, 30.00 	11,27,57,618		1.24,16.82	1000,1 	0
1295    	2.15, -10.52, 2.23 	2.51, 16.39, -12.62 	0.00, 30.00 	11,27,57,628		1.17,16.12	1000,1 	0
1304    	2.15, -10.52, 2.22 	2.47, 16.34, -12.68 	0.00, 30.00 	11,27,57,637		0.00,6.65	1000,1 	0
1313    	2.15, -10.53, 2.23 	2.43, 16.34, -12.74 	0.00, 30.00 	11,27,57,647		1.17,4.89	1000,1 	0
1322    	2.15, -10.53, 2.23 	2.41, 16.36, -12.79 	0.00, 30.00 	11,27,57,657		0.00,2.67	1000,1 	0
1331    	2.15, -10.53, 2.24 	2.45, 16.39, -12.84 	0.00, 30.00 	11,27,57,666		0.00,5.92	1000,1 	0
1340    	2.18, -10.53, 2.23 	2.41, 16.40, -12.87 	0.00, 30.00 	11,27,57,676		2.78,5.07	1000,1 	0
1349    	2.18, -10.53, 2.22 	2.43, 16.42, -12.87 	0.00, 30.00 	11,27,57,685		0.00,3.32	1000,1 	0
1358    	2.19, -10.52, 2.22 	2.40, 16.44, -12.89 	0.00, 30.00 	11,27,57,695		1.68,3.44	1000,1 	0
1367    	2.16, -10.51, 2.22 	2.40, 16.43, -12.87 	0.00, 30.00 	11,27,57,705		2.78,1.17	1000,1 	0
1376    	2.15, -10.52, 2.22 	2.34, 16.41, -12.88 	0.00, 30.00 	11,27,57,715		1.24,7.40	1000,1 	0
1385    	2.15, -10.48, 2.22 	2.33, 16.40, -12.87 	0.00, 30.00 	11,27,57,724		3.51,1.66	1000,1 	0
1394    	2.15, -10.48, 2.22 	2.31, 16.36, -12.87 	0.00, 30.00 	11,27,57,734		0.00,5.20	1000,1 	0
1403    	2.14, -10.50, 2.23 	2.29, 16.37, -12.88 	0.00, 30.00 	11,27,57,744		1.68,2.75	1000,1 	0
1412    	2.13, -10.50, 2.22 	2.30, 16.38, -12.88 	0.00, 30.00 	11,27,57,753		1.24,1.66	1000,1 	0
1421    	2.13, -10.50, 2.23 	2.26, 16.40, -12.88 	0.00, 30.00 	11,27,57,763		0.00,4.42	1000,1 	0
1430    	2.14, -10.51, 2.24 	2.25, 16.39, -12.87 	0.00, 30.00 	11,27,57,773		1.73,1.22	1000,1 	0
1439    	2.16, -10.51, 2.24 	2.25, 16.42, -12.88 	0.00, 30.00 	11,27,57,782		2.78,2.33	1000,1 	0
1448    	2.16, -10.50, 2.23 	2.27, 16.46, -12.86 	0.00, 30.00 	11,27,57,792		1.17,5.20	1000,1 	0
1457    	2.16, -10.50, 2.24 	2.26, 16.51, -12.84 	0.00, 30.00 	11,27,57,802		0.00,5.84	1000,1 	0
1466    	2.16, -10.49, 2.24 	2.27, 16.61, -12.79 	0.00, 30.00 	11,27,57,811		1.17,10.71	1000,1 	0
1475    	2.12, -10.49, 2.23 	2.19, 16.81, -12.74 	0.00, 30.00 	11,27,57,821		3.94,24.33	1000,1 	0
1484    	2.12, -10.48, 2.23 	2.14, 17.07, -12.68 	0.00, 30.00 	11,27,57,831		1.17,29.25	1000,1 	0
1493    	2.10, -10.48, 2.24 	2.08, 17.37, -12.64 	0.00, 30.00 	11,27,57,841		2.49,34.02	1000,1 	0
1502    	2.10, -10.48, 2.24 	2.09, 17.60, -12.63 	0.00, 30.00 	11,27,57,850		0.00,25.98	1000,1 	0
1511    	2.10, -10.49, 2.23 	2.09, 17.89, -12.58 	0.00, 30.00 	11,27,57,860		1.17,31.60	1000,1 	0
1520    	2.13, -10.50, 2.24 	2.08, 18.15, -12.52 	0.00, 30.00 	11,27,57,870		2.78,29.29	1000,1 	0
1529    	2.14, -10.50, 2.23 	2.10, 18.45, -12.48 	0.00, 30.00 	11,27,57,879		1.24,33.05	1000,1 	0
1538    	2.16, -10.49, 2.24 	2.13, 18.77, -12.44 	0.00, 30.00 	11,27,57,889		2.49,35.77	1000,1 	0
1547    	2.15, -10.51, 2.23 	2.06, 19.14, -12.37 	0.00, 30.00 	11,27,57,899		1.68,42.17	1000,1 	0
1556    	2.16, -10.48, 2.23 	1.98, 19.51, -12.28 	0.00, 30.00 	11,27,57,908		2.62,42.30	1000,1 	0
1565    	2.14, -10.46, 2.24 	1.89, 19.86, -12.19 	0.00, 30.00 	11,27,57,918		2.68,40.15	1000,1 	0
1574    	2.11, -10.46, 2.24 	1.77, 20.25, -12.11 	0.00, 30.00 	11,27,57,928		3.94,45.20	1000,1 	0
1583    	2.11, -10.47, 2.25 	1.69, 20.72, -12.03 	0.00, 30.00 	11,27,57,937		1.17,52.58	1000,1 	0
1592    	2.10, -10.46, 2.24 	1.60, 21.24, -11.93 	0.00, 30.00 	11,27,57,947		1.73,58.49	1000,1 	0
1601    	2.10, -10.46, 2.25 	1.54, 21.74, -11.80 	0.00, 30.00 	11,27,57,957		0.00,56.00	1000,1 	0
1610    	2.10, -10.48, 2.25 	1.50, 22.31, -11.67 	0.00, 30.00 	11,27,57,966		2.34,64.18	1000,1 	0
1619    	2.12, -10.48, 2.24 	1.45, 22.87, -11.52 	0.00, 30.00 	11,27,57,976		2.49,61.83	1000,1 	0
1628    	2.12, -10.49, 2.25 	1.38, 23.38, -11.33 	0.00, 30.00 	11,27,57,986		1.17,57.19	1000,1 	0
1637    	2.12, -10.49, 2.25 	1.29, 23.85, -11.16 	0.00, 30.00 	11,27,57,995		0.00,53.83	1000,1 	0
1646    	2.12, -10.49, 2.25 	1.20, 24.35, -10.97 	0.00, 30.00 	11,27,57,5		0.00,56.16	1000,1 	0
1655    	2.14, -10.50, 2.25 	1.12, 24.86, -10.78 	0.00, 30.00 	11,27,58,15		1.73,57.25	1000,1 	0
1664    	2.12, -10.48, 2.25 	1.05, 25.33, -10.60 	0.00, 30.00 	11,27,58,24		2.68,52.58	1000,1 	0
1673    	2.11, -10.46, 2.25 	0.96, 25.75, -10.39 	0.00, 30.00 	11,27,58,34		2.68,48.12	1000,1 	0
1682    	2.11, -10.46, 2.25 	0.91, 26.19, -10.20 	0.00, 30.00 	11,27,58,44		0.00,49.00	1000,1 	0
1691    	2.10, -10.47, 2.24 	0.86, 26.63, -9.98 	0.00, 30.00 	11,27,58,53		1.68,49.00	1000,1 	0
1700    	2.11, -10.47, 2.24 	0.86, 27.05, -9.77 	0.00, 30.00 	11,27,58,63		1.24,46.88	1000,1 	0
1709    	2.11, -10.48, 2.24 	0.83, 27.43, -9.55 	0.00, 30.00 	11,27,58,73		1.17,42.01	1000,1 	0
1718    	2.12, -10.49, 2.24 	0.82, 27.77, -9.34 	0.00, 30.00 	11,27,58,83		1.73,38.57	1000,1 	0
1727    	2.10, -10.48, 2.24 	0.80, 28.08, -9.14 	0.00, 30.00 	11,27,58,92		2.78,33.85	1000,1 	0
1736    	2.11, -10.49, 2.24 	0.79, 28.36, -8.95 	0.00, 30.00 	11,27,58,102		1.73,31.60	1000,1 	0
1745    	2.13, -10.48, 2.24 	0.81, 28.59, -8.77 	0.00, 30.00 	11,27,58,112		2.72,25.98	1000,1 	0
1754    	2.12, -10.48, 2.23 	0.76, 28.80, -8.61 	0.00, 30.00 	11,27,58,121		1.24,23.55	1000,1 	0
1763    	2.11, -10.47, 2.23 	0.75, 28.98, -8.46 	0.00, 30.00 	11,27,58,131		1.73,19.91	1000,1 	0
1772    	2.12, -10.46, 2.24 	0.72, 29.16, -8.32 	0.00, 30.00 	11,27,58,141		1.68,19.92	1000,1 	0
1781    	2.11, -10.45, 2.23 	0.69, 29.32, -8.20 	0.00, 30.00 	11,27,58,150		1.73,18.76	1000,1 	0
1790    	2.09, -10.46, 2.23 	0.61, 29.45, -8.07 	0.00, 30.00 	11,27,58,160		2.72,16.55	1000,1 	0
1799    	2.10, -10.47, 2.24 	0.56, 29.60, -7.95 	0.00, 30.00 	11,27,58,170		1.73,18.01	1000,1 	0
1808    	2.12, -10.47, 2.23 	0.50, 29.72, -7.86 	0.00, 30.00 	11,27,58,179		2.49,14.99	1000,1 	0
1817    	2.13, -10.48, 2.23 	0.42, 29.82, -7.75 	0.00, 30.00 	11,27,58,189		1.73,14.00	1000,1 	0
1826    	2.12, -10.48, 2.22 	0.34, 29.91, -7.66 	0.00, 30.00 	11,27,58,199		1.24,13.02	1000,1 	0
1835    	2.11, -10.48, 2.22 	0.25, 29.97, -7.56 	0.00, 30.00 	11,27,58,208		1.24,12.03	1000,1 	0
1844    	2.13, -10.45, 2.23 	0.14, 30.01, -7.47 	0.00, 30.00 	11,27,58,218		3.37,13.73	1000,1 	0
1853    	2.10, -10.45, 2.23 	0.04, 30.06, -7.37 	0.00, 30.00 	11,27,58,228		3.94,11.56	1000,1 	0
1862    	2.06, -10.43, 2.24 	-0.05, 30.07, -7.29 	0.00, 30.00 	11,27,58,237		4.46,10.14	1000,1 	0
1871    	2.07, -10.43, 2.25 	-0.15, 30.08, -7.22 	0.00, 30.00 	11,27,58,247		1.24,11.33	1000,1 	0
1880    	2.06, -10.41, 2.25 	-0.27, 30.06, -7.15 	0.00, 30.00 	11,27,58,257		2.68,13.47	1000,1 	0
1889    	2.06, -10.42, 2.25 	-0.34, 30.06, -7.11 	0.00, 30.00 	11,27,58,266		1.17,7.47	1000,1 	0
1898    	2.06, -10.42, 2.25 	-0.38, 30.07, -7.10 	0.00, 30.00 	11,27,58,276		0.00,5.07	1000,1 	0
1907    	2.07, -10.43, 2.25 	-0.42, 30.07, -7.09 	0.00, 30.00 	11,27,58,286		1.73,3.89	1000,1 	0
1916    	2.09, -10.44, 2.24 	-0.41, 30.08, -7.08 	0.00, 30.00 	11,27,58,295		2.78,1.22	1000,1 	0
1925    	2.09, -10.43, 2.24 	-0.41, 30.06, -7.07 	0.00, 30.00 	11,27,58,305		1.17,1.66	1000,1 	0
1934    	2.09, -10.43, 2.25 	-0.43, 30.07, -7.07 	0.00, 30.00 	11,27,58,315		0.00,1.72	1000,1 	0
1943    	2.08, -10.43, 2.25 	-0.43, 30.07, -7.06 	0.00, 30.00 	11,27,58,324		1.24,0.00	1000,1 	0
1952    	2.08, -10.42, 2.25 	-0.45, 30.06, -7.06 	0.00, 30.00 	11,27,58,334		1.17,2.68	1000,1 	0
1961    	2.08, -10.42, 2.24 	-0.45, 30.06, -7.06 	0.00, 30.00 	11,27,58,344		0.00,0.00	1000,1 	0
1970    	2.10, -10.42, 2.24 	-0.44, 30.07, -7.06 	0.00, 30.00 	11,27,58,353		2.49,1.66	1000,1 	0
1979    	2.09, -10.42, 2.24 	-0.44, 30.06, -7.06 	0.00, 30.00 	11,27,58,363		1.24,1.17	1000,1 	0
1988    	2.09, -10.43, 2.24 	-0.40, 30.06, -7.05 	0.00, 30.00 	11,27,58,373		1.17,3.89	1000,1 	0
1997    	2.09, -10.44, 2.24 	-0.37, 30.06, -7.05 	0.00, 30.00 	11,27,58,383		1.17,3.67	1000,1 	0
2006    	2.11, -10.44, 2.23 	-0.35, 30.08, -7.04 	0.00, 30.00 	11,27,58,392		1.24,3.32	1000,1 	0
2015    	2.10, -10.43, 2.23 	-0.33, 30.08, -7.04 	0.00, 30.00 	11,27,58,402		1.17,2.45	1000,1 	0
2024    	2.10, -10.45, 2.22 	-0.33, 30.07, -7.04 	0.00, 30.00 	11,27,58,412		2.62,1.17	1000,1 	0
2033    	2.13, -10.44, 2.22 	-0.31, 30.05, -7.04 	0.00, 30.00 	11,27,58,421		3.73,2.67	1000,1 	0
2042    	2.11, -10.45, 2.22 	-0.32, 30.05, -7.04 	0.00, 30.00 	11,27,58,431		2.49,1.22	1000,1 	0
2051    	2.14, -10.42, 2.22 	-0.32, 30.05, -7.04 	0.00, 30.00 	11,27,58,441		4.35,0.00	1000,1 	0
2060    	2.12, -10.42, 2.23 	-0.34, 30.05, -7.04 	0.00, 30.00 	11,27,58,450		2.49,1.22	1000,1 	0
2069    	2.12, -10.43, 2.22 	-0.34, 30.05, -7.04 	0.00, 30.00 	11,27,58,460		1.17,0.00	1000,1 	0
2078    	2.11, -10.45, 2.22 	-0.34, 30.06, -7.04 	0.00, 30.00 	11,27,58,470		1.68,1.17	1000,1 	0
2087    	2.11, -10.44, 2.22 	-0.33, 30.08, -7.04 	0.00, 30.00 	11,27,58,479		1.17,2.60	1000,1 	0
2096    	2.11, -10.46, 2.22 	-0.33, 30.08, -7.04 	0.00, 30.00 	11,27,58,489		2.34,0.00	1000,1 	0
2105    	2.13, -10.46, 2.21 	-0.33, 30.07, -7.04 	0.00, 30.00 	11,27,58,499		2.78,1.17	1000,1 	0
2114    	2.13, -10.46, 2.21 	-0.31, 30.10, -7.04 	0.00, 30.00 	11,27,58,508		0.00,3.32	1000,1 	0
2123    	2.13, -10.46, 2.21 	-0.31, 30.08, -7.04 	0.00, 30.00 	11,27,58,518		0.00,2.33	1000,1 	0
2132    	2.12, -10.47, 2.22 	-0.33, 30.07, -7.03 	0.00, 30.00 	11,27,58,528		1.24,2.45	1000,1 	0
2141    	2.12, -10.47, 2.22 	-0.34, 30.05, -7.03 	0.00, 30.00 	11,27,58,538		0.00,2.60	1000,1 	0
2150    	2.10, -10.45, 2.23 	-0.31, 30.06, -7.03 	0.00, 30.00 	11,27,58,547		3.46,2.68	1000,1 	0
2159    	2.10, -10.46, 2.23 	-0.32, 30.07, -7.04 	0.00, 30.00 	11,27,58,557		1.17,1.17	1000,1 	0
2168    	2.10, -10.45, 2.23 	-0.31, 30.09, -7.05 	0.00, 30.00 	11,27,58,566		1.17,1.66	1000,1 	0
2177    	2.12, -10.46, 2.23 	-0.30, 30.10, -7.05 	0.00, 30.00 	11,27,58,576		2.78,1.66	1000,1 	0
2186    	2.12, -10.46, 2.23 	-0.30, 30.09, -7.05 	0.00, 30.00 	11,27,58,586		0.00,1.17	1000,1 	0
2195    	2.13, -10.45, 2.22 	-0.30, 30.09, -7.04 	0.00, 30.00 	11,27,58,596		1.24,0.00	1000,1 	0
2204    	2.13, -10.46, 2.21 	-0.28, 30.09, -7.04 	0.00, 30.00 	11,27,58,605		1.17,1.22	1000,1 	0
2213    	2.12, -10.46, 2.22 	-0.28, 30.09, -7.04 	0.00, 30.00 	11,27,58,615		1.73,0.00	1000,1 	0
2222    	2.13, -10.46, 2.22 	-0.30, 30.09, -7.04 	0.00, 30.00 	11,27,58,625		1.73,1.22	1000,1 	0
2231    	2.12, -10.46, 2.22 	-0.28, 30.08, -7.04 	0.00, 30.00 	11,27,58,634		1.73,1.72	1000,1 	0
2240    	2.13, -10.44, 2.23 	-0.28, 30.08, -7.04 	0.00, 30.00 	11,27,58,644		1.68,0.00	1000,1 	0
2249    	2.09, -10.43, 2.23 	-0.29, 30.08, -7.04 	0.00, 30.00 	11,27,58,654		4.46,1.22	1000,1 	0
2258    	2.09, -10.44, 2.23 	-0.29, 30.08, -7.04 	0.00, 30.00 	11,27,58,663		1.17,0.00	1000,1 	0
2267    	2.12, -10.45, 2.23 	-0.30, 30.07, -7.04 	0.00, 30.00 	11,27,58,673		2.78,1.66	1000,1 	0
2276    	2.12, -10.46, 2.23 	-0.29, 30.07, -7.04 	0.00, 30.00 	11,27,58,683		1.17,1.22	1000,1 	0
2285    	2.12, -10.47, 2.22 	-0.28, 30.08, -7.04 	0.00, 30.00 	11,27,58,692		1.17,1.66	1000,1 	0
2294    	2.14, -10.46, 2.23 	-0.27, 30.09, -7.04 	0.00, 30.00 	11,27,58,702		2.49,1.66	1000,1 	0
2303    	2.13, -10.45, 2.22 	-0.28, 30.09, -7.05 	0.00, -0.00 	11,27,58,721		1.73,1.22	1000,1 	0
2312    	2.12, -10.46, 2.21 	-0.27, 30.09, -7.05 	0.00, -0.00 	11,27,58,731		1.24,1.22	1000,1 	0
2321    	2.13, -10.43, 2.23 	-0.28, 30.10, -7.04 	0.00, -0.00 	11,27,58,741		2.62,1.17	1000,1 	0
2330    	2.12, -10.45, 2.23 	-0.27, 30.09, -7.04 	0.00, -0.00 	11,27,58,751		1.68,1.17	1000,1 	0
2339    	2.12, -10.43, 2.23 	-0.27, 30.09, -7.05 	0.00, -0.00 	11,27,58,760		1.17,0.00	1000,1 	0
2348    	2.11, -10.44, 2.24 	-0.28, 30.09, -7.04 	0.00, -0.00 	11,27,58,770		1.24,1.22	1000,1 	0
2357    	2.11, -10.45, 2.24 	-0.28, 30.09, -7.04 	0.00, -0.00 	11,27,58,780		1.17,0.00	1000,1 	0
2366    	2.12, -10.46, 2.24 	-0.28, 30.08, -7.04 	0.00, -0.00 	11,27,58,789		1.73,1.17	1000,1 	0
2375    	2.13, -10.46, 2.23 	-0.28, 30.09, -7.05 	0.00, -0.00 	11,27,58,799		1.73,1.17	1000,1 	0
2384    	2.12, -10.47, 2.23 	-0.27, 30.08, -7.04 	0.00, -0.00 	11,27,58,809		1.24,1.72	1000,1 	0
2393    	2.12, -10.47, 2.23 	-0.27, 30.09, -7.04 	0.00, -0.00 	11,27,58,818		0.00,1.17	1000,1 	0
2402    	2.13, -10.45, 2.23 	-0.27, 30.09, -7.04 	0.00, -0.00 	11,27,58,828		1.68,0.00	1000,1 	0
2411    	2.13, -10.45, 2.23 	-0.27, 30.09, -7.05 	0.00, -0.00 	11,27,58,838		0.00,0.00	1000,1 	0
2420    	2.13, -10.44, 2.23 	-0.28, 30.09, -7.04 	0.00, -0.00 	11,27,58,847		1.17,1.22	1000,1 	0
2429    	2.11, -10.44, 2.23 	-0.27, 30.09, -7.04 	0.00, -0.00 	11,27,58,857		2.78,1.22	1000,1 	0
2438    	2.11, -10.45, 2.24 	-0.28, 30.09, -7.04 	0.00, -0.00 	11,27,58,867		1.17,1.22	1000,1 	0
2447    	2.10, -10.45, 2.24 	-0.28, 30.09, -7.04 	0.00, -0.00 	11,27,58,876		1.24,0.00	1000,1 	0
2456    	2.12, -10.45, 2.25 	-0.28, 30.09, -7.04 	0.00, -0.00 	11,27,58,886		2.49,0.00	1000,1 	0
2465    	2.15, -10.44, 2.24 	-0.26, 30.10, -7.04 	0.00, -0.00 	11,27,58,896		3.73,2.68	1000,1 	0
2474    	2.13, -10.44, 2.24 	-0.27, 30.12, -7.04 	0.00, -0.00 	11,27,58,905		2.49,2.33	1000,1 	0
2483    	2.11, -10.46, 2.24 	-0.27, 30.15, -7.03 	0.00, -0.00 	11,27,58,915		2.72,3.50	1000,1 	0
2492    	2.12, -10.45, 2.24 	-0.26, 30.15, -7.02 	0.00, -0.00 	11,27,58,925		1.68,1.22	1000,1 	0
2501    	2.09, -10.44, 2.25 	-0.26, 30.14, -7.01 	0.00, -0.00 	11,27,58,934		2.78,1.17	1000,1 	0
2510    	2.07, -10.44, 2.23 	-0.26, 30.14, -7.01 	0.00, -0.00 	11,27,58,944		2.49,0.00	1000,1 	0
2519    	2.07, -10.44, 2.25 	-0.25, 30.11, -7.01 	0.00, -0.00 	11,27,58,954		0.00,3.50	1000,1 	0
2528    	2.06, -10.44, 2.24 	-0.22, 30.08, -7.02 	0.00, -0.00 	11,27,58,963		1.24,5.16	1000,1 	0
2537    	2.06, -10.44, 2.25 	-0.17, 30.05, -7.02 	0.00, -0.00 	11,27,58,973		0.00,6.88	1000,1 	0
2546    	2.07, -10.44, 2.25 	-0.14, 29.98, -7.04 	0.00, -0.00 	11,27,58,983		1.24,8.61	1000,1 	0
2555    	2.07, -10.43, 2.25 	-0.10, 29.88, -7.08 	0.00, -0.00 	11,27,58,993		1.17,10.87	1000,1 	0
2564    	2.09, -10.44, 2.24 	-0.09, 29.78, -7.14 	0.00, -0.00 	11,27,58,2		2.78,11.67	1000,1 	0
2573    	2.09, -10.44, 2.25 	-0.06, 29.67, -7.22 	0.00, -0.00 	11,27,59,12		0.00,12.94	1000,1 	0
2582    	2.11, -10.44, 2.25 	-0.04, 29.56, -7.32 	0.00, -0.00 	11,27,59,22		1.24,11.78	1000,1 	0
2591    	2.13, -10.43, 2.24 	-0.01, 29.44, -7.43 	0.00, -0.00 	11,27,59,31		2.49,14.10	1000,1 	0
2600    	2.09, -10.43, 2.24 	-0.01, 29.28, -7.55 	0.00, -0.00 	11,27,59,41		3.94,17.60	1000,1 	0
2609    	2.08, -10.41, 2.24 	0.01, 29.08, -7.65 	0.00, -0.00 	11,27,59,51		2.68,22.17	1000,1 	0
2618    	2.07, -10.43, 2.24 	-0.01, 28.89, -7.76 	0.00, -0.00 	11,27,59,60		2.62,21.41	1000,1 	0
2627    	2.08, -10.43, 2.24 	-0.07, 28.66, -7.87 	0.00, -0.00 	11,27,59,70		1.24,26.09	1000,1 	0
2636    	2.08, -10.44, 2.24 	-0.12, 28.38, -7.95 	0.00, -0.00 	11,27,59,80		1.17,31.57	1000,1 	0
2645    	2.07, -10.45, 2.23 	-0.21, 28.07, -8.03 	0.00, -0.00 	11,27,59,89		1.68,36.44	1000,1 	0
2654    	2.07, -10.45, 2.25 	-0.30, 27.67, -8.09 	0.00, -0.00 	11,27,59,99		0.00,45.52	1000,1 	0
2663    	2.09, -10.45, 2.24 	-0.42, 27.25, -8.17 	0.00, -0.00 	11,27,59,109		1.24,48.94	1000,1 	0
2672    	2.10, -10.45, 2.23 	-0.56, 26.75, -8.22 	0.00, -0.00 	11,27,59,118		1.24,57.34	1000,1 	0
2681    	2.09, -10.45, 2.24 	-0.76, 26.19, -8.27 	0.00, -0.00 	11,27,59,128		1.24,66.01	1000,1 	0
2690    	2.09, -10.45, 2.24 	-0.92, 25.59, -8.31 	0.00, -0.00 	11,27,59,138		0.00,68.77	1000,1 	0
2699    	2.05, -10.45, 2.23 	-1.13, 24.95, -8.33 	0.00, -0.00 	11,27,59,147		3.73,75.37	1000,1 	0
2708    	2.04, -10.43, 2.25 	-1.31, 24.27, -8.35 	0.00, -0.00 	11,27,59,157		2.68,78.26	1000,1 	0
2717    	2.04, -10.43, 2.24 	-1.47, 23.54, -8.35 	0.00, -0.00 	11,27,59,167		0.00,82.22	1000,1 	0
2726    	2.04, -10.43, 2.24 	-1.60, 22.80, -8.37 	0.00, -0.00 	11,27,59,176		0.00,83.71	1000,1 	0
2735    	2.06, -10.43, 2.24 	-1.69, 21.99, -8.38 	0.00, -0.00 	11,27,59,186		2.49,90.68	1000,1 	0
2744    	2.06, -10.43, 2.25 	-1.75, 21.18, -8.40 	0.00, -0.00 	11,27,59,196		0.00,89.98	1000,1 	0
2753    	2.06, -10.43, 2.25 	-1.77, 20.30, -8.42 	0.00, -0.00 	11,27,59,205		0.00,97.64	1000,1 	0
2762    	2.06, -10.43, 2.25 	-1.81, 19.42, -8.46 	0.00, -0.00 	11,27,59,215		0.00,97.81	1000,1 	0
2771    	2.06, -10.43, 2.26 	-1.84, 18.56, -8.49 	0.00, -0.00 	11,27,59,225		0.00,96.49	1000,1 	0
2780    	2.06, -10.43, 2.26 	-1.88, 17.62, -8.52 	0.00, -0.00 	11,27,59,234		0.00,103.73	1000,1 	0
2789    	2.04, -10.42, 2.26 	-1.94, 16.72, -8.54 	0.00, -0.00 	11,27,59,244		2.78,100.68	1000,1 	0
2798    	2.04, -10.41, 2.26 	-1.97, 15.84, -8.55 	0.00, -0.00 	11,27,59,254		1.17,97.64	1000,1 	0
2807    	2.03, -10.40, 2.26 	-2.05, 14.94, -8.58 	0.00, -0.00 	11,27,59,263		1.17,100.90	1000,1 	0
2816    	2.02, -10.41, 2.27 	-2.03, 14.01, -8.56 	0.00, -0.00 	11,27,59,273		1.68,103.03	1000,1 	0
2825    	2.05, -10.42, 2.26 	-1.99, 13.17, -8.58 	0.00, -0.00 	11,27,59,283		3.12,105.09	1000,1 	0
2834    	2.07, -10.43, 2.26 	-1.88, 12.27, -8.55 	0.00, -0.00 	11,27,59,293		3.12,112.89	1000,1 	0
2843    	2.07, -10.43, 2.26 	-1.73, 11.41, -8.52 	0.00, -0.00 	11,27,59,302		0.00,109.20	1000,1 	0
2852    	2.06, -10.42, 2.27 	-1.55, 10.59, -8.47 	0.00, -0.00 	11,27,59,312		1.95,105.65	1000,1 	0
2861    	2.09, -10.45, 2.27 	-1.39, 9.73, -8.38 	0.00, -0.00 	11,27,59,322		4.90,109.31	1000,1 	0
2870    	2.10, -10.45, 2.26 	-1.28, 8.93, -8.27 	0.00, -0.00 	11,27,59,331		1.40,101.11	1000,1 	0
2879    	2.08, -10.44, 2.25 	-1.32, 8.15, -8.19 	0.00, -0.00 	11,27,59,341		1.95,96.92	1000,1 	0
2888    	2.07, -10.45, 2.25 	-1.30, 7.40, -8.10 	0.00, -0.00 	11,27,59,351		1.89,93.40	1000,1 	0
2897    	2.08, -10.43, 2.26 	-1.36, 6.71, -8.04 	0.00, -0.00 	11,27,59,360		2.95,86.86	1000,1 	0
2906    	2.07, -10.43, 2.26 	-1.36, 6.07, -8.02 	0.00, -0.00 	11,27,59,370		1.40,80.48	1000,1 	0
2915    	2.06, -10.43, 2.26 	-1.30, 5.54, -7.98 	0.00, -0.00 	11,27,59,380		1.40,66.93	1000,1 	0
2924    	2.06, -10.43, 2.27 	-1.17, 4.99, -7.96 	0.00, -0.00 	11,27,59,389		0.00,70.16	1000,1 	0
2933    	2.07, -10.44, 2.27 	-1.04, 4.42, -7.93 	0.00, -0.00 	11,27,59,399		1.95,72.78	1000,1 	0
2942    	2.11, -10.45, 2.26 	-0.76, 3.90, -7.88 	0.00, -0.00 	11,27,59,409		4.43,73.93	1000,1 	0
2951    	2.13, -10.44, 2.26 	-0.63, 3.40, -7.78 	0.00, -0.00 	11,27,59,418		2.80,64.94	1000,1 	0
2960    	2.13, -10.44, 2.25 	-0.57, 2.91, -7.72 	0.00, -0.00 	11,27,59,428		0.00,61.71	1000,1 	0
2969    	2.12, -10.45, 2.25 	-0.52, 2.51, -7.66 	0.00, -0.00 	11,27,59,438		1.40,49.90	1000,1 	0
2978    	2.11, -10.44, 2.25 	-0.60, 2.14, -7.61 	0.00, -0.00 	11,27,59,447		1.95,48.31	1000,1 	0
2987    	2.10, -10.43, 2.26 	-0.66, 1.82, -7.55 	0.00, -0.00 	11,27,59,457		1.32,39.65	1000,1 	0
2996    	2.11, -10.44, 2.26 	-0.87, 1.49, -7.48 	0.00, -0.00 	11,27,59,467		1.32,49.70	1000,1 	0
3005    	2.09, -10.44, 2.27 	-1.02, 1.31, -7.49 	0.00, -0.00 	11,27,59,476		1.40,29.05	1000,1 	0
3014    	2.08, -10.44, 2.26 	-0.95, 1.29, -7.56 	0.00, -0.00 	11,27,59,486		1.40,9.27	1000,1 	0
3023    	2.07, -10.44, 2.28 	-0.77, 1.21, -7.58 	0.00, -0.00 	11,27,59,496		1.40,24.13	1000,1 	0
