#Time 	Sensor1         Sensor2         Target          Time            Vel             
#================================================================

17      	0.21, 0.08, -7.00 	24.66, -23.01, -4.10 	0.00, 10.00 	14,6,2,563		0.00,0.00	0,0 	0
26      	0.22, 0.07, -7.00 	24.73, -22.98, -4.11 	0.00, 10.00 	14,6,2,573		1.80,7.71	0,0 	0
35      	0.21, 0.08, -7.00 	24.75, -22.98, -4.12 	0.00, 10.00 	14,6,2,582		1.80,2.47	0,0 	0
44      	0.20, 0.11, -7.01 	24.77, -22.99, -4.12 	0.00, 10.00 	14,6,2,592		3.53,2.77	0,0 	0
53      	0.20, 0.11, -7.01 	24.80, -22.98, -4.09 	0.00, 10.00 	14,6,2,602		0.00,2.71	0,0 	0
62      	0.20, 0.11, -7.01 	24.83, -23.00, -4.08 	0.00, 10.00 	14,6,2,611		0.00,4.45	0,0 	0
71      	0.18, 0.11, -7.01 	24.82, -23.00, -4.07 	0.00, 10.00 	14,6,2,621		2.55,1.24	0,0 	0
80      	0.20, 0.13, -7.03 	24.80, -23.02, -4.06 	0.00, 10.00 	14,6,2,631		3.33,3.36	0,0 	0
89      	0.23, 0.15, -7.04 	24.81, -23.00, -4.09 	0.00, 10.00 	14,6,2,640		4.32,2.63	0,0 	0
98      	0.20, 0.13, -7.05 	24.84, -22.99, -4.10 	0.00, 10.00 	14,6,2,650		4.32,3.86	0,0 	0
107     	0.19, 0.09, -7.07 	24.83, -22.99, -4.13 	0.00, 10.00 	14,6,2,660		4.77,1.24	0,0 	0
116     	0.10, 0.07, -7.11 	24.88, -22.96, -4.14 	0.00, 10.00 	14,6,2,670		10.16,6.55	0,0 	0
125     	0.07, 0.10, -7.22 	24.92, -22.95, -4.17 	0.00, 10.00 	14,6,2,679		5.40,3.86	0,0 	0
134     	0.20, 0.22, -7.37 	24.98, -22.92, -4.20 	0.00, 10.00 	14,6,2,689		19.52,7.71	0,0 	0
143     	0.33, 0.43, -7.51 	25.02, -22.91, -4.22 	0.00, 10.00 	14,6,2,699		28.35,5.05	0,0 	0
152     	0.39, 0.70, -7.67 	25.12, -22.89, -4.23 	0.00, 10.00 	14,6,2,708		30.68,11.15	0,0 	0
161     	0.37, 0.89, -7.80 	25.19, -22.87, -4.23 	0.00, 10.00 	14,6,2,718		21.15,7.71	0,0 	0
170     	0.30, 0.97, -7.88 	25.22, -22.86, -4.25 	0.00, 10.00 	14,6,2,728		11.76,3.86	0,0 	0
179     	0.23, 0.97, -7.91 	25.24, -22.85, -4.26 	0.00, 10.00 	14,6,2,737		7.64,2.47	0,0 	0
188     	0.10, 1.05, -7.97 	25.18, -22.84, -4.29 	0.00, 10.00 	14,6,2,747		17.18,6.68	0,0 	0
197     	0.14, 1.19, -8.03 	25.18, -22.79, -4.38 	0.00, 10.00 	14,6,2,757		16.08,4.71	0,0 	0
206     	0.11, 1.39, -8.12 	25.17, -22.77, -4.46 	0.00, 10.00 	14,6,2,766		22.33,2.69	0,0 	0
215     	0.25, 1.67, -8.15 	25.25, -22.75, -4.55 	0.00, 10.00 	14,6,2,776		33.75,10.09	0,0 	0
224     	0.34, 2.00, -8.21 	25.36, -22.67, -4.68 	0.00, 10.00 	14,6,2,786		38.37,14.65	0,0 	0
233     	0.46, 2.28, -8.26 	25.52, -22.56, -4.77 	0.00, 10.00 	14,6,2,795		34.13,21.08	0,0 	0
242     	0.55, 2.61, -8.34 	25.67, -22.50, -4.82 	0.00, 10.00 	14,6,2,805		38.37,18.11	0,0 	0
251     	0.64, 3.03, -8.44 	25.73, -22.46, -4.87 	0.00, 10.00 	14,6,2,815		47.48,8.12	0,0 	0
260     	0.61, 3.56, -8.59 	25.71, -22.44, -4.91 	0.00, 10.00 	14,6,2,824		58.58,3.46	0,0 	0
269     	0.53, 4.19, -8.71 	25.63, -22.43, -4.99 	0.00, 10.00 	14,6,2,834		70.42,9.03	0,0 	0
278     	0.54, 4.95, -8.81 	25.56, -22.22, -5.14 	0.00, 10.00 	14,6,2,844		84.56,24.20	0,0 	0
287     	0.65, 5.79, -8.91 	25.53, -21.85, -5.35 	0.00, 10.00 	14,6,2,853		94.30,41.20	0,0 	0
296     	0.80, 6.45, -8.99 	25.59, -21.42, -5.59 	0.00, 10.00 	14,6,2,863		75.96,48.07	0,0 	0
305     	0.94, 6.86, -8.95 	25.72, -20.99, -5.88 	0.00, 10.00 	14,6,2,873		48.06,50.10	0,0 	0
314     	1.03, 7.28, -8.86 	25.82, -20.57, -6.20 	0.00, 10.00 	14,6,2,882		47.48,48.20	0,0 	0
323     	1.03, 7.71, -8.80 	25.94, -20.15, -6.46 	0.00, 10.00 	14,6,2,892		46.93,48.59	0,0 	0
332     	0.93, 8.16, -8.79 	25.95, -19.79, -6.63 	0.00, 10.00 	14,6,2,902		52.15,40.18	0,0 	0
341     	0.95, 8.51, -8.78 	25.80, -19.55, -6.72 	0.00, 10.00 	14,6,2,912		38.93,31.24	0,0 	0
350     	0.88, 8.83, -8.75 	25.57, -19.37, -6.78 	0.00, 10.00 	14,6,2,921		35.55,32.08	0,0 	0
359     	0.78, 9.08, -8.68 	25.26, -19.20, -6.93 	0.00, 10.00 	14,6,2,931		30.55,38.99	0,0 	0
368     	0.65, 9.32, -8.55 	25.04, -18.98, -7.11 	0.00, 10.00 	14,6,2,941		30.18,34.62	0,0 	0
377     	0.55, 9.53, -8.33 	24.83, -18.75, -7.31 	0.00, 10.00 	14,6,2,950		26.40,34.74	0,0 	0
386     	0.44, 9.74, -8.11 	24.68, -18.56, -7.46 	0.00, 10.00 	14,6,2,960		25.78,27.19	0,0 	0
395     	0.43, 9.92, -7.92 	24.69, -18.32, -7.62 	0.00, 10.00 	14,6,2,970		19.94,27.22	0,0 	0
404     	0.36, 10.05, -7.71 	24.85, -18.01, -7.79 	0.00, 10.00 	14,6,2,979		17.01,38.57	0,0 	0
413     	0.34, 10.03, -7.44 	25.11, -17.64, -7.96 	0.00, 10.00 	14,6,2,989		3.33,49.69	0,0 	0
422     	0.32, 10.07, -7.25 	25.37, -17.28, -8.09 	0.00, 10.00 	14,6,2,999		4.97,50.47	0,0 	0
431     	0.32, 10.12, -7.23 	25.59, -16.99, -8.23 	0.00, 10.00 	14,6,3,8		5.91,40.34	0,0 	0
440     	0.15, 10.07, -7.26 	25.61, -16.81, -8.35 	0.00, 10.00 	14,6,3,18		20.53,19.09	0,0 	0
449     	-0.10, 10.00, -7.24 	25.40, -16.80, -8.37 	0.00, 10.00 	14,6,3,28		28.15,23.84	0,0 	0
458     	-0.30, 9.90, -7.19 	25.13, -16.80, -8.36 	0.00, 10.00 	14,6,3,37		25.24,29.71	0,0 	0
467     	-0.37, 9.85, -7.11 	24.90, -16.83, -8.34 	0.00, 10.00 	14,6,3,47		10.28,25.94	0,0 	0
476     	-0.39, 9.84, -7.08 	24.75, -16.79, -8.37 	0.00, 10.00 	14,6,3,57		1.27,16.87	0,0 	0
485     	-0.33, 9.77, -7.06 	24.70, -16.73, -8.38 	0.00, 10.00 	14,6,3,66		10.01,8.74	0,0 	0
494     	-0.27, 9.78, -7.06 	24.69, -16.72, -8.38 	0.00, 10.00 	14,6,3,76		6.36,1.73	0,0 	0
503     	-0.24, 9.85, -7.05 	24.66, -16.74, -8.37 	0.00, 10.00 	14,6,3,86		9.33,2.71	0,0 	0
512     	-0.19, 9.91, -7.03 	24.62, -16.76, -8.34 	0.00, 10.00 	14,6,3,95		8.31,5.41	0,0 	0
521     	-0.15, 9.88, -7.01 	24.60, -16.75, -8.34 	0.00, 10.00 	14,6,3,105		5.40,2.77	0,0 	0
530     	-0.13, 9.90, -7.00 	24.61, -16.74, -8.34 	0.00, 10.00 	14,6,3,115		3.33,1.68	0,0 	0
539     	-0.14, 9.89, -7.00 	24.57, -16.76, -8.31 	0.00, 10.00 	14,6,3,125		1.66,5.41	0,0 	0
548     	-0.13, 9.89, -6.99 	24.56, -16.78, -8.30 	0.00, 10.00 	14,6,3,134		1.27,1.68	0,0 	0
557     	-0.15, 9.88, -6.99 	24.51, -16.78, -8.30 	0.00, 10.00 	14,6,3,144		2.72,4.94	0,0 	0
566     	-0.16, 9.88, -6.99 	24.46, -16.80, -8.30 	0.00, 10.00 	14,6,3,154		1.27,6.55	0,0 	0
575     	-0.16, 9.89, -6.98 	24.38, -16.84, -8.27 	0.00, 10.00 	14,6,3,163		1.18,9.25	0,0 	0
584     	-0.15, 9.89, -6.99 	24.35, -16.84, -8.27 	0.00, 10.00 	14,6,3,173		1.27,3.71	0,0 	0
593     	-0.16, 9.88, -6.99 	24.35, -16.85, -8.26 	0.00, 10.00 	14,6,3,183		1.66,1.18	0,0 	0
602     	-0.16, 9.89, -7.00 	24.34, -16.87, -8.26 	0.00, 10.00 	14,6,3,192		1.18,2.63	0,0 	0
611     	-0.20, 9.90, -7.00 	24.29, -16.88, -8.25 	0.00, 10.00 	14,6,3,202		4.08,6.18	0,0 	0
620     	-0.16, 9.90, -6.99 	24.28, -16.89, -8.23 	0.00, 10.00 	14,6,3,212		3.82,1.68	0,0 	0
629     	-0.15, 9.91, -6.99 	24.29, -16.90, -8.20 	0.00, 10.00 	14,6,3,221		1.66,1.73	0,0 	0
638     	-0.18, 9.91, -6.99 	24.26, -16.91, -8.17 	0.00, 10.00 	14,6,3,231		2.55,3.86	0,0 	0
647     	-0.18, 9.92, -7.00 	24.16, -16.96, -8.13 	0.00, 10.00 	14,6,3,241		1.18,11.95	0,0 	0
656     	-0.17, 9.90, -6.99 	24.04, -17.00, -8.10 	0.00, 10.00 	14,6,3,250		2.35,13.94	0,0 	0
665     	-0.20, 9.89, -6.98 	23.98, -17.02, -8.10 	0.00, 10.00 	14,6,3,260		2.72,7.71	0,0 	0
674     	-0.21, 9.88, -7.00 	23.91, -17.04, -8.11 	0.00, 10.00 	14,6,3,270		1.66,7.47	0,0 	0
683     	-0.20, 9.87, -7.00 	23.90, -17.02, -8.12 	0.00, 10.00 	14,6,3,279		1.18,2.69	0,0 	0
692     	-0.18, 9.89, -7.00 	23.99, -17.00, -8.14 	0.00, 10.00 	14,6,3,289		3.33,9.92	0,0 	0
701     	-0.16, 9.90, -7.00 	24.05, -16.98, -8.16 	0.00, 10.00 	14,6,3,299		2.72,7.71	0,0 	0
710     	-0.14, 9.91, -7.01 	24.10, -16.93, -8.14 	0.00, 10.00 	14,6,3,308		2.72,7.66	0,0 	0
719     	-0.18, 9.92, -7.02 	24.09, -16.92, -8.09 	0.00, 10.00 	14,6,3,318		4.08,1.73	0,0 	0
728     	-0.17, 9.93, -7.01 	24.03, -16.96, -8.02 	0.00, 10.00 	14,6,3,328		1.66,8.12	0,0 	0
737     	-0.19, 9.92, -7.01 	23.94, -17.02, -7.97 	0.00, 10.00 	14,6,3,338		2.72,11.36	0,0 	0
746     	-0.19, 9.93, -7.00 	23.80, -17.07, -7.92 	0.00, 10.00 	14,6,3,347		1.18,16.61	0,0 	0
755     	-0.18, 9.93, -7.00 	23.69, -17.14, -7.88 	0.00, 10.00 	14,6,3,357		1.27,15.14	0,0 	0
764     	-0.20, 9.93, -7.01 	23.66, -17.20, -7.86 	0.00, 10.00 	14,6,3,367		2.55,7.88	0,0 	0
773     	-0.18, 9.94, -7.01 	23.63, -17.24, -7.82 	0.00, 10.00 	14,6,3,376		2.72,5.05	0,0 	0
782     	-0.18, 9.94, -7.02 	23.67, -17.28, -7.78 	0.00, 10.00 	14,6,3,386		0.00,6.08	0,0 	0
791     	-0.19, 9.94, -7.01 	23.70, -17.28, -7.76 	0.00, 10.00 	14,6,3,396		1.27,3.71	0,0 	0
800     	-0.18, 9.95, -7.02 	23.72, -17.25, -7.73 	0.00, 10.00 	14,6,3,405		1.66,3.36	0,0 	0
809     	-0.17, 9.95, -7.01 	23.76, -17.23, -7.73 	0.00, 10.00 	14,6,3,415		1.27,5.41	0,0 	0
818     	-0.16, 9.95, -7.01 	23.76, -17.20, -7.73 	0.00, 10.00 	14,6,3,425		1.27,3.53	0,0 	0
827     	-0.17, 9.95, -7.01 	23.78, -17.20, -7.73 	0.00, 10.00 	14,6,3,434		1.27,2.47	0,0 	0
836     	-0.18, 9.94, -7.01 	23.72, -17.18, -7.73 	0.00, 10.00 	14,6,3,444		1.66,6.67	0,0 	0
845     	-0.18, 9.94, -6.99 	23.67, -17.19, -7.76 	0.00, 10.00 	14,6,3,454		0.00,6.26	0,0 	0
854     	-0.18, 9.94, -7.00 	23.65, -17.20, -7.78 	0.00, 10.00 	14,6,3,463		0.00,2.71	0,0 	0
863     	-0.17, 9.94, -7.01 	23.64, -17.22, -7.78 	0.00, 10.00 	14,6,3,473		1.27,1.68	0,0 	0
872     	-0.17, 9.94, -7.01 	23.60, -17.25, -7.77 	0.00, 10.00 	14,6,3,483		0.00,5.99	0,0 	0
881     	-0.18, 9.94, -7.01 	23.59, -17.27, -7.78 	0.00, 10.00 	14,6,3,492		1.27,2.63	0,0 	0
890     	-0.20, 9.93, -7.00 	23.58, -17.30, -7.75 	0.00, 10.00 	14,6,3,502		2.72,3.71	0,0 	0
899     	-0.18, 9.94, -7.00 	23.60, -17.31, -7.72 	0.00, 10.00 	14,6,3,512		2.72,2.77	0,0 	0
908     	-0.18, 9.95, -7.00 	23.56, -17.34, -7.69 	0.00, 10.00 	14,6,3,521		1.18,5.41	0,0 	0
917     	-0.19, 9.95, -7.00 	23.56, -17.35, -7.66 	0.00, 10.00 	14,6,3,531		1.27,1.18	0,0 	0
926     	-0.18, 9.94, -7.00 	23.51, -17.34, -7.66 	0.00, 10.00 	14,6,3,541		1.80,5.11	0,0 	0
935     	-0.19, 9.94, -7.00 	23.46, -17.36, -7.66 	0.00, 10.00 	14,6,3,550		1.27,6.55	0,0 	0
944     	-0.19, 9.94, -7.00 	23.44, -17.39, -7.66 	0.00, 10.00 	14,6,3,560		0.00,3.36	0,0 	0
953     	-0.18, 9.94, -7.00 	23.38, -17.38, -7.66 	0.00, 10.00 	14,6,3,570		1.27,6.32	0,0 	0
962     	-0.17, 9.94, -7.01 	23.38, -17.37, -7.68 	0.00, 10.00 	14,6,3,580		1.27,1.18	0,0 	0
971     	-0.17, 9.94, -7.01 	23.40, -17.39, -7.68 	0.00, 10.00 	14,6,3,589		0.00,2.69	0,0 	0
980     	-0.18, 9.93, -7.01 	23.38, -17.37, -7.68 	0.00, 10.00 	14,6,3,599		1.66,2.69	0,0 	0
989     	-0.18, 9.93, -7.00 	23.42, -17.37, -7.67 	0.00, 10.00 	14,6,3,609		0.00,3.71	0,0 	0
998     	-0.18, 9.93, -7.01 	23.44, -17.36, -7.67 	0.00, 10.00 	14,6,3,618		0.00,2.71	0,0 	0
1007    	-0.17, 9.95, -7.01 	23.39, -17.39, -7.66 	0.00, -0.00 	14,6,3,637		2.58,7.03	1000,1 	0
1016    	-0.17, 9.95, -7.00 	23.35, -17.40, -7.65 	0.00, -0.00 	14,6,3,647		0.00,6.94	1000,1 	0
1025    	-0.18, 9.95, -7.00 	23.32, -17.39, -7.65 	0.00, -0.00 	14,6,3,657		2.29,7.06	1000,1 	0
1034    	-0.19, 9.94, -7.01 	23.30, -17.41, -7.64 	0.00, -0.00 	14,6,3,667		2.99,4.87	1000,1 	0
1043    	-0.18, 9.94, -7.01 	23.28, -17.41, -7.65 	0.00, -0.00 	14,6,3,676		2.29,4.45	1000,1 	0
1052    	-0.19, 9.94, -7.01 	23.27, -17.40, -7.66 	0.00, -0.00 	14,6,3,686		2.29,2.12	1000,1 	0
1061    	-0.18, 9.96, -7.01 	23.29, -17.36, -7.68 	0.00, -0.00 	14,6,3,696		4.65,7.65	1000,1 	0
1070    	-0.16, 9.96, -7.01 	23.34, -17.33, -7.69 	0.00, -0.00 	14,6,3,705		4.58,10.78	1000,1 	0
1079    	-0.16, 9.96, -7.02 	23.38, -17.32, -7.69 	0.00, -0.00 	14,6,3,715		0.00,9.09	1000,1 	0
1088    	-0.18, 9.96, -7.02 	23.37, -17.31, -7.68 	0.00, -0.00 	14,6,3,725		4.58,3.12	1000,1 	0
1097    	-0.19, 9.95, -7.01 	23.36, -17.31, -7.68 	0.00, -0.00 	14,6,3,734		2.99,2.22	1000,1 	0
1106    	-0.19, 9.94, -7.01 	23.35, -17.30, -7.67 	0.00, -0.00 	14,6,3,744		2.12,2.12	1000,1 	0
1115    	-0.19, 9.94, -7.00 	23.34, -17.29, -7.67 	0.00, -0.00 	14,6,3,754		0.00,3.12	1000,1 	0
1124    	-0.20, 9.94, -7.00 	23.32, -17.29, -7.67 	0.00, -0.00 	14,6,3,763		2.29,4.45	1000,1 	0
1133    	-0.19, 9.95, -7.01 	23.31, -17.28, -7.69 	0.00, -0.00 	14,6,3,773		2.99,3.12	1000,1 	0
1142    	-0.23, 9.95, -7.02 	23.30, -17.26, -7.70 	0.00, -0.00 	14,6,3,783		6.87,4.84	1000,1 	0
1151    	-0.18, 9.95, -7.01 	23.28, -17.26, -7.71 	0.00, -0.00 	14,6,3,792		9.16,2.22	1000,1 	0
1160    	-0.19, 9.95, -7.01 	23.26, -17.24, -7.72 	0.00, -0.00 	14,6,3,802		2.29,6.23	1000,1 	0
1169    	-0.16, 9.97, -7.02 	23.24, -17.25, -7.70 	0.00, -0.00 	14,6,3,812		7.78,4.87	1000,1 	0
1178    	-0.16, 9.97, -7.02 	23.24, -17.25, -7.69 	0.00, -0.00 	14,6,3,821		0.00,0.00	1000,1 	0
1187    	-0.15, 9.99, -7.01 	23.23, -17.26, -7.68 	0.00, -0.00 	14,6,3,831		2.99,3.03	1000,1 	0
1196    	-0.18, 9.98, -7.02 	23.21, -17.25, -7.68 	0.00, -0.00 	14,6,3,841		4.58,4.98	1000,1 	0
1205    	-0.19, 9.98, -7.01 	23.20, -17.22, -7.69 	0.00, -0.00 	14,6,3,850		2.29,6.36	1000,1 	0
1214    	-0.19, 9.96, -7.00 	23.17, -17.22, -7.70 	0.00, -0.00 	14,6,3,860		4.65,6.67	1000,1 	0
1223    	-0.21, 9.96, -7.00 	23.14, -17.23, -7.70 	0.00, -0.00 	14,6,3,870		2.29,6.67	1000,1 	0
1232    	-0.19, 9.95, -7.01 	23.12, -17.23, -7.69 	0.00, -0.00 	14,6,3,880		3.24,2.22	1000,1 	0
1241    	-0.21, 9.96, -7.02 	23.12, -17.22, -7.71 	0.00, -0.00 	14,6,3,889		3.24,2.12	1000,1 	0
1250    	-0.18, 9.95, -7.01 	23.16, -17.20, -7.70 	0.00, -0.00 	14,6,3,899		5.20,6.94	1000,1 	0
1259    	-0.18, 9.95, -7.01 	23.21, -17.18, -7.69 	0.00, -0.00 	14,6,3,909		0.00,11.79	1000,1 	0
1268    	-0.20, 9.93, -7.00 	23.18, -17.18, -7.69 	0.00, -0.00 	14,6,3,918		5.99,6.67	1000,1 	0
1277    	-0.18, 9.95, -7.01 	23.14, -17.19, -7.68 	0.00, -0.00 	14,6,3,928		5.99,6.94	1000,1 	0
1286    	-0.21, 9.96, -7.01 	23.11, -17.22, -7.66 	0.00, -0.00 	14,6,3,938		5.20,7.80	1000,1 	0
1295    	-0.21, 9.96, -7.01 	23.04, -17.23, -7.65 	0.00, -0.00 	14,6,3,947		0.00,15.65	1000,1 	0
1304    	-0.21, 9.96, -7.01 	23.04, -17.24, -7.65 	0.00, -0.00 	14,6,3,957		0.00,2.12	1000,1 	0
1313    	-0.22, 9.96, -7.01 	22.99, -17.25, -7.64 	0.00, -0.00 	14,6,3,967		2.29,8.90	1000,1 	0
1322    	-0.20, 9.95, -7.01 	22.96, -17.24, -7.65 	0.00, -0.00 	14,6,3,976		3.24,7.06	1000,1 	0
1331    	-0.18, 9.95, -7.01 	22.98, -17.21, -7.66 	0.00, -0.00 	14,6,3,986		4.58,6.05	1000,1 	0
1340    	-0.19, 9.94, -7.01 	23.05, -17.19, -7.65 	0.00, -0.00 	14,6,3,996		2.99,16.02	0,0 	0
1349    	-0.19, 9.94, -7.01 	23.09, -17.18, -7.65 	0.00, -0.00 	14,6,3,5		0.00,6.94	0,0 	0
1358    	-0.17, 9.95, -7.01 	23.12, -17.18, -7.63 	0.00, -0.00 	14,6,4,15		4.89,7.06	0,0 	0
1367    	-0.18, 9.95, -7.01 	23.13, -17.16, -7.63 	0.00, -0.00 	14,6,4,25		2.29,4.73	0,0 	0
1376    	-0.18, 9.95, -7.01 	23.14, -17.16, -7.62 	0.00, -0.00 	14,6,4,34		0.00,2.22	0,0 	0
1385    	-0.19, 9.96, -7.01 	23.12, -17.18, -7.60 	0.00, -0.00 	14,6,4,44		3.24,6.05	0,0 	0
1394    	-0.19, 9.96, -7.01 	23.09, -17.19, -7.59 	0.00, -0.00 	14,6,4,54		0.00,6.67	0,0 	0
1403    	-0.21, 9.96, -7.01 	23.09, -17.19, -7.58 	0.00, -0.00 	14,6,4,63		2.29,0.00	0,0 	0
1412    	-0.22, 9.96, -7.01 	23.08, -17.18, -7.59 	0.00, -0.00 	14,6,4,73		2.29,3.12	0,0 	0
1421    	-0.22, 9.96, -7.01 	23.10, -17.15, -7.60 	0.00, -0.00 	14,6,4,83		0.00,6.05	0,0 	0
1430    	-0.21, 9.97, -7.02 	23.13, -17.15, -7.59 	0.00, -0.00 	14,6,4,92		2.99,6.67	0,0 	0
1439    	-0.20, 9.98, -7.02 	23.17, -17.12, -7.59 	0.00, -0.00 	14,6,4,102		2.99,10.78	0,0 	0
1448    	-0.21, 9.98, -7.03 	23.22, -17.10, -7.59 	0.00, -0.00 	14,6,4,112		2.29,11.26	0,0 	0
1457    	-0.22, 9.97, -7.02 	23.21, -17.10, -7.58 	0.00, -0.00 	14,6,4,122		2.99,2.22	0,0 	0
1466    	-0.22, 9.97, -7.02 	23.20, -17.12, -7.58 	0.00, -0.00 	14,6,4,131		0.00,3.03	0,0 	0
1475    	-0.22, 9.97, -7.02 	23.21, -17.11, -7.57 	0.00, -0.00 	14,6,4,141		0.00,2.22	0,0 	0
1484    	-0.22, 9.97, -7.02 	23.19, -17.12, -7.57 	0.00, -0.00 	14,6,4,151		0.00,4.45	0,0 	0
1493    	-0.22, 9.97, -7.02 	23.17, -17.12, -7.58 	0.00, -0.00 	14,6,4,160		0.00,4.45	0,0 	0
1502    	-0.21, 9.97, -7.02 	23.14, -17.13, -7.58 	0.00, -0.00 	14,6,4,170		2.29,6.94	0,0 	0
1511    	-0.21, 9.96, -7.02 	23.13, -17.15, -7.58 	0.00, -0.00 	14,6,4,180		2.12,4.73	0,0 	0
1520    	-0.21, 9.96, -7.02 	23.13, -17.14, -7.58 	0.00, -0.00 	14,6,4,189		0.00,2.12	0,0 	0
1529    	-0.22, 9.96, -7.02 	23.14, -17.14, -7.57 	0.00, -0.00 	14,6,4,199		2.29,2.22	0,0 	0
1538    	-0.22, 9.96, -7.02 	23.16, -17.15, -7.55 	0.00, -0.00 	14,6,4,209		0.00,4.98	0,0 	0
1547    	-0.20, 9.97, -7.02 	23.17, -17.14, -7.55 	0.00, -0.00 	14,6,4,218		4.89,3.03	0,0 	0
1556    	-0.18, 9.97, -7.02 	23.18, -17.14, -7.53 	0.00, -0.00 	14,6,4,228		2.29,2.22	0,0 	0
1565    	-0.20, 9.97, -7.02 	23.17, -17.15, -7.52 	0.00, -0.00 	14,6,4,238		2.29,3.03	0,0 	0
1574    	-0.18, 9.97, -7.02 	23.15, -17.13, -7.53 	0.00, -0.00 	14,6,4,247		2.29,6.23	0,0 	0
1583    	-0.21, 9.97, -7.02 	23.14, -17.13, -7.53 	0.00, -0.00 	14,6,4,257		4.58,2.22	0,0 	0
1592    	-0.21, 9.97, -7.02 	23.11, -17.12, -7.54 	0.00, -0.00 	14,6,4,267		0.00,4.98	0,0 	0
1601    	-0.21, 9.98, -7.03 	23.10, -17.11, -7.54 	0.00, -0.00 	14,6,4,276		2.12,3.12	0,0 	0
1610    	-0.21, 9.98, -7.03 	23.10, -17.12, -7.54 	0.00, -0.00 	14,6,4,286		0.00,2.12	0,0 	0
1619    	-0.21, 9.98, -7.03 	23.11, -17.10, -7.53 	0.00, -0.00 	14,6,4,296		0.00,4.73	0,0 	0
1628    	-0.21, 9.98, -7.03 	23.14, -17.10, -7.53 	0.00, -0.00 	14,6,4,305		0.00,4.45	0,0 	0
1637    	-0.21, 9.98, -7.03 	23.15, -17.12, -7.52 	0.00, -0.00 	14,6,4,315		0.00,4.84	0,0 	0
1646    	-0.21, 9.98, -7.03 	23.13, -17.13, -7.51 	0.00, -0.00 	14,6,4,325		0.00,4.87	0,0 	0
1655    	-0.21, 9.96, -7.02 	23.11, -17.14, -7.49 	0.00, -0.00 	14,6,4,335		4.23,4.87	0,0 	0
1664    	-0.21, 9.96, -7.02 	23.10, -17.16, -7.49 	0.00, -0.00 	14,6,4,344		0.00,4.73	0,0 	0
1673    	-0.21, 9.96, -7.02 	23.04, -17.19, -7.49 	0.00, -0.00 	14,6,4,354		0.00,11.79	0,0 	0
1682    	-0.24, 9.97, -7.02 	23.00, -17.21, -7.50 	0.00, -0.00 	14,6,4,364		7.35,9.74	0,0 	0
1691    	-0.24, 9.97, -7.02 	22.99, -17.21, -7.50 	0.00, -0.00 	14,6,4,373		0.00,2.22	0,0 	0
1700    	-0.23, 9.96, -7.02 	23.00, -17.22, -7.51 	0.00, -0.00 	14,6,4,383		3.24,3.12	0,0 	0
1709    	-0.23, 9.97, -7.02 	23.01, -17.21, -7.50 	0.00, -0.00 	14,6,4,393		2.12,3.03	0,0 	0
1718    	-0.23, 9.96, -7.02 	23.01, -17.22, -7.49 	0.00, -0.00 	14,6,4,402		2.12,2.12	0,0 	0
1727    	-0.21, 9.96, -7.02 	23.04, -17.23, -7.48 	0.00, -0.00 	14,6,4,412		4.58,4.98	0,0 	0
1736    	-0.21, 9.96, -7.02 	23.05, -17.24, -7.48 	0.00, -0.00 	14,6,4,422		0.00,3.12	0,0 	0
1745    	-0.22, 9.96, -7.02 	23.07, -17.23, -7.48 	0.00, -0.00 	14,6,4,431		2.29,4.87	0,0 	0
1754    	-0.22, 9.96, -7.02 	23.05, -17.22, -7.49 	0.00, -0.00 	14,6,4,441		0.00,4.98	0,0 	0
1763    	-0.22, 9.96, -7.02 	23.03, -17.21, -7.50 	0.00, -0.00 	14,6,4,451		0.00,3.12	0,0 	0
1772    	-0.22, 9.96, -7.02 	23.03, -17.20, -7.51 	0.00, -0.00 	14,6,4,460		0.00,2.12	0,0 	0
1781    	-0.22, 9.97, -7.02 	23.05, -17.19, -7.51 	0.00, -0.00 	14,6,4,470		2.12,4.87	0,0 	0
1790    	-0.22, 9.98, -7.02 	23.06, -17.18, -7.52 	0.00, -0.00 	14,6,4,480		2.12,3.03	0,0 	0
1799    	-0.22, 9.96, -7.02 	23.08, -17.19, -7.53 	0.00, -0.00 	14,6,4,489		4.23,3.12	0,0 	0
1808    	-0.22, 9.96, -7.02 	23.08, -17.16, -7.54 	0.00, -0.00 	14,6,4,499		0.00,6.67	0,0 	0
1817    	-0.22, 9.96, -7.02 	23.13, -17.14, -7.55 	0.00, -0.00 	14,6,4,509		0.00,9.09	0,0 	0
1826    	-0.22, 9.97, -7.02 	23.15, -17.14, -7.55 	0.00, -0.00 	14,6,4,518		2.12,4.45	0,0 	0
1835    	-0.22, 9.97, -7.02 	23.15, -17.15, -7.54 	0.00, -0.00 	14,6,4,528		0.00,2.12	0,0 	0
1844    	-0.22, 9.97, -7.02 	23.14, -17.17, -7.54 	0.00, -0.00 	14,6,4,538		0.00,4.73	0,0 	0
1853    	-0.24, 9.97, -7.02 	23.10, -17.20, -7.54 	0.00, -0.00 	14,6,4,547		4.58,9.74	0,0 	0
1862    	-0.23, 9.97, -7.01 	23.09, -17.21, -7.54 	0.00, -0.00 	14,6,4,557		2.29,3.03	0,0 	0
1871    	-0.26, 9.94, -7.04 	23.03, -17.24, -7.55 	0.00, -0.00 	14,6,4,567		8.98,14.61	0,0 	0
1880    	-0.33, 9.89, -7.09 	23.02, -17.27, -7.59 	0.00, -0.00 	14,6,4,577		17.53,4.73	0,0 	0
1889    	-0.32, 9.86, -7.20 	23.09, -17.26, -7.64 	0.00, -0.00 	14,6,4,586		6.91,15.57	0,0 	0
1898    	-0.35, 9.83, -7.29 	23.22, -17.25, -7.68 	0.00, -0.00 	14,6,4,596		8.98,24.47	0,0 	0
1907    	-0.36, 9.77, -7.40 	23.35, -17.24, -7.70 	0.00, -0.00 	14,6,4,606		11.19,26.69	0,0 	0
1916    	-0.41, 9.71, -7.48 	23.50, -17.21, -7.75 	0.00, -0.00 	14,6,4,615		16.41,31.30	0,0 	0
1925    	-0.42, 9.59, -7.53 	23.54, -17.23, -7.81 	0.00, -0.00 	14,6,4,625		23.36,8.01	0,0 	0
1934    	-0.52, 9.40, -7.54 	23.41, -17.33, -7.84 	0.00, -0.00 	14,6,4,635		42.25,31.20	0,0 	0
1943    	-0.58, 9.18, -7.56 	23.23, -17.51, -7.84 	0.00, -0.00 	14,6,4,644		46.69,51.70	0,0 	0
1952    	-0.64, 8.97, -7.58 	23.05, -17.67, -7.84 	0.00, -0.00 	14,6,4,654		42.83,47.38	0,0 	0
1961    	-0.66, 8.79, -7.65 	23.01, -17.78, -7.84 	0.00, -0.00 	14,6,4,664		36.40,23.64	0,0 	0
1970    	-0.68, 8.57, -7.70 	23.14, -17.86, -7.88 	0.00, -0.00 	14,6,4,673		44.64,31.45	0,0 	0
1979    	-0.64, 8.23, -7.82 	23.31, -17.94, -7.89 	0.00, -0.00 	14,6,4,683		67.55,37.86	0,0 	0
1988    	-0.65, 7.73, -7.96 	23.48, -18.03, -7.90 	0.00, -0.00 	14,6,4,693		101.53,38.17	0,0 	0
1997    	-0.64, 7.12, -8.09 	23.60, -18.22, -7.85 	0.00, -0.00 	14,6,4,702		120.37,43.58	0,0 	0
2006    	-0.71, 6.66, -8.10 	23.76, -18.35, -7.79 	0.00, -0.00 	14,6,4,712		92.92,43.62	0,0 	0
2015    	-0.85, 6.14, -8.08 	23.95, -18.52, -7.73 	0.00, -0.00 	14,6,4,722		108.48,49.80	0,0 	0
2024    	-1.00, 5.67, -8.16 	24.06, -18.70, -7.67 	0.00, -0.00 	14,6,4,731		97.68,41.71	0,0 	0
2033    	-1.18, 5.23, -8.24 	24.05, -18.94, -7.60 	0.00, -0.00 	14,6,4,741		95.79,49.00	0,0 	0
2042    	-1.21, 4.74, -8.31 	24.03, -19.17, -7.58 	0.00, -0.00 	14,6,4,751		97.86,47.20	0,0 	0
2051    	-1.26, 4.20, -8.31 	24.07, -19.34, -7.61 	0.00, -0.00 	14,6,4,760		108.83,34.32	0,0 	0
2060    	-1.27, 3.81, -8.31 	24.26, -19.44, -7.65 	0.00, -0.00 	14,6,4,770		78.39,41.94	0,0 	0
2069    	-1.16, 3.42, -8.28 	24.53, -19.54, -7.69 	0.00, -0.00 	14,6,4,780		79.99,58.86	0,0 	0
2078    	-1.05, 3.01, -8.22 	24.87, -19.69, -7.67 	0.00, -0.00 	14,6,4,790		85.82,74.78	0,0 	0
2087    	-0.83, 2.56, -8.18 	25.21, -19.82, -7.64 	0.00, -0.00 	14,6,4,799		100.81,71.77	0,0 	0
2096    	-0.85, 2.22, -8.16 	25.44, -19.93, -7.58 	0.00, -0.00 	14,6,4,809		68.00,51.87	0,0 	0
2105    	-0.94, 1.75, -8.12 	25.59, -20.08, -7.50 	0.00, -0.00 	14,6,4,819		96.02,42.09	0,0 	0
2114    	-1.04, 1.31, -8.06 	25.61, -20.31, -7.35 	0.00, -0.00 	14,6,4,828		90.06,44.50	0,0 	0
2123    	-1.27, 0.92, -8.06 	25.59, -20.55, -7.26 	0.00, -0.00 	14,6,4,838		89.95,49.28	0,0 	0
2132    	-1.41, 0.59, -8.03 	25.60, -20.78, -7.23 	0.00, -0.00 	14,6,4,848		72.55,46.60	0,0 	0
2141    	-1.51, 0.32, -8.01 	25.60, -20.98, -7.22 	0.00, -0.00 	14,6,4,857		57.64,40.25	0,0 	0
2150    	-1.54, 0.10, -7.97 	25.66, -21.14, -7.25 	0.00, -0.00 	14,6,4,867		42.95,33.25	0,0 	0
2159    	-1.43, 0.02, -7.97 	25.86, -21.24, -7.26 	0.00, -0.00 	14,6,4,877		27.45,44.99	0,0 	0
