#Time 	Sensor1         Sensor2         Target          Time            Vel             
#================================================================

18      	-0.90, -0.31, -6.99 	-27.96, -21.55, -9.50 	-19.28, 22.98 	14,2,39,110		0.00,0.00	0,0 	0
27      	-0.95, -0.27, -6.97 	-27.98, -21.54, -9.50 	-19.28, 22.98 	14,2,39,119		6.89,2.74	0,0 	0
36      	-1.07, -0.27, -7.00 	-27.95, -21.56, -9.49 	-19.28, 22.98 	14,2,39,129		13.47,4.41	0,0 	0
45      	-1.04, -0.32, -6.99 	-28.03, -21.54, -9.50 	-19.28, 22.98 	14,2,39,139		6.43,8.94	0,0 	0
54      	-1.10, -0.30, -6.99 	-28.02, -21.50, -9.51 	-19.28, 22.98 	14,2,39,148		7.16,4.80	0,0 	0
63      	-1.09, -0.31, -7.00 	-27.98, -21.47, -9.49 	-19.28, 22.98 	14,2,39,158		1.72,5.34	0,0 	0
72      	-1.09, -0.32, -6.97 	-27.98, -21.44, -9.48 	-19.28, 22.98 	14,2,39,168		1.17,3.51	0,0 	0
81      	-1.09, -0.30, -7.00 	-28.09, -21.41, -9.50 	-19.28, 22.98 	14,2,39,177		2.35,12.09	0,0 	0
90      	-1.03, -0.31, -7.00 	-28.08, -21.34, -9.50 	-19.28, 22.98 	14,2,39,187		6.62,7.09	0,0 	0
99      	-1.07, -0.32, -6.98 	-28.05, -21.30, -9.50 	-19.28, 22.98 	14,2,39,197		3.67,5.84	0,0 	0
108     	-1.06, -0.28, -6.98 	-28.10, -21.25, -9.48 	-19.28, 22.98 	14,2,39,206		3.69,7.75	0,0 	0
117     	-1.11, -0.30, -6.99 	-28.08, -21.25, -9.47 	-19.28, 22.98 	14,2,39,216		6.20,2.44	0,0 	0
126     	-1.11, -0.31, -6.99 	-28.10, -21.21, -9.48 	-19.28, 22.98 	14,2,39,226		1.17,5.35	0,0 	0
135     	-1.11, -0.30, -6.99 	-28.14, -21.17, -9.46 	-19.28, 22.98 	14,2,39,236		1.17,6.04	0,0 	0
144     	-1.11, -0.31, -6.99 	-28.09, -21.09, -9.46 	-19.28, 22.98 	14,2,39,245		1.17,10.05	0,0 	0
153     	-1.08, -0.27, -7.01 	-28.17, -21.05, -9.46 	-19.28, 22.98 	14,2,39,255		5.01,9.88	0,0 	0
162     	-1.07, -0.27, -7.00 	-28.19, -21.04, -9.46 	-19.28, 22.98 	14,2,39,265		1.22,1.72	0,0 	0
171     	-1.08, -0.28, -7.02 	-28.24, -20.93, -9.47 	-19.28, 22.98 	14,2,39,274		1.67,13.92	0,0 	0
180     	-1.01, -0.28, -7.01 	-28.26, -20.86, -9.48 	-19.28, 22.98 	14,2,39,284		7.35,8.32	0,0 	0
189     	-1.01, -0.28, -7.01 	-28.23, -20.84, -9.47 	-19.28, 22.98 	14,2,39,294		0.00,4.28	0,0 	0
198     	-1.01, -0.31, -7.00 	-28.27, -20.78, -9.45 	-19.28, 22.98 	14,2,39,303		3.52,8.03	0,0 	0
207     	-1.00, -0.28, -7.01 	-28.25, -20.80, -9.38 	-19.28, 22.98 	14,2,39,313		3.69,2.68	0,0 	0
216     	-1.01, -0.29, -7.00 	-28.24, -20.79, -9.33 	-19.28, 22.98 	14,2,39,323		1.67,1.22	0,0 	0
225     	-1.02, -0.29, -7.02 	-28.29, -20.77, -9.32 	-19.28, 22.98 	14,2,39,332		1.22,6.11	0,0 	0
234     	-1.02, -0.31, -7.00 	-28.32, -20.73, -9.31 	-19.28, 22.98 	14,2,39,342		2.35,5.35	0,0 	0
243     	-1.02, -0.32, -7.01 	-28.29, -20.73, -9.32 	-19.28, 22.98 	14,2,39,352		1.17,2.74	0,0 	0
252     	-1.03, -0.31, -7.02 	-28.30, -20.68, -9.33 	-19.28, 22.98 	14,2,39,361		1.72,5.85	0,0 	0
261     	-1.05, -0.29, -7.00 	-28.37, -20.67, -9.29 	-19.28, 22.98 	14,2,39,371		2.68,7.77	0,0 	0
270     	-1.04, -0.28, -7.04 	-28.37, -20.64, -9.24 	-19.28, 22.98 	14,2,39,381		1.67,2.34	0,0 	0
279     	-1.03, -0.27, -7.03 	-28.41, -20.60, -9.22 	-19.28, 22.98 	14,2,39,390		1.67,6.04	0,0 	0
288     	-1.05, -0.27, -7.02 	-28.35, -20.57, -9.22 	-19.28, 22.98 	14,2,39,400		2.45,6.94	0,0 	0
297     	-1.07, -0.28, -7.02 	-28.38, -20.55, -9.19 	-19.28, 22.98 	14,2,39,410		2.68,3.44	0,0 	0
306     	-1.06, -0.30, -7.01 	-28.31, -20.56, -9.16 	-19.28, 22.98 	14,2,39,419		2.68,7.46	0,0 	0
315     	-1.08, -0.26, -7.01 	-28.35, -20.54, -9.18 	-19.28, 22.98 	14,2,39,429		5.36,4.41	0,0 	0
324     	-1.10, -0.28, -7.00 	-28.39, -20.52, -9.18 	-19.28, 22.98 	14,2,39,439		2.68,5.49	0,0 	0
333     	-1.17, -0.30, -6.99 	-28.34, -20.47, -9.18 	-19.28, 22.98 	14,2,39,449		7.64,7.57	0,0 	0
342     	-1.23, -0.32, -7.00 	-28.38, -20.48, -9.20 	-19.28, 22.98 	14,2,39,458		7.40,4.88	0,0 	0
351     	-1.30, -0.17, -6.99 	-28.41, -20.41, -9.24 	-19.28, 22.98 	14,2,39,468		17.70,7.51	0,0 	0
360     	-1.31, 0.11, -7.08 	-28.41, -20.34, -9.24 	-19.28, 22.98 	14,2,39,478		31.68,8.24	0,0 	0
369     	-1.35, 0.52, -7.11 	-28.46, -20.33, -9.26 	-19.28, 22.98 	14,2,39,487		45.79,6.25	0,0 	0
378     	-1.40, 0.87, -7.15 	-28.55, -20.27, -9.27 	-19.28, 22.98 	14,2,39,497		38.76,12.04	0,0 	0
387     	-1.58, 1.17, -7.17 	-28.60, -20.23, -9.26 	-19.28, 22.98 	14,2,39,507		39.62,6.88	0,0 	0
396     	-1.71, 1.41, -7.19 	-28.68, -20.21, -9.24 	-19.28, 22.98 	14,2,39,516		29.97,8.94	0,0 	0
405     	-1.96, 1.61, -7.20 	-28.89, -20.12, -9.25 	-19.28, 22.98 	14,2,39,526		35.35,26.33	0,0 	0
414     	-2.21, 1.91, -7.25 	-29.00, -20.02, -9.29 	-19.28, 22.98 	14,2,39,536		43.50,16.32	0,0 	0
423     	-2.46, 2.36, -7.39 	-29.07, -19.92, -9.36 	-19.28, 22.98 	14,2,39,545		56.75,13.38	0,0 	0
432     	-2.90, 2.93, -7.55 	-29.18, -19.80, -9.44 	-19.28, 22.98 	14,2,39,555		80.54,18.12	0,0 	0
441     	-3.47, 3.80, -7.72 	-29.29, -19.66, -9.53 	-19.28, 22.98 	14,2,39,565		115.41,20.03	0,0 	0
450     	-4.20, 4.86, -7.92 	-29.30, -19.52, -9.65 	-19.28, 22.98 	14,2,39,574		143.45,15.21	0,0 	0
459     	-4.80, 5.79, -8.03 	-29.32, -19.35, -9.78 	-19.28, 22.98 	14,2,39,584		122.24,18.72	0,0 	0
468     	-5.44, 6.69, -8.10 	-29.39, -19.18, -9.92 	-19.28, 22.98 	14,2,39,594		122.66,21.01	0,0 	0
477     	-5.96, 7.54, -8.14 	-29.48, -19.03, -9.98 	-19.28, 22.98 	14,2,39,603		111.39,19.78	0,0 	0
486     	-6.58, 8.31, -8.16 	-29.69, -18.92, -10.04 	-19.28, 22.98 	14,2,39,613		109.71,25.84	0,0 	0
495     	-7.33, 9.09, -8.21 	-29.85, -18.82, -10.09 	-19.28, 22.98 	14,2,39,623		119.91,20.77	0,0 	0
504     	-8.22, 9.86, -8.25 	-29.86, -18.67, -10.23 	-19.28, 22.98 	14,2,39,632		130.77,16.38	0,0 	0
513     	-9.02, 10.57, -8.28 	-29.82, -18.49, -10.39 	-19.28, 22.98 	14,2,39,642		118.71,20.61	0,0 	0
522     	-9.79, 11.26, -8.33 	-29.88, -18.22, -10.64 	-19.28, 22.98 	14,2,39,652		115.27,30.77	0,0 	0
531     	-10.48, 12.03, -8.39 	-29.81, -17.94, -10.86 	-19.28, 22.98 	14,2,39,661		115.10,31.99	0,0 	0
540     	-11.13, 12.70, -8.46 	-29.81, -17.68, -11.09 	-19.28, 22.98 	14,2,39,671		103.48,29.27	0,0 	0
549     	-11.68, 13.32, -8.50 	-29.75, -17.41, -11.29 	-19.28, 22.98 	14,2,39,681		91.85,30.52	0,0 	0
558     	-12.36, 13.87, -8.52 	-29.62, -17.13, -11.47 	-19.28, 22.98 	14,2,39,691		97.33,34.39	0,0 	0
567     	-13.05, 14.48, -8.53 	-29.51, -16.87, -11.62 	-19.28, 22.98 	14,2,39,700		102.36,31.79	0,0 	0
576     	-13.66, 15.04, -8.51 	-29.40, -16.66, -11.74 	-19.28, 22.98 	14,2,39,710		92.04,25.58	0,0 	0
585     	-14.27, 15.52, -8.45 	-29.35, -16.49, -11.86 	-19.28, 22.98 	14,2,39,720		86.19,19.87	0,0 	0
594     	-14.93, 15.96, -8.38 	-29.35, -16.18, -12.02 	-19.28, 22.98 	14,2,39,729		88.57,34.01	0,0 	0
603     	-15.61, 16.45, -8.35 	-29.37, -16.01, -12.07 	-19.28, 22.98 	14,2,39,739		92.56,18.72	0,0 	0
612     	-16.25, 16.89, -8.31 	-29.33, -15.85, -12.17 	-19.28, 22.98 	14,2,39,749		85.89,18.39	0,0 	0
621     	-16.80, 17.28, -8.28 	-29.18, -15.71, -12.27 	-19.28, 22.98 	14,2,39,758		75.38,23.41	0,0 	0
630     	-17.26, 17.70, -8.28 	-29.04, -15.49, -12.41 	-19.28, 22.98 	14,2,39,768		69.69,28.51	0,0 	0
639     	-17.65, 18.14, -8.29 	-28.93, -15.25, -12.50 	-19.28, 22.98 	14,2,39,778		65.02,29.18	0,0 	0
648     	-18.01, 18.51, -8.27 	-28.93, -15.01, -12.54 	-19.28, 22.98 	14,2,39,787		57.73,26.94	0,0 	0
657     	-18.32, 18.83, -8.25 	-28.87, -14.75, -12.54 	-19.28, 22.98 	14,2,39,797		49.17,29.42	0,0 	0
666     	-18.57, 19.18, -8.25 	-28.92, -14.56, -12.52 	-19.28, 22.98 	14,2,39,807		47.45,21.50	0,0 	0
675     	-18.80, 19.52, -8.27 	-28.88, -14.30, -12.55 	-19.28, 22.98 	14,2,39,816		46.16,29.91	0,0 	0
684     	-19.03, 19.77, -8.26 	-28.68, -14.10, -12.64 	-19.28, 22.98 	14,2,39,826		37.23,30.97	0,0 	0
693     	-19.18, 19.98, -8.26 	-28.51, -13.79, -12.75 	-19.28, 22.98 	14,2,39,836		29.07,39.80	0,0 	0
702     	-19.40, 20.20, -8.26 	-28.43, -13.52, -12.83 	-19.28, 22.98 	14,2,39,845		34.46,31.31	0,0 	0
711     	-19.55, 20.41, -8.21 	-28.36, -13.29, -12.85 	-19.28, 22.98 	14,2,39,855		29.07,26.13	0,0 	0
720     	-19.66, 20.61, -8.17 	-28.27, -13.15, -12.85 	-19.28, 22.98 	14,2,39,865		24.62,18.46	0,0 	0
729     	-19.68, 20.82, -8.15 	-28.26, -13.07, -12.80 	-19.28, 22.98 	14,2,39,874		23.46,9.59	0,0 	0
738     	-19.66, 21.08, -8.13 	-28.28, -12.93, -12.78 	-19.28, 22.98 	14,2,39,884		29.57,15.30	0,0 	0
747     	-19.67, 21.36, -8.10 	-28.33, -12.84, -12.71 	-19.28, 22.98 	14,2,39,894		30.48,11.27	0,0 	0
756     	-19.70, 21.56, -8.03 	-28.28, -12.74, -12.69 	-19.28, 22.98 	14,2,39,904		22.36,11.99	0,0 	0
765     	-19.77, 21.72, -7.94 	-28.28, -12.63, -12.64 	-19.28, 22.98 	14,2,39,913		19.92,11.72	0,0 	0
774     	-19.87, 21.93, -7.87 	-28.14, -12.55, -12.62 	-19.28, 22.98 	14,2,39,923		25.23,17.61	0,0 	0
783     	-19.99, 22.12, -7.79 	-28.04, -12.47, -12.60 	-19.28, 22.98 	14,2,39,933		25.17,14.47	0,0 	0
792     	-20.12, 22.29, -7.68 	-28.04, -12.34, -12.57 	-19.28, 22.98 	14,2,39,942		24.41,15.22	0,0 	0
801     	-20.23, 22.46, -7.56 	-28.00, -12.19, -12.55 	-19.28, 22.98 	14,2,39,952		21.44,17.29	0,0 	0
810     	-20.29, 22.60, -7.48 	-27.93, -11.98, -12.54 	-19.28, 22.98 	14,2,39,962		17.28,23.98	0,0 	0
819     	-20.31, 22.74, -7.43 	-27.83, -11.83, -12.53 	-19.28, 22.98 	14,2,39,971		15.33,20.83	0,0 	0
828     	-20.31, 22.77, -7.36 	-27.72, -11.64, -12.53 	-19.28, 22.98 	14,2,39,981		3.52,23.62	0,0 	0
837     	-20.44, 22.75, -7.22 	-27.66, -11.45, -12.54 	-19.28, 22.98 	14,2,39,991		14.70,22.91	0,0 	0
846     	-20.60, 22.75, -7.04 	-27.65, -11.30, -12.48 	-19.28, 22.98 	14,2,39,0		17.22,16.48	0,0 	0
855     	-20.63, 22.81, -6.92 	-27.55, -11.16, -12.45 	-19.28, 22.98 	14,2,40,10		7.52,19.18	0,0 	0
864     	-20.50, 22.96, -6.93 	-27.55, -11.02, -12.40 	-19.28, 22.98 	14,2,40,20		21.69,15.22	0,0 	0
873     	-20.37, 23.13, -6.99 	-27.61, -10.90, -12.31 	-19.28, 22.98 	14,2,40,29		24.22,15.02	0,0 	0
882     	-20.35, 23.21, -7.00 	-27.64, -10.81, -12.26 	-19.28, 22.98 	14,2,40,39		8.49,9.75	0,0 	0
891     	-20.36, 23.25, -7.01 	-27.60, -10.72, -12.25 	-19.28, 22.98 	14,2,40,49		4.69,11.46	0,0 	0
900     	-20.38, 23.26, -7.00 	-27.53, -10.58, -12.22 	-19.28, 22.98 	14,2,40,58		2.75,16.83	0,0 	0
909     	-20.39, 23.26, -7.00 	-27.55, -10.51, -12.16 	-19.28, 22.98 	14,2,40,68		1.22,8.32	0,0 	0
918     	-20.40, 23.26, -7.01 	-27.51, -10.45, -12.12 	-19.28, 22.98 	14,2,40,78		1.22,8.41	0,0 	0
927     	-20.40, 23.27, -7.01 	-27.58, -10.36, -12.07 	-19.28, 22.98 	14,2,40,87		1.17,13.03	0,0 	0
936     	-20.40, 23.26, -7.00 	-27.57, -10.33, -12.03 	-19.28, 22.98 	14,2,40,97		1.17,2.60	0,0 	0
945     	-20.39, 23.27, -7.01 	-27.59, -10.22, -12.01 	-19.28, 22.98 	14,2,40,107		1.67,12.87	0,0 	0
954     	-20.38, 23.29, -7.02 	-27.58, -10.21, -11.98 	-19.28, 22.98 	14,2,40,116		2.61,1.66	0,0 	0
963     	-20.37, 23.28, -7.02 	-27.53, -10.19, -11.97 	-19.28, 22.98 	14,2,40,126		1.72,4.98	0,0 	0
972     	-20.37, 23.28, -7.02 	-27.60, -10.15, -11.95 	-19.28, 22.98 	14,2,40,136		0.00,9.53	0,0 	0
981     	-20.37, 23.28, -7.02 	-27.52, -10.15, -11.98 	-19.28, 22.98 	14,2,40,145		0.00,9.88	0,0 	0
990     	-20.37, 23.29, -7.02 	-27.48, -10.13, -11.98 	-19.28, 22.98 	14,2,40,155		1.17,4.28	0,0 	0
999     	-20.38, 23.29, -7.02 	-27.44, -10.12, -12.01 	-19.28, 22.98 	14,2,40,165		1.22,4.98	0,0 	0
1008    	-20.37, 23.29, -7.02 	-27.41, -10.08, -12.03 	-19.28, 22.98 	14,2,40,175		1.22,4.99	1000,1 	0
1017    	-20.36, 23.29, -7.02 	-27.40, -10.07, -12.04 	-19.28, 22.98 	14,2,40,184		1.22,1.66	1000,1 	0
1026    	-20.36, 23.30, -7.03 	-27.39, -10.05, -12.05 	-19.28, 22.98 	14,2,40,194		1.17,2.60	1000,1 	0
1035    	-20.36, 23.30, -7.03 	-27.35, -10.06, -12.04 	-19.28, 22.98 	14,2,40,204		0.00,5.06	1000,1 	0
1044    	-20.35, 23.30, -7.03 	-27.32, -10.05, -12.04 	-19.28, 22.98 	14,2,40,213		1.22,3.66	1000,1 	0
1053    	-20.35, 23.33, -7.04 	-27.34, -10.02, -12.04 	-19.28, 22.98 	14,2,40,223		2.35,4.34	1000,1 	0
1062    	-20.34, 23.33, -7.04 	-27.32, -10.02, -12.04 	-19.28, 22.98 	14,2,40,233		1.22,2.44	1000,1 	0
1071    	-20.36, 23.31, -7.03 	-27.30, -10.05, -12.02 	-19.28, 22.98 	14,2,40,242		2.68,3.76	1000,1 	0
1080    	-20.39, 23.32, -7.03 	-27.32, -10.03, -12.01 	-19.28, 22.98 	14,2,40,252		2.75,2.68	1000,1 	0
1089    	-20.40, 23.32, -7.03 	-27.30, -10.03, -12.02 	-19.28, 22.98 	14,2,40,262		1.22,2.44	1000,1 	0
1098    	-20.39, 23.32, -7.03 	-27.28, -10.03, -12.01 	-19.28, 22.98 	14,2,40,271		1.22,1.22	1000,1 	0
1107    	-20.39, 23.33, -7.03 	-27.28, -10.03, -12.02 	-19.28, 22.98 	14,2,40,281		1.17,0.00	1000,1 	0
1116    	-20.40, 23.33, -7.03 	-27.26, -10.01, -12.03 	-19.28, 22.98 	14,2,40,291		1.22,3.32	1000,1 	0
1125    	-20.39, 23.32, -7.03 	-27.22, -10.02, -12.04 	-19.28, 22.98 	14,2,40,300		1.72,5.06	1000,1 	0
1134    	-20.39, 23.32, -7.03 	-27.21, -10.01, -12.04 	-19.28, 22.98 	14,2,40,310		0.00,1.66	1000,1 	0
1143    	-20.39, 23.33, -7.03 	-27.21, -10.01, -12.03 	-19.28, 22.98 	14,2,40,320		1.17,0.00	1000,1 	0
1152    	-20.39, 23.32, -7.03 	-27.19, -9.98, -12.04 	-19.28, 22.98 	14,2,40,329		1.17,3.32	1000,1 	0
1161    	-20.39, 23.32, -7.03 	-27.23, -9.99, -12.02 	-19.28, 22.98 	14,2,40,339		0.00,4.88	1000,1 	0
1170    	-20.39, 23.32, -7.03 	-27.21, -10.00, -12.01 	-19.28, 22.98 	14,2,40,349		0.00,2.74	1000,1 	0
1179    	-20.39, 23.33, -7.03 	-27.23, -10.00, -12.01 	-19.28, 22.98 	14,2,40,359		1.17,2.44	1000,1 	0
1188    	-20.39, 23.32, -7.03 	-27.21, -10.00, -12.02 	-19.28, 22.98 	14,2,40,368		1.17,2.44	1000,1 	0
1197    	-20.39, 23.32, -7.03 	-27.19, -9.99, -12.02 	-19.28, 22.98 	14,2,40,378		0.00,2.44	1000,1 	0
1206    	-20.39, 23.32, -7.03 	-27.20, -9.97, -12.03 	-19.28, 22.98 	14,2,40,388		0.00,2.68	1000,1 	0
1215    	-20.38, 23.33, -7.03 	-27.20, -9.97, -12.04 	-19.28, 22.98 	14,2,40,397		1.67,0.00	1000,1 	0
1224    	-20.38, 23.33, -7.03 	-27.17, -9.96, -12.05 	-19.28, 22.98 	14,2,40,407		0.00,3.81	1000,1 	0
1233    	-20.38, 23.32, -7.03 	-27.12, -9.94, -12.05 	-19.28, 22.98 	14,2,40,417		1.17,6.46	1000,1 	0
1242    	-20.38, 23.32, -7.03 	-27.12, -9.97, -12.05 	-19.28, 22.98 	14,2,40,426		0.00,3.68	1000,1 	0
1251    	-20.39, 23.32, -7.02 	-27.09, -9.99, -12.04 	-19.28, 22.98 	14,2,40,436		1.22,4.41	1000,1 	0
1260    	-20.38, 23.32, -7.03 	-27.09, -9.98, -12.02 	-19.28, 22.98 	14,2,40,446		1.22,1.17	1000,1 	0
1269    	-20.38, 23.32, -7.03 	-27.12, -10.00, -12.01 	0.00, -0.00 	14,2,40,465		0.00,4.28	1000,1 	0
1278    	-20.39, 23.32, -7.03 	-27.11, -10.01, -12.01 	0.00, -0.00 	14,2,40,475		1.38,1.93	0,0 	0
1287    	-20.39, 23.32, -7.03 	-27.11, -10.00, -12.01 	0.00, -0.00 	14,2,40,484		0.00,1.32	0,0 	0
1296    	-20.40, 23.33, -7.03 	-27.10, -9.98, -12.01 	0.00, -0.00 	14,2,40,494		1.94,2.93	0,0 	0
1305    	-20.39, 23.32, -7.03 	-27.11, -10.00, -12.01 	0.00, -0.00 	14,2,40,504		1.94,2.93	0,0 	0
1314    	-20.39, 23.32, -7.03 	-27.10, -9.99, -12.01 	0.00, -0.00 	14,2,40,513		0.00,1.87	0,0 	0
1323    	-20.37, 23.31, -7.03 	-27.10, -10.00, -12.00 	0.00, -0.00 	14,2,40,523		1.94,1.32	0,0 	0
1332    	-20.38, 23.32, -7.03 	-27.05, -10.02, -11.99 	0.00, -0.00 	14,2,40,533		1.32,6.17	0,0 	0
1341    	-20.38, 23.32, -7.03 	-27.04, -10.01, -11.99 	0.00, -0.00 	14,2,40,542		0.00,1.87	0,0 	0
1350    	-20.39, 23.32, -7.03 	-27.04, -10.00, -12.00 	0.00, -0.00 	14,2,40,552		1.38,1.32	0,0 	0
1359    	-20.38, 23.32, -7.03 	-27.04, -9.97, -12.00 	0.00, -0.00 	14,2,40,562		1.38,2.93	0,0 	0
1368    	-20.38, 23.32, -7.03 	-27.07, -9.97, -11.99 	0.00, -0.00 	14,2,40,571		0.00,4.37	0,0 	0
1377    	-20.40, 23.32, -7.03 	-27.02, -10.00, -11.97 	0.00, -0.00 	14,2,40,581		2.75,7.74	0,0 	0
1386    	-20.39, 23.32, -7.03 	-27.03, -9.98, -11.99 	0.00, -0.00 	14,2,40,591		1.38,3.01	0,0 	0
1395    	-20.40, 23.32, -7.03 	-27.02, -9.98, -11.99 	0.00, -0.00 	14,2,40,601		1.38,1.37	0,0 	0
1404    	-20.40, 23.33, -7.04 	-27.04, -9.97, -11.98 	0.00, -0.00 	14,2,40,610		1.32,1.93	0,0 	0
1413    	-20.39, 23.32, -7.04 	-27.04, -9.97, -11.97 	0.00, -0.00 	14,2,40,620		1.94,0.00	0,0 	0
1422    	-20.37, 23.31, -7.03 	-27.03, -9.99, -11.96 	0.00, -0.00 	14,2,40,630		1.94,2.63	0,0 	0
1431    	-20.39, 23.31, -7.03 	-27.03, -9.98, -11.98 	0.00, -0.00 	14,2,40,639		1.38,1.32	0,0 	0
1440    	-20.38, 23.33, -7.03 	-27.04, -9.97, -11.98 	0.00, -0.00 	14,2,40,649		2.94,1.32	0,0 	0
1449    	-20.38, 23.32, -7.03 	-27.01, -9.98, -11.99 	0.00, -0.00 	14,2,40,659		1.32,3.09	0,0 	0
1458    	-20.38, 23.32, -7.03 	-27.01, -9.97, -12.00 	0.00, -0.00 	14,2,40,668		0.00,1.32	0,0 	0
1467    	-20.37, 23.31, -7.02 	-26.97, -9.98, -12.01 	0.00, -0.00 	14,2,40,678		1.32,5.69	0,0 	0
1476    	-20.39, 23.31, -7.03 	-26.97, -9.95, -12.01 	0.00, -0.00 	14,2,40,688		1.38,3.95	0,0 	0
1485    	-20.40, 23.32, -7.02 	-26.97, -9.94, -12.01 	0.00, -0.00 	14,2,40,697		1.94,1.32	0,0 	0
1494    	-20.40, 23.31, -7.03 	-27.01, -9.97, -11.98 	0.00, -0.00 	14,2,40,707		1.32,6.66	0,0 	0
1503    	-20.40, 23.31, -7.02 	-27.03, -9.96, -11.98 	0.00, -0.00 	14,2,40,717		0.00,1.93	0,0 	0
1512    	-20.38, 23.30, -7.03 	-27.01, -9.97, -11.96 	0.00, -0.00 	14,2,40,726		1.94,1.93	0,0 	0
1521    	-20.38, 23.30, -7.02 	-27.02, -9.98, -11.95 	0.00, -0.00 	14,2,40,736		0.00,1.87	0,0 	0
1530    	-20.39, 23.31, -7.02 	-27.02, -9.95, -11.96 	0.00, -0.00 	14,2,40,746		1.32,4.14	0,0 	0
1539    	-20.38, 23.32, -7.02 	-26.98, -9.97, -11.96 	0.00, -0.00 	14,2,40,755		1.88,4.96	0,0 	0
1548    	-20.38, 23.32, -7.03 	-26.98, -9.94, -11.96 	0.00, -0.00 	14,2,40,765		0.00,3.95	0,0 	0
1557    	-20.38, 23.32, -7.03 	-26.94, -9.96, -11.96 	0.00, -0.00 	14,2,40,775		0.00,6.17	0,0 	0
1566    	-20.38, 23.30, -7.02 	-26.93, -9.94, -11.97 	0.00, -0.00 	14,2,40,784		2.94,2.93	0,0 	0
1575    	-20.38, 23.30, -7.02 	-26.91, -9.94, -11.97 	0.00, -0.00 	14,2,40,794		0.00,3.09	0,0 	0
1584    	-20.39, 23.31, -7.03 	-26.93, -9.93, -11.98 	0.00, -0.00 	14,2,40,804		1.32,3.87	0,0 	0
1593    	-20.39, 23.31, -7.03 	-26.93, -9.93, -11.97 	0.00, -0.00 	14,2,40,814		0.00,0.00	0,0 	0
1602    	-20.39, 23.31, -7.03 	-26.95, -9.93, -11.97 	0.00, -0.00 	14,2,40,823		0.00,2.75	0,0 	0
1611    	-20.39, 23.32, -7.03 	-26.93, -9.90, -11.98 	0.00, -0.00 	14,2,40,833		1.32,3.74	0,0 	0
1620    	-20.39, 23.32, -7.03 	-26.91, -9.91, -11.98 	0.00, -0.00 	14,2,40,842		0.00,3.09	0,0 	0
1629    	-20.39, 23.31, -7.03 	-26.94, -9.89, -11.97 	0.00, -0.00 	14,2,40,852		1.32,4.97	0,0 	0
1638    	-20.39, 23.31, -7.03 	-26.92, -9.90, -11.97 	0.00, -0.00 	14,2,40,862		0.00,3.09	0,0 	0
1647    	-20.39, 23.31, -7.03 	-26.96, -9.88, -11.97 	0.00, -0.00 	14,2,40,871		0.00,4.97	0,0 	0
1656    	-20.38, 23.32, -7.03 	-26.95, -9.87, -11.97 	0.00, -0.00 	14,2,40,881		1.88,1.87	0,0 	0
1665    	-20.38, 23.32, -7.03 	-26.93, -9.85, -11.98 	0.00, -0.00 	14,2,40,891		0.00,3.74	0,0 	0
1674    	-20.38, 23.32, -7.03 	-26.94, -9.85, -11.98 	0.00, -0.00 	14,2,40,901		0.00,1.37	0,0 	0
1683    	-20.38, 23.32, -7.03 	-26.94, -9.84, -11.99 	0.00, -0.00 	14,2,40,910		0.00,1.32	0,0 	0
1692    	-20.39, 23.31, -7.03 	-26.91, -9.83, -11.98 	0.00, -0.00 	14,2,40,920		1.88,4.28	0,0 	0
1701    	-20.37, 23.31, -7.04 	-26.92, -9.87, -11.95 	0.00, -0.00 	14,2,40,930		1.38,5.86	0,0 	0
1710    	-20.39, 23.32, -7.04 	-26.94, -9.90, -11.93 	0.00, -0.00 	14,2,40,939		1.94,4.73	0,0 	0
1719    	-20.39, 23.31, -7.03 	-26.95, -9.91, -11.93 	0.00, -0.00 	14,2,40,949		1.32,1.37	0,0 	0
1728    	-20.40, 23.30, -7.03 	-26.98, -9.91, -11.91 	0.00, -0.00 	14,2,40,959		1.88,2.75	0,0 	0
1737    	-20.41, 23.30, -7.03 	-26.97, -9.90, -11.91 	0.00, -0.00 	14,2,40,968		1.38,1.87	0,0 	0
1746    	-20.42, 23.30, -7.02 	-26.99, -9.88, -11.92 	0.00, -0.00 	14,2,40,978		1.38,3.87	0,0 	0
1755    	-20.42, 23.29, -7.03 	-26.99, -9.88, -11.92 	0.00, -0.00 	14,2,40,988		1.32,0.00	0,0 	0
1764    	-20.43, 23.29, -7.02 	-26.95, -9.87, -11.94 	0.00, -0.00 	14,2,40,997		1.38,5.49	0,0 	0
1773    	-20.43, 23.28, -7.03 	-26.95, -9.87, -11.94 	0.00, -0.00 	14,2,41,7		1.32,0.00	0,0 	0
1782    	-20.39, 23.26, -7.03 	-26.95, -9.87, -11.96 	0.00, -0.00 	14,2,41,17		4.97,0.00	0,0 	0
1791    	-20.38, 23.23, -7.04 	-26.96, -9.84, -11.95 	0.00, -0.00 	14,2,41,26		4.23,4.23	0,0 	0
1800    	-20.34, 23.17, -7.04 	-26.95, -9.83, -11.95 	0.00, -0.00 	14,2,41,36		9.05,1.87	0,0 	0
1809    	-20.27, 23.04, -7.04 	-26.92, -9.87, -11.95 	0.00, -0.00 	14,2,41,46		17.46,6.02	0,0 	0
1818    	-20.14, 22.82, -7.04 	-26.95, -9.87, -11.94 	0.00, -0.00 	14,2,41,55		32.52,2.75	0,0 	0
1827    	-20.02, 22.60, -7.01 	-26.94, -9.89, -11.94 	0.00, -0.00 	14,2,41,65		31.92,2.63	0,0 	0
1836    	-19.86, 22.40, -6.99 	-26.94, -9.89, -11.94 	0.00, -0.00 	14,2,41,75		31.26,0.00	0,0 	0
1845    	-19.62, 22.23, -6.99 	-26.96, -9.92, -11.95 	0.00, -0.00 	14,2,41,84		36.94,3.74	0,0 	0
1854    	-19.31, 22.04, -7.03 	-26.99, -9.89, -11.96 	0.00, -0.00 	14,2,41,94		45.15,4.89	0,0 	0
1863    	-18.98, 21.76, -7.07 	-27.00, -9.90, -11.95 	0.00, -0.00 	14,2,41,104		54.24,1.87	0,0 	0
1872    	-18.56, 21.40, -7.10 	-27.00, -9.94, -11.95 	0.00, -0.00 	14,2,41,113		69.69,5.27	0,0 	0
1881    	-18.10, 21.01, -7.15 	-27.05, -9.96, -11.94 	0.00, -0.00 	14,2,41,123		74.55,7.27	0,0 	0
1890    	-17.56, 20.63, -7.24 	-27.06, -10.02, -11.93 	0.00, -0.00 	14,2,41,133		82.88,7.05	0,0 	0
1899    	-17.01, 20.18, -7.31 	-27.13, -10.12, -11.94 	0.00, -0.00 	14,2,41,143		89.11,15.00	0,0 	0
1908    	-16.43, 19.65, -7.38 	-27.33, -10.23, -11.92 	0.00, -0.00 	14,2,41,152		98.72,28.83	0,0 	0
1917    	-15.82, 19.08, -7.47 	-27.57, -10.45, -11.92 	0.00, -0.00 	14,2,41,162		103.57,40.70	0,0 	0
1926    	-15.21, 18.49, -7.57 	-27.87, -10.79, -11.89 	0.00, -0.00 	14,2,41,172		105.55,56.10	0,0 	0
1935    	-14.57, 17.83, -7.66 	-28.24, -11.09, -11.93 	0.00, -0.00 	14,2,41,181		115.52,59.91	0,0 	0
1944    	-13.86, 17.10, -7.72 	-28.59, -11.37, -12.00 	0.00, -0.00 	14,2,41,191		127.06,55.49	0,0 	0
1953    	-13.10, 16.36, -7.81 	-28.83, -11.60, -12.05 	0.00, -0.00 	14,2,41,201		132.66,42.30	0,0 	0
1962    	-12.29, 15.60, -7.89 	-29.11, -11.91, -12.02 	0.00, -0.00 	14,2,41,210		0.00,0.00	0,0 	0
1971    	-11.37, 14.76, -7.98 	-29.27, -12.22, -11.93 	0.00, -0.00 	14,2,41,220		0.00,0.00	0,0 	0
1980    	-10.48, 13.81, -8.03 	-29.46, -12.50, -11.83 	0.00, -0.00 	14,2,41,230		0.00,0.00	0,0 	0
1989    	-9.61, 12.86, -8.08 	-29.60, -12.72, -11.77 	0.00, -0.00 	14,2,41,239		0.00,0.00	0,0 	0
1998    	-8.78, 11.84, -8.11 	-29.69, -12.98, -11.71 	0.00, -0.00 	14,2,41,249		0.00,0.00	0,0 	0
2007    	-8.03, 10.79, -8.12 	-29.85, -13.15, -11.65 	0.00, -0.00 	14,2,41,259		0.00,0.00	0,0 	0
2016    	-7.26, 9.67, -8.13 	-30.05, -13.25, -11.65 	0.00, -0.00 	14,2,41,268		0.00,0.00	0,0 	0
2025    	-6.53, 8.60, -8.17 	-30.15, -13.42, -11.61 	0.00, -0.00 	14,2,41,278		0.00,0.00	0,0 	0
2034    	-5.77, 7.57, -8.23 	-30.21, -13.59, -11.60 	0.00, -0.00 	14,2,41,288		0.00,0.00	0,0 	0
2043    	-5.03, 6.49, -8.22 	-30.28, -13.68, -11.61 	0.00, -0.00 	14,2,41,297		0.00,0.00	0,0 	0
2052    	-4.16, 5.49, -8.24 	-30.22, -13.77, -11.69 	0.00, -0.00 	14,2,41,307		0.00,0.00	0,0 	0
2061    	-3.37, 4.63, -8.28 	-30.08, -13.89, -11.78 	0.00, -0.00 	14,2,41,317		0.00,0.00	0,0 	0
2070    	-2.74, 3.70, -8.25 	-30.12, -14.01, -11.84 	0.00, -0.00 	14,2,41,326		0.00,0.00	0,0 	0
2079    	-2.08, 2.79, -8.19 	-30.33, -14.28, -11.80 	0.00, -0.00 	14,2,41,336		0.00,0.00	0,0 	0
2088    	-1.40, 1.95, -8.15 	-30.52, -14.60, -11.70 	0.00, -0.00 	14,2,41,346		0.00,0.00	0,0 	0
2097    	-1.09, 1.19, -8.15 	-30.79, -14.93, -11.54 	0.00, -0.00 	14,2,41,356		0.00,0.00	0,0 	0
2106    	-0.97, 0.48, -8.12 	-31.09, -15.20, -11.43 	0.00, -0.00 	14,2,41,365		0.00,0.00	0,0 	0
2115    	-0.77, -0.09, -8.09 	-31.12, -15.46, -11.44 	0.00, -0.00 	14,2,41,375		0.00,0.00	0,0 	0
2124    	-0.68, -0.43, -8.04 	-31.01, -15.59, -11.54 	0.00, -0.00 	14,2,41,385		0.00,0.00	0,0 	0
2133    	-0.58, -0.73, -7.99 	-30.88, -15.69, -11.64 	0.00, -0.00 	14,2,41,394		0.00,0.00	0,0 	0
