#Time 	Sensor1         Sensor2         Target          Time            Vel             
#================================================================

9       	-24.55, -31.55, -7.64 	-0.12, 0.04, -6.76 	0.00, 20.00 	10,16,59,470		0.00,0.00	0,0 	0
14      	-24.53, -31.54, -7.62 	-0.12, 0.04, -6.75 	0.00, 20.00 	10,16,59,480		4.65,0.00	0,0 	0
23      	-24.54, -31.54, -7.63 	-0.12, 0.04, -6.75 	0.00, 20.00 	10,16,59,490		1.15,0.00	0,0 	0
31      	-24.53, -31.53, -7.63 	-0.12, 0.04, -6.75 	0.00, 20.00 	10,16,59,499		1.99,0.00	0,0 	0
40      	-24.54, -31.50, -7.63 	-0.12, 0.05, -6.75 	0.00, 20.00 	10,16,59,509		3.33,1.24	0,0 	0
49      	-24.52, -31.47, -7.64 	-0.11, 0.05, -6.75 	0.00, 20.00 	10,16,59,519		3.53,1.10	0,0 	0
57      	-24.55, -31.47, -7.63 	-0.12, 0.05, -6.75 	0.00, 20.00 	10,16,59,528		3.89,1.24	0,0 	0
66      	-24.52, -31.49, -7.66 	-0.12, 0.05, -6.75 	0.00, 20.00 	10,16,59,538		3.93,0.00	0,0 	0
75      	-24.50, -31.48, -7.65 	-0.12, 0.05, -6.75 	0.00, 20.00 	10,16,59,548		2.58,0.00	0,0 	0
83      	-24.50, -31.48, -7.66 	-0.12, 0.04, -6.75 	0.00, 20.00 	10,16,59,557		0.00,1.40	0,0 	0
92      	-24.51, -31.49, -7.63 	-0.11, 0.03, -6.73 	0.00, 20.00 	10,16,59,567		1.77,1.66	0,0 	0
101     	-24.50, -31.50, -7.62 	-0.11, 0.03, -6.73 	0.00, 20.00 	10,16,59,577		1.99,0.00	0,0 	0
109     	-24.45, -31.53, -7.62 	-0.09, 0.04, -6.75 	0.00, 20.00 	10,16,59,586		7.67,2.84	0,0 	0
118     	-24.49, -31.54, -7.62 	-0.08, 0.05, -6.76 	0.00, 20.00 	10,16,59,596		4.67,1.66	0,0 	0
127     	-24.47, -31.53, -7.61 	-0.13, 0.05, -6.76 	0.00, 20.00 	10,16,59,606		2.58,5.51	0,0 	0
135     	-24.48, -31.52, -7.60 	-0.13, 0.05, -6.75 	0.00, 20.00 	10,16,59,615		2.24,0.00	0,0 	0
144     	-24.50, -31.54, -7.60 	-0.13, 0.04, -6.74 	0.00, 20.00 	10,16,59,625		3.53,1.24	0,0 	0
153     	-24.48, -31.54, -7.58 	-0.11, 0.03, -6.74 	0.00, 20.00 	10,16,59,635		2.31,2.54	0,0 	0
162     	-24.47, -31.56, -7.59 	-0.11, 0.03, -6.74 	0.00, 20.00 	10,16,59,645		1.99,0.00	0,0 	0
170     	-24.47, -31.52, -7.61 	-0.11, 0.02, -6.73 	0.00, 20.00 	10,16,59,654		5.03,1.40	0,0 	0
180     	-24.46, -31.53, -7.60 	-0.11, 0.02, -6.73 	0.00, 20.00 	10,16,59,665		1.79,0.00	0,0 	0
188     	-24.49, -31.53, -7.58 	-0.11, 0.04, -6.75 	0.00, 20.00 	10,16,59,674		3.89,2.79	0,0 	0
197     	-24.51, -31.54, -7.57 	-0.11, 0.05, -6.75 	0.00, 20.00 	10,16,59,684		2.58,1.24	0,0 	0
205     	-24.49, -31.56, -7.58 	-0.12, 0.05, -6.74 	0.00, 20.00 	10,16,59,693		3.26,1.24	0,0 	0
215     	-24.51, -31.57, -7.57 	-0.12, 0.05, -6.74 	0.00, 20.00 	10,16,59,704		2.33,0.00	0,0 	0
223     	-24.49, -31.56, -7.57 	-0.12, 0.05, -6.74 	0.00, 20.00 	10,16,59,713		2.91,0.00	0,0 	0
232     	-24.51, -31.56, -7.58 	-0.12, 0.03, -6.73 	0.00, 20.00 	10,16,59,723		2.31,2.48	0,0 	0
241     	-24.52, -31.55, -7.58 	-0.12, 0.04, -6.73 	0.00, 20.00 	10,16,59,733		1.15,1.24	0,0 	0
249     	-24.51, -31.57, -7.56 	-0.12, 0.04, -6.73 	0.00, 20.00 	10,16,59,742		2.24,0.00	0,0 	0
258     	-24.46, -31.57, -7.57 	-0.10, 0.04, -6.73 	0.00, 20.00 	10,16,59,752		4.61,2.21	0,0 	0
267     	-24.49, -31.57, -7.56 	-0.10, 0.04, -6.73 	0.00, 20.00 	10,16,59,762		2.31,0.00	0,0 	0
275     	-24.50, -31.57, -7.54 	-0.10, 0.02, -6.72 	0.00, 20.00 	10,16,59,771		1.30,2.79	0,0 	0
284     	-24.48, -31.58, -7.54 	-0.14, 0.01, -6.72 	0.00, 20.00 	10,16,59,781		1.99,4.58	0,0 	0
293     	-24.51, -31.60, -7.54 	-0.14, 0.04, -6.72 	0.00, 20.00 	10,16,59,791		3.59,3.72	0,0 	0
301     	-24.52, -31.58, -7.55 	-0.14, 0.05, -6.74 	0.00, 20.00 	10,16,59,800		1.68,1.40	0,0 	0
310     	-24.51, -31.57, -7.54 	-0.14, 0.05, -6.74 	0.00, 20.00 	10,16,59,810		1.77,0.00	0,0 	0
319     	-24.53, -31.55, -7.54 	-0.14, 0.05, -6.74 	0.00, 20.00 	10,16,59,820		2.90,0.00	0,0 	0
327     	-24.53, -31.53, -7.54 	-0.14, 0.05, -6.74 	0.00, 20.00 	10,16,59,829		3.35,0.00	0,0 	0
336     	-24.54, -31.51, -7.55 	-0.14, 0.03, -6.74 	0.00, 20.00 	10,16,59,839		1.99,2.48	0,0 	0
345     	-24.52, -31.53, -7.56 	-0.14, 0.03, -6.74 	0.00, 20.00 	10,16,59,849		2.90,0.00	0,0 	0
353     	-24.52, -31.49, -7.56 	-0.14, 0.03, -6.74 	0.00, 20.00 	10,16,59,858		5.03,0.00	0,0 	0
362     	-24.48, -31.50, -7.55 	-0.14, 0.03, -6.74 	0.00, 20.00 	10,16,59,868		5.02,0.00	0,0 	0
371     	-24.55, -31.50, -7.55 	-0.14, 0.03, -6.73 	0.00, 20.00 	10,16,59,878		8.07,0.00	0,0 	0
380     	-24.52, -31.51, -7.54 	-0.14, 0.05, -6.73 	0.00, 20.00 	10,16,59,888		3.93,2.48	0,0 	0
388     	-24.49, -31.50, -7.55 	-0.14, 0.08, -6.75 	0.00, 20.00 	10,16,59,897		4.04,2.79	0,0 	0
397     	-24.49, -31.48, -7.55 	-0.14, 0.06, -6.75 	0.00, 20.00 	10,16,59,907		2.98,1.24	0,0 	0
406     	-24.46, -31.49, -7.55 	-0.14, 0.06, -6.75 	0.00, 20.00 	10,16,59,917		3.93,0.00	0,0 	0
414     	-24.49, -31.49, -7.56 	-0.17, 0.07, -6.75 	0.00, 20.00 	10,16,59,926		3.89,3.72	0,0 	0
423     	-24.46, -31.56, -7.55 	-0.17, 0.07, -6.75 	0.00, 20.00 	10,16,59,936		8.59,0.00	0,0 	0
432     	-24.46, -31.53, -7.56 	-0.17, 0.07, -6.75 	0.00, 20.00 	10,16,59,946		2.98,0.00	0,0 	0
440     	-24.44, -31.56, -7.55 	-0.16, 0.06, -6.75 	0.00, 20.00 	10,16,59,955		3.74,1.24	0,0 	0
449     	-24.43, -31.56, -7.56 	-0.16, 0.03, -6.75 	0.00, 20.00 	10,16,59,965		1.15,3.72	0,0 	0
458     	-24.44, -31.56, -7.57 	-0.16, 0.03, -6.74 	0.00, 20.00 	10,16,59,975		1.15,0.00	0,0 	0
466     	-24.49, -31.57, -7.57 	-0.16, 0.03, -6.74 	0.00, 20.00 	10,16,59,984		5.25,0.00	0,0 	0
475     	-24.44, -31.57, -7.58 	-0.16, 0.03, -6.74 	0.00, 20.00 	10,16,59,994		4.61,0.00	0,0 	0
484     	-24.45, -31.59, -7.57 	-0.14, 0.03, -6.74 	0.00, 20.00 	10,17,0,4		1.77,2.21	0,0 	0
492     	-24.49, -31.57, -7.57 	-0.14, 0.03, -6.74 	0.00, 20.00 	10,17,0,13		4.43,0.00	0,0 	0
501     	-24.49, -31.57, -7.57 	-0.14, 0.03, -6.74 	0.00, 20.00 	10,17,0,23		0.00,0.00	0,0 	0
510     	-24.48, -31.60, -7.55 	-0.14, 0.03, -6.74 	0.00, 20.00 	10,17,0,33		2.98,0.00	0,0 	0
518     	-24.45, -31.61, -7.54 	-0.14, 0.03, -6.74 	0.00, 20.00 	10,17,0,42		4.43,0.00	0,0 	0
527     	-24.48, -31.61, -7.55 	-0.14, 0.03, -6.74 	0.00, 20.00 	10,17,0,52		3.46,0.00	0,0 	0
536     	-24.45, -31.59, -7.55 	-0.14, 0.03, -6.74 	0.00, 20.00 	10,17,0,62		4.27,0.00	0,0 	0
544     	-24.42, -31.62, -7.55 	-0.14, 0.02, -6.73 	0.00, 20.00 	10,17,0,71		5.44,1.40	0,0 	0
553     	-24.44, -31.59, -7.55 	-0.14, 0.03, -6.73 	0.00, 20.00 	10,17,0,81		3.99,1.24	0,0 	0
562     	-24.49, -31.54, -7.55 	-0.13, 0.03, -6.73 	0.00, 20.00 	10,17,0,91		6.81,1.10	0,0 	0
571     	-24.44, -31.55, -7.56 	-0.13, 0.03, -6.73 	0.00, 20.00 	10,17,0,101		5.77,0.00	0,0 	0
579     	-24.49, -31.53, -7.55 	-0.11, 0.03, -6.73 	0.00, 20.00 	10,17,0,110		6.90,2.48	0,0 	0
587     	-24.48, -31.54, -7.55 	-0.11, 0.03, -6.73 	0.00, 20.00 	10,17,0,119		2.24,0.00	0,0 	0
597     	-24.49, -31.56, -7.54 	-0.12, 0.03, -6.72 	0.00, 20.00 	10,17,0,130		1.59,0.99	0,0 	0
605     	-24.50, -31.54, -7.55 	-0.12, 0.02, -6.72 	0.00, 20.00 	10,17,0,139		2.24,1.40	0,0 	0
614     	-24.50, -31.57, -7.55 	-0.12, 0.02, -6.72 	0.00, 20.00 	10,17,0,149		2.98,0.00	0,0 	0
623     	-24.49, -31.60, -7.54 	-0.12, 0.02, -6.72 	0.00, 20.00 	10,17,0,159		2.98,0.00	0,0 	0
631     	-24.49, -31.65, -7.55 	-0.12, 0.03, -6.74 	0.00, 20.00 	10,17,0,168		6.70,1.40	0,0 	0
640     	-24.50, -31.62, -7.56 	-0.12, 0.02, -6.74 	0.00, 20.00 	10,17,0,178		3.33,1.24	0,0 	0
649     	-24.59, -31.62, -7.56 	-0.12, 0.03, -6.74 	0.00, 20.00 	10,17,0,188		9.23,1.24	0,0 	0
657     	-24.60, -31.60, -7.55 	-0.12, 0.03, -6.74 	0.00, 20.00 	10,17,0,197		2.24,0.00	0,0 	0
666     	-24.58, -31.56, -7.56 	-0.12, 0.03, -6.74 	0.00, 20.00 	10,17,0,207		4.76,0.00	0,0 	0
675     	-24.55, -31.53, -7.57 	-0.12, 0.02, -6.73 	0.00, 20.00 	10,17,0,217		5.30,1.24	0,0 	0
683     	-24.55, -31.46, -7.58 	-0.12, 0.02, -6.73 	0.00, 20.00 	10,17,0,226		8.38,0.00	0,0 	0
692     	-24.54, -31.46, -7.58 	-0.12, 0.02, -6.73 	0.00, 20.00 	10,17,0,236		1.15,0.00	0,0 	0
701     	-24.56, -31.46, -7.58 	-0.12, 0.02, -6.73 	0.00, 20.00 	10,17,0,246		2.31,0.00	0,0 	0
709     	-24.57, -31.50, -7.55 	-0.12, 0.02, -6.73 	0.00, 20.00 	10,17,0,255		5.03,0.00	0,0 	0
718     	-24.61, -31.49, -7.53 	-0.12, 0.02, -6.73 	0.00, 20.00 	10,17,0,265		4.61,0.00	0,0 	0
727     	-24.65, -31.51, -7.51 	-0.12, 0.02, -6.73 	0.00, 20.00 	10,17,0,275		4.67,0.00	0,0 	0
735     	-24.66, -31.48, -7.51 	-0.12, 0.02, -6.73 	0.00, 20.00 	10,17,0,284		3.35,0.00	0,0 	0
744     	-24.67, -31.49, -7.49 	-0.10, 0.02, -6.73 	0.00, 20.00 	10,17,0,294		1.77,2.21	0,0 	0
753     	-24.64, -31.49, -7.49 	-0.10, 0.02, -6.73 	0.00, 20.00 	10,17,0,304		2.31,0.00	0,0 	0
762     	-24.63, -31.48, -7.50 	-0.10, 0.02, -6.73 	0.00, 20.00 	10,17,0,314		1.77,0.00	0,0 	0
770     	-24.64, -31.45, -7.50 	-0.11, 0.02, -6.73 	0.00, 20.00 	10,17,0,323		3.35,1.24	0,0 	0
779     	-24.65, -31.44, -7.50 	-0.12, 0.02, -6.73 	0.00, 20.00 	10,17,0,333		1.99,1.10	0,0 	0
788     	-24.63, -31.47, -7.48 	-0.12, 0.03, -6.75 	0.00, 20.00 	10,17,0,343		3.99,1.24	0,0 	0
796     	-24.59, -31.48, -7.48 	-0.12, 0.03, -6.75 	0.00, 20.00 	10,17,0,352		4.43,0.00	0,0 	0
804     	-24.59, -31.47, -7.48 	-0.12, 0.02, -6.75 	0.00, 20.00 	10,17,0,361		1.68,1.40	0,0 	0
814     	-24.56, -31.46, -7.50 	-0.13, 0.04, -6.75 	0.00, 20.00 	10,17,0,372		3.23,2.45	0,0 	0
822     	-24.57, -31.46, -7.49 	-0.13, 0.04, -6.75 	0.00, 20.00 	10,17,0,381		1.30,0.00	0,0 	0
831     	-24.59, -31.44, -7.49 	-0.13, 0.04, -6.75 	0.00, 20.00 	10,17,0,391		1.99,0.00	0,0 	0
840     	-24.58, -31.46, -7.49 	-0.13, 0.04, -6.75 	0.00, 20.00 	10,17,0,401		1.49,0.00	0,0 	0
848     	-24.61, -31.46, -7.50 	-0.13, 0.04, -6.75 	0.00, 20.00 	10,17,0,410		2.60,0.00	0,0 	0
857     	-24.59, -31.47, -7.49 	-0.12, 0.03, -6.74 	0.00, 20.00 	10,17,0,420		1.99,1.66	0,0 	0
866     	-24.61, -31.46, -7.49 	-0.12, 0.03, -6.75 	0.00, 20.00 	10,17,0,430		1.99,0.00	0,0 	0
874     	-24.56, -31.49, -7.49 	-0.13, 0.03, -6.75 	0.00, 20.00 	10,17,0,439		6.52,1.24	0,0 	0
883     	-24.58, -31.47, -7.49 	-0.12, 0.04, -6.74 	0.00, 20.00 	10,17,0,449		2.90,1.66	0,0 	0
892     	-24.56, -31.49, -7.51 	-0.12, 0.03, -6.75 	0.00, 20.00 	10,17,0,459		2.90,1.24	0,0 	0
900     	-24.52, -31.49, -7.51 	-0.12, 0.03, -6.75 	0.00, 20.00 	10,17,0,468		5.19,0.00	0,0 	0
909     	-24.51, -31.50, -7.50 	-0.12, 0.03, -6.75 	0.00, 20.00 	10,17,0,478		1.99,0.00	0,0 	0
918     	-24.51, -31.49, -7.51 	-0.12, 0.03, -6.74 	0.00, 20.00 	10,17,0,488		1.49,0.00	0,0 	0
927     	-24.52, -31.45, -7.52 	-0.12, 0.03, -6.75 	0.00, 20.00 	10,17,0,498		4.75,0.00	0,0 	0
935     	-24.51, -31.45, -7.51 	-0.12, 0.03, -6.74 	0.00, 20.00 	10,17,0,507		1.30,0.00	0,0 	0
944     	-24.47, -31.45, -7.52 	-0.12, 0.03, -6.74 	0.00, 20.00 	10,17,0,517		4.61,0.00	0,0 	0
953     	-24.49, -31.44, -7.51 	-0.12, 0.03, -6.75 	0.00, 20.00 	10,17,0,527		2.90,0.00	0,0 	0
961     	-24.52, -31.45, -7.52 	-0.12, 0.03, -6.74 	0.00, 20.00 	10,17,0,536		4.04,0.00	0,0 	0
969     	-24.50, -31.45, -7.53 	-0.12, 0.04, -6.75 	0.00, 20.00 	10,17,0,545		2.60,1.40	0,0 	0
979     	-24.53, -31.47, -7.52 	-0.12, 0.04, -6.75 	0.00, 20.00 	10,17,0,556		3.85,0.00	0,0 	0
987     	-24.53, -31.49, -7.52 	-0.12, 0.04, -6.73 	0.00, 20.00 	10,17,0,565		1.68,0.00	0,0 	0
996     	-24.54, -31.49, -7.51 	-0.12, 0.03, -6.73 	0.00, 20.00 	10,17,0,575		1.15,1.24	0,0 	0
1005    	-24.56, -31.46, -7.52 	-0.12, 0.03, -6.73 	0.00, 20.00 	10,17,0,585		3.99,0.00	1000,1 	0
1013    	-24.57, -31.48, -7.51 	-0.12, 0.03, -6.73 	0.00, 20.00 	10,17,0,594		3.44,0.00	1000,1 	0
1022    	-24.63, -31.49, -7.51 	-0.12, 0.03, -6.73 	0.00, 20.00 	10,17,0,604		6.89,0.00	1000,1 	0
1031    	-24.63, -31.51, -7.51 	-0.11, 0.03, -6.74 	0.00, 20.00 	10,17,0,614		1.49,1.10	1000,1 	0
1039    	-24.62, -31.52, -7.50 	-0.13, 0.03, -6.72 	0.00, 20.00 	10,17,0,623		2.24,2.48	1000,1 	0
1048    	-24.64, -31.51, -7.49 	-0.13, 0.04, -6.72 	0.00, 20.00 	10,17,0,633		2.90,1.24	1000,1 	0
1057    	-24.69, -31.49, -7.49 	-0.13, 0.04, -6.73 	0.00, 20.00 	10,17,0,643		5.02,0.00	1000,1 	0
1065    	-24.67, -31.50, -7.48 	-0.13, 0.05, -6.74 	0.00, 20.00 	10,17,0,652		2.24,1.40	1000,1 	0
1074    	-24.68, -31.49, -7.48 	-0.15, 0.05, -6.74 	0.00, 20.00 	10,17,0,662		1.49,2.21	1000,1 	0
1083    	-24.67, -31.50, -7.48 	-0.15, 0.04, -6.74 	0.00, 20.00 	10,17,0,672		1.49,1.24	1000,1 	0
1091    	-24.70, -31.49, -7.48 	-0.17, 0.03, -6.71 	0.00, 20.00 	10,17,0,681		3.26,2.84	1000,1 	0
1100    	-24.67, -31.50, -7.48 	-0.14, 0.03, -6.73 	0.00, 20.00 	10,17,0,691		2.90,3.31	1000,1 	0
1109    	-24.69, -31.50, -7.48 	-0.16, 0.03, -6.73 	0.00, 20.00 	10,17,0,701		1.15,2.21	1000,1 	0
1117    	-24.68, -31.52, -7.48 	-0.11, 0.04, -6.72 	0.00, 20.00 	10,17,0,710		1.68,6.35	1000,1 	0
1126    	-24.69, -31.53, -7.47 	-0.13, 0.03, -6.71 	0.00, 20.00 	10,17,0,720		1.77,2.53	1000,1 	0
1135    	-24.71, -31.53, -7.46 	-0.13, 0.03, -6.73 	0.00, 20.00 	10,17,0,730		2.31,0.00	1000,1 	0
1144    	-24.72, -31.49, -7.48 	-0.16, 0.06, -6.76 	0.00, 20.00 	10,17,0,740		4.47,4.99	1000,1 	0
1152    	-24.76, -31.48, -7.46 	-0.11, 0.06, -6.77 	0.00, 20.00 	10,17,0,749		5.19,6.20	1000,1 	0
1160    	-24.74, -31.47, -7.49 	-0.12, 0.06, -6.75 	0.00, 20.00 	10,17,0,758		2.91,1.24	1000,1 	0
1170    	-24.75, -31.45, -7.50 	-0.11, 0.05, -6.76 	0.00, 20.00 	10,17,0,769		2.99,1.50	1000,1 	0
1178    	-24.71, -31.42, -7.52 	-0.12, 0.05, -6.77 	0.00, 20.00 	10,17,0,778		5.82,1.24	1000,1 	0
1187    	-24.74, -31.42, -7.51 	-0.11, 0.04, -6.75 	0.00, 20.00 	10,17,0,788		3.46,1.66	1000,1 	0
1196    	-24.76, -31.38, -7.52 	-0.12, 0.05, -6.76 	0.00, 20.00 	10,17,0,798		5.28,1.66	1000,1 	0
1204    	-24.76, -31.36, -7.51 	-0.12, 0.04, -6.76 	0.00, 20.00 	10,17,0,807		1.68,1.40	1000,1 	0
1213    	-24.80, -31.38, -7.51 	-0.12, 0.05, -6.75 	0.00, 20.00 	10,17,0,817		3.59,1.24	1000,1 	0
1222    	-24.83, -31.33, -7.52 	-0.13, 0.06, -6.77 	0.00, 20.00 	10,17,0,827		5.98,1.66	1000,1 	0
1230    	-24.80, -31.30, -7.53 	-0.13, 0.05, -6.76 	0.00, 20.00 	10,17,0,836		5.96,1.40	1000,1 	0
1239    	-24.80, -31.28, -7.54 	-0.14, 0.04, -6.75 	0.00, 20.00 	10,17,0,846		1.49,1.66	1000,1 	0
1248    	-24.77, -31.27, -7.56 	-0.18, 0.07, -6.75 	0.00, 20.00 	10,17,0,856		3.59,5.07	1000,1 	0
1256    	-24.78, -31.22, -7.56 	-0.15, 0.04, -6.72 	0.00, 20.00 	10,17,0,865		6.98,4.66	1000,1 	0
1265    	-24.78, -31.24, -7.59 	-0.14, 0.04, -6.74 	0.00, 20.00 	10,17,0,875		2.98,1.10	1000,1 	0
1274    	-24.85, -31.20, -7.58 	-0.18, 0.03, -6.73 	0.00, 20.00 	10,17,0,885		8.69,4.58	1000,1 	0
1282    	-24.89, -31.18, -7.57 	-0.09, 0.02, -6.70 	0.00, 20.00 	10,17,0,894		5.65,11.26	1000,1 	0
1291    	-24.92, -31.15, -7.55 	-0.09, -0.01, -6.66 	0.00, 20.00 	10,17,0,904		4.84,3.72	1000,1 	0
1300    	-24.94, -31.14, -7.53 	-0.16, 0.01, -6.56 	0.00, 20.00 	10,17,0,914		2.90,8.12	1000,1 	0
1309    	-24.96, -31.07, -7.55 	-0.22, 0.10, -6.47 	0.00, 20.00 	10,17,0,924		7.68,11.96	1000,1 	0
1317    	-24.94, -30.97, -7.57 	-0.23, 0.19, -6.48 	0.00, 20.00 	10,17,0,933		13.33,11.24	1000,1 	0
1326    	-24.91, -30.89, -7.60 	-0.11, 0.39, -6.57 	0.00, 20.00 	10,17,0,943		9.17,25.37	1000,1 	0
1335    	-24.91, -30.82, -7.65 	-0.21, 0.61, -6.67 	0.00, 20.00 	10,17,0,953		7.39,27.21	1000,1 	0
1343    	-24.90, -30.74, -7.68 	-0.25, 0.85, -6.85 	0.00, 20.00 	10,17,0,962		9.97,30.00	1000,1 	0
1351    	-24.85, -30.63, -7.71 	-0.34, 1.14, -7.02 	0.00, 20.00 	10,17,0,971		16.08,38.03	1000,1 	0
1361    	-24.84, -30.45, -7.77 	-0.33, 1.45, -7.13 	0.00, 20.00 	10,17,0,982		17.29,31.28	1000,1 	0
1369    	-24.85, -30.27, -7.84 	-0.41, 1.74, -7.18 	0.00, 20.00 	10,17,0,991		23.46,36.34	1000,1 	0
1378    	-24.84, -30.03, -7.96 	-0.42, 2.03, -7.27 	0.00, 20.00 	10,17,1,1		26.62,32.36	1000,1 	0
1387    	-24.93, -29.67, -8.07 	-0.45, 2.35, -7.35 	0.00, 20.00 	10,17,1,11		40.53,36.28	1000,1 	0
1395    	-25.07, -29.30, -8.12 	-0.46, 2.84, -7.43 	0.00, 20.00 	10,17,1,20		49.65,61.50	1000,1 	0
1404    	-25.24, -28.94, -8.15 	-0.51, 3.76, -7.66 	0.00, 20.00 	10,17,1,30		43.78,102.02	1000,1 	0
1413    	-25.40, -28.53, -8.15 	-0.52, 5.15, -7.91 	0.00, 20.00 	10,17,1,40		48.87,153.98	1000,1 	0
1421    	-25.44, -28.00, -8.21 	-0.57, 5.82, -8.01 	0.00, 20.00 	10,17,1,49		67.19,84.14	1000,1 	0
1430    	-25.45, -27.41, -8.30 	-0.62, 6.44, -8.09 	0.00, 20.00 	10,17,1,59		65.28,69.97	1000,1 	0
1439    	-25.36, -26.90, -8.41 	-0.62, 7.15, -8.16 	0.00, 20.00 	10,17,1,69		57.88,78.20	1000,1 	0
1447    	-25.25, -26.49, -8.51 	-0.61, 7.87, -8.25 	0.00, 20.00 	10,17,1,78		52.56,90.76	1000,1 	0
1456    	-25.17, -26.11, -8.59 	-0.63, 8.61, -8.33 	0.00, 20.00 	10,17,1,88		43.28,82.05	1000,1 	0
1465    	-25.01, -25.64, -8.68 	-0.68, 9.33, -8.36 	0.00, 20.00 	10,17,1,98		55.01,79.74	1000,1 	0
1473    	-24.73, -25.21, -8.80 	-0.68, 9.99, -8.40 	0.00, 20.00 	10,17,1,107		64.22,82.39	1000,1 	0
1482    	-24.53, -24.82, -8.86 	-0.69, 10.68, -8.45 	0.00, 20.00 	10,17,1,117		48.54,77.04	1000,1 	0
1491    	-24.46, -24.56, -8.88 	-0.71, 11.33, -8.46 	0.00, 20.00 	10,17,1,127		30.06,72.08	1000,1 	0
1500    	-24.49, -24.27, -8.90 	-0.70, 11.99, -8.47 	0.00, 20.00 	10,17,1,137		32.93,73.23	1000,1 	0
1508    	-24.43, -23.91, -9.00 	-0.69, 12.65, -8.49 	0.00, 20.00 	10,17,1,146		45.01,82.38	1000,1 	0
1517    	-24.25, -23.51, -9.10 	-0.70, 13.25, -8.48 	0.00, 20.00 	10,17,1,156		48.96,67.12	1000,1 	0
1526    	-24.05, -23.14, -9.18 	-0.70, 13.80, -8.45 	0.00, 20.00 	10,17,1,166		46.80,60.83	1000,1 	0
1534    	-23.89, -22.79, -9.24 	-0.66, 14.36, -8.39 	0.00, 20.00 	10,17,1,175		48.24,69.89	1000,1 	0
1542    	-23.74, -22.44, -9.33 	-0.62, 14.86, -8.33 	0.00, 20.00 	10,17,1,184		47.35,62.92	1000,1 	0
1552    	-23.55, -22.13, -9.44 	-0.56, 15.36, -8.27 	0.00, 20.00 	10,17,1,195		36.04,50.59	1000,1 	0
1560    	-23.34, -21.87, -9.53 	-0.51, 15.85, -8.18 	0.00, 20.00 	10,17,1,204		42.44,61.61	1000,1 	0
1569    	-23.20, -21.56, -9.61 	-0.45, 16.30, -8.10 	0.00, 20.00 	10,17,1,214		37.71,49.92	1000,1 	0
1578    	-23.04, -21.26, -9.67 	-0.43, 16.69, -7.98 	0.00, 20.00 	10,17,1,224		37.28,43.45	1000,1 	0
1586    	-22.90, -20.95, -9.70 	-0.42, 17.01, -7.87 	0.00, 20.00 	10,17,1,233		42.42,40.50	1000,1 	0
1595    	-22.80, -20.73, -9.70 	-0.45, 17.30, -7.73 	0.00, 20.00 	10,17,1,243		26.86,32.59	1000,1 	0
1604    	-22.73, -20.56, -9.72 	-0.53, 17.58, -7.60 	0.00, 20.00 	10,17,1,253		20.38,32.62	1000,1 	0
1612    	-22.62, -20.41, -9.73 	-0.59, 17.86, -7.47 	0.00, 20.00 	10,17,1,262		23.15,35.73	1000,1 	0
1621    	-22.49, -20.17, -9.75 	-0.61, 18.12, -7.38 	0.00, 20.00 	10,17,1,272		30.77,28.75	1000,1 	0
1630    	-22.36, -19.91, -9.80 	-0.61, 18.34, -7.33 	0.00, 20.00 	10,17,1,282		32.05,24.82	1000,1 	0
1638    	-22.24, -19.68, -9.81 	-0.60, 18.52, -7.31 	0.00, 20.00 	10,17,1,291		32.66,22.37	1000,1 	0
1647    	-22.15, -19.51, -9.82 	-0.57, 18.66, -7.29 	0.00, 20.00 	10,17,1,301		21.26,15.05	1000,1 	0
1656    	-22.09, -19.37, -9.82 	-0.54, 18.77, -7.26 	0.00, 20.00 	10,17,1,311		16.97,12.83	1000,1 	0
1664    	-22.03, -19.27, -9.82 	-0.51, 18.87, -7.22 	0.00, 20.00 	10,17,1,320		15.22,13.09	1000,1 	0
1673    	-21.99, -19.11, -9.85 	-0.47, 18.93, -7.19 	0.00, 20.00 	10,17,1,330		17.89,8.64	1000,1 	0
1682    	-21.94, -19.03, -9.83 	-0.43, 18.98, -7.17 	0.00, 20.00 	10,17,1,340		10.59,6.62	1000,1 	0
1691    	-21.89, -18.98, -9.81 	-0.43, 18.99, -7.15 	0.00, 20.00 	10,17,1,350		7.76,1.24	1000,1 	0
1699    	-21.80, -18.94, -9.77 	-0.42, 18.99, -7.15 	0.00, 20.00 	10,17,1,359		12.72,1.24	1000,1 	0
1707    	-21.75, -18.91, -9.73 	-0.41, 19.00, -7.14 	0.00, 20.00 	10,17,1,368		6.92,1.86	1000,1 	0
1717    	-21.76, -18.91, -9.67 	-0.38, 19.03, -7.14 	0.00, 20.00 	10,17,1,378		1.04,4.47	1000,1 	0
1725    	-21.80, -18.95, -9.62 	-0.36, 19.05, -7.13 	0.00, 20.00 	10,17,1,387		6.76,3.73	1000,1 	0
1734    	-21.79, -18.96, -9.59 	-0.36, 19.09, -7.13 	0.00, 20.00 	10,17,1,397		1.99,3.72	1000,1 	0
1743    	-21.69, -18.89, -9.62 	-0.35, 19.11, -7.14 	0.00, 20.00 	10,17,1,407		13.68,2.71	1000,1 	0
1751    	-21.61, -18.76, -9.69 	-0.35, 19.14, -7.13 	0.00, 20.00 	10,17,1,416		18.57,4.19	1000,1 	0
1760    	-21.57, -18.65, -9.73 	-0.36, 19.15, -7.12 	0.00, 20.00 	10,17,1,426		13.91,1.66	1000,1 	0
1769    	-21.56, -18.51, -9.73 	-0.35, 19.18, -7.12 	0.00, 20.00 	10,17,1,436		14.79,2.48	1000,1 	0
1777    	-21.55, -18.50, -9.72 	-0.33, 19.20, -7.13 	0.00, 20.00 	10,17,1,445		1.99,3.73	1000,1 	0
1786    	-21.55, -18.54, -9.70 	-0.33, 19.23, -7.13 	0.00, 20.00 	10,17,1,455		4.47,3.72	1000,1 	0
1795    	-21.53, -18.58, -9.68 	-0.32, 19.25, -7.13 	0.00, 20.00 	10,17,1,465		5.28,2.71	1000,1 	0
1803    	-21.52, -18.54, -9.68 	-0.32, 19.29, -7.13 	0.00, 20.00 	10,17,1,474		5.03,4.19	1000,1 	0
1812    	-21.52, -18.49, -9.69 	-0.32, 19.32, -7.12 	0.00, 20.00 	10,17,1,484		5.96,3.72	1000,1 	0
1821    	-21.50, -18.48, -9.69 	-0.33, 19.35, -7.12 	0.00, 20.00 	10,17,1,494		2.58,3.89	1000,1 	0
1829    	-21.48, -18.48, -9.70 	-0.32, 19.41, -7.12 	0.00, 20.00 	10,17,1,503		2.60,7.08	1000,1 	0
1838    	-21.45, -18.48, -9.71 	-0.31, 19.44, -7.11 	0.00, 20.00 	10,17,1,513		3.46,3.88	1000,1 	0
1847    	-21.43, -18.50, -9.70 	-0.32, 19.48, -7.10 	0.00, 20.00 	10,17,1,523		2.90,3.89	1000,1 	0
1855    	-21.43, -18.50, -9.71 	-0.29, 19.54, -7.11 	0.00, 20.00 	10,17,1,532		0.00,9.15	1000,1 	0
1864    	-21.40, -18.46, -9.72 	-0.29, 19.60, -7.10 	0.00, 20.00 	10,17,1,542		5.30,6.21	1000,1 	0
1873    	-21.38, -18.47, -9.73 	-0.28, 19.68, -7.11 	0.00, 20.00 	10,17,1,552		2.90,8.75	1000,1 	0
1882    	-21.38, -18.45, -9.73 	-0.25, 19.77, -7.12 	0.00, 20.00 	10,17,1,562		2.98,10.16	1000,1 	0
1890    	-21.37, -18.45, -9.74 	-0.26, 19.85, -7.11 	0.00, 20.00 	10,17,1,571		1.30,11.24	1000,1 	0
1899    	-21.36, -18.46, -9.74 	-0.26, 19.94, -7.11 	0.00, 20.00 	10,17,1,581		1.99,9.93	1000,1 	0
1908    	-21.36, -18.43, -9.74 	-0.25, 20.03, -7.10 	0.00, 20.00 	10,17,1,591		2.98,9.98	1000,1 	0
1916    	-21.31, -18.44, -9.75 	-0.24, 20.12, -7.08 	0.00, 20.00 	10,17,1,600		6.49,11.23	1000,1 	0
1925    	-21.28, -18.43, -9.76 	-0.23, 20.20, -7.07 	0.00, 20.00 	10,17,1,610		3.59,8.75	1000,1 	0
1934    	-21.26, -18.39, -9.77 	-0.20, 20.28, -7.05 	0.00, 20.00 	10,17,1,621		4.76,8.95	1000,1 	0
1942    	-21.22, -18.31, -9.79 	-0.19, 20.36, -7.04 	0.00, 20.00 	10,17,1,629		10.72,9.85	1000,1 	0
1951    	-21.12, -18.24, -9.83 	-0.18, 20.40, -7.02 	0.00, 20.00 	10,17,1,639		13.68,5.08	1000,1 	0
1960    	-21.01, -18.14, -9.88 	-0.16, 20.42, -7.01 	0.00, 20.00 	10,17,1,649		17.09,3.31	1000,1 	0
1968    	-20.90, -18.01, -9.94 	-0.16, 20.43, -7.00 	0.00, 20.00 	10,17,1,658		20.60,1.40	1000,1 	0
1977    	-20.92, -17.91, -9.97 	-0.16, 20.46, -7.00 	0.00, 20.00 	10,17,1,668		12.11,2.48	1000,1 	0
1986    	-21.01, -17.85, -9.98 	-0.15, 20.46, -7.01 	0.00, 20.00 	10,17,1,678		12.60,1.10	1000,1 	0
1994    	-20.97, -17.82, -10.00 	-0.16, 20.44, -7.01 	0.00, 20.00 	10,17,1,687		5.81,1.86	1000,1 	0
2003    	-20.78, -17.86, -10.01 	-0.16, 20.43, -7.01 	0.00, 20.00 	10,17,1,697		21.34,1.24	1000,1 	0
2012    	-20.58, -17.88, -10.02 	-0.15, 20.42, -7.01 	0.00, 20.00 	10,17,1,707		23.07,1.66	1000,1 	0
2020    	-20.43, -17.86, -10.04 	-0.15, 20.41, -7.00 	0.00, 20.00 	10,17,1,716		18.06,1.40	1000,1 	0
2029    	-20.35, -17.87, -10.05 	-0.14, 20.42, -7.00 	0.00, 20.00 	10,17,1,726		9.23,1.66	1000,1 	0
2038    	-20.29, -17.86, -10.09 	-0.15, 20.42, -7.00 	0.00, 20.00 	10,17,1,736		6.89,1.10	1000,1 	0
2046    	-20.27, -17.83, -10.09 	-0.14, 20.42, -7.00 	0.00, 20.00 	10,17,1,745		3.97,1.24	1000,1 	0
2055    	-20.28, -17.86, -10.10 	-0.13, 20.42, -7.00 	0.00, 20.00 	10,17,1,755		3.06,1.10	1000,1 	0
2064    	-20.31, -17.84, -10.09 	-0.12, 20.42, -6.99 	0.00, 20.00 	10,17,1,765		3.93,1.10	1000,1 	0
2073    	-20.30, -17.82, -10.09 	-0.14, 20.42, -6.99 	0.00, 20.00 	10,17,1,775		3.06,2.21	1000,1 	0
2081    	-20.30, -17.80, -10.09 	-0.15, 20.41, -6.98 	0.00, 20.00 	10,17,1,784		1.68,1.86	1000,1 	0
2090    	-20.29, -17.79, -10.09 	-0.17, 20.40, -6.98 	0.00, -0.00 	10,17,1,804		1.77,2.53	1000,1 	0
2098    	-20.32, -17.79, -10.09 	-0.18, 20.39, -6.98 	0.00, -0.00 	10,17,1,813		3.89,1.86	1000,1 	0
2106    	-20.33, -17.77, -10.08 	-0.19, 20.38, -6.98 	0.00, -0.00 	10,17,1,822		1.49,1.66	1000,1 	0
2116    	-20.32, -17.79, -10.08 	-0.19, 20.39, -6.98 	0.00, -0.00 	10,17,1,833		1.49,1.24	1000,1 	0
2124    	-20.30, -17.79, -10.08 	-0.18, 20.38, -6.97 	0.00, -0.00 	10,17,1,842		2.60,1.87	1000,1 	0
2133    	-20.30, -17.79, -10.08 	-0.16, 20.38, -6.97 	0.00, -0.00 	10,17,1,852		0.00,2.21	1000,1 	0
2142    	-20.27, -17.80, -10.07 	-0.17, 20.38, -6.97 	0.00, -0.00 	10,17,1,862		4.43,1.24	1000,1 	0
2150    	-20.25, -17.81, -10.08 	-0.15, 20.40, -6.97 	0.00, -0.00 	10,17,1,871		2.60,3.73	1000,1 	0
2159    	-20.22, -17.78, -10.09 	-0.14, 20.40, -6.97 	0.00, -0.00 	10,17,1,881		4.27,1.10	1000,1 	0
2168    	-20.22, -17.78, -10.09 	-0.15, 20.40, -6.97 	0.00, -0.00 	10,17,1,891		0.00,1.24	1000,1 	0
2176    	-20.22, -17.75, -10.09 	-0.16, 20.38, -6.97 	0.00, -0.00 	10,17,1,900		3.35,3.05	1000,1 	0
2185    	-20.24, -17.75, -10.08 	-0.15, 20.39, -6.97 	0.00, -0.00 	10,17,1,910		2.31,1.66	1000,1 	0
2194    	-20.26, -17.81, -10.05 	-0.16, 20.38, -6.97 	0.00, -0.00 	10,17,1,920		6.88,1.86	1000,1 	0
2202    	-20.28, -17.84, -10.04 	-0.16, 20.37, -6.97 	0.00, -0.00 	10,17,1,929		5.36,1.40	1000,1 	0
2211    	-20.28, -17.84, -10.04 	-0.16, 20.38, -6.97 	0.00, -0.00 	10,17,1,939		0.00,1.24	1000,1 	0
2220    	-20.26, -17.87, -10.03 	-0.16, 20.37, -6.97 	0.00, -0.00 	10,17,1,949		4.49,1.40	1000,1 	0
2228    	-20.29, -17.87, -10.03 	-0.16, 20.37, -6.97 	0.00, -0.00 	10,17,1,958		3.89,0.00	1000,1 	0
2237    	-20.31, -17.84, -10.03 	-0.17, 20.37, -6.97 	0.00, -0.00 	10,17,1,968		3.99,1.10	1000,1 	0
2246    	-20.34, -17.80, -10.03 	-0.16, 20.36, -6.97 	0.00, -0.00 	10,17,1,978		6.73,1.87	1000,1 	0
2255    	-20.38, -17.80, -10.02 	-0.16, 20.34, -6.96 	0.00, -0.00 	10,17,1,988		3.89,1.40	1000,1 	0
2263    	-20.42, -17.81, -10.01 	-0.16, 20.36, -6.96 	0.00, -0.00 	10,17,1,997		5.25,1.40	1000,1 	0
2271    	-20.41, -17.82, -10.00 	-0.15, 20.33, -6.94 	0.00, -0.00 	10,17,2,6		1.99,2.72	1000,1 	0
2281    	-20.38, -17.88, -9.98 	-0.15, 20.29, -6.93 	0.00, -0.00 	10,17,2,17		6.65,5.09	1000,1 	0
2289    	-20.41, -17.90, -9.97 	-0.18, 20.21, -6.95 	0.00, -0.00 	10,17,2,26		4.81,10.44	1000,1 	0
2298    	-20.42, -17.99, -9.96 	-0.21, 20.07, -6.98 	0.00, -0.00 	10,17,2,36		10.34,16.45	1000,1 	0
2307    	-20.46, -18.07, -9.93 	-0.22, 19.90, -7.00 	0.00, -0.00 	10,17,2,46		11.26,20.97	1000,1 	0
2315    	-20.52, -18.16, -9.90 	-0.21, 19.66, -7.00 	0.00, -0.00 	10,17,2,55		13.24,29.44	1000,1 	0
2324    	-20.52, -18.28, -9.86 	-0.21, 19.37, -7.00 	0.00, -0.00 	10,17,2,65		13.31,32.27	1000,1 	0
2333    	-20.50, -18.37, -9.82 	-0.18, 19.01, -7.02 	0.00, -0.00 	10,17,2,75		12.32,44.98	1000,1 	0
2341    	-20.48, -18.48, -9.80 	-0.12, 18.60, -7.04 	0.00, -0.00 	10,17,2,84		13.63,52.43	1000,1 	0
2350    	-20.48, -18.58, -9.77 	-0.08, 18.14, -7.08 	0.00, -0.00 	10,17,2,94		10.42,51.21	1000,1 	0
2359    	-20.53, -18.76, -9.72 	-0.04, 17.63, -7.10 	0.00, -0.00 	10,17,2,104		23.77,64.56	1000,1 	0
2367    	-20.64, -18.99, -9.65 	0.01, 17.07, -7.13 	0.00, -0.00 	10,17,2,113		32.16,70.25	1000,1 	0
2376    	-20.82, -19.29, -9.54 	0.04, 16.44, -7.16 	0.00, -0.00 	10,17,2,123		38.28,69.66	1000,1 	0
2385    	-21.04, -19.64, -9.43 	0.09, 15.79, -7.19 	0.00, -0.00 	10,17,2,133		52.35,81.36	1000,1 	0
2393    	-21.27, -20.08, -9.31 	0.09, 15.09, -7.20 	0.00, -0.00 	10,17,2,142		61.92,88.01	1000,1 	0
2402    	-21.53, -20.57, -9.21 	0.11, 14.38, -7.22 	0.00, -0.00 	10,17,2,152		61.54,78.28	1000,1 	0
2411    	-21.83, -21.09, -9.11 	0.14, 13.63, -7.23 	0.00, -0.00 	10,17,2,162		75.69,93.71	1000,1 	0
2419    	-22.10, -21.65, -8.99 	0.15, 12.90, -7.22 	0.00, -0.00 	10,17,2,171		76.99,92.25	1000,1 	0
2428    	-22.37, -22.24, -8.87 	0.17, 12.10, -7.21 	0.00, -0.00 	10,17,2,181		72.37,88.20	1000,1 	0
2437    	-22.67, -22.75, -8.71 	0.17, 11.32, -7.20 	0.00, -0.00 	10,17,2,191		74.29,97.78	1000,1 	0
2446    	-22.93, -23.20, -8.58 	0.17, 10.50, -7.20 	0.00, -0.00 	10,17,2,201		65.00,101.94	1000,1 	0
2454    	-23.11, -23.64, -8.51 	0.17, 9.69, -7.18 	0.00, -0.00 	10,17,2,210		59.17,101.97	1000,1 	0
2463    	-23.25, -24.07, -8.41 	0.13, 8.91, -7.14 	0.00, -0.00 	10,17,2,220		50.29,86.93	1000,1 	0
2472    	-23.40, -24.64, -8.26 	0.06, 8.19, -7.09 	0.00, -0.00 	10,17,2,230		72.90,89.55	1000,1 	0
2480    	-23.55, -25.26, -8.09 	0.01, 7.42, -7.05 	0.00, -0.00 	10,17,2,239		80.88,96.45	1000,1 	0
2488    	-23.65, -25.82, -7.97 	-0.01, 6.65, -7.02 	0.00, -0.00 	10,17,2,248		62.34,85.64	1000,1 	0
2498    	-23.68, -26.31, -7.91 	-0.03, 5.93, -7.00 	0.00, -0.00 	10,17,2,259		54.67,80.67	1000,1 	0
2506    	-23.76, -26.73, -7.86 	-0.08, 5.30, -7.00 	0.00, -0.00 	10,17,2,268		53.56,78.32	1000,1 	0
2515    	-24.02, -27.06, -7.84 	-0.14, 4.71, -6.97 	0.00, -0.00 	10,17,2,278		46.55,65.98	1000,1 	0
2524    	-24.34, -27.42, -7.80 	-0.19, 4.11, -6.95 	0.00, -0.00 	10,17,2,288		60.61,75.54	1000,1 	0
2532    	-24.67, -27.88, -7.73 	-0.17, 3.52, -6.93 	0.00, -0.00 	10,17,2,297		70.13,74.11	1000,1 	0
2542    	-24.72, -28.37, -7.71 	-0.21, 2.94, -6.90 	0.00, -0.00 	10,17,2,307		54.72,64.61	1000,1 	0
