#Time 	Sensor1         Sensor2         Target          Time            Vel             
#================================================================

17      	-1.78, -6.90, 5.00 	-0.14, 0.30, -6.35 	0.00, 10.00 	11,31,10,892		0.00,0.00	0,0 	0
26      	-1.79, -6.91, 5.00 	-0.14, 0.31, -6.36 	0.00, 10.00 	11,31,10,902		1.68,1.17	0,0 	0
35      	-1.79, -6.91, 5.00 	-0.13, 0.32, -6.36 	0.00, 10.00 	11,31,10,911		0.00,1.22	0,0 	0
44      	-1.80, -6.89, 5.00 	-0.14, 0.30, -6.36 	0.00, 10.00 	11,31,10,921		2.34,1.66	0,0 	0
53      	-1.79, -6.90, 5.00 	-0.15, 0.29, -6.36 	0.00, 10.00 	11,31,10,931		1.17,1.66	0,0 	0
62      	-1.78, -6.90, 5.00 	-0.16, 0.30, -6.36 	0.00, 10.00 	11,31,10,940		1.24,1.72	0,0 	0
71      	-1.78, -6.90, 5.00 	-0.16, 0.28, -6.35 	0.00, 10.00 	11,31,10,950		0.00,2.33	0,0 	0
80      	-1.78, -6.90, 5.00 	-0.16, 0.28, -6.35 	0.00, 10.00 	11,31,10,960		0.00,0.00	0,0 	0
89      	-1.78, -6.90, 5.00 	-0.16, 0.29, -6.36 	0.00, 10.00 	11,31,10,969		0.00,1.17	0,0 	0
98      	-1.78, -6.92, 5.00 	-0.14, 0.30, -6.36 	0.00, 10.00 	11,31,10,979		2.34,2.68	0,0 	0
107     	-1.78, -6.92, 5.00 	-0.15, 0.29, -6.36 	0.00, 10.00 	11,31,10,989		0.00,1.66	0,0 	0
116     	-1.77, -6.94, 4.99 	-0.13, 0.31, -6.36 	0.00, 10.00 	11,31,10,998		2.68,2.68	0,0 	0
125     	-1.74, -6.93, 4.99 	-0.14, 0.31, -6.36 	0.00, 10.00 	11,31,11,8		2.72,1.72	0,0 	0
134     	-1.76, -6.93, 4.99 	-0.12, 0.31, -6.36 	0.00, 10.00 	11,31,11,18		1.24,2.75	0,0 	0
143     	-1.75, -6.92, 4.99 	-0.12, 0.31, -6.35 	0.00, 10.00 	11,31,11,28		1.68,0.00	0,0 	0
152     	-1.77, -6.92, 4.99 	-0.14, 0.30, -6.36 	0.00, 10.00 	11,31,11,37		2.49,2.45	0,0 	0
161     	-1.77, -6.91, 4.99 	-0.14, 0.31, -6.36 	0.00, 10.00 	11,31,11,47		1.17,1.17	0,0 	0
170     	-1.76, -6.90, 4.99 	-0.16, 0.30, -6.37 	0.00, 10.00 	11,31,11,57		1.68,2.68	0,0 	0
179     	-1.76, -6.91, 5.00 	-0.16, 0.30, -6.36 	0.00, 10.00 	11,31,11,66		1.17,0.00	0,0 	0
188     	-1.76, -6.91, 5.00 	-0.13, 0.29, -6.36 	0.00, 10.00 	11,31,11,76		0.00,3.89	0,0 	0
197     	-1.76, -6.92, 5.00 	-0.13, 0.31, -6.37 	0.00, 10.00 	11,31,11,86		1.17,1.17	0,0 	0
206     	-1.76, -6.92, 5.00 	-0.11, 0.31, -6.38 	0.00, 10.00 	11,31,11,95		0.00,2.45	0,0 	0
215     	-1.76, -6.92, 5.00 	-0.11, 0.31, -6.37 	0.00, 10.00 	11,31,11,105		0.00,0.00	0,0 	0
224     	-1.73, -6.92, 5.00 	-0.13, 0.31, -6.36 	0.00, 10.00 	11,31,11,115		2.78,2.45	0,0 	0
233     	-1.71, -6.91, 4.99 	-0.13, 0.29, -6.35 	0.00, 10.00 	11,31,11,124		2.72,1.17	0,0 	0
242     	-1.72, -6.91, 4.99 	-0.15, 0.31, -6.34 	0.00, 10.00 	11,31,11,134		1.24,3.44	0,0 	0
251     	-1.74, -6.91, 4.99 	-0.18, 0.30, -6.34 	0.00, 10.00 	11,31,11,144		1.24,3.81	0,0 	0
260     	-1.74, -6.90, 4.99 	-0.19, 0.29, -6.34 	0.00, 10.00 	11,31,11,153		1.17,1.66	0,0 	0
269     	-1.76, -6.90, 5.00 	-0.15, 0.27, -6.34 	0.00, 10.00 	11,31,11,163		2.78,5.49	0,0 	0
278     	-1.76, -6.91, 5.00 	-0.17, 0.29, -6.35 	0.00, 10.00 	11,31,11,173		1.17,3.44	0,0 	0
287     	-1.76, -6.92, 5.00 	-0.12, 0.27, -6.35 	0.00, 10.00 	11,31,11,182		1.17,5.49	0,0 	0
296     	-1.74, -6.93, 5.00 	-0.17, 0.29, -6.35 	0.00, 10.00 	11,31,11,192		1.73,5.49	0,0 	0
305     	-1.76, -6.93, 5.00 	-0.12, 0.30, -6.35 	0.00, 10.00 	11,31,11,202		1.24,6.12	0,0 	0
314     	-1.76, -6.93, 4.99 	-0.18, 0.30, -6.35 	0.00, 10.00 	11,31,11,211		0.00,7.47	0,0 	0
323     	-1.74, -6.93, 4.99 	-0.13, 0.28, -6.35 	0.00, 10.00 	11,31,11,221		1.24,6.62	0,0 	0
332     	-1.75, -6.92, 4.99 	-0.16, 0.31, -6.34 	0.00, 10.00 	11,31,11,231		1.17,5.16	0,0 	0
341     	-1.75, -6.92, 4.99 	-0.16, 0.30, -6.35 	0.00, 10.00 	11,31,11,241		0.00,1.17	0,0 	0
350     	-1.75, -6.92, 4.99 	-0.16, 0.30, -6.35 	0.00, 10.00 	11,31,11,250		0.00,0.00	0,0 	0
359     	-1.74, -6.93, 4.99 	-0.16, 0.30, -6.34 	0.00, 10.00 	11,31,11,260		1.17,0.00	0,0 	0
368     	-1.75, -6.92, 4.99 	-0.18, 0.30, -6.35 	0.00, 10.00 	11,31,11,270		1.17,2.45	0,0 	0
377     	-1.74, -6.93, 5.00 	-0.15, 0.29, -6.34 	0.00, 10.00 	11,31,11,279		1.17,3.89	0,0 	0
386     	-1.73, -6.92, 5.00 	-0.19, 0.30, -6.35 	0.00, 10.00 	11,31,11,289		1.24,5.07	0,0 	0
395     	-1.73, -6.95, 4.99 	-0.13, 0.31, -6.35 	0.00, 10.00 	11,31,11,299		2.34,7.34	0,0 	0
404     	-1.73, -6.95, 5.00 	-0.16, 0.32, -6.35 	0.00, 10.00 	11,31,11,308		0.00,4.42	0,0 	0
413     	-1.72, -6.94, 4.99 	-0.16, 0.30, -6.35 	0.00, 10.00 	11,31,11,318		1.24,2.33	0,0 	0
422     	-1.73, -6.92, 4.99 	-0.16, 0.29, -6.35 	0.00, 10.00 	11,31,11,328		2.68,1.17	0,0 	0
431     	-1.78, -6.92, 4.99 	-0.17, 0.28, -6.34 	0.00, 10.00 	11,31,11,337		5.14,1.66	0,0 	0
440     	-1.78, -6.92, 4.99 	-0.14, 0.26, -6.34 	0.00, 10.00 	11,31,11,347		0.00,3.44	0,0 	0
449     	-1.78, -6.91, 4.99 	-0.20, 0.27, -6.34 	0.00, 10.00 	11,31,11,357		1.17,6.27	0,0 	0
458     	-1.79, -6.91, 4.99 	-0.18, 0.25, -6.34 	0.00, 10.00 	11,31,11,366		1.24,3.44	0,0 	0
467     	-1.79, -6.92, 4.99 	-0.18, 0.25, -6.35 	0.00, 10.00 	11,31,11,376		1.17,0.00	0,0 	0
476     	-1.76, -6.93, 5.00 	-0.17, 0.26, -6.35 	0.00, 10.00 	11,31,11,386		3.94,1.66	0,0 	0
485     	-1.76, -6.93, 5.00 	-0.14, 0.26, -6.36 	0.00, 10.00 	11,31,11,395		0.00,2.45	0,0 	0
494     	-1.76, -6.93, 5.00 	-0.15, 0.27, -6.35 	0.00, 10.00 	11,31,11,405		0.00,1.17	0,0 	0
503     	-1.74, -6.94, 4.99 	-0.10, 0.27, -6.34 	0.00, 10.00 	11,31,11,415		1.73,5.07	0,0 	0
512     	-1.77, -6.94, 4.99 	-0.13, 0.27, -6.34 	0.00, 10.00 	11,31,11,424		2.49,3.89	0,0 	0
521     	-1.75, -6.92, 4.99 	-0.15, 0.28, -6.35 	0.00, 10.00 	11,31,11,434		3.37,1.72	0,0 	0
530     	-1.77, -6.91, 4.99 	-0.15, 0.27, -6.33 	0.00, 10.00 	11,31,11,444		2.78,1.17	0,0 	0
539     	-1.77, -6.92, 4.99 	-0.15, 0.28, -6.34 	0.00, 10.00 	11,31,11,453		1.17,1.17	0,0 	0
548     	-1.78, -6.91, 5.00 	-0.17, 0.28, -6.35 	0.00, 10.00 	11,31,11,463		1.73,2.45	0,0 	0
557     	-1.79, -6.92, 5.00 	-0.11, 0.27, -6.35 	0.00, 10.00 	11,31,11,473		1.68,6.27	0,0 	0
566     	-1.76, -6.92, 5.00 	-0.16, 0.28, -6.35 	0.00, 10.00 	11,31,11,483		3.73,5.07	0,0 	0
575     	-1.74, -6.93, 5.00 	-0.11, 0.27, -6.35 	0.00, 10.00 	11,31,11,492		1.73,5.07	0,0 	0
584     	-1.74, -6.93, 5.00 	-0.16, 0.29, -6.35 	0.00, 10.00 	11,31,11,502		0.00,5.49	0,0 	0
593     	-1.73, -6.93, 5.00 	-0.16, 0.28, -6.35 	0.00, 10.00 	11,31,11,512		1.73,1.17	0,0 	0
602     	-1.73, -6.93, 5.00 	-0.16, 0.27, -6.34 	0.00, 10.00 	11,31,11,521		0.00,1.17	0,0 	0
611     	-1.72, -6.93, 4.99 	-0.16, 0.27, -6.35 	0.00, 10.00 	11,31,11,531		1.24,0.00	0,0 	0
620     	-1.71, -6.92, 4.99 	-0.16, 0.27, -6.35 	0.00, 10.00 	11,31,11,541		1.68,0.00	0,0 	0
629     	-1.72, -6.92, 5.00 	-0.16, 0.28, -6.35 	0.00, 10.00 	11,31,11,550		1.24,1.17	0,0 	0
638     	-1.74, -6.93, 5.00 	-0.16, 0.28, -6.35 	0.00, 10.00 	11,31,11,560		2.49,0.00	0,0 	0
647     	-1.74, -6.93, 5.00 	-0.16, 0.28, -6.35 	0.00, 10.00 	11,31,11,570		0.00,0.00	0,0 	0
656     	-1.74, -6.93, 5.00 	-0.16, 0.28, -6.35 	0.00, 10.00 	11,31,11,579		0.00,0.00	0,0 	0
665     	-1.74, -6.93, 5.00 	-0.16, 0.28, -6.35 	0.00, 10.00 	11,31,11,589		0.00,0.00	0,0 	0
674     	-1.74, -6.93, 5.00 	-0.15, 0.29, -6.36 	0.00, 10.00 	11,31,11,599		0.00,1.66	0,0 	0
683     	-1.74, -6.93, 5.00 	-0.14, 0.30, -6.36 	0.00, 10.00 	11,31,11,608		0.00,1.66	0,0 	0
692     	-1.74, -6.93, 5.00 	-0.14, 0.30, -6.36 	0.00, 10.00 	11,31,11,618		0.00,0.00	0,0 	0
701     	-1.76, -6.93, 5.00 	-0.15, 0.29, -6.35 	0.00, 10.00 	11,31,11,628		1.24,1.66	0,0 	0
710     	-1.76, -6.93, 5.00 	-0.14, 0.29, -6.35 	0.00, 10.00 	11,31,11,637		0.00,1.22	0,0 	0
719     	-1.78, -6.90, 5.00 	-0.16, 0.29, -6.35 	0.00, 10.00 	11,31,11,647		4.36,2.45	0,0 	0
728     	-1.78, -6.90, 5.00 	-0.16, 0.29, -6.35 	0.00, 10.00 	11,31,11,657		0.00,0.00	0,0 	0
737     	-1.78, -6.91, 5.00 	-0.17, 0.29, -6.35 	0.00, 10.00 	11,31,11,666		1.17,1.22	0,0 	0
746     	-1.80, -6.90, 5.00 	-0.10, 0.29, -6.35 	0.00, 10.00 	11,31,11,676		2.78,7.47	0,0 	0
755     	-1.80, -6.90, 5.00 	-0.16, 0.30, -6.36 	0.00, 10.00 	11,31,11,686		0.00,6.62	0,0 	0
764     	-1.80, -6.93, 5.01 	-0.15, 0.29, -6.36 	0.00, 10.00 	11,31,11,696		3.51,1.72	0,0 	0
773     	-1.78, -6.92, 5.00 	-0.14, 0.31, -6.36 	0.00, 10.00 	11,31,11,705		2.72,2.60	0,0 	0
782     	-1.78, -6.93, 5.00 	-0.14, 0.29, -6.37 	0.00, 10.00 	11,31,11,715		1.17,2.33	0,0 	0
791     	-1.78, -6.93, 5.00 	-0.15, 0.29, -6.37 	0.00, 10.00 	11,31,11,725		0.00,1.22	0,0 	0
800     	-1.78, -6.92, 5.00 	-0.15, 0.29, -6.37 	0.00, 10.00 	11,31,11,734		1.17,0.00	0,0 	0
809     	-1.78, -6.92, 5.00 	-0.15, 0.30, -6.36 	0.00, 10.00 	11,31,11,744		0.00,1.17	0,0 	0
818     	-1.78, -6.90, 5.00 	-0.15, 0.30, -6.36 	0.00, 10.00 	11,31,11,754		2.34,0.00	0,0 	0
827     	-1.78, -6.91, 5.00 	-0.15, 0.30, -6.36 	0.00, 10.00 	11,31,11,763		1.17,0.00	0,0 	0
836     	-1.78, -6.90, 5.00 	-0.15, 0.30, -6.36 	0.00, 10.00 	11,31,11,773		1.17,0.00	0,0 	0
845     	-1.80, -6.91, 5.00 	-0.17, 0.30, -6.36 	0.00, 10.00 	11,31,11,783		2.72,2.45	0,0 	0
854     	-1.79, -6.91, 5.00 	-0.11, 0.31, -6.37 	0.00, 10.00 	11,31,11,792		1.24,7.34	0,0 	0
863     	-1.80, -6.93, 5.01 	-0.15, 0.31, -6.37 	0.00, 10.00 	11,31,11,802		2.62,5.07	0,0 	0
872     	-1.80, -6.93, 5.01 	-0.14, 0.31, -6.37 	0.00, 10.00 	11,31,11,812		0.00,1.22	0,0 	0
881     	-1.78, -6.92, 5.00 	-0.14, 0.31, -6.37 	0.00, 10.00 	11,31,11,821		2.72,0.00	0,0 	0
890     	-1.78, -6.93, 5.00 	-0.14, 0.31, -6.37 	0.00, 10.00 	11,31,11,831		1.17,0.00	0,0 	0
899     	-1.78, -6.92, 5.00 	-0.15, 0.30, -6.37 	0.00, 10.00 	11,31,11,841		1.17,1.66	0,0 	0
908     	-1.78, -6.90, 5.00 	-0.16, 0.31, -6.36 	0.00, 10.00 	11,31,11,850		2.34,1.72	0,0 	0
917     	-1.81, -6.88, 5.00 	-0.12, 0.31, -6.36 	0.00, 10.00 	11,31,11,860		3.46,5.07	0,0 	0
926     	-1.81, -6.88, 5.00 	-0.17, 0.32, -6.37 	0.00, 10.00 	11,31,11,870		0.00,6.62	0,0 	0
935     	-1.83, -6.88, 5.01 	-0.13, 0.32, -6.38 	0.00, 10.00 	11,31,11,879		2.49,5.07	0,0 	0
944     	-1.82, -6.88, 5.01 	-0.16, 0.31, -6.38 	0.00, 10.00 	11,31,11,889		1.24,3.67	0,0 	0
953     	-1.82, -6.90, 5.01 	-0.11, 0.31, -6.38 	0.00, 10.00 	11,31,11,899		2.34,6.27	0,0 	0
962     	-1.79, -6.91, 5.01 	-0.13, 0.32, -6.37 	0.00, 10.00 	11,31,11,908		2.78,2.75	0,0 	0
971     	-1.77, -6.90, 5.01 	-0.13, 0.32, -6.37 	0.00, 10.00 	11,31,11,918		2.72,0.00	0,0 	0
980     	-1.78, -6.90, 5.00 	-0.13, 0.32, -6.37 	0.00, 10.00 	11,31,11,928		1.24,0.00	0,0 	0
989     	-1.77, -6.90, 5.00 	-0.13, 0.32, -6.37 	0.00, 10.00 	11,31,11,938		1.24,0.00	0,0 	0
998     	-1.78, -6.91, 4.99 	-0.13, 0.33, -6.37 	0.00, 10.00 	11,31,11,947		1.68,1.17	0,0 	0
1007    	-1.78, -6.90, 4.99 	-0.13, 0.33, -6.37 	0.00, 10.00 	11,31,11,957		1.17,0.00	1000,1 	0
1016    	-1.80, -6.89, 4.99 	-0.13, 0.32, -6.37 	0.00, 10.00 	11,31,11,967		1.73,1.17	1000,1 	0
1025    	-1.80, -6.89, 5.00 	-0.15, 0.31, -6.37 	0.00, 10.00 	11,31,11,976		0.00,2.45	1000,1 	0
1034    	-1.80, -6.89, 5.00 	-0.14, 0.30, -6.37 	0.00, 10.00 	11,31,11,986		0.00,1.72	1000,1 	0
1043    	-1.79, -6.90, 5.00 	-0.14, 0.30, -6.37 	0.00, 10.00 	11,31,11,996		1.17,0.00	1000,1 	0
1052    	-1.79, -6.92, 5.00 	-0.14, 0.31, -6.36 	0.00, 10.00 	11,31,12,5		2.34,1.17	1000,1 	0
1061    	-1.76, -6.92, 5.00 	-0.15, 0.31, -6.37 	0.00, 10.00 	11,31,12,15		3.73,1.22	1000,1 	0
1070    	-1.74, -6.94, 5.00 	-0.14, 0.31, -6.37 	0.00, 10.00 	11,31,12,25		2.68,1.22	1000,1 	0
1079    	-1.77, -6.93, 5.00 	-0.14, 0.30, -6.37 	0.00, 10.00 	11,31,12,34		2.78,1.17	1000,1 	0
1088    	-1.78, -6.93, 5.00 	-0.13, 0.32, -6.36 	0.00, 10.00 	11,31,12,44		1.24,1.66	1000,1 	0
1097    	-1.77, -6.91, 5.00 	-0.13, 0.32, -6.36 	0.00, 10.00 	11,31,12,54		2.62,0.00	1000,1 	0
1106    	-1.79, -6.91, 5.00 	-0.13, 0.32, -6.36 	0.00, 10.00 	11,31,12,63		2.49,0.00	1000,1 	0
1115    	-1.80, -6.89, 5.00 	-0.13, 0.32, -6.36 	0.00, 10.00 	11,31,12,73		2.34,0.00	1000,1 	0
1124    	-1.79, -6.91, 5.00 	-0.13, 0.32, -6.36 	0.00, 10.00 	11,31,12,83		2.34,0.00	1000,1 	0
1133    	-1.78, -6.91, 5.01 	-0.14, 0.29, -6.37 	0.00, 10.00 	11,31,12,92		1.24,2.60	1000,1 	0
1142    	-1.78, -6.92, 5.00 	-0.13, 0.31, -6.38 	0.00, 10.00 	11,31,12,102		1.17,1.66	1000,1 	0
1151    	-1.79, -6.92, 5.00 	-0.14, 0.31, -6.38 	0.00, 10.00 	11,31,12,112		1.24,1.72	1000,1 	0
1160    	-1.78, -6.92, 5.00 	-0.12, 0.33, -6.37 	0.00, 10.00 	11,31,12,121		1.24,2.68	1000,1 	0
1169    	-1.79, -6.91, 5.00 	-0.13, 0.32, -6.36 	0.00, 10.00 	11,31,12,131		1.73,1.66	1000,1 	0
1178    	-1.77, -6.91, 5.00 	-0.12, 0.32, -6.37 	0.00, 10.00 	11,31,12,141		2.49,1.22	1000,1 	0
1187    	-1.78, -6.89, 5.00 	-0.13, 0.32, -6.37 	0.00, 10.00 	11,31,12,151		2.68,1.22	1000,1 	0
1196    	-1.80, -6.89, 5.00 	-0.15, 0.30, -6.36 	0.00, 10.00 	11,31,12,160		1.24,2.68	1000,1 	0
1205    	-1.81, -6.87, 5.00 	-0.15, 0.29, -6.36 	0.00, 10.00 	11,31,12,170		2.68,1.17	1000,1 	0
1214    	-1.81, -6.88, 5.00 	-0.16, 0.30, -6.35 	0.00, 10.00 	11,31,12,180		1.17,1.72	1000,1 	0
1223    	-1.81, -6.88, 5.00 	-0.13, 0.29, -6.36 	0.00, 10.00 	11,31,12,189		0.00,3.89	1000,1 	0
1232    	-1.81, -6.88, 5.00 	-0.18, 0.30, -6.36 	0.00, 10.00 	11,31,12,199		0.00,6.27	1000,1 	0
1241    	-1.80, -6.91, 5.01 	-0.12, 0.31, -6.37 	0.00, 10.00 	11,31,12,209		3.51,7.34	1000,1 	0
1250    	-1.80, -6.91, 5.01 	-0.16, 0.32, -6.36 	0.00, 10.00 	11,31,12,218		0.00,5.49	1000,1 	0
1259    	-1.81, -6.89, 5.00 	-0.09, 0.32, -6.37 	0.00, 10.00 	11,31,12,228		2.34,8.68	1000,1 	0
1268    	-1.80, -6.92, 5.01 	-0.13, 0.33, -6.36 	0.00, 10.00 	11,31,12,238		3.51,5.07	1000,1 	0
1277    	-1.81, -6.89, 5.01 	-0.13, 0.33, -6.36 	0.00, 10.00 	11,31,12,247		3.51,0.00	1000,1 	0
1286    	-1.80, -6.90, 5.01 	-0.13, 0.32, -6.36 	0.00, 10.00 	11,31,12,257		1.17,1.17	1000,1 	0
1295    	-1.83, -6.89, 5.01 	-0.13, 0.32, -6.36 	0.00, 10.00 	11,31,12,267		2.78,0.00	1000,1 	0
1304    	-1.86, -6.91, 5.01 	-0.15, 0.30, -6.35 	0.00, 10.00 	11,31,12,276		3.88,2.68	1000,1 	0
1313    	-1.85, -6.89, 5.01 	-0.14, 0.31, -6.36 	0.00, 10.00 	11,31,12,286		1.68,1.66	1000,1 	0
1322    	-1.82, -6.90, 5.01 	-0.14, 0.31, -6.36 	0.00, 10.00 	11,31,12,296		3.94,0.00	1000,1 	0
1331    	-1.81, -6.91, 5.01 	-0.13, 0.32, -6.36 	0.00, 10.00 	11,31,12,305		1.17,1.22	1000,1 	0
1340    	-1.82, -6.92, 5.01 	-0.14, 0.31, -6.36 	0.00, 10.00 	11,31,12,315		1.68,1.22	1000,1 	0
1349    	-1.79, -6.92, 5.01 	-0.12, 0.34, -6.37 	0.00, 10.00 	11,31,12,325		3.73,3.32	1000,1 	0
1358    	-1.80, -6.92, 5.01 	-0.11, 0.34, -6.36 	0.00, 10.00 	11,31,12,334		1.24,1.22	1000,1 	0
1367    	-1.82, -6.92, 5.01 	-0.11, 0.33, -6.37 	0.00, 10.00 	11,31,12,344		2.49,1.17	1000,1 	0
1376    	-1.83, -6.89, 5.01 	-0.11, 0.33, -6.37 	0.00, 10.00 	11,31,12,354		3.51,0.00	1000,1 	0
1385    	-1.84, -6.91, 5.00 	-0.13, 0.34, -6.37 	0.00, 10.00 	11,31,12,363		2.62,2.75	1000,1 	0
1394    	-1.86, -6.90, 5.00 	-0.14, 0.32, -6.37 	0.00, 10.00 	11,31,12,373		3.46,1.66	1000,1 	0
1403    	-1.85, -6.89, 5.00 	-0.13, 0.33, -6.37 	0.00, 10.00 	11,31,12,383		1.24,1.22	1000,1 	0
1412    	-1.83, -6.90, 5.00 	-0.13, 0.33, -6.36 	0.00, 10.00 	11,31,12,393		2.78,0.00	1000,1 	0
1421    	-1.81, -6.91, 5.01 	-0.14, 0.32, -6.37 	0.00, 10.00 	11,31,12,402		1.73,1.22	1000,1 	0
1430    	-1.81, -6.91, 5.01 	-0.12, 0.35, -6.37 	0.00, 10.00 	11,31,12,412		0.00,3.32	1000,1 	0
1439    	-1.79, -6.93, 5.01 	-0.12, 0.34, -6.38 	0.00, 10.00 	11,31,12,422		3.46,1.17	1000,1 	0
1448    	-1.80, -6.94, 5.01 	-0.11, 0.34, -6.38 	0.00, 10.00 	11,31,12,431		1.68,1.22	1000,1 	0
1457    	-1.78, -6.93, 5.01 	-0.12, 0.35, -6.38 	0.00, 10.00 	11,31,12,441		2.72,1.72	1000,1 	0
1466    	-1.78, -6.93, 5.01 	-0.12, 0.35, -6.38 	0.00, 10.00 	11,31,12,451		0.00,0.00	1000,1 	0
1475    	-1.79, -6.91, 5.01 	-0.12, 0.35, -6.37 	0.00, 10.00 	11,31,12,460		2.68,0.00	1000,1 	0
1484    	-1.80, -6.90, 5.00 	-0.13, 0.34, -6.37 	0.00, 10.00 	11,31,12,470		1.73,1.66	1000,1 	0
1493    	-1.79, -6.91, 5.00 	-0.14, 0.34, -6.37 	0.00, 10.00 	11,31,12,480		1.73,1.22	1000,1 	0
1502    	-1.82, -6.90, 5.01 	-0.14, 0.35, -6.37 	0.00, 10.00 	11,31,12,489		2.78,1.17	1000,1 	0
1511    	-1.81, -6.91, 5.01 	-0.16, 0.34, -6.39 	0.00, 10.00 	11,31,12,499		1.17,1.22	1000,1 	0
1520    	-1.81, -6.92, 5.01 	-0.12, 0.36, -6.38 	0.00, 10.00 	11,31,12,509		1.17,3.81	1000,1 	0
1529    	-1.80, -6.93, 5.01 	-0.12, 0.35, -6.38 	0.00, 10.00 	11,31,12,518		1.73,1.17	1000,1 	0
1538    	-1.79, -6.93, 5.01 	-0.12, 0.35, -6.38 	0.00, 10.00 	11,31,12,528		1.24,0.00	1000,1 	0
1547    	-1.79, -6.93, 5.01 	-0.12, 0.36, -6.38 	0.00, 10.00 	11,31,12,538		0.00,1.17	1000,1 	0
1556    	-1.79, -6.93, 5.01 	-0.12, 0.36, -6.38 	0.00, 10.00 	11,31,12,547		0.00,0.00	1000,1 	0
1565    	-1.79, -6.93, 5.01 	-0.12, 0.36, -6.38 	0.00, 10.00 	11,31,12,557		0.00,0.00	1000,1 	0
1574    	-1.79, -6.91, 5.01 	-0.15, 0.36, -6.38 	0.00, 10.00 	11,31,12,567		2.34,2.45	1000,1 	0
1583    	-1.83, -6.91, 5.01 	-0.15, 0.36, -6.38 	0.00, 10.00 	11,31,12,576		3.73,0.00	1000,1 	0
1592    	-1.81, -6.91, 5.01 	-0.14, 0.35, -6.38 	0.00, 10.00 	11,31,12,586		1.24,1.17	1000,1 	0
1601    	-1.81, -6.91, 5.01 	-0.14, 0.35, -6.38 	0.00, 10.00 	11,31,12,596		0.00,0.00	1000,1 	0
1610    	-1.81, -6.91, 5.01 	-0.14, 0.35, -6.38 	0.00, 10.00 	11,31,12,606		0.00,0.00	1000,1 	0
1619    	-1.81, -6.91, 5.01 	-0.11, 0.36, -6.39 	0.00, 10.00 	11,31,12,615		0.00,3.81	1000,1 	0
1628    	-1.81, -6.91, 5.01 	-0.12, 0.36, -6.39 	0.00, 10.00 	11,31,12,625		0.00,1.22	1000,1 	0
1637    	-1.81, -6.91, 5.01 	-0.09, 0.37, -6.39 	0.00, 10.00 	11,31,12,635		0.00,3.81	1000,1 	0
1646    	-1.85, -6.91, 5.01 	-0.09, 0.36, -6.38 	0.00, 10.00 	11,31,12,644		3.94,1.17	1000,1 	0
1655    	-1.85, -6.91, 5.01 	-0.10, 0.36, -6.39 	0.00, 10.00 	11,31,12,654		0.00,1.22	1000,1 	0
1664    	-1.85, -6.88, 5.01 	-0.10, 0.36, -6.39 	0.00, 10.00 	11,31,12,664		2.34,0.00	1000,1 	0
1673    	-1.85, -6.89, 5.01 	-0.13, 0.34, -6.38 	0.00, 10.00 	11,31,12,673		1.17,4.28	1000,1 	0
1682    	-1.87, -6.90, 5.01 	-0.12, 0.35, -6.37 	0.00, 10.00 	11,31,12,683		2.49,1.66	1000,1 	0
1691    	-1.86, -6.89, 5.01 	-0.12, 0.35, -6.38 	0.00, 10.00 	11,31,12,693		1.68,0.00	1000,1 	0
1700    	-1.85, -6.89, 5.01 	-0.10, 0.35, -6.38 	0.00, 10.00 	11,31,12,702		1.73,2.45	1000,1 	0
1709    	-1.84, -6.89, 5.01 	-0.11, 0.36, -6.38 	0.00, 10.00 	11,31,12,712		1.24,1.72	1000,1 	0
1718    	-1.84, -6.90, 5.01 	-0.12, 0.36, -6.38 	0.00, 10.00 	11,31,12,722		1.17,1.22	1000,1 	0
1727    	-1.84, -6.90, 5.01 	-0.10, 0.38, -6.39 	0.00, 10.00 	11,31,12,731		0.00,3.32	1000,1 	0
1736    	-1.83, -6.90, 5.01 	-0.09, 0.36, -6.38 	0.00, 10.00 	11,31,12,741		1.24,2.67	1000,1 	0
1745    	-1.82, -6.90, 5.01 	-0.10, 0.36, -6.38 	0.00, 10.00 	11,31,12,751		1.24,1.22	1000,1 	0
1754    	-1.84, -6.88, 5.01 	-0.10, 0.36, -6.37 	0.00, 10.00 	11,31,12,760		3.46,0.00	1000,1 	0
1763    	-1.88, -6.88, 5.01 	-0.10, 0.36, -6.37 	0.00, 10.00 	11,31,12,770		3.94,0.00	1000,1 	0
1772    	-1.90, -6.86, 5.01 	-0.11, 0.36, -6.38 	0.00, 10.00 	11,31,12,780		3.46,1.22	1000,1 	0
1781    	-1.90, -6.86, 5.01 	-0.08, 0.36, -6.39 	0.00, 10.00 	11,31,12,789		0.00,3.67	1000,1 	0
1790    	-1.89, -6.86, 5.01 	-0.09, 0.35, -6.39 	0.00, 10.00 	11,31,12,799		1.24,1.66	1000,1 	0
1799    	-1.89, -6.86, 5.01 	-0.06, 0.38, -6.42 	0.00, 10.00 	11,31,12,809		0.00,4.28	1000,1 	0
1808    	-1.87, -6.86, 5.01 	-0.01, 0.40, -6.46 	0.00, 10.00 	11,31,12,818		2.78,6.48	1000,1 	0
1817    	-1.87, -6.86, 5.01 	0.03, 0.44, -6.50 	0.00, 10.00 	11,31,12,828		0.00,5.92	1000,1 	0
1826    	-1.84, -6.87, 5.02 	0.23, 0.58, -6.45 	0.00, 10.00 	11,31,12,838		2.78,27.79	1000,1 	0
1835    	-1.87, -6.86, 5.02 	0.15, 0.68, -6.45 	0.00, 10.00 	11,31,12,848		2.78,14.00	1000,1 	0
1844    	-1.87, -6.86, 5.02 	-0.01, 0.78, -6.46 	0.00, 10.00 	11,31,12,857		0.00,21.75	1000,1 	0
1853    	-1.87, -6.84, 5.02 	-0.19, 0.87, -6.52 	0.00, 10.00 	11,31,12,867		2.34,22.08	1000,1 	0
1862    	-1.88, -6.84, 5.02 	-0.31, 0.97, -6.60 	0.00, 10.00 	11,31,12,877		1.24,17.19	1000,1 	0
1871    	-1.89, -6.85, 5.02 	-0.26, 1.05, -6.67 	0.00, 10.00 	11,31,12,886		1.24,10.04	1000,1 	0
1880    	-1.89, -6.85, 5.02 	-0.22, 1.12, -6.75 	0.00, 10.00 	11,31,12,896		0.00,9.14	1000,1 	0
1889    	-1.86, -6.88, 5.03 	-0.11, 1.23, -6.78 	0.00, 10.00 	11,31,12,906		4.35,16.79	1000,1 	0
1898    	-1.87, -6.86, 5.03 	0.03, 1.36, -6.84 	0.00, 10.00 	11,31,12,915		1.17,21.06	1000,1 	0
1907    	-1.84, -6.88, 5.02 	0.14, 1.51, -6.87 	0.00, 10.00 	11,31,12,925		3.46,21.60	1000,1 	0
1916    	-1.84, -6.89, 5.01 	0.21, 1.72, -6.94 	0.00, 10.00 	11,31,12,935		1.17,24.43	1000,1 	0
1925    	-1.84, -6.89, 5.01 	0.31, 1.96, -7.02 	0.00, 10.00 	11,31,12,944		0.00,29.15	1000,1 	0
1934    	-1.85, -6.88, 5.01 	0.35, 2.29, -7.12 	0.00, 10.00 	11,31,12,954		1.73,36.90	1000,1 	0
1943    	-1.85, -6.89, 5.00 	0.29, 2.69, -7.23 	0.00, 10.00 	11,31,12,964		1.17,44.35	1000,1 	0
1952    	-1.87, -6.89, 5.01 	0.23, 3.11, -7.37 	0.00, 10.00 	11,31,12,973		2.78,46.74	1000,1 	0
1961    	-1.84, -6.88, 5.01 	0.32, 3.47, -7.45 	0.00, 10.00 	11,31,12,983		3.73,42.25	1000,1 	0
1970    	-1.85, -6.87, 5.01 	0.45, 3.84, -7.50 	0.00, 10.00 	11,31,12,993		1.73,42.62	1000,1 	0
1979    	-1.86, -6.88, 5.01 	0.61, 4.30, -7.56 	0.00, 10.00 	11,31,12,2		1.24,55.09	1000,1 	0
1988    	-1.86, -6.89, 5.01 	0.68, 4.76, -7.57 	0.00, 10.00 	11,31,13,12		1.17,50.70	1000,1 	0
1997    	-1.86, -6.90, 5.01 	0.77, 5.21, -7.56 	0.00, 10.00 	11,31,13,22		1.17,51.03	1000,1 	0
2006    	-1.84, -6.89, 5.01 	0.73, 5.69, -7.54 	0.00, 10.00 	11,31,13,31		2.49,53.69	1000,1 	0
2015    	-1.83, -6.88, 5.01 	0.63, 6.09, -7.50 	0.00, 10.00 	11,31,13,41		1.68,45.95	1000,1 	0
2024    	-1.81, -6.88, 5.01 	0.44, 6.39, -7.43 	0.00, 10.00 	11,31,13,51		2.49,39.50	1000,1 	0
2033    	-1.81, -6.88, 5.01 	0.26, 6.61, -7.33 	0.00, 10.00 	11,31,13,61		0.00,31.66	1000,1 	0
2042    	-1.81, -6.88, 5.01 	0.10, 6.91, -7.28 	0.00, 10.00 	11,31,13,70		0.00,37.93	1000,1 	0
2051    	-1.82, -6.86, 5.01 	0.04, 7.32, -7.29 	0.00, 10.00 	11,31,13,80		2.68,45.58	1000,1 	0
2060    	-1.82, -6.86, 5.01 	0.04, 7.73, -7.27 	0.00, 10.00 	11,31,13,90		0.00,45.73	1000,1 	0
2069    	-1.80, -6.87, 5.01 	0.11, 8.11, -7.26 	0.00, 10.00 	11,31,13,99		2.78,42.58	1000,1 	0
2078    	-1.80, -6.87, 5.01 	0.21, 8.46, -7.25 	0.00, 10.00 	11,31,13,109		0.00,41.63	1000,1 	0
2087    	-1.79, -6.88, 5.01 	0.27, 8.87, -7.25 	0.00, 10.00 	11,31,13,119		1.73,45.61	1000,1 	0
2096    	-1.80, -6.89, 5.01 	0.26, 9.14, -7.18 	0.00, 10.00 	11,31,13,128		1.68,30.36	1000,1 	0
2105    	-1.80, -6.89, 5.01 	0.21, 9.33, -7.06 	0.00, 10.00 	11,31,13,138		0.00,21.23	1000,1 	0
2114    	-1.81, -6.88, 5.01 	0.11, 9.51, -6.97 	0.00, 10.00 	11,31,13,148		1.73,22.95	1000,1 	0
2123    	-1.81, -6.88, 5.01 	0.00, 9.69, -6.91 	0.00, 10.00 	11,31,13,157		0.00,22.95	1000,1 	0
2132    	-1.81, -6.88, 5.01 	-0.07, 9.84, -6.83 	0.00, 10.00 	11,31,13,167		0.00,18.74	1000,1 	0
2141    	-1.84, -6.87, 5.00 	-0.06, 9.95, -6.78 	0.00, 10.00 	11,31,13,177		3.94,11.84	1000,1 	0
2150    	-1.85, -6.86, 5.00 	-0.06, 10.05, -6.74 	0.00, 10.00 	11,31,13,186		1.73,11.84	1000,1 	0
2159    	-1.84, -6.86, 5.00 	0.01, 10.16, -6.74 	0.00, 10.00 	11,31,13,196		1.24,14.24	1000,1 	0
2168    	-1.85, -6.87, 5.00 	0.05, 10.23, -6.72 	0.00, 10.00 	11,31,13,206		1.68,9.14	1000,1 	0
2177    	-1.85, -6.87, 5.00 	0.09, 10.27, -6.72 	0.00, 10.00 	11,31,13,215		0.00,5.92	1000,1 	0
2186    	-1.85, -6.89, 5.00 	0.09, 10.31, -6.72 	0.00, 10.00 	11,31,13,225		2.34,4.67	1000,1 	0
2195    	-1.83, -6.88, 5.00 	0.07, 10.34, -6.72 	0.00, 10.00 	11,31,13,235		2.72,3.75	1000,1 	0
2204    	-1.82, -6.90, 4.99 	0.08, 10.36, -6.71 	0.00, 10.00 	11,31,13,244		2.68,2.60	1000,1 	0
2213    	-1.85, -6.91, 4.99 	0.10, 10.35, -6.71 	0.00, 10.00 	11,31,13,254		3.73,2.75	1000,1 	0
2222    	-1.83, -6.90, 4.99 	0.08, 10.35, -6.71 	0.00, 10.00 	11,31,13,264		2.49,2.45	1000,1 	0
2231    	-1.84, -6.89, 5.00 	0.02, 10.32, -6.69 	0.00, 10.00 	11,31,13,273		1.73,7.63	1000,1 	0
2240    	-1.84, -6.87, 5.00 	-0.01, 10.29, -6.69 	0.00, 10.00 	11,31,13,283		2.34,4.99	1000,1 	0
2249    	-1.84, -6.88, 5.00 	0.05, 10.25, -6.72 	0.00, 10.00 	11,31,13,293		1.17,7.82	1000,1 	0
2258    	-1.84, -6.86, 5.00 	0.10, 10.20, -6.72 	0.00, 10.00 	11,31,13,303		2.34,7.74	1000,1 	0
2267    	-1.83, -6.87, 5.00 	0.10, 10.19, -6.72 	0.00, 10.00 	11,31,13,312		1.73,1.17	1000,1 	0
2276    	-1.83, -6.89, 5.00 	0.15, 10.21, -6.71 	0.00, 10.00 	11,31,13,322		2.34,4.99	1000,1 	0
2285    	-1.84, -6.90, 5.01 	0.19, 10.27, -6.69 	0.00, 10.00 	11,31,13,332		1.68,8.31	1000,1 	0
2294    	-1.85, -6.89, 5.01 	0.17, 10.32, -6.70 	0.00, 10.00 	11,31,13,341		1.73,6.00	1000,1 	0
2303    	-1.85, -6.88, 5.01 	0.11, 10.30, -6.68 	0.00, 10.00 	11,31,13,351		1.17,7.40	1000,1 	0
2312    	-1.84, -6.88, 5.01 	0.04, 10.26, -6.64 	0.00, 10.00 	11,31,13,361		1.24,9.14	1000,1 	0
2321    	-1.86, -6.90, 5.00 	-0.05, 10.19, -6.59 	0.00, 10.00 	11,31,13,370		2.72,12.85	1000,1 	0
2330    	-1.86, -6.88, 5.00 	-0.10, 10.16, -6.58 	0.00, 10.00 	11,31,13,380		2.34,6.48	1000,1 	0
2339    	-1.86, -6.88, 5.00 	-0.08, 10.17, -6.60 	0.00, 10.00 	11,31,13,390		0.00,2.45	1000,1 	0
2348    	-1.86, -6.88, 5.00 	-0.03, 10.20, -6.60 	0.00, 10.00 	11,31,13,399		0.00,6.95	1000,1 	0
2357    	-1.85, -6.86, 5.01 	0.01, 10.22, -6.61 	0.00, 10.00 	11,31,13,409		1.68,4.99	1000,1 	0
2366    	-1.84, -6.87, 5.01 	0.04, 10.24, -6.61 	0.00, 10.00 	11,31,13,419		1.73,4.28	1000,1 	0
2375    	-1.84, -6.88, 5.01 	0.05, 10.24, -6.62 	0.00, 10.00 	11,31,13,428		1.17,1.22	1000,1 	0
2384    	-1.83, -6.88, 5.01 	0.08, 10.26, -6.62 	0.00, 10.00 	11,31,13,438		1.24,3.81	1000,1 	0
2393    	-1.81, -6.89, 5.00 	0.09, 10.27, -6.61 	0.00, 10.00 	11,31,13,448		2.78,1.66	1000,1 	0
2402    	-1.80, -6.88, 5.00 	0.09, 10.27, -6.61 	0.00, 10.00 	11,31,13,457		1.68,0.00	1000,1 	0
2411    	-1.83, -6.88, 5.00 	0.08, 10.26, -6.61 	0.00, 10.00 	11,31,13,467		3.73,1.66	1000,1 	0
2420    	-1.83, -6.87, 5.00 	0.08, 10.27, -6.61 	0.00, 10.00 	11,31,13,477		1.17,1.17	1000,1 	0
2429    	-1.83, -6.87, 4.99 	0.08, 10.26, -6.61 	0.00, 10.00 	11,31,13,486		0.00,1.17	1000,1 	0
2438    	-1.82, -6.88, 4.99 	0.07, 10.27, -6.61 	0.00, 10.00 	11,31,13,496		1.73,1.72	1000,1 	0
2447    	-1.84, -6.88, 4.99 	0.08, 10.26, -6.61 	0.00, 10.00 	11,31,13,506		2.49,1.72	1000,1 	0
2456    	-1.83, -6.89, 4.99 	0.08, 10.27, -6.62 	0.00, 10.00 	11,31,13,516		1.73,1.17	1000,1 	0
2465    	-1.83, -6.89, 4.99 	0.07, 10.27, -6.62 	0.00, 10.00 	11,31,13,525		0.00,1.22	1000,1 	0
2474    	-1.80, -6.90, 4.99 	0.10, 10.27, -6.62 	0.00, 10.00 	11,31,13,535		2.78,3.67	1000,1 	0
2483    	-1.80, -6.91, 5.01 	0.11, 10.28, -6.62 	0.00, 10.00 	11,31,13,544		1.17,1.66	1000,1 	0
2492    	-1.80, -6.91, 5.01 	0.09, 10.28, -6.61 	0.00, 10.00 	11,31,13,554		0.00,2.45	1000,1 	0
2501    	-1.83, -6.90, 5.01 	0.08, 10.26, -6.61 	0.00, 10.00 	11,31,13,564		2.78,2.60	1000,1 	0
2510    	-1.85, -6.91, 4.99 	0.05, 10.25, -6.60 	0.00, 10.00 	11,31,13,574		2.49,3.67	1000,1 	0
2519    	-1.87, -6.91, 5.00 	0.04, 10.24, -6.59 	0.00, 10.00 	11,31,13,583		2.49,1.66	1000,1 	0
2528    	-1.87, -6.89, 5.00 	0.02, 10.25, -6.60 	0.00, 10.00 	11,31,13,593		2.34,2.75	1000,1 	0
2537    	-1.86, -6.90, 5.00 	0.02, 10.24, -6.60 	0.00, 10.00 	11,31,13,603		1.73,1.17	1000,1 	0
2546    	-1.86, -6.90, 5.00 	0.02, 10.24, -6.60 	0.00, 10.00 	11,31,13,612		0.00,0.00	1000,1 	0
2555    	-1.86, -6.90, 5.00 	0.03, 10.23, -6.60 	0.00, 10.00 	11,31,13,622		0.00,1.72	1000,1 	0
2564    	-1.87, -6.92, 5.00 	0.04, 10.23, -6.60 	0.00, 10.00 	11,31,13,632		2.62,1.22	1000,1 	0
2573    	-1.85, -6.91, 5.00 	0.05, 10.22, -6.59 	0.00, 10.00 	11,31,13,641		2.72,1.72	1000,1 	0
2582    	-1.83, -6.90, 5.00 	0.05, 10.23, -6.59 	0.00, 10.00 	11,31,13,651		2.49,1.17	1000,1 	0
2591    	-1.84, -6.90, 4.99 	0.02, 10.22, -6.58 	0.00, -0.00 	11,31,13,670		1.24,3.81	1000,1 	0
2600    	-1.83, -6.88, 4.99 	0.02, 10.22, -6.58 	0.00, -0.00 	11,31,13,680		2.62,0.00	1000,1 	0
2609    	-1.83, -6.88, 4.99 	-0.01, 10.19, -6.58 	0.00, -0.00 	11,31,13,690		0.00,4.28	1000,1 	0
2618    	-1.85, -6.88, 4.99 	-0.02, 10.20, -6.58 	0.00, -0.00 	11,31,13,699		2.49,1.72	1000,1 	0
2627    	-1.85, -6.88, 4.99 	-0.01, 10.19, -6.58 	0.00, -0.00 	11,31,13,709		0.00,1.72	1000,1 	0
2636    	-1.85, -6.88, 5.00 	-0.02, 10.20, -6.60 	0.00, -0.00 	11,31,13,719		0.00,1.72	1000,1 	0
2645    	-1.85, -6.87, 5.00 	0.01, 10.21, -6.59 	0.00, -0.00 	11,31,13,728		1.17,3.67	1000,1 	0
2654    	-1.84, -6.88, 5.00 	0.02, 10.22, -6.60 	0.00, -0.00 	11,31,13,738		1.73,1.66	1000,1 	0
2663    	-1.85, -6.89, 5.00 	0.02, 10.22, -6.60 	0.00, -0.00 	11,31,13,748		1.68,0.00	1000,1 	0
2672    	-1.83, -6.88, 5.00 	0.02, 10.23, -6.60 	0.00, -0.00 	11,31,13,757		2.72,1.17	1000,1 	0
2681    	-1.83, -6.87, 5.00 	0.01, 10.22, -6.60 	0.00, -0.00 	11,31,13,767		1.17,1.66	1000,1 	0
2690    	-1.84, -6.88, 4.99 	0.01, 10.22, -6.60 	0.00, -0.00 	11,31,13,777		1.68,0.00	1000,1 	0
2699    	-1.85, -6.87, 4.99 	-0.01, 10.21, -6.60 	0.00, -0.00 	11,31,13,786		1.73,2.45	1000,1 	0
2708    	-1.85, -6.87, 4.99 	-0.00, 10.22, -6.60 	0.00, -0.00 	11,31,13,796		0.00,1.22	1000,1 	0
2717    	-1.86, -6.85, 4.99 	-0.01, 10.20, -6.60 	0.00, -0.00 	11,31,13,806		2.34,1.66	1000,1 	0
2726    	-1.88, -6.86, 5.00 	-0.01, 10.21, -6.60 	0.00, -0.00 	11,31,13,816		2.49,1.17	1000,1 	0
2735    	-1.87, -6.85, 5.00 	-0.00, 10.22, -6.60 	0.00, -0.00 	11,31,13,825		1.24,1.22	1000,1 	0
2744    	-1.84, -6.87, 5.00 	0.01, 10.22, -6.60 	0.00, -0.00 	11,31,13,835		3.46,1.22	1000,1 	0
2753    	-1.84, -6.87, 5.00 	0.01, 10.22, -6.59 	0.00, -0.00 	11,31,13,845		0.00,0.00	0,0 	0
2762    	-1.84, -6.87, 5.00 	0.02, 10.21, -6.58 	0.00, -0.00 	11,31,13,854		0.00,1.72	0,0 	0
2771    	-1.85, -6.86, 5.00 	0.01, 10.21, -6.56 	0.00, -0.00 	11,31,13,864		1.73,1.22	0,0 	0
2780    	-1.85, -6.87, 4.99 	-0.03, 10.20, -6.53 	0.00, -0.00 	11,31,13,874		1.17,4.89	0,0 	0
2789    	-1.85, -6.87, 4.99 	-0.07, 10.19, -6.48 	0.00, -0.00 	11,31,13,883		0.00,4.99	0,0 	0
2798    	-1.86, -6.85, 4.99 	-0.14, 10.15, -6.44 	0.00, -0.00 	11,31,13,893		2.34,8.03	0,0 	0
2807    	-1.88, -6.86, 5.00 	-0.11, 10.13, -6.44 	0.00, -0.00 	11,31,13,903		2.49,3.44	0,0 	0
2816    	-1.88, -6.84, 4.99 	-0.06, 10.16, -6.48 	0.00, -0.00 	11,31,13,912		1.17,6.48	0,0 	0
2825    	-1.87, -6.84, 4.99 	0.03, 10.15, -6.50 	0.00, -0.00 	11,31,13,922		1.24,10.14	0,0 	0
2834    	-1.88, -6.86, 4.99 	0.14, 10.15, -6.52 	0.00, -0.00 	11,31,13,932		1.68,12.33	0,0 	0
2843    	-1.88, -6.86, 5.00 	0.20, 10.10, -6.57 	0.00, -0.00 	11,31,13,941		0.00,8.60	0,0 	0
2852    	-1.87, -6.84, 5.01 	0.18, 10.02, -6.64 	0.00, -0.00 	11,31,13,951		1.68,8.84	0,0 	0
2861    	-1.88, -6.86, 5.00 	0.04, 9.88, -6.71 	0.00, -0.00 	11,31,13,961		1.68,21.76	0,0 	0
2870    	-1.88, -6.86, 5.00 	-0.11, 9.70, -6.79 	0.00, -0.00 	11,31,13,970		0.00,26.60	0,0 	0
2879    	-1.88, -6.84, 4.99 	-0.20, 9.59, -6.84 	0.00, -0.00 	11,31,13,980		1.17,15.86	0,0 	0
2888    	-1.88, -6.84, 4.99 	-0.26, 9.47, -6.89 	0.00, -0.00 	11,31,13,990		0.00,14.57	0,0 	0
2897    	-1.88, -6.83, 4.99 	-0.33, 9.32, -6.94 	0.00, -0.00 	11,31,13,999		1.17,19.40	0,0 	0
2906    	-1.88, -6.83, 4.99 	-0.34, 9.05, -7.04 	0.00, -0.00 	11,31,14,9		0.00,29.42	0,0 	0
2915    	-1.87, -6.84, 4.99 	-0.33, 8.72, -7.21 	0.00, -0.00 	11,31,14,19		1.73,37.41	0,0 	0
2924    	-1.88, -6.84, 4.99 	-0.34, 8.50, -7.29 	0.00, -0.00 	11,31,14,29		1.24,23.51	0,0 	0
2933    	-1.87, -6.84, 4.99 	-0.28, 8.26, -7.31 	0.00, -0.00 	11,31,14,38		1.24,28.20	0,0 	0
2942    	-1.88, -6.86, 4.99 	-0.25, 8.02, -7.31 	0.00, -0.00 	11,31,14,48		1.68,26.84	0,0 	0
2951    	-1.88, -6.86, 5.00 	-0.23, 7.75, -7.32 	0.00, -0.00 	11,31,14,58		0.00,29.20	0,0 	0
2960    	-1.87, -6.86, 4.99 	-0.31, 7.39, -7.30 	0.00, -0.00 	11,31,14,67		1.73,41.47	0,0 	0
2969    	-1.85, -6.87, 4.99 	-0.42, 6.99, -7.29 	0.00, -0.00 	11,31,14,77		1.73,46.35	0,0 	0
2978    	-1.89, -6.87, 4.99 	-0.56, 6.61, -7.27 	0.00, -0.00 	11,31,14,87		3.94,44.18	0,0 	0
2987    	-1.90, -6.85, 4.98 	-0.70, 6.24, -7.26 	0.00, -0.00 	11,31,14,96		2.68,44.18	0,0 	0
2996    	-1.91, -6.85, 4.99 	-0.72, 5.85, -7.22 	0.00, -0.00 	11,31,14,106		1.40,49.21	0,0 	0
3005    	-1.89, -6.85, 5.00 	-0.60, 5.50, -7.21 	0.00, -0.00 	11,31,14,116		2.80,45.99	0,0 	0
3014    	-1.89, -6.85, 5.00 	-0.48, 5.21, -7.20 	0.00, -0.00 	11,31,14,125		0.00,39.59	0,0 	0
3023    	-1.89, -6.86, 5.00 	-0.32, 4.97, -7.21 	0.00, -0.00 	11,31,14,135		1.32,35.42	0,0 	0
3032    	-1.89, -6.86, 5.00 	-0.25, 4.71, -7.16 	0.00, -0.00 	11,31,14,145		0.00,33.47	0,0 	0
3041    	-1.86, -6.88, 5.00 	-0.23, 4.33, -7.07 	0.00, -0.00 	11,31,14,154		3.89,48.62	0,0 	0
3050    	-1.86, -6.88, 5.00 	-0.37, 3.89, -7.00 	0.00, -0.00 	11,31,14,164		0.00,57.32	0,0 	0
3059    	-1.86, -6.88, 5.00 	-0.59, 3.47, -6.90 	0.00, -0.00 	11,31,14,174		0.00,59.66	0,0 	0
3068    	-1.87, -6.85, 5.00 	-0.73, 3.05, -6.83 	0.00, -0.00 	11,31,14,183		2.63,54.96	0,0 	0
3077    	-1.87, -6.85, 5.00 	-0.77, 2.70, -6.83 	0.00, -0.00 	11,31,14,193		0.00,44.35	0,0 	0
3086    	-1.89, -6.86, 5.00 	-0.76, 2.43, -6.86 	0.00, -0.00 	11,31,14,203		2.80,34.16	0,0 	0
3095    	-1.90, -6.84, 5.00 	-0.72, 2.18, -6.90 	0.00, -0.00 	11,31,14,212		3.01,31.51	0,0 	0
3104    	-1.89, -6.86, 5.00 	-0.60, 1.90, -6.88 	0.00, -0.00 	11,31,14,222		3.01,37.48	0,0 	0
3113    	-1.85, -6.87, 5.00 	-0.39, 1.64, -6.82 	0.00, -0.00 	11,31,14,232		5.01,42.36	0,0 	0
3122    	-1.85, -6.86, 5.00 	-0.19, 1.48, -6.81 	0.00, -0.00 	11,31,14,242		1.32,31.88	0,0 	0
