#Time 	Sensor1         Sensor2         Target          Time            Vel             
#================================================================

16      	-1.91, -8.39, 4.60 	-0.31, 0.48, -6.35 	0.00, 10.00 	11,29,23,166		0.00,0.00	0,0 	0
25      	-1.91, -8.38, 4.60 	-0.29, 0.49, -6.35 	0.00, 10.00 	11,29,23,175		1.17,2.68	0,0 	0
34      	-1.90, -8.36, 4.60 	-0.31, 0.50, -6.34 	0.00, 10.00 	11,29,23,185		2.62,2.75	0,0 	0
43      	-1.92, -8.38, 4.61 	-0.35, 0.49, -6.35 	0.00, 10.00 	11,29,23,195		3.37,4.89	0,0 	0
52      	-1.91, -8.39, 4.61 	-0.39, 0.50, -6.36 	0.00, 10.00 	11,29,23,204		1.73,3.89	0,0 	0
61      	-1.91, -8.38, 4.61 	-0.40, 0.49, -6.37 	0.00, 10.00 	11,29,23,214		1.17,1.66	0,0 	0
70      	-1.91, -8.38, 4.61 	-0.36, 0.49, -6.37 	0.00, 10.00 	11,29,23,224		0.00,3.67	0,0 	0
79      	-1.91, -8.39, 4.60 	-0.33, 0.49, -6.37 	0.00, 10.00 	11,29,23,233		1.17,3.89	0,0 	0
88      	-1.90, -8.38, 4.61 	-0.31, 0.50, -6.38 	0.00, 10.00 	11,29,23,243		1.68,2.68	0,0 	0
97      	-1.90, -8.39, 4.61 	-0.25, 0.50, -6.37 	0.00, 10.00 	11,29,23,253		1.17,6.12	0,0 	0
106     	-1.86, -8.39, 4.61 	-0.24, 0.50, -6.36 	0.00, 10.00 	11,29,23,263		3.73,1.22	0,0 	0
115     	-1.86, -8.38, 4.61 	-0.30, 0.49, -6.36 	0.00, 10.00 	11,29,23,272		1.17,6.19	0,0 	0
124     	-1.90, -8.37, 4.61 	-0.33, 0.49, -6.35 	0.00, 10.00 	11,29,23,282		3.94,3.67	0,0 	0
133     	-1.91, -8.37, 4.61 	-0.35, 0.47, -6.33 	0.00, 10.00 	11,29,23,292		1.24,2.68	0,0 	0
142     	-1.91, -8.37, 4.61 	-0.37, 0.48, -6.34 	0.00, 10.00 	11,29,23,301		0.00,2.75	0,0 	0
151     	-1.91, -8.35, 4.60 	-0.36, 0.48, -6.34 	0.00, 10.00 	11,29,23,311		2.34,1.22	0,0 	0
160     	-1.90, -8.36, 4.61 	-0.38, 0.49, -6.34 	0.00, 10.00 	11,29,23,321		1.73,1.72	0,0 	0
169     	-1.90, -8.36, 4.61 	-0.34, 0.49, -6.35 	0.00, 10.00 	11,29,23,330		0.00,3.67	0,0 	0
178     	-1.95, -8.35, 4.60 	-0.30, 0.48, -6.34 	0.00, 10.00 	11,29,23,340		5.14,5.49	0,0 	0
187     	-1.92, -8.37, 4.60 	-0.30, 0.50, -6.36 	0.00, 10.00 	11,29,23,350		3.46,2.33	0,0 	0
196     	-1.90, -8.37, 4.59 	-0.28, 0.51, -6.37 	0.00, 10.00 	11,29,23,359		2.49,2.68	0,0 	0
205     	-1.89, -8.38, 4.60 	-0.29, 0.51, -6.35 	0.00, 10.00 	11,29,23,369		1.73,1.22	0,0 	0
214     	-1.89, -8.35, 4.60 	-0.29, 0.50, -6.35 	0.00, 10.00 	11,29,23,379		3.51,1.17	0,0 	0
223     	-1.89, -8.35, 4.60 	-0.29, 0.50, -6.35 	0.00, 10.00 	11,29,23,388		0.00,0.00	0,0 	0
232     	-1.92, -8.31, 4.61 	-0.32, 0.48, -6.35 	0.00, 10.00 	11,29,23,398		5.36,4.28	0,0 	0
241     	-1.91, -8.32, 4.61 	-0.32, 0.49, -6.35 	0.00, 10.00 	11,29,23,408		1.73,1.17	0,0 	0
250     	-1.91, -8.32, 4.60 	-0.32, 0.50, -6.35 	0.00, 10.00 	11,29,23,417		0.00,1.17	0,0 	0
259     	-1.89, -8.34, 4.61 	-0.32, 0.50, -6.35 	0.00, 10.00 	11,29,23,427		2.68,0.00	0,0 	0
268     	-1.89, -8.34, 4.61 	-0.32, 0.50, -6.36 	0.00, 10.00 	11,29,23,437		0.00,0.00	0,0 	0
277     	-1.88, -8.34, 4.62 	-0.28, 0.50, -6.35 	0.00, 10.00 	11,29,23,446		1.24,4.89	0,0 	0
286     	-1.89, -8.35, 4.62 	-0.28, 0.51, -6.36 	0.00, 10.00 	11,29,23,456		1.68,1.17	0,0 	0
295     	-1.86, -8.36, 4.61 	-0.28, 0.50, -6.36 	0.00, 10.00 	11,29,23,466		3.94,1.17	0,0 	0
304     	-1.87, -8.34, 4.61 	-0.28, 0.51, -6.37 	0.00, 10.00 	11,29,23,476		2.68,1.17	0,0 	0
313     	-1.88, -8.35, 4.61 	-0.29, 0.49, -6.35 	0.00, 10.00 	11,29,23,485		1.68,2.60	0,0 	0
322     	-1.87, -8.33, 4.61 	-0.31, 0.49, -6.35 	0.00, 10.00 	11,29,23,495		2.62,2.45	0,0 	0
331     	-1.87, -8.33, 4.61 	-0.31, 0.50, -6.35 	0.00, 10.00 	11,29,23,505		0.00,1.17	0,0 	0
340     	-1.91, -8.31, 4.62 	-0.31, 0.49, -6.35 	0.00, 10.00 	11,29,23,514		4.46,1.17	0,0 	0
349     	-1.89, -8.35, 4.60 	-0.31, 0.49, -6.35 	0.00, 10.00 	11,29,23,524		4.87,0.00	0,0 	0
358     	-1.89, -8.35, 4.60 	-0.32, 0.50, -6.35 	0.00, 10.00 	11,29,23,534		0.00,1.72	0,0 	0
367     	-1.88, -8.37, 4.60 	-0.32, 0.50, -6.36 	0.00, 10.00 	11,29,23,543		2.68,0.00	0,0 	0
376     	-1.87, -8.36, 4.60 	-0.25, 0.50, -6.35 	0.00, 10.00 	11,29,23,553		1.68,7.34	0,0 	0
385     	-1.87, -8.35, 4.61 	-0.26, 0.49, -6.35 	0.00, 10.00 	11,29,23,563		1.17,1.66	0,0 	0
394     	-1.86, -8.34, 4.61 	-0.27, 0.50, -6.34 	0.00, 10.00 	11,29,23,572		1.24,1.17	0,0 	0
403     	-1.91, -8.32, 4.61 	-0.25, 0.50, -6.35 	0.00, 10.00 	11,29,23,582		6.16,1.22	0,0 	0
412     	-1.92, -8.32, 4.60 	-0.31, 0.50, -6.34 	0.00, 10.00 	11,29,23,592		1.24,6.12	0,0 	0
421     	-1.93, -8.31, 4.61 	-0.31, 0.50, -6.35 	0.00, 10.00 	11,29,23,601		1.73,0.00	0,0 	0
430     	-1.87, -8.30, 4.61 	-0.31, 0.50, -6.35 	0.00, 10.00 	11,29,23,611		6.22,0.00	0,0 	0
439     	-1.88, -8.29, 4.61 	-0.31, 0.50, -6.35 	0.00, 10.00 	11,29,23,621		1.17,0.00	0,0 	0
448     	-1.88, -8.29, 4.60 	-0.31, 0.50, -6.35 	0.00, 10.00 	11,29,23,630		0.00,0.00	0,0 	0
457     	-1.87, -8.31, 4.60 	-0.28, 0.48, -6.35 	0.00, 10.00 	11,29,23,640		2.34,3.44	0,0 	0
466     	-1.86, -8.33, 4.61 	-0.27, 0.48, -6.35 	0.00, 10.00 	11,29,23,650		2.68,1.22	0,0 	0
475     	-1.86, -8.33, 4.61 	-0.27, 0.48, -6.35 	0.00, 10.00 	11,29,23,659		0.00,0.00	0,0 	0
484     	-1.87, -8.33, 4.61 	-0.27, 0.48, -6.35 	0.00, 10.00 	11,29,23,669		1.73,0.00	0,0 	0
493     	-1.86, -8.33, 4.61 	-0.28, 0.48, -6.34 	0.00, 10.00 	11,29,23,679		1.73,1.22	0,0 	0
502     	-1.87, -8.33, 4.61 	-0.31, 0.49, -6.34 	0.00, 10.00 	11,29,23,688		1.73,2.75	0,0 	0
511     	-1.87, -8.31, 4.61 	-0.31, 0.48, -6.34 	0.00, 10.00 	11,29,23,698		1.17,1.17	0,0 	0
520     	-1.89, -8.30, 4.60 	-0.31, 0.49, -6.34 	0.00, 10.00 	11,29,23,708		2.68,1.17	0,0 	0
529     	-1.90, -8.30, 4.61 	-0.31, 0.48, -6.33 	0.00, 10.00 	11,29,23,718		1.24,1.17	0,0 	0
538     	-1.90, -8.30, 4.61 	-0.30, 0.48, -6.33 	0.00, 10.00 	11,29,23,727		0.00,1.22	0,0 	0
547     	-1.91, -8.31, 4.61 	-0.30, 0.48, -6.34 	0.00, 10.00 	11,29,23,737		1.68,0.00	0,0 	0
556     	-1.85, -8.32, 4.61 	-0.30, 0.48, -6.34 	0.00, 10.00 	11,29,23,747		6.70,0.00	0,0 	0
565     	-1.86, -8.34, 4.61 	-0.30, 0.48, -6.34 	0.00, 10.00 	11,29,23,756		2.62,0.00	0,0 	0
574     	-1.83, -8.35, 4.60 	-0.31, 0.48, -6.34 	0.00, 10.00 	11,29,23,766		2.78,1.22	0,0 	0
583     	-1.87, -8.35, 4.59 	-0.31, 0.48, -6.34 	0.00, 10.00 	11,29,23,776		3.94,0.00	0,0 	0
592     	-1.89, -8.33, 4.60 	-0.28, 0.47, -6.33 	0.00, 10.00 	11,29,23,785		3.46,2.75	0,0 	0
601     	-1.88, -8.34, 4.60 	-0.31, 0.48, -6.33 	0.00, 10.00 	11,29,23,795		1.73,2.75	0,0 	0
610     	-1.86, -8.33, 4.60 	-0.31, 0.49, -6.32 	0.00, 10.00 	11,29,23,805		2.49,1.17	0,0 	0
619     	-1.87, -8.31, 4.59 	-0.31, 0.48, -6.32 	0.00, 10.00 	11,29,23,814		2.68,1.17	0,0 	0
628     	-1.87, -8.31, 4.59 	-0.31, 0.48, -6.32 	0.00, 10.00 	11,29,23,824		0.00,0.00	0,0 	0
637     	-1.84, -8.32, 4.59 	-0.31, 0.48, -6.33 	0.00, 10.00 	11,29,23,834		3.94,0.00	0,0 	0
646     	-1.85, -8.33, 4.59 	-0.31, 0.48, -6.33 	0.00, 10.00 	11,29,23,843		1.68,0.00	0,0 	0
655     	-1.84, -8.33, 4.60 	-0.31, 0.47, -6.33 	0.00, 10.00 	11,29,23,853		1.24,1.17	0,0 	0
664     	-1.83, -8.33, 4.60 	-0.29, 0.46, -6.33 	0.00, 10.00 	11,29,23,863		1.24,1.72	0,0 	0
673     	-1.83, -8.33, 4.60 	-0.29, 0.47, -6.33 	0.00, 10.00 	11,29,23,872		0.00,1.17	0,0 	0
682     	-1.83, -8.33, 4.59 	-0.30, 0.48, -6.33 	0.00, 10.00 	11,29,23,882		0.00,1.17	0,0 	0
691     	-1.83, -8.31, 4.60 	-0.30, 0.49, -6.33 	0.00, 10.00 	11,29,23,892		2.34,1.17	0,0 	0
700     	-1.85, -8.30, 4.59 	-0.32, 0.47, -6.32 	0.00, 10.00 	11,29,23,901		2.78,3.32	0,0 	0
709     	-1.86, -8.30, 4.60 	-0.32, 0.49, -6.32 	0.00, 10.00 	11,29,23,911		1.24,2.33	0,0 	0
718     	-1.83, -8.32, 4.60 	-0.33, 0.47, -6.32 	0.00, 10.00 	11,29,23,921		4.46,1.66	0,0 	0
727     	-1.85, -8.31, 4.61 	-0.32, 0.48, -6.33 	0.00, 10.00 	11,29,23,931		2.78,1.22	0,0 	0
736     	-1.85, -8.32, 4.60 	-0.32, 0.48, -6.33 	0.00, 10.00 	11,29,23,940		1.17,0.00	0,0 	0
745     	-1.85, -8.33, 4.60 	-0.32, 0.48, -6.33 	0.00, 10.00 	11,29,23,950		1.17,0.00	0,0 	0
754     	-1.86, -8.31, 4.60 	-0.30, 0.48, -6.33 	0.00, 10.00 	11,29,23,960		2.68,2.45	0,0 	0
763     	-1.86, -8.31, 4.60 	-0.30, 0.48, -6.33 	0.00, 10.00 	11,29,23,969		0.00,0.00	0,0 	0
772     	-1.86, -8.30, 4.60 	-0.32, 0.49, -6.33 	0.00, 10.00 	11,29,23,979		1.17,2.75	0,0 	0
781     	-1.85, -8.30, 4.60 	-0.32, 0.48, -6.33 	0.00, 10.00 	11,29,23,988		1.24,1.17	0,0 	0
790     	-1.86, -8.28, 4.60 	-0.32, 0.48, -6.33 	0.00, 10.00 	11,29,23,998		2.34,0.00	0,0 	0
799     	-1.87, -8.26, 4.58 	-0.32, 0.48, -6.33 	0.00, 10.00 	11,29,24,8		2.68,0.00	0,0 	0
808     	-1.88, -8.26, 4.60 	-0.33, 0.47, -6.33 	0.00, 10.00 	11,29,24,18		1.24,1.22	0,0 	0
817     	-1.88, -8.27, 4.60 	-0.33, 0.49, -6.33 	0.00, 10.00 	11,29,24,27		1.17,1.17	0,0 	0
826     	-1.87, -8.28, 4.60 	-0.33, 0.49, -6.33 	0.00, 10.00 	11,29,24,37		1.73,0.00	0,0 	0
835     	-1.86, -8.28, 4.61 	-0.34, 0.49, -6.34 	0.00, 10.00 	11,29,24,47		1.24,1.72	0,0 	0
844     	-1.86, -8.28, 4.61 	-0.32, 0.49, -6.34 	0.00, 10.00 	11,29,24,56		0.00,2.75	0,0 	0
853     	-1.83, -8.28, 4.61 	-0.31, 0.49, -6.34 	0.00, 10.00 	11,29,24,66		2.49,1.22	0,0 	0
862     	-1.82, -8.30, 4.59 	-0.32, 0.49, -6.34 	0.00, 10.00 	11,29,24,76		2.68,1.22	0,0 	0
871     	-1.82, -8.27, 4.59 	-0.32, 0.49, -6.35 	0.00, 10.00 	11,29,24,85		3.51,0.00	0,0 	0
880     	-1.83, -8.28, 4.61 	-0.33, 0.49, -6.35 	0.00, 10.00 	11,29,24,95		1.68,1.22	0,0 	0
889     	-1.83, -8.28, 4.60 	-0.32, 0.48, -6.34 	0.00, 10.00 	11,29,24,105		0.00,1.72	0,0 	0
898     	-1.84, -8.25, 4.60 	-0.34, 0.48, -6.34 	0.00, 10.00 	11,29,24,114		3.51,2.75	0,0 	0
907     	-1.84, -8.25, 4.60 	-0.32, 0.48, -6.34 	0.00, 10.00 	11,29,24,124		0.00,2.75	0,0 	0
916     	-1.84, -8.28, 4.60 	-0.33, 0.47, -6.34 	0.00, 10.00 	11,29,24,134		3.69,1.22	0,0 	0
925     	-1.83, -8.29, 4.60 	-0.31, 0.49, -6.35 	0.00, 10.00 	11,29,24,143		1.73,2.68	0,0 	0
934     	-1.83, -8.28, 4.60 	-0.30, 0.49, -6.35 	0.00, 10.00 	11,29,24,153		1.17,1.22	0,0 	0
943     	-1.83, -8.30, 4.60 	-0.29, 0.49, -6.35 	0.00, 10.00 	11,29,24,163		2.34,1.22	0,0 	0
952     	-1.83, -8.29, 4.60 	-0.31, 0.50, -6.33 	0.00, 10.00 	11,29,24,173		1.17,2.75	0,0 	0
961     	-1.82, -8.29, 4.60 	-0.31, 0.49, -6.33 	0.00, 10.00 	11,29,24,182		1.24,1.17	0,0 	0
970     	-1.81, -8.29, 4.60 	-0.31, 0.47, -6.32 	0.00, 10.00 	11,29,24,192		1.24,2.33	0,0 	0
979     	-1.81, -8.27, 4.60 	-0.31, 0.47, -6.31 	0.00, 10.00 	11,29,24,202		2.34,0.00	0,0 	0
988     	-1.81, -8.28, 4.59 	-0.36, 0.45, -6.31 	0.00, 10.00 	11,29,24,211		1.17,6.19	0,0 	0
997     	-1.82, -8.23, 4.60 	-0.37, 0.48, -6.31 	0.00, 10.00 	11,29,24,221		4.68,3.75	0,0 	0
1006    	-1.83, -8.25, 4.60 	-0.36, 0.47, -6.31 	0.00, 10.00 	11,29,24,231		1.68,1.72	1000,1 	0
1015    	-1.82, -8.26, 4.60 	-0.34, 0.47, -6.32 	0.00, 10.00 	11,29,24,240		1.17,2.45	1000,1 	0
1024    	-1.82, -8.29, 4.59 	-0.29, 0.49, -6.33 	0.00, 10.00 	11,29,24,250		3.51,6.19	1000,1 	0
1033    	-1.82, -8.30, 4.59 	-0.29, 0.51, -6.34 	0.00, 10.00 	11,29,24,260		1.17,2.33	1000,1 	0
1042    	-1.82, -8.30, 4.59 	-0.27, 0.51, -6.35 	0.00, 10.00 	11,29,24,269		0.00,2.45	1000,1 	0
1051    	-1.82, -8.31, 4.59 	-0.25, 0.50, -6.31 	0.00, 10.00 	11,29,24,279		1.17,1.72	1000,1 	0
1060    	-1.80, -8.29, 4.59 	-0.25, 0.49, -6.31 	0.00, 10.00 	11,29,24,289		3.37,1.17	1000,1 	0
1069    	-1.81, -8.27, 4.59 	-0.31, 0.48, -6.30 	0.00, 10.00 	11,29,24,298		2.68,6.19	1000,1 	0
1078    	-1.81, -8.28, 4.58 	-0.42, 0.47, -6.29 	0.00, 10.00 	11,29,24,308		1.17,12.24	1000,1 	0
1087    	-1.85, -8.26, 4.58 	-0.49, 0.47, -6.30 	0.00, 10.00 	11,29,24,318		4.46,8.68	1000,1 	0
1096    	-1.85, -8.27, 4.58 	-0.50, 0.52, -6.35 	0.00, 10.00 	11,29,24,327		1.17,5.84	1000,1 	0
1105    	-1.85, -8.26, 4.58 	-0.47, 0.53, -6.41 	0.00, 10.00 	11,29,24,337		1.17,3.81	1000,1 	0
1114    	-1.84, -8.28, 4.60 	-0.39, 0.55, -6.45 	0.00, 10.00 	11,29,24,347		2.34,8.61	1000,1 	0
1123    	-1.84, -8.29, 4.61 	-0.33, 0.56, -6.44 	0.00, 10.00 	11,29,24,356		1.17,7.34	1000,1 	0
1132    	-1.82, -8.29, 4.60 	-0.28, 0.54, -6.44 	0.00, 10.00 	11,29,24,366		2.49,5.49	1000,1 	0
1141    	-1.81, -8.30, 4.59 	-0.28, 0.54, -6.45 	0.00, 10.00 	11,29,24,376		1.73,0.00	1000,1 	0
1150    	-1.80, -8.26, 4.61 	-0.28, 0.55, -6.44 	0.00, 10.00 	11,29,24,385		3.69,1.17	1000,1 	0
1159    	-1.83, -8.28, 4.59 	-0.29, 0.53, -6.42 	0.00, 10.00 	11,29,24,395		3.88,2.60	1000,1 	0
1168    	-1.84, -8.28, 4.58 	-0.29, 0.53, -6.42 	0.00, 10.00 	11,29,24,405		1.24,0.00	1000,1 	0
1177    	-1.85, -8.27, 4.60 	-0.29, 0.54, -6.43 	0.00, 10.00 	11,29,24,414		1.17,1.17	1000,1 	0
1186    	-1.85, -8.25, 4.60 	-0.31, 0.53, -6.41 	0.00, 10.00 	11,29,24,424		2.34,2.68	1000,1 	0
1195    	-1.84, -8.26, 4.60 	-0.34, 0.53, -6.42 	0.00, 10.00 	11,29,24,434		1.73,2.45	1000,1 	0
1204    	-1.84, -8.25, 4.60 	-0.35, 0.52, -6.40 	0.00, 10.00 	11,29,24,443		1.17,1.66	1000,1 	0
1213    	-1.83, -8.27, 4.62 	-0.32, 0.53, -6.42 	0.00, 10.00 	11,29,24,453		2.34,2.68	1000,1 	0
1222    	-1.82, -8.27, 4.61 	-0.25, 0.54, -6.42 	0.00, 10.00 	11,29,24,463		1.24,8.57	1000,1 	0
1231    	-1.80, -8.26, 4.61 	-0.21, 0.55, -6.42 	0.00, 10.00 	11,29,24,473		2.49,4.99	1000,1 	0
1240    	-1.84, -8.26, 4.61 	-0.17, 0.56, -6.43 	0.00, 10.00 	11,29,24,482		3.94,3.81	1000,1 	0
1249    	-1.84, -8.26, 4.61 	-0.18, 0.57, -6.42 	0.00, 10.00 	11,29,24,492		0.00,1.17	1000,1 	0
1258    	-1.84, -8.26, 4.61 	-0.21, 0.56, -6.40 	0.00, 10.00 	11,29,24,502		0.00,3.81	1000,1 	0
1267    	-1.84, -8.25, 4.61 	-0.27, 0.55, -6.39 	0.00, 10.00 	11,29,24,511		1.17,7.34	1000,1 	0
1276    	-1.80, -8.24, 4.61 	-0.30, 0.54, -6.38 	0.00, 10.00 	11,29,24,521		3.73,3.81	1000,1 	0
1285    	-1.84, -8.26, 4.61 	-0.32, 0.54, -6.38 	0.00, 10.00 	11,29,24,531		3.88,1.22	1000,1 	0
1294    	-1.84, -8.26, 4.61 	-0.35, 0.53, -6.38 	0.00, 10.00 	11,29,24,540		0.00,3.81	1000,1 	0
1303    	-1.81, -8.27, 4.60 	-0.31, 0.53, -6.37 	0.00, 10.00 	11,29,24,550		2.78,3.67	1000,1 	0
1312    	-1.81, -8.27, 4.61 	-0.33, 0.54, -6.38 	0.00, 10.00 	11,29,24,560		0.00,1.72	1000,1 	0
1321    	-1.82, -8.26, 4.61 	-0.30, 0.54, -6.38 	0.00, 10.00 	11,29,24,569		1.73,2.45	1000,1 	0
1330    	-1.82, -8.26, 4.61 	-0.31, 0.53, -6.38 	0.00, 10.00 	11,29,24,579		0.00,1.66	1000,1 	0
1339    	-1.83, -8.25, 4.60 	-0.30, 0.53, -6.37 	0.00, 10.00 	11,29,24,589		1.17,1.22	1000,1 	0
1348    	-1.83, -8.27, 4.59 	-0.30, 0.53, -6.37 	0.00, 10.00 	11,29,24,598		2.62,0.00	1000,1 	0
1357    	-1.85, -8.24, 4.60 	-0.29, 0.53, -6.37 	0.00, 10.00 	11,29,24,608		3.75,1.22	1000,1 	0
1366    	-1.85, -8.25, 4.60 	-0.29, 0.53, -6.39 	0.00, 10.00 	11,29,24,618		1.17,0.00	1000,1 	0
1375    	-1.85, -8.27, 4.60 	-0.36, 0.51, -6.38 	0.00, 10.00 	11,29,24,627		2.34,7.40	1000,1 	0
1384    	-1.86, -8.25, 4.60 	-0.36, 0.53, -6.39 	0.00, 10.00 	11,29,24,637		2.68,2.33	1000,1 	0
1393    	-1.87, -8.26, 4.60 	-0.32, 0.54, -6.39 	0.00, 10.00 	11,29,24,647		1.68,4.89	1000,1 	0
1402    	-1.86, -8.26, 4.61 	-0.27, 0.55, -6.42 	0.00, 10.00 	11,29,24,657		1.24,4.99	1000,1 	0
1411    	-1.86, -8.27, 4.61 	-0.23, 0.59, -6.44 	0.00, 10.00 	11,29,24,666		1.17,5.92	1000,1 	0
1420    	-1.86, -8.26, 4.61 	-0.22, 0.65, -6.45 	0.00, 10.00 	11,29,24,676		1.17,7.34	1000,1 	0
1429    	-1.86, -8.25, 4.61 	-0.36, 0.67, -6.37 	0.00, 10.00 	11,29,24,685		1.17,15.21	1000,1 	0
1438    	-1.85, -8.26, 4.61 	-0.61, 0.74, -6.25 	0.00, 10.00 	11,29,24,695		1.73,29.23	1000,1 	0
1447    	-1.86, -8.25, 4.60 	-0.72, 0.94, -6.27 	0.00, 10.00 	11,29,24,705		1.73,25.61	1000,1 	0
1456    	-1.86, -8.24, 4.60 	-0.73, 1.16, -6.38 	0.00, 10.00 	11,29,24,715		1.17,24.55	1000,1 	0
1465    	-1.89, -8.24, 4.59 	-0.68, 1.45, -6.53 	0.00, 10.00 	11,29,24,724		3.73,32.68	1000,1 	0
1474    	-1.89, -8.22, 4.59 	-0.49, 1.93, -6.76 	0.00, 10.00 	11,29,24,734		2.62,56.71	1000,1 	0
1483    	-1.86, -8.23, 4.60 	0.03, 2.89, -7.19 	0.00, 10.00 	11,29,24,744		2.78,121.66	1000,1 	0
1492    	-1.86, -8.25, 4.61 	0.45, 3.40, -7.37 	0.00, 10.00 	11,29,24,753		2.34,73.94	1000,1 	0
1501    	-1.86, -8.26, 4.61 	0.69, 3.79, -7.41 	0.00, 10.00 	11,29,24,763		1.17,50.02	1000,1 	0
1510    	-1.88, -8.28, 4.61 	0.82, 4.15, -7.41 	0.00, 10.00 	11,29,24,773		3.37,42.62	1000,1 	0
1519    	-1.82, -8.28, 4.61 	0.67, 4.51, -7.40 	0.00, 10.00 	11,29,24,782		6.22,43.79	1000,1 	0
1528    	-1.84, -8.28, 4.61 	0.47, 4.83, -7.37 	0.00, 10.00 	11,29,24,792		2.49,41.61	1000,1 	0
1537    	-1.85, -8.26, 4.60 	0.33, 5.17, -7.36 	0.00, 10.00 	11,29,24,802		2.34,41.54	1000,1 	0
1546    	-1.87, -8.26, 4.60 	0.31, 5.58, -7.39 	0.00, 10.00 	11,29,24,811		2.49,45.62	1000,1 	0
1555    	-1.87, -8.24, 4.60 	0.42, 5.98, -7.44 	0.00, 10.00 	11,29,24,821		2.34,45.92	1000,1 	0
1564    	-1.86, -8.24, 4.60 	0.51, 6.34, -7.40 	0.00, 10.00 	11,29,24,831		1.24,41.18	1000,1 	0
1573    	-1.85, -8.25, 4.61 	0.59, 6.65, -7.30 	0.00, 10.00 	11,29,24,840		1.73,34.92	1000,1 	0
1582    	-1.85, -8.26, 4.61 	0.61, 6.93, -7.18 	0.00, 10.00 	11,29,24,850		1.17,31.90	1000,1 	0
1591    	-1.83, -8.27, 4.61 	0.64, 7.27, -7.07 	0.00, 10.00 	11,29,24,860		1.73,38.04	1000,1 	0
1600    	-1.85, -8.27, 4.61 	0.79, 7.68, -7.00 	0.00, 10.00 	11,29,24,869		1.24,47.81	1000,1 	0
1609    	-1.85, -8.27, 4.61 	0.94, 8.03, -6.94 	0.00, 10.00 	11,29,24,879		0.00,42.72	1000,1 	0
1618    	-1.83, -8.31, 4.59 	0.90, 8.30, -6.90 	0.00, 10.00 	11,29,24,889		4.87,30.35	1000,1 	0
1627    	-1.82, -8.27, 4.60 	0.72, 8.52, -6.86 	0.00, 10.00 	11,29,24,898		4.81,31.34	1000,1 	0
1636    	-1.86, -8.26, 4.60 	0.55, 8.69, -6.79 	0.00, 10.00 	11,29,24,908		3.94,26.78	1000,1 	0
1645    	-1.86, -8.25, 4.60 	0.41, 8.83, -6.70 	0.00, 10.00 	11,29,24,918		1.17,22.44	1000,1 	0
1654    	-1.86, -8.26, 4.61 	0.28, 8.97, -6.64 	0.00, 10.00 	11,29,24,928		1.17,20.74	1000,1 	0
1663    	-1.86, -8.28, 4.59 	0.19, 9.13, -6.64 	0.00, 10.00 	11,29,24,937		2.34,20.29	1000,1 	0
1672    	-1.82, -8.28, 4.61 	0.23, 9.27, -6.66 	0.00, 10.00 	11,29,24,947		3.73,16.17	1000,1 	0
1681    	-1.83, -8.28, 4.60 	0.26, 9.44, -6.69 	0.00, 10.00 	11,29,24,957		1.24,19.46	1000,1 	0
1690    	-1.83, -8.30, 4.60 	0.21, 9.59, -6.71 	0.00, 10.00 	11,29,24,966		2.34,18.01	1000,1 	0
1699    	-1.81, -8.30, 4.60 	0.15, 9.66, -6.71 	0.00, 10.00 	11,29,24,976		2.49,9.66	1000,1 	0
1708    	-1.85, -8.30, 4.61 	0.09, 9.67, -6.68 	0.00, 10.00 	11,29,24,986		4.97,7.47	1000,1 	0
1717    	-1.86, -8.30, 4.61 	-0.02, 9.68, -6.65 	0.00, 10.00 	11,29,24,995		1.24,11.33	1000,1 	0
1726    	-1.86, -8.30, 4.61 	-0.11, 9.67, -6.64 	0.00, 10.00 	11,29,25,5		0.00,11.01	1000,1 	0
1735    	-1.86, -8.30, 4.61 	-0.26, 9.69, -6.66 	0.00, 10.00 	11,29,25,15		0.00,16.73	1000,1 	0
1744    	-1.86, -8.30, 4.61 	-0.32, 9.74, -6.69 	0.00, 10.00 	11,29,25,24		0.00,8.60	1000,1 	0
1753    	-1.86, -8.30, 4.61 	-0.24, 9.77, -6.72 	0.00, 10.00 	11,29,25,34		0.00,9.99	1000,1 	0
1762    	-1.86, -8.30, 4.61 	-0.15, 9.80, -6.75 	0.00, 10.00 	11,29,25,44		0.00,9.99	1000,1 	0
1771    	-1.84, -8.29, 4.60 	-0.07, 9.83, -6.75 	0.00, 10.00 	11,29,25,53		2.72,9.99	1000,1 	0
1780    	-1.83, -8.28, 4.60 	-0.02, 9.81, -6.70 	0.00, 10.00 	11,29,25,63		1.68,5.49	1000,1 	0
1789    	-1.84, -8.30, 4.58 	0.03, 9.76, -6.65 	0.00, 10.00 	11,29,25,73		2.62,7.74	1000,1 	0
1798    	-1.82, -8.31, 4.58 	0.06, 9.75, -6.62 	0.00, 10.00 	11,29,25,82		2.78,4.42	1000,1 	0
1807    	-1.82, -8.30, 4.61 	0.08, 9.79, -6.60 	0.00, 10.00 	11,29,25,92		1.17,5.20	1000,1 	0
1816    	-1.83, -8.30, 4.61 	-0.01, 9.80, -6.58 	0.00, 10.00 	11,29,25,102		1.24,10.14	1000,1 	0
1825    	-1.82, -8.30, 4.61 	-0.05, 9.78, -6.58 	0.00, 10.00 	11,29,25,111		1.24,5.35	1000,1 	0
1834    	-1.82, -8.30, 4.61 	-0.11, 9.76, -6.58 	0.00, 10.00 	11,29,25,121		0.00,6.19	1000,1 	0
1843    	-1.84, -8.28, 4.61 	-0.12, 9.76, -6.59 	0.00, 10.00 	11,29,25,131		3.46,1.22	1000,1 	0
1852    	-1.87, -8.28, 4.62 	-0.11, 9.77, -6.60 	0.00, 10.00 	11,29,25,140		2.49,1.66	1000,1 	0
1861    	-1.82, -8.27, 4.61 	-0.06, 9.78, -6.61 	0.00, 10.00 	11,29,25,150		5.08,4.89	1000,1 	0
1870    	-1.82, -8.27, 4.61 	-0.01, 9.79, -6.62 	0.00, 10.00 	11,29,25,160		0.00,6.19	1000,1 	0
1879    	-1.83, -8.29, 4.61 	0.02, 9.82, -6.63 	0.00, 10.00 	11,29,25,170		2.62,4.28	1000,1 	0
1888    	-1.83, -8.28, 4.61 	0.09, 9.81, -6.63 	0.00, 10.00 	11,29,25,179		1.17,7.47	1000,1 	0
1897    	-1.83, -8.28, 4.61 	0.13, 9.83, -6.62 	0.00, 10.00 	11,29,25,189		0.00,4.99	1000,1 	0
1906    	-1.81, -8.28, 4.61 	0.12, 9.85, -6.62 	0.00, 10.00 	11,29,25,199		2.49,2.67	1000,1 	0
1915    	-1.84, -8.29, 4.61 	0.12, 9.84, -6.60 	0.00, 10.00 	11,29,25,208		3.88,1.17	1000,1 	0
1924    	-1.85, -8.27, 4.61 	0.07, 9.84, -6.59 	0.00, 10.00 	11,29,25,218		2.34,5.07	1000,1 	0
1933    	-1.88, -8.25, 4.61 	0.03, 9.83, -6.59 	0.00, 10.00 	11,29,25,228		4.46,4.99	1000,1 	0
1942    	-1.85, -8.26, 4.61 	0.01, 9.82, -6.60 	0.00, 10.00 	11,29,25,237		3.94,2.68	1000,1 	0
1951    	-1.85, -8.27, 4.61 	-0.01, 9.81, -6.60 	0.00, 10.00 	11,29,25,247		1.17,2.45	1000,1 	0
1960    	-1.85, -8.27, 4.61 	0.01, 9.81, -6.60 	0.00, 10.00 	11,29,25,257		0.00,2.75	1000,1 	0
1969    	-1.85, -8.27, 4.61 	0.03, 9.83, -6.60 	0.00, 10.00 	11,29,25,266		0.00,3.32	1000,1 	0
1978    	-1.85, -8.27, 4.61 	0.04, 9.83, -6.60 	0.00, 10.00 	11,29,25,276		0.00,1.22	1000,1 	0
1987    	-1.83, -8.27, 4.60 	0.06, 9.84, -6.60 	0.00, 10.00 	11,29,25,286		1.24,2.68	1000,1 	0
1996    	-1.83, -8.28, 4.60 	0.07, 9.83, -6.60 	0.00, 10.00 	11,29,25,295		1.17,1.72	1000,1 	0
2005    	-1.84, -8.26, 4.60 	0.06, 9.83, -6.59 	0.00, 10.00 	11,29,25,305		2.34,1.22	1000,1 	0
2014    	-1.84, -8.26, 4.60 	0.06, 9.83, -6.59 	0.00, 10.00 	11,29,25,315		0.00,0.00	1000,1 	0
2023    	-1.84, -8.26, 4.60 	0.04, 9.81, -6.58 	0.00, 10.00 	11,29,25,324		0.00,3.32	1000,1 	0
2032    	-1.86, -8.24, 4.60 	0.07, 9.81, -6.58 	0.00, 10.00 	11,29,25,334		3.46,2.45	1000,1 	0
2041    	-1.85, -8.24, 4.61 	0.03, 9.80, -6.58 	0.00, 10.00 	11,29,25,344		1.24,3.81	1000,1 	0
2050    	-1.85, -8.24, 4.61 	0.03, 9.81, -6.59 	0.00, 10.00 	11,29,25,353		0.00,1.17	1000,1 	0
2059    	-1.87, -8.24, 4.61 	0.02, 9.81, -6.59 	0.00, 10.00 	11,29,25,363		2.49,1.22	1000,1 	0
2068    	-1.87, -8.26, 4.61 	0.05, 9.82, -6.60 	0.00, 10.00 	11,29,25,373		2.34,3.81	1000,1 	0
2077    	-1.86, -8.28, 4.61 	0.05, 9.84, -6.60 	0.00, 10.00 	11,29,25,383		2.68,2.33	1000,1 	0
2086    	-1.86, -8.27, 4.61 	0.05, 9.83, -6.60 	0.00, 10.00 	11,29,25,392		1.17,1.17	1000,1 	0
2095    	-1.86, -8.27, 4.61 	0.07, 9.83, -6.59 	0.00, 10.00 	11,29,25,402		0.00,2.45	1000,1 	0
2104    	-1.86, -8.28, 4.60 	0.04, 9.81, -6.58 	0.00, 10.00 	11,29,25,412		1.17,4.28	1000,1 	0
2113    	-1.86, -8.26, 4.60 	0.02, 9.81, -6.58 	0.00, 10.00 	11,29,25,421		2.34,2.45	1000,1 	0
2122    	-1.86, -8.23, 4.59 	-0.01, 9.80, -6.57 	0.00, 10.00 	11,29,25,431		3.51,3.67	1000,1 	0
2131    	-1.88, -8.24, 4.60 	-0.03, 9.79, -6.57 	0.00, 10.00 	11,29,25,441		2.72,2.68	1000,1 	0
2140    	-1.87, -8.25, 4.60 	-0.04, 9.79, -6.57 	0.00, 10.00 	11,29,25,450		1.73,1.22	1000,1 	0
2149    	-1.91, -8.24, 4.60 	-0.03, 9.79, -6.58 	0.00, 10.00 	11,29,25,460		3.94,1.22	1000,1 	0
2158    	-1.87, -8.25, 4.60 	-0.02, 9.80, -6.59 	0.00, 10.00 	11,29,25,470		3.94,1.66	1000,1 	0
2167    	-1.87, -8.25, 4.60 	0.00, 9.79, -6.58 	0.00, 10.00 	11,29,25,479		0.00,2.75	1000,1 	0
2176    	-1.85, -8.27, 4.60 	0.04, 9.81, -6.59 	0.00, 10.00 	11,29,25,489		3.46,4.99	1000,1 	0
2185    	-1.85, -8.26, 4.60 	0.08, 9.83, -6.59 	0.00, -0.00 	11,29,25,508		1.17,5.35	1000,1 	0
2194    	-1.85, -8.25, 4.60 	0.05, 9.82, -6.57 	0.00, -0.00 	11,29,25,518		1.05,3.43	1000,1 	0
2203    	-1.85, -8.25, 4.59 	0.02, 9.82, -6.57 	0.00, -0.00 	11,29,25,528		0.00,3.30	1000,1 	0
2212    	-1.88, -8.25, 4.59 	-0.01, 9.81, -6.57 	0.00, -0.00 	11,29,25,537		3.36,3.30	1000,1 	0
2221    	-1.87, -8.25, 4.59 	-0.05, 9.82, -6.58 	0.00, -0.00 	11,29,25,547		1.12,3.50	1000,1 	0
2230    	-1.89, -8.25, 4.60 	-0.06, 9.83, -6.59 	0.00, -0.00 	11,29,25,557		2.24,1.55	1000,1 	0
2239    	-1.89, -8.25, 4.60 	-0.02, 9.84, -6.59 	0.00, -0.00 	11,29,25,566		0.00,4.49	1000,1 	0
2248    	-1.86, -8.27, 4.60 	0.03, 9.85, -6.60 	0.00, -0.00 	11,29,25,576		4.01,4.41	1000,1 	0
2257    	-1.85, -8.26, 4.61 	0.06, 9.86, -6.60 	0.00, -0.00 	11,29,25,586		1.52,3.43	1000,1 	0
2266    	-1.85, -8.26, 4.61 	0.10, 9.87, -6.60 	0.00, -0.00 	11,29,25,595		0.00,4.41	1000,1 	0
2275    	-1.85, -8.26, 4.61 	0.08, 9.87, -6.60 	0.00, -0.00 	11,29,25,605		0.00,2.20	1000,1 	0
2284    	-1.87, -8.26, 4.60 	0.09, 9.87, -6.59 	0.00, -0.00 	11,29,25,615		2.24,1.10	1000,1 	0
2293    	-1.87, -8.26, 4.61 	0.05, 9.85, -6.57 	0.00, -0.00 	11,29,25,625		0.00,4.49	1000,1 	0
2302    	-1.86, -8.27, 4.61 	0.04, 9.85, -6.57 	0.00, -0.00 	11,29,25,634		1.56,1.10	1000,1 	0
2311    	-1.86, -8.27, 4.61 	0.04, 9.84, -6.57 	0.00, -0.00 	11,29,25,644		0.00,1.05	1000,1 	0
2320    	-1.86, -8.27, 4.61 	0.03, 9.84, -6.57 	0.00, -0.00 	11,29,25,654		0.00,1.10	1000,1 	0
2329    	-1.89, -8.27, 4.61 	0.02, 9.84, -6.57 	0.00, -0.00 	11,29,25,663		3.36,1.10	1000,1 	0
2338    	-1.89, -8.28, 4.61 	0.03, 9.84, -6.57 	0.00, -0.00 	11,29,25,673		1.05,1.10	1000,1 	0
2347    	-1.90, -8.28, 4.61 	0.02, 9.85, -6.57 	0.00, -0.00 	11,29,25,683		1.56,1.55	1000,1 	0
2356    	-1.87, -8.27, 4.60 	0.04, 9.86, -6.57 	0.00, -0.00 	11,29,25,692		3.36,2.41	0,0 	0
2365    	-1.88, -8.27, 4.60 	0.06, 9.86, -6.57 	0.00, -0.00 	11,29,25,702		1.12,2.20	0,0 	0
2374    	-1.85, -8.27, 4.60 	0.08, 9.89, -6.57 	0.00, -0.00 	11,29,25,712		3.36,2.99	0,0 	0
2383    	-1.86, -8.26, 4.60 	0.04, 9.91, -6.56 	0.00, -0.00 	11,29,25,721		1.56,4.64	0,0 	0
2392    	-1.86, -8.26, 4.60 	-0.03, 9.92, -6.55 	0.00, -0.00 	11,29,25,731		0.00,6.73	0,0 	0
2401    	-1.86, -8.26, 4.60 	-0.03, 9.96, -6.54 	0.00, -0.00 	11,29,25,741		0.00,4.20	0,0 	0
2410    	-1.86, -8.26, 4.60 	0.06, 10.00, -6.55 	0.00, -0.00 	11,29,25,750		0.00,10.30	0,0 	0
2419    	-1.85, -8.27, 4.60 	0.15, 10.06, -6.59 	0.00, -0.00 	11,29,25,760		1.56,11.06	0,0 	0
2428    	-1.82, -8.28, 4.60 	0.21, 10.09, -6.61 	0.00, -0.00 	11,29,25,770		2.50,5.83	0,0 	0
2437    	-1.82, -8.28, 4.60 	0.30, 10.10, -6.62 	0.00, -0.00 	11,29,25,779		0.00,9.91	0,0 	0
2446    	-1.84, -8.29, 4.59 	0.36, 10.10, -6.63 	0.00, -0.00 	11,29,25,789		2.45,5.51	0,0 	0
2455    	-1.85, -8.29, 4.59 	0.27, 10.05, -6.60 	0.00, -0.00 	11,29,25,799		1.12,10.64	0,0 	0
2464    	-1.83, -8.31, 4.60 	0.14, 9.98, -6.56 	0.00, -0.00 	11,29,25,808		3.11,14.45	0,0 	0
2473    	-1.83, -8.31, 4.60 	-0.01, 9.87, -6.51 	0.00, -0.00 	11,29,25,818		0.00,18.76	0,0 	0
2482    	-1.86, -8.29, 4.59 	-0.10, 9.74, -6.50 	0.00, -0.00 	11,29,25,828		4.01,15.69	0,0 	0
2491    	-1.87, -8.28, 4.59 	-0.17, 9.68, -6.50 	0.00, -0.00 	11,29,25,838		1.05,9.18	0,0 	0
2500    	-1.87, -8.27, 4.59 	-0.23, 9.59, -6.50 	0.00, -0.00 	11,29,25,847		1.05,10.51	0,0 	0
2509    	-1.86, -8.28, 4.59 	-0.28, 9.46, -6.50 	0.00, -0.00 	11,29,25,857		1.56,14.03	0,0 	0
2518    	-1.87, -8.27, 4.59 	-0.28, 9.22, -6.52 	0.00, -0.00 	11,29,25,867		1.56,24.28	0,0 	0
2527    	-1.86, -8.28, 4.59 	-0.27, 9.04, -6.61 	0.00, -0.00 	11,29,25,876		1.56,17.92	0,0 	0
2536    	-1.87, -8.27, 4.59 	-0.21, 8.91, -6.70 	0.00, -0.00 	11,29,25,886		1.56,14.49	0,0 	0
2545    	-1.86, -8.28, 4.59 	-0.20, 8.74, -6.79 	0.00, -0.00 	11,29,25,896		1.56,16.81	0,0 	0
2554    	-1.86, -8.30, 4.59 	-0.17, 8.56, -6.89 	0.00, -0.00 	11,29,25,905		2.36,17.93	0,0 	0
2563    	-1.90, -8.30, 4.61 	-0.15, 8.43, -7.01 	0.00, -0.00 	11,29,25,915		3.55,13.66	0,0 	0
2572    	-1.88, -8.29, 4.60 	-0.08, 8.23, -7.05 	0.00, -0.00 	11,29,25,925		2.24,20.58	0,0 	0
2581    	-1.88, -8.29, 4.60 	-0.10, 7.97, -7.05 	0.00, -0.00 	11,29,25,934		0.00,26.65	0,0 	0
2590    	-1.88, -8.28, 4.60 	-0.12, 7.74, -7.07 	0.00, -0.00 	11,29,25,944		1.05,22.56	0,0 	0
2599    	-1.85, -8.29, 4.60 	-0.12, 7.54, -7.09 	0.00, -0.00 	11,29,25,954		2.50,20.01	0,0 	0
2608    	-1.86, -8.28, 4.60 	-0.01, 7.31, -7.08 	0.00, -0.00 	11,29,25,963		1.05,25.61	0,0 	0
2617    	-1.86, -8.28, 4.61 	0.15, 7.07, -7.04 	0.00, -0.00 	11,29,25,973		0.00,29.29	0,0 	0
2626    	-1.87, -8.28, 4.62 	0.21, 6.83, -7.04 	0.00, -0.00 	11,29,25,983		1.12,24.50	0,0 	0
2635    	-1.85, -8.30, 4.61 	0.18, 6.59, -7.05 	0.00, -0.00 	11,29,25,992		2.41,23.82	0,0 	0
2644    	-1.82, -8.30, 4.61 	0.18, 6.40, -7.08 	0.00, -0.00 	11,29,26,2		3.36,18.96	0,0 	0
2653    	-1.83, -8.30, 4.61 	0.15, 6.16, -7.14 	0.00, -0.00 	11,29,26,12		1.12,24.83	0,0 	0
2662    	-1.81, -8.31, 4.60 	0.08, 5.95, -7.22 	0.00, -0.00 	11,29,26,21		2.50,21.98	0,0 	0
2671    	-1.81, -8.28, 4.61 	-0.07, 5.70, -7.29 	0.00, -0.00 	11,29,26,31		3.16,28.59	0,0 	0
2680    	-1.82, -8.27, 4.62 	-0.21, 5.38, -7.31 	0.00, -0.00 	11,29,26,41		1.56,35.22	0,0 	0
2689    	-1.86, -8.28, 4.61 	-0.34, 5.00, -7.30 	0.00, -0.00 	11,29,26,51		3.49,40.23	0,0 	0
2698    	-1.86, -8.26, 4.61 	-0.36, 4.70, -7.32 	0.00, -0.00 	11,29,26,60		2.10,29.74	0,0 	0
2707    	-1.85, -8.26, 4.61 	-0.23, 4.45, -7.31 	0.00, -0.00 	11,29,26,70		1.12,27.98	0,0 	0
2716    	-1.88, -8.26, 4.63 	-0.02, 4.22, -7.29 	0.00, -0.00 	11,29,26,80		3.36,31.24	0,0 	0
2725    	-1.87, -8.26, 4.63 	0.13, 4.04, -7.26 	0.00, -0.00 	11,29,26,89		1.12,24.31	0,0 	0
2734    	-1.87, -8.26, 4.61 	0.25, 3.87, -7.22 	0.00, -0.00 	11,29,26,99		0.00,20.18	0,0 	0
2743    	-1.87, -8.25, 4.61 	0.24, 3.61, -7.13 	0.00, -0.00 	11,29,26,109		1.05,25.45	0,0 	0
2752    	-1.87, -8.25, 4.61 	0.11, 3.33, -7.01 	0.00, -0.00 	11,29,26,118		0.00,31.44	0,0 	0
2761    	-1.87, -8.25, 4.61 	-0.10, 3.09, -6.94 	0.00, -0.00 	11,29,26,128		0.00,31.53	0,0 	0
2770    	-1.87, -8.24, 4.61 	-0.30, 2.87, -6.93 	0.00, -0.00 	11,29,26,138		1.05,29.22	0,0 	0
2779    	-1.87, -8.23, 4.61 	-0.46, 2.63, -6.91 	0.00, -0.00 	11,29,26,147		1.05,29.16	0,0 	0
2788    	-1.87, -8.23, 4.61 	-0.47, 2.37, -6.86 	0.00, -0.00 	11,29,26,157		0.00,26.48	0,0 	0
2797    	-1.87, -8.23, 4.61 	-0.40, 2.17, -6.82 	0.00, -0.00 	11,29,26,167		0.00,21.61	0,0 	0
2806    	-1.88, -8.23, 4.61 	-0.27, 2.07, -6.80 	0.00, -0.00 	11,29,26,176		1.12,16.30	0,0 	0
2815    	-1.87, -8.23, 4.61 	-0.07, 1.99, -6.79 	0.00, -0.00 	11,29,26,186		1.12,21.77	0,0 	0
2824    	-1.87, -8.24, 4.61 	0.04, 1.87, -6.79 	0.00, -0.00 	11,29,26,196		1.05,15.62	0,0 	0
2833    	-1.88, -8.26, 4.61 	0.15, 1.72, -6.76 	0.00, -0.00 	11,29,26,205		2.36,19.24	0,0 	0
2842    	-1.86, -8.27, 4.62 	0.18, 1.56, -6.73 	0.00, -0.00 	11,29,26,215		2.50,15.83	0,0 	0
2851    	-1.83, -8.27, 4.61 	0.14, 1.42, -6.69 	0.00, -0.00 	11,29,26,225		2.24,14.55	0,0 	0
2860    	-1.87, -8.26, 4.61 	-0.05, 1.26, -6.60 	0.00, -0.00 	11,29,26,234		3.55,24.60	0,0 	0
2869    	-1.87, -8.25, 4.61 	-0.14, 1.17, -6.55 	0.00, -0.00 	11,29,26,244		1.05,13.63	0,0 	0
2878    	-1.91, -8.24, 4.61 	-0.22, 1.12, -6.53 	0.00, -0.00 	11,29,26,254		3.55,8.66	0,0 	0
2887    	-1.91, -8.24, 4.61 	-0.19, 1.06, -6.51 	0.00, -0.00 	11,29,26,263		0.00,6.75	0,0 	0
2896    	-1.93, -8.25, 4.62 	-0.09, 0.95, -6.47 	0.00, -0.00 	11,29,26,273		5.60,35.26	0,0 	0
2905    	-1.90, -8.25, 4.62 	0.07, 0.91, -6.46 	0.00, -0.00 	11,29,26,283		6.25,42.13	0,0 	0
2914    	-1.87, -8.25, 4.61 	0.17, 0.84, -6.44 	0.00, -0.00 	11,29,26,293		8.40,29.16	0,0 	0
2923    	-1.89, -8.27, 4.63 	0.27, 0.83, -6.42 	0.00, -0.00 	11,29,26,302		7.58,25.50	0,0 	0
2932    	-1.90, -8.27, 4.62 	0.25, 0.80, -6.39 	0.00, -0.00 	11,29,26,312		3.89,9.46	0,0 	0
2941    	-1.87, -8.27, 4.61 	0.22, 0.74, -6.35 	0.00, -0.00 	11,29,26,322		8.87,15.28	0,0 	0
2950    	-1.85, -8.26, 4.61 	0.14, 0.72, -6.31 	0.00, -0.00 	11,29,26,331		0.00,0.00	0,0 	0
2959    	-1.86, -8.26, 4.61 	-0.00, 0.69, -6.27 	0.00, -0.00 	11,29,26,341		0.00,0.00	0,0 	0
2968    	-1.85, -8.26, 4.61 	-0.21, 0.67, -6.25 	0.00, -0.00 	11,29,26,351		0.00,0.00	0,0 	0
2977    	-1.86, -8.24, 4.61 	-0.38, 0.64, -6.23 	0.00, -0.00 	11,29,26,360		0.00,0.00	0,0 	0
2986    	-1.86, -8.26, 4.61 	-0.52, 0.60, -6.24 	0.00, -0.00 	11,29,26,370		0.00,0.00	0,0 	0
2995    	-1.85, -8.26, 4.61 	-0.45, 0.58, -6.25 	0.00, -0.00 	11,29,26,380		0.00,0.00	0,0 	0
3004    	-1.85, -8.27, 4.61 	-0.18, 0.55, -6.27 	0.00, -0.00 	11,29,26,389		0.00,0.00	0,0 	0
