#Time 	Sensor1         Sensor2         Target          Time            Vel             
#================================================================

18      	-1.78, -7.14, 4.93 	-0.14, 0.28, -6.43 	0.00, 10.00 	11,30,26,632		0.00,0.00	0,0 	0
27      	-1.78, -7.14, 4.93 	-0.09, 0.28, -6.42 	0.00, 10.00 	11,30,26,642		0.00,5.07	0,0 	0
36      	-1.78, -7.13, 4.92 	-0.10, 0.24, -6.41 	0.00, 10.00 	11,30,26,651		1.17,3.67	0,0 	0
45      	-1.78, -7.13, 4.93 	-0.11, 0.24, -6.42 	0.00, 10.00 	11,30,26,661		0.00,1.22	0,0 	0
54      	-1.82, -7.13, 4.93 	-0.11, 0.23, -6.41 	0.00, 10.00 	11,30,26,671		3.73,1.17	0,0 	0
63      	-1.83, -7.14, 4.93 	-0.12, 0.22, -6.42 	0.00, 10.00 	11,30,26,681		1.24,1.66	0,0 	0
72      	-1.83, -7.14, 4.93 	-0.13, 0.23, -6.42 	0.00, 10.00 	11,30,26,690		0.00,1.72	0,0 	0
81      	-1.82, -7.13, 4.93 	-0.04, 0.23, -6.42 	0.00, 10.00 	11,30,26,700		1.24,9.90	0,0 	0
90      	-1.82, -7.13, 4.93 	-0.06, 0.24, -6.42 	0.00, 10.00 	11,30,26,710		0.00,2.75	0,0 	0
99      	-1.82, -7.14, 4.93 	-0.07, 0.24, -6.43 	0.00, 10.00 	11,30,26,719		1.17,1.22	0,0 	0
108     	-1.79, -7.14, 4.93 	-0.06, 0.23, -6.43 	0.00, 10.00 	11,30,26,729		2.49,1.72	0,0 	0
117     	-1.81, -7.14, 4.93 	-0.06, 0.24, -6.41 	0.00, 10.00 	11,30,26,738		1.24,1.17	0,0 	0
126     	-1.81, -7.13, 4.93 	-0.10, 0.21, -6.41 	0.00, 10.00 	11,30,26,748		1.17,5.35	0,0 	0
135     	-1.83, -7.14, 4.93 	-0.11, 0.20, -6.37 	0.00, 10.00 	11,30,26,758		2.49,1.66	0,0 	0
144     	-1.83, -7.13, 4.92 	-0.15, 0.19, -6.38 	0.00, 10.00 	11,30,26,768		1.17,3.81	0,0 	0
153     	-1.83, -7.13, 4.92 	-0.11, 0.18, -6.39 	0.00, 10.00 	11,30,26,777		0.00,3.89	0,0 	0
162     	-1.83, -7.13, 4.92 	-0.13, 0.18, -6.38 	0.00, 10.00 	11,30,26,787		0.00,2.45	0,0 	0
171     	-1.82, -7.12, 4.92 	-0.16, 0.19, -6.38 	0.00, 10.00 	11,30,26,797		1.24,2.75	0,0 	0
180     	-1.82, -7.12, 4.92 	-0.15, 0.20, -6.40 	0.00, 10.00 	11,30,26,806		0.00,1.66	0,0 	0
189     	-1.83, -7.15, 4.93 	-0.10, 0.23, -6.40 	0.00, 10.00 	11,30,26,816		2.62,6.95	0,0 	0
198     	-1.83, -7.15, 4.94 	-0.08, 0.21, -6.40 	0.00, 10.00 	11,30,26,826		0.00,2.67	0,0 	0
207     	-1.83, -7.16, 4.94 	-0.12, 0.21, -6.39 	0.00, 10.00 	11,30,26,835		1.17,3.67	0,0 	0
216     	-1.83, -7.16, 4.94 	-0.12, 0.24, -6.39 	0.00, 10.00 	11,30,26,845		0.00,3.50	0,0 	0
225     	-1.82, -7.14, 4.93 	-0.15, 0.21, -6.38 	0.00, 10.00 	11,30,26,855		1.68,4.99	0,0 	0
234     	-1.83, -7.15, 4.94 	-0.17, 0.17, -6.38 	0.00, 10.00 	11,30,26,864		1.24,4.20	0,0 	0
243     	-1.83, -7.14, 4.93 	-0.25, 0.20, -6.38 	0.00, 10.00 	11,30,26,874		1.17,9.36	0,0 	0
252     	-1.79, -7.15, 4.93 	-0.23, 0.21, -6.38 	0.00, 10.00 	11,30,26,884		4.46,2.68	0,0 	0
261     	-1.79, -7.15, 4.93 	-0.22, 0.22, -6.40 	0.00, 10.00 	11,30,26,893		0.00,1.66	0,0 	0
270     	-1.82, -7.14, 4.93 	-0.18, 0.20, -6.41 	0.00, 10.00 	11,30,26,903		2.78,4.42	0,0 	0
279     	-1.83, -7.16, 4.94 	-0.20, 0.23, -6.42 	0.00, 10.00 	11,30,26,913		1.68,3.75	0,0 	0
288     	-1.80, -7.15, 4.94 	-0.14, 0.23, -6.40 	0.00, 10.00 	11,30,26,923		2.49,6.27	0,0 	0
297     	-1.80, -7.15, 4.94 	-0.13, 0.23, -6.40 	0.00, 10.00 	11,30,26,932		0.00,1.22	0,0 	0
306     	-1.81, -7.14, 4.94 	-0.12, 0.24, -6.40 	0.00, 10.00 	11,30,26,942		1.17,1.66	0,0 	0
315     	-1.81, -7.14, 4.93 	-0.16, 0.25, -6.42 	0.00, 10.00 	11,30,26,951		0.00,5.07	0,0 	0
324     	-1.83, -7.14, 4.94 	-0.15, 0.24, -6.40 	0.00, 10.00 	11,30,26,961		2.78,1.72	0,0 	0
333     	-1.84, -7.15, 4.93 	-0.17, 0.24, -6.40 	0.00, 10.00 	11,30,26,971		1.68,2.45	0,0 	0
342     	-1.85, -7.15, 4.93 	-0.17, 0.24, -6.40 	0.00, 10.00 	11,30,26,981		1.24,0.00	0,0 	0
351     	-1.85, -7.15, 4.93 	-0.17, 0.24, -6.40 	0.00, 10.00 	11,30,26,990		0.00,0.00	0,0 	0
360     	-1.85, -7.15, 4.93 	-0.17, 0.24, -6.40 	0.00, 10.00 	11,30,26,0		0.00,0.00	0,0 	0
369     	-1.84, -7.15, 4.93 	-0.16, 0.24, -6.41 	0.00, 10.00 	11,30,27,10		1.24,1.22	0,0 	0
378     	-1.84, -7.15, 4.93 	-0.15, 0.24, -6.41 	0.00, 10.00 	11,30,27,19		0.00,1.22	0,0 	0
387     	-1.83, -7.16, 4.94 	-0.15, 0.24, -6.41 	0.00, 10.00 	11,30,27,29		1.73,0.00	0,0 	0
396     	-1.83, -7.15, 4.94 	-0.14, 0.22, -6.39 	0.00, 10.00 	11,30,27,39		1.17,2.67	0,0 	0
405     	-1.83, -7.14, 4.94 	-0.12, 0.22, -6.39 	0.00, 10.00 	11,30,27,48		1.17,2.45	0,0 	0
414     	-1.83, -7.14, 4.94 	-0.13, 0.21, -6.39 	0.00, 10.00 	11,30,27,58		0.00,1.66	0,0 	0
423     	-1.83, -7.15, 4.93 	-0.17, 0.21, -6.39 	0.00, 10.00 	11,30,27,68		1.17,4.89	0,0 	0
432     	-1.83, -7.15, 4.93 	-0.17, 0.21, -6.39 	0.00, 10.00 	11,30,27,77		0.00,0.00	0,0 	0
441     	-1.85, -7.15, 4.93 	-0.17, 0.21, -6.39 	0.00, 10.00 	11,30,27,87		2.49,0.00	0,0 	0
450     	-1.85, -7.15, 4.92 	-0.17, 0.21, -6.39 	0.00, 10.00 	11,30,27,97		0.00,0.00	0,0 	0
459     	-1.84, -7.15, 4.93 	-0.17, 0.21, -6.39 	0.00, 10.00 	11,30,27,106		1.24,0.00	0,0 	0
468     	-1.84, -7.16, 4.94 	-0.13, 0.22, -6.39 	0.00, 10.00 	11,30,27,116		1.17,4.99	0,0 	0
477     	-1.83, -7.16, 4.94 	-0.13, 0.21, -6.39 	0.00, 10.00 	11,30,27,126		1.24,1.17	0,0 	0
486     	-1.83, -7.14, 4.95 	-0.15, 0.22, -6.39 	0.00, 10.00 	11,30,27,135		2.34,2.75	0,0 	0
495     	-1.83, -7.14, 4.95 	-0.14, 0.21, -6.37 	0.00, 10.00 	11,30,27,145		0.00,1.72	0,0 	0
504     	-1.84, -7.15, 4.93 	-0.15, 0.22, -6.37 	0.00, 10.00 	11,30,27,155		1.68,1.72	0,0 	0
513     	-1.85, -7.15, 4.93 	-0.16, 0.22, -6.39 	0.00, 10.00 	11,30,27,164		1.24,1.22	0,0 	0
522     	-1.85, -7.15, 4.93 	-0.17, 0.23, -6.39 	0.00, 10.00 	11,30,27,174		0.00,1.72	0,0 	0
531     	-1.87, -7.14, 4.93 	-0.20, 0.23, -6.40 	0.00, 10.00 	11,30,27,184		2.78,2.75	0,0 	0
540     	-1.88, -7.13, 4.93 	-0.15, 0.21, -6.39 	0.00, 10.00 	11,30,27,193		1.17,6.11	0,0 	0
549     	-1.90, -7.12, 4.95 	-0.16, 0.21, -6.39 	0.00, 10.00 	11,30,27,203		2.78,1.22	0,0 	0
558     	-1.89, -7.12, 4.95 	-0.16, 0.21, -6.40 	0.00, 10.00 	11,30,27,213		1.24,0.00	0,0 	0
567     	-1.89, -7.13, 4.96 	-0.12, 0.22, -6.41 	0.00, 10.00 	11,30,27,223		1.17,4.99	0,0 	0
576     	-1.88, -7.12, 4.95 	-0.07, 0.23, -6.42 	0.00, 10.00 	11,30,27,232		1.68,4.89	0,0 	0
585     	-1.88, -7.12, 4.95 	-0.07, 0.22, -6.41 	0.00, 10.00 	11,30,27,242		0.00,1.17	0,0 	0
594     	-1.88, -7.11, 4.94 	-0.06, 0.24, -6.40 	0.00, 10.00 	11,30,27,252		1.17,2.60	0,0 	0
603     	-1.88, -7.11, 4.94 	-0.05, 0.24, -6.40 	0.00, 10.00 	11,30,27,261		0.00,1.22	0,0 	0
612     	-1.88, -7.10, 4.94 	-0.09, 0.24, -6.40 	0.00, 10.00 	11,30,27,271		1.17,3.67	0,0 	0
621     	-1.90, -7.10, 4.94 	-0.07, 0.24, -6.40 	0.00, 10.00 	11,30,27,281		2.49,1.22	0,0 	0
630     	-1.90, -7.10, 4.94 	-0.12, 0.23, -6.41 	0.00, 10.00 	11,30,27,290		0.00,4.89	0,0 	0
639     	-1.90, -7.10, 4.94 	-0.11, 0.22, -6.42 	0.00, 10.00 	11,30,27,300		0.00,1.72	0,0 	0
648     	-1.88, -7.10, 4.94 	-0.07, 0.22, -6.42 	0.00, 10.00 	11,30,27,310		2.49,3.89	0,0 	0
657     	-1.89, -7.11, 4.94 	-0.05, 0.21, -6.42 	0.00, 10.00 	11,30,27,319		1.68,2.75	0,0 	0
666     	-1.88, -7.11, 4.94 	-0.08, 0.23, -6.42 	0.00, 10.00 	11,30,27,329		1.24,4.42	0,0 	0
675     	-1.86, -7.11, 4.94 	-0.06, 0.23, -6.42 	0.00, 10.00 	11,30,27,339		2.49,2.45	0,0 	0
684     	-1.87, -7.10, 4.94 	-0.08, 0.23, -6.41 	0.00, 10.00 	11,30,27,348		1.73,2.45	0,0 	0
693     	-1.86, -7.10, 4.94 	-0.12, 0.21, -6.40 	0.00, 10.00 	11,30,27,358		1.24,3.81	0,0 	0
702     	-1.88, -7.10, 4.94 	-0.10, 0.19, -6.39 	0.00, 10.00 	11,30,27,368		2.49,2.67	0,0 	0
711     	-1.88, -7.08, 4.94 	-0.13, 0.18, -6.38 	0.00, 10.00 	11,30,27,377		2.34,3.81	0,0 	0
720     	-1.88, -7.07, 4.94 	-0.13, 0.17, -6.39 	0.00, 10.00 	11,30,27,387		1.17,1.17	0,0 	0
729     	-1.91, -7.07, 4.94 	-0.14, 0.17, -6.40 	0.00, 10.00 	11,30,27,397		2.49,1.22	0,0 	0
738     	-1.89, -7.07, 4.94 	-0.14, 0.16, -6.40 	0.00, 10.00 	11,30,27,406		1.24,1.17	0,0 	0
747     	-1.88, -7.07, 4.94 	-0.12, 0.17, -6.40 	0.00, 10.00 	11,30,27,416		1.24,2.68	0,0 	0
756     	-1.88, -7.08, 4.94 	-0.10, 0.17, -6.40 	0.00, 10.00 	11,30,27,426		1.17,2.45	0,0 	0
765     	-1.88, -7.08, 4.94 	-0.10, 0.17, -6.40 	0.00, 10.00 	11,30,27,435		0.00,0.00	0,0 	0
774     	-1.92, -7.07, 4.94 	-0.09, 0.16, -6.39 	0.00, 10.00 	11,30,27,445		3.94,1.72	0,0 	0
783     	-1.89, -7.07, 4.94 	-0.09, 0.16, -6.39 	0.00, 10.00 	11,30,27,455		2.49,0.00	0,0 	0
792     	-1.91, -7.07, 4.94 	-0.10, 0.16, -6.39 	0.00, 10.00 	11,30,27,465		1.24,1.22	0,0 	0
801     	-1.92, -7.05, 4.94 	-0.09, 0.16, -6.39 	0.00, 10.00 	11,30,27,474		2.68,1.22	0,0 	0
810     	-1.92, -7.05, 4.94 	-0.10, 0.16, -6.39 	0.00, 10.00 	11,30,27,484		0.00,1.22	0,0 	0
819     	-1.92, -7.05, 4.94 	-0.10, 0.15, -6.39 	0.00, 10.00 	11,30,27,494		0.00,1.17	0,0 	0
828     	-1.92, -7.05, 4.94 	-0.09, 0.16, -6.39 	0.00, 10.00 	11,30,27,503		0.00,1.66	0,0 	0
837     	-1.92, -7.06, 4.94 	-0.09, 0.16, -6.40 	0.00, 10.00 	11,30,27,513		1.17,0.00	0,0 	0
846     	-1.92, -7.08, 4.95 	-0.09, 0.17, -6.40 	0.00, 10.00 	11,30,27,523		2.34,1.17	0,0 	0
855     	-1.89, -7.07, 4.95 	-0.10, 0.17, -6.39 	0.00, 10.00 	11,30,27,532		2.72,1.22	0,0 	0
864     	-1.88, -7.08, 4.95 	-0.08, 0.17, -6.40 	0.00, 10.00 	11,30,27,542		1.73,2.45	0,0 	0
873     	-1.89, -7.08, 4.94 	-0.08, 0.17, -6.39 	0.00, 10.00 	11,30,27,552		1.24,0.00	0,0 	0
882     	-1.92, -7.07, 4.94 	-0.09, 0.17, -6.39 	0.00, 10.00 	11,30,27,561		2.78,1.22	0,0 	0
891     	-1.94, -7.07, 4.95 	-0.08, 0.18, -6.39 	0.00, 10.00 	11,30,27,571		2.49,1.66	0,0 	0
900     	-1.93, -7.09, 4.94 	-0.08, 0.17, -6.39 	0.00, 10.00 	11,30,27,581		2.68,1.17	0,0 	0
909     	-1.91, -7.07, 4.95 	-0.10, 0.17, -6.39 	0.00, 10.00 	11,30,27,590		3.37,2.45	0,0 	0
918     	-1.90, -7.08, 4.95 	-0.10, 0.17, -6.39 	0.00, 10.00 	11,30,27,600		1.17,0.00	0,0 	0
927     	-1.86, -7.08, 4.94 	-0.08, 0.17, -6.40 	0.00, 10.00 	11,30,27,610		4.97,2.45	0,0 	0
936     	-1.89, -7.09, 4.94 	-0.07, 0.17, -6.40 	0.00, 10.00 	11,30,27,619		3.88,1.22	0,0 	0
945     	-1.88, -7.09, 4.94 	-0.08, 0.18, -6.40 	0.00, 10.00 	11,30,27,629		1.24,1.72	0,0 	0
954     	-1.88, -7.10, 4.94 	-0.08, 0.17, -6.39 	0.00, 10.00 	11,30,27,639		1.17,1.17	0,0 	0
963     	-1.87, -7.12, 4.95 	-0.07, 0.18, -6.39 	0.00, 10.00 	11,30,27,648		2.68,1.66	0,0 	0
972     	-1.99, -7.12, 4.96 	-0.07, 0.19, -6.39 	0.00, 10.00 	11,30,27,658		13.76,1.17	0,0 	0
981     	-2.10, -7.07, 5.04 	-0.09, 0.17, -6.38 	0.00, 10.00 	11,30,27,668		13.37,3.32	0,0 	0
990     	-1.98, -7.08, 5.01 	-0.08, 0.17, -6.38 	0.00, 10.00 	11,30,27,678		12.72,1.22	0,0 	0
999     	-1.90, -7.13, 4.95 	-0.09, 0.17, -6.38 	0.00, 10.00 	11,30,27,687		11.33,1.22	0,0 	0
1008    	-1.98, -7.23, 4.95 	-0.10, 0.16, -6.38 	0.00, 10.00 	11,30,27,697		13.47,1.66	1000,1 	0
1017    	-2.12, -7.38, 5.03 	-0.09, 0.17, -6.38 	0.00, 10.00 	11,30,27,707		23.74,1.66	1000,1 	0
1026    	-1.95, -7.55, 5.08 	-0.09, 0.18, -6.39 	0.00, 10.00 	11,30,27,716		26.89,1.17	1000,1 	0
1035    	-1.08, -7.60, 4.90 	-0.10, 0.20, -6.39 	0.00, 10.00 	11,30,27,726		97.59,2.67	1000,1 	0
1044    	-0.28, -7.50, 4.57 	-0.07, 0.21, -6.39 	0.00, 10.00 	11,30,27,736		89.52,3.67	1000,1 	0
1053    	-0.66, -7.38, 4.37 	-0.08, 0.20, -6.39 	0.00, 10.00 	11,30,27,745		43.93,1.22	1000,1 	0
1062    	-1.20, -7.29, 4.39 	-0.05, 0.22, -6.39 	0.00, 10.00 	11,30,27,755		61.13,3.81	1000,1 	0
1071    	-1.49, -7.22, 4.45 	-0.06, 0.22, -6.39 	0.00, 10.00 	11,30,27,765		33.51,1.22	1000,1 	0
1080    	-1.62, -7.16, 4.48 	-0.06, 0.22, -6.39 	0.00, 10.00 	11,30,27,774		16.13,0.00	1000,1 	0
1089    	-1.65, -7.13, 4.49 	-0.08, 0.21, -6.40 	0.00, 10.00 	11,30,27,784		4.36,2.45	1000,1 	0
1098    	-1.69, -7.13, 4.51 	-0.08, 0.20, -6.39 	0.00, 10.00 	11,30,27,794		4.97,1.17	1000,1 	0
1107    	-1.71, -7.13, 4.52 	-0.08, 0.20, -6.39 	0.00, 10.00 	11,30,27,803		1.24,0.00	1000,1 	0
1116    	-1.67, -7.13, 4.54 	-0.08, 0.20, -6.39 	0.00, 10.00 	11,30,27,813		3.73,0.00	1000,1 	0
1125    	-1.65, -7.15, 4.55 	-0.08, 0.20, -6.39 	0.00, 10.00 	11,30,27,823		3.46,0.00	1000,1 	0
1134    	-1.67, -7.15, 4.57 	-0.05, 0.23, -6.40 	0.00, 10.00 	11,30,27,832		2.49,4.28	1000,1 	0
1143    	-1.64, -7.20, 4.60 	-0.05, 0.22, -6.41 	0.00, 10.00 	11,30,27,842		6.42,1.17	1000,1 	0
1152    	-1.67, -7.18, 4.61 	-0.05, 0.22, -6.41 	0.00, 10.00 	11,30,27,852		3.46,0.00	1000,1 	0
1161    	-1.69, -7.15, 4.63 	-0.04, 0.22, -6.40 	0.00, 10.00 	11,30,27,861		4.35,1.22	1000,1 	0
1170    	-1.73, -7.11, 4.66 	-0.04, 0.22, -6.40 	0.00, 10.00 	11,30,27,871		6.06,0.00	1000,1 	0
1179    	-1.74, -7.11, 4.68 	-0.04, 0.22, -6.40 	0.00, 10.00 	11,30,27,881		1.73,0.00	1000,1 	0
1188    	-1.76, -7.10, 4.69 	-0.04, 0.22, -6.40 	0.00, 10.00 	11,30,27,890		1.73,0.00	1000,1 	0
1197    	-1.75, -7.07, 4.72 	-0.04, 0.22, -6.40 	0.00, 10.00 	11,30,27,900		2.62,0.00	1000,1 	0
1206    	-1.76, -7.06, 4.74 	-0.04, 0.22, -6.40 	0.00, 10.00 	11,30,27,910		1.73,0.00	1000,1 	0
1215    	-1.76, -7.04, 4.78 	-0.05, 0.21, -6.40 	0.00, 10.00 	11,30,27,920		2.34,1.66	1000,1 	0
1224    	-1.74, -7.06, 4.77 	-0.05, 0.23, -6.40 	0.00, 10.00 	11,30,27,929		3.46,2.33	1000,1 	0
1233    	-1.75, -7.07, 4.79 	-0.04, 0.23, -6.40 	0.00, 10.00 	11,30,27,939		1.68,1.22	1000,1 	0
1242    	-1.73, -7.08, 4.81 	-0.04, 0.23, -6.40 	0.00, 10.00 	11,30,27,949		1.73,0.00	1000,1 	0
1251    	-1.77, -7.08, 4.82 	-0.04, 0.24, -6.40 	0.00, 10.00 	11,30,27,958		3.94,1.17	1000,1 	0
1260    	-1.78, -7.06, 4.83 	-0.04, 0.23, -6.40 	0.00, 10.00 	11,30,27,968		2.68,1.17	1000,1 	0
1269    	-1.81, -7.06, 4.83 	-0.06, 0.23, -6.40 	0.00, 10.00 	11,30,27,978		2.49,2.45	1000,1 	0
1278    	-1.80, -7.04, 4.82 	-0.07, 0.23, -6.40 	0.00, 10.00 	11,30,27,987		2.62,1.22	1000,1 	0
1287    	-1.81, -7.03, 4.83 	-0.07, 0.22, -6.39 	0.00, 10.00 	11,30,27,997		1.73,1.17	1000,1 	0
1296    	-1.82, -7.04, 4.82 	-0.07, 0.22, -6.39 	0.00, 10.00 	11,30,28,7		1.68,0.00	1000,1 	0
1305    	-1.76, -7.04, 4.83 	-0.05, 0.23, -6.41 	0.00, 10.00 	11,30,28,16		6.36,2.68	1000,1 	0
1314    	-1.78, -7.06, 4.84 	-0.05, 0.22, -6.41 	0.00, 10.00 	11,30,28,26		2.72,1.17	1000,1 	0
1323    	-1.78, -7.07, 4.84 	-0.05, 0.23, -6.41 	0.00, 10.00 	11,30,28,36		1.17,1.17	1000,1 	0
1332    	-1.78, -7.07, 4.84 	-0.03, 0.23, -6.41 	0.00, 10.00 	11,30,28,45		0.00,2.45	1000,1 	0
1341    	-1.81, -7.08, 4.84 	-0.03, 0.22, -6.41 	0.00, 10.00 	11,30,28,55		3.88,1.17	1000,1 	0
1350    	-1.82, -7.07, 4.85 	-0.03, 0.22, -6.40 	0.00, 10.00 	11,30,28,65		1.17,0.00	1000,1 	0
1359    	-1.81, -7.06, 4.85 	-0.04, 0.23, -6.40 	0.00, 10.00 	11,30,28,74		1.68,1.72	1000,1 	0
1368    	-1.82, -7.06, 4.86 	-0.03, 0.23, -6.40 	0.00, 10.00 	11,30,28,84		1.24,1.22	1000,1 	0
1377    	-1.84, -7.05, 4.87 	-0.03, 0.22, -6.40 	0.00, 10.00 	11,30,28,94		2.78,1.17	1000,1 	0
1386    	-1.83, -7.05, 4.86 	-0.05, 0.23, -6.40 	0.00, 10.00 	11,30,28,103		1.24,2.75	1000,1 	0
1395    	-1.83, -7.03, 4.87 	-0.04, 0.24, -6.40 	0.00, 10.00 	11,30,28,113		2.34,1.66	1000,1 	0
1404    	-1.80, -7.07, 4.87 	-0.05, 0.25, -6.41 	0.00, 10.00 	11,30,28,123		5.36,1.72	1000,1 	0
1413    	-1.78, -7.07, 4.86 	-0.06, 0.24, -6.41 	0.00, 10.00 	11,30,28,133		2.49,1.66	1000,1 	0
1422    	-1.78, -7.08, 4.87 	-0.05, 0.23, -6.41 	0.00, 10.00 	11,30,28,142		1.17,1.72	1000,1 	0
1431    	-1.78, -7.08, 4.88 	-0.05, 0.24, -6.40 	0.00, 10.00 	11,30,28,152		0.00,1.17	1000,1 	0
1440    	-1.78, -7.08, 4.88 	-0.05, 0.25, -6.41 	0.00, 10.00 	11,30,28,162		0.00,1.17	1000,1 	0
1449    	-1.78, -7.06, 4.87 	-0.04, 0.25, -6.40 	0.00, 10.00 	11,30,28,171		2.34,1.22	1000,1 	0
1458    	-1.82, -7.05, 4.89 	-0.05, 0.24, -6.40 	0.00, 10.00 	11,30,28,181		3.94,1.66	1000,1 	0
1467    	-1.83, -7.04, 4.89 	-0.05, 0.24, -6.40 	0.00, 10.00 	11,30,28,191		1.73,0.00	1000,1 	0
1476    	-1.80, -7.04, 4.90 	-0.05, 0.24, -6.40 	0.00, 10.00 	11,30,28,200		3.73,0.00	1000,1 	0
1485    	-1.80, -7.05, 4.90 	-0.04, 0.25, -6.40 	0.00, 10.00 	11,30,28,210		1.17,1.66	1000,1 	0
1494    	-1.80, -7.05, 4.90 	-0.04, 0.24, -6.40 	0.00, 10.00 	11,30,28,220		0.00,1.17	1000,1 	0
1503    	-1.78, -7.06, 4.91 	-0.05, 0.24, -6.40 	0.00, 10.00 	11,30,28,229		1.73,1.22	1000,1 	0
1512    	-1.78, -7.06, 4.91 	-0.05, 0.24, -6.39 	0.00, 10.00 	11,30,28,239		0.00,0.00	1000,1 	0
1521    	-1.79, -7.06, 4.91 	-0.04, 0.24, -6.39 	0.00, 10.00 	11,30,28,249		1.24,1.22	1000,1 	0
1530    	-1.76, -7.05, 4.91 	-0.04, 0.24, -6.39 	0.00, 10.00 	11,30,28,258		3.73,0.00	1000,1 	0
1539    	-1.77, -7.05, 4.91 	-0.04, 0.25, -6.39 	0.00, 10.00 	11,30,28,268		1.73,1.17	1000,1 	0
1548    	-1.80, -7.05, 4.91 	-0.05, 0.25, -6.40 	0.00, 10.00 	11,30,28,278		2.49,1.22	1000,1 	0
1557    	-1.79, -7.04, 4.92 	-0.05, 0.25, -6.40 	0.00, 10.00 	11,30,28,287		1.68,0.00	1000,1 	0
1566    	-1.79, -7.04, 4.92 	-0.05, 0.25, -6.40 	0.00, 10.00 	11,30,28,297		0.00,0.00	1000,1 	0
1575    	-1.78, -7.03, 4.93 	-0.05, 0.25, -6.40 	0.00, 10.00 	11,30,28,307		1.24,0.00	1000,1 	0
1584    	-1.80, -7.05, 4.93 	-0.04, 0.25, -6.40 	0.00, 10.00 	11,30,28,316		2.72,1.22	1000,1 	0
1593    	-1.80, -7.05, 4.93 	-0.04, 0.25, -6.40 	0.00, 10.00 	11,30,28,326		0.00,0.00	1000,1 	0
1602    	-1.79, -7.05, 4.94 	-0.04, 0.25, -6.40 	0.00, 10.00 	11,30,28,336		1.24,0.00	1000,1 	0
1611    	-1.78, -7.07, 4.94 	-0.05, 0.25, -6.40 	0.00, 10.00 	11,30,28,345		2.34,1.22	1000,1 	0
1620    	-1.76, -7.06, 4.94 	-0.04, 0.25, -6.40 	0.00, 10.00 	11,30,28,355		2.49,1.22	1000,1 	0
1629    	-1.76, -7.05, 4.94 	-0.02, 0.26, -6.40 	0.00, 10.00 	11,30,28,365		1.17,2.68	1000,1 	0
1638    	-1.75, -7.03, 4.93 	-0.03, 0.27, -6.40 	0.00, 10.00 	11,30,28,375		2.62,1.72	1000,1 	0
1647    	-1.75, -7.03, 4.94 	-0.04, 0.25, -6.40 	0.00, 10.00 	11,30,28,384		0.00,2.60	1000,1 	0
1656    	-1.78, -7.01, 4.94 	-0.06, 0.26, -6.40 	0.00, 10.00 	11,30,28,394		3.46,1.72	1000,1 	0
1665    	-1.78, -7.01, 4.94 	-0.05, 0.25, -6.39 	0.00, 10.00 	11,30,28,404		0.00,1.17	1000,1 	0
1674    	-1.79, -7.00, 4.93 	-0.05, 0.25, -6.40 	0.00, 10.00 	11,30,28,413		1.73,0.00	1000,1 	0
1683    	-1.79, -7.02, 4.93 	-0.05, 0.25, -6.40 	0.00, 10.00 	11,30,28,423		1.17,0.00	1000,1 	0
1692    	-1.79, -7.00, 4.93 	-0.04, 0.24, -6.40 	0.00, 10.00 	11,30,28,433		1.17,1.72	1000,1 	0
1701    	-1.78, -7.00, 4.94 	-0.06, 0.25, -6.40 	0.00, 10.00 	11,30,28,442		1.24,2.75	1000,1 	0
1710    	-1.79, -7.03, 4.94 	-0.05, 0.24, -6.40 	0.00, 10.00 	11,30,28,452		2.62,1.72	1000,1 	0
1719    	-1.79, -7.04, 4.94 	-0.01, 0.24, -6.41 	0.00, 10.00 	11,30,28,462		1.17,4.89	1000,1 	0
1728    	-1.75, -7.03, 4.95 	-0.04, 0.26, -6.41 	0.00, 10.00 	11,30,28,471		3.73,4.42	1000,1 	0
1737    	-1.78, -7.02, 4.95 	-0.06, 0.26, -6.41 	0.00, 10.00 	11,30,28,481		2.78,1.22	1000,1 	0
1746    	-1.79, -7.02, 4.95 	-0.15, 0.23, -6.42 	0.00, 10.00 	11,30,28,491		1.73,11.18	1000,1 	0
1755    	-1.80, -7.02, 4.95 	-0.26, 0.28, -6.50 	0.00, 10.00 	11,30,28,500		1.24,13.25	1000,1 	0
1764    	-1.79, -7.00, 4.95 	-0.28, 0.50, -6.63 	0.00, 10.00 	11,30,28,510		1.68,24.50	1000,1 	0
1773    	-1.81, -7.02, 4.96 	-0.14, 0.73, -6.68 	0.00, 10.00 	11,30,28,520		2.72,29.21	1000,1 	0
1782    	-1.80, -7.02, 4.96 	0.04, 0.89, -6.67 	0.00, 10.00 	11,30,28,529		1.24,26.98	1000,1 	0
1791    	-1.80, -7.05, 4.96 	0.20, 1.08, -6.65 	0.00, 10.00 	11,30,28,539		3.51,27.48	1000,1 	0
1800    	-1.80, -7.05, 4.97 	0.18, 1.16, -6.61 	0.00, 10.00 	11,30,28,549		0.00,9.46	1000,1 	0
1809    	-1.80, -7.04, 4.97 	0.08, 1.16, -6.58 	0.00, 10.00 	11,30,28,558		1.17,11.11	1000,1 	0
1818    	-1.78, -7.02, 4.96 	-0.06, 1.11, -6.54 	0.00, 10.00 	11,30,28,568		2.72,16.17	1000,1 	0
1827    	-1.80, -7.04, 4.97 	-0.19, 1.14, -6.54 	0.00, 10.00 	11,30,28,578		2.72,14.40	1000,1 	0
1836    	-1.79, -7.02, 4.97 	-0.33, 1.25, -6.57 	0.00, 10.00 	11,30,28,588		2.62,20.63	1000,1 	0
1845    	-1.81, -7.02, 4.97 	-0.47, 1.38, -6.59 	0.00, 10.00 	11,30,28,597		2.49,20.62	1000,1 	0
1854    	-1.83, -7.02, 4.97 	-0.55, 1.56, -6.62 	0.00, 10.00 	11,30,28,607		2.49,22.08	1000,1 	0
1863    	-1.84, -7.00, 4.97 	-0.65, 1.79, -6.65 	0.00, 10.00 	11,30,28,617		2.34,28.07	1000,1 	0
1872    	-1.86, -7.00, 4.96 	-0.64, 2.09, -6.68 	0.00, 10.00 	11,30,28,626		2.49,33.05	1000,1 	0
1881    	-1.85, -6.99, 4.97 	-0.54, 2.45, -6.71 	0.00, 10.00 	11,30,28,636		1.68,41.18	1000,1 	0
1890    	-1.86, -7.02, 4.97 	-0.41, 2.82, -6.72 	0.00, 10.00 	11,30,28,646		3.69,43.66	1000,1 	0
1899    	-1.85, -7.01, 4.97 	-0.37, 3.15, -6.74 	0.00, 10.00 	11,30,28,655		1.68,37.16	1000,1 	0
1908    	-1.82, -7.02, 4.97 	-0.39, 3.50, -6.74 	0.00, 10.00 	11,30,28,665		2.78,38.51	1000,1 	0
1917    	-1.82, -7.01, 4.97 	-0.45, 3.87, -6.77 	0.00, 10.00 	11,30,28,675		1.17,42.08	1000,1 	0
1926    	-1.82, -7.01, 4.97 	-0.49, 4.30, -6.85 	0.00, 10.00 	11,30,28,684		0.00,47.83	1000,1 	0
1935    	-1.83, -7.00, 4.97 	-0.48, 4.71, -6.97 	0.00, 10.00 	11,30,28,694		1.17,45.86	1000,1 	0
1944    	-1.85, -6.99, 4.97 	-0.40, 5.09, -7.08 	0.00, 10.00 	11,30,28,704		2.78,42.94	1000,1 	0
1953    	-1.84, -7.00, 4.98 	-0.25, 5.43, -7.12 	0.00, 10.00 	11,30,28,713		1.73,41.13	1000,1 	0
1962    	-1.84, -7.00, 4.98 	-0.05, 5.83, -7.15 	0.00, 10.00 	11,30,28,723		0.00,49.78	1000,1 	0
1971    	-1.84, -7.00, 4.98 	0.09, 6.27, -7.13 	0.00, 10.00 	11,30,28,733		0.00,50.95	1000,1 	0
1980    	-1.84, -6.99, 4.98 	0.21, 6.68, -7.11 	0.00, 10.00 	11,30,28,742		1.17,47.88	1000,1 	0
1989    	-1.84, -7.00, 4.98 	0.33, 7.02, -7.04 	0.00, 10.00 	11,30,28,752		1.17,40.02	1000,1 	0
1998    	-1.84, -7.00, 4.98 	0.34, 7.34, -6.98 	0.00, 10.00 	11,30,28,762		0.00,35.34	1000,1 	0
2007    	-1.84, -7.00, 4.98 	0.34, 7.60, -6.91 	0.00, 10.00 	11,30,28,771		0.00,29.29	1000,1 	0
2016    	-1.84, -7.00, 4.99 	0.31, 7.81, -6.86 	0.00, 10.00 	11,30,28,781		0.00,23.34	1000,1 	0
2025    	-1.84, -7.01, 4.99 	0.28, 7.99, -6.82 	0.00, 10.00 	11,30,28,791		1.17,19.92	1000,1 	0
2034    	-1.84, -6.99, 4.99 	0.37, 8.25, -6.82 	0.00, 10.00 	11,30,28,801		2.34,30.67	1000,1 	0
2043    	-1.85, -6.99, 4.99 	0.38, 8.52, -6.86 	0.00, 10.00 	11,30,28,810		1.24,30.76	1000,1 	0
2052    	-1.85, -6.99, 4.99 	0.47, 8.72, -6.90 	0.00, 10.00 	11,30,28,820		0.00,23.96	1000,1 	0
2061    	-1.85, -7.00, 5.00 	0.53, 8.87, -6.88 	0.00, 10.00 	11,30,28,830		1.17,17.17	1000,1 	0
2070    	-1.84, -7.00, 5.00 	0.59, 9.06, -6.86 	0.00, 10.00 	11,30,28,839		1.24,22.88	1000,1 	0
2079    	-1.82, -7.02, 5.00 	0.55, 9.25, -6.80 	0.00, 10.00 	11,30,28,849		2.68,21.09	1000,1 	0
2088    	-1.82, -7.02, 5.00 	0.46, 9.39, -6.73 	0.00, 10.00 	11,30,28,859		0.00,18.70	1000,1 	0
2097    	-1.82, -7.02, 5.00 	0.35, 9.46, -6.67 	0.00, 10.00 	11,30,28,868		0.00,14.68	1000,1 	0
2106    	-1.82, -7.01, 5.00 	0.21, 9.53, -6.65 	0.00, 10.00 	11,30,28,878		1.17,16.64	1000,1 	0
2115    	-1.82, -7.01, 5.00 	0.13, 9.64, -6.68 	0.00, 10.00 	11,30,28,888		0.00,15.00	1000,1 	0
2124    	-1.87, -7.00, 5.00 	0.11, 9.71, -6.66 	0.00, 10.00 	11,30,28,897		5.14,8.30	1000,1 	0
2133    	-1.87, -6.99, 5.00 	0.13, 9.75, -6.64 	0.00, 10.00 	11,30,28,907		1.17,5.20	1000,1 	0
2142    	-1.86, -6.98, 4.99 	0.15, 9.80, -6.63 	0.00, 10.00 	11,30,28,917		1.68,5.20	1000,1 	0
2151    	-1.86, -6.99, 4.99 	0.20, 9.89, -6.66 	0.00, 10.00 	11,30,28,926		1.17,11.68	1000,1 	0
2160    	-1.86, -6.99, 4.99 	0.32, 9.97, -6.68 	0.00, 10.00 	11,30,28,936		0.00,16.56	1000,1 	0
2169    	-1.86, -6.99, 4.99 	0.43, 10.04, -6.68 	0.00, 10.00 	11,30,28,946		0.00,14.49	1000,1 	0
2178    	-1.82, -7.01, 4.99 	0.48, 10.04, -6.67 	0.00, 10.00 	11,30,28,955		4.46,4.89	1000,1 	0
2187    	-1.82, -7.01, 5.00 	0.45, 10.01, -6.62 	0.00, 10.00 	11,30,28,965		0.00,4.99	1000,1 	0
2196    	-1.85, -6.99, 5.00 	0.44, 9.97, -6.58 	0.00, 10.00 	11,30,28,975		3.46,4.79	1000,1 	0
2205    	-1.86, -6.99, 5.00 	0.40, 9.96, -6.59 	0.00, 10.00 	11,30,28,984		1.24,4.89	1000,1 	0
2214    	-1.86, -6.99, 5.00 	0.39, 9.95, -6.61 	0.00, 10.00 	11,30,28,994		0.00,1.66	1000,1 	0
2223    	-1.86, -6.98, 4.99 	0.35, 9.93, -6.63 	0.00, 10.00 	11,30,29,4		1.17,4.99	1000,1 	0
2232    	-1.86, -6.98, 5.00 	0.36, 9.94, -6.64 	0.00, 10.00 	11,30,29,13		0.00,1.22	1000,1 	0
2241    	-1.86, -6.98, 5.00 	0.37, 9.93, -6.65 	0.00, 10.00 	11,30,29,23		0.00,1.72	1000,1 	0
2250    	-1.83, -6.98, 5.00 	0.40, 9.94, -6.65 	0.00, 10.00 	11,30,29,33		3.73,3.81	1000,1 	0
2259    	-1.83, -6.99, 5.00 	0.41, 9.95, -6.65 	0.00, 10.00 	11,30,29,43		1.17,1.66	1000,1 	0
2268    	-1.83, -6.99, 5.00 	0.46, 9.97, -6.64 	0.00, 10.00 	11,30,29,52		0.00,4.99	1000,1 	0
2277    	-1.86, -7.00, 5.01 	0.48, 9.97, -6.62 	0.00, 10.00 	11,30,29,62		3.88,2.45	1000,1 	0
2286    	-1.84, -7.00, 5.01 	0.47, 9.98, -6.60 	0.00, 10.00 	11,30,29,72		2.49,1.72	1000,1 	0
2295    	-1.81, -7.00, 5.01 	0.40, 9.95, -6.59 	0.00, 10.00 	11,30,29,81		2.49,7.63	1000,1 	0
2304    	-1.82, -7.01, 5.01 	0.37, 9.92, -6.58 	0.00, 10.00 	11,30,29,91		1.68,4.99	1000,1 	0
2313    	-1.84, -7.01, 5.01 	0.37, 9.91, -6.59 	0.00, 10.00 	11,30,29,101		1.24,1.17	1000,1 	0
2322    	-1.84, -7.00, 5.01 	0.36, 9.90, -6.60 	0.00, 10.00 	11,30,29,110		1.17,1.22	1000,1 	0
2331    	-1.84, -7.00, 5.01 	0.35, 9.91, -6.60 	0.00, 10.00 	11,30,29,120		0.00,1.72	1000,1 	0
2340    	-1.84, -7.01, 5.01 	0.37, 9.91, -6.60 	0.00, 10.00 	11,30,29,130		1.17,2.75	1000,1 	0
2349    	-1.86, -7.01, 5.01 	0.40, 9.90, -6.60 	0.00, 10.00 	11,30,29,139		2.49,2.75	1000,1 	0
2358    	-1.83, -7.02, 5.01 	0.40, 9.90, -6.60 	0.00, 10.00 	11,30,29,149		2.78,0.00	1000,1 	0
2367    	-1.83, -7.04, 5.01 	0.40, 9.91, -6.60 	0.00, 10.00 	11,30,29,159		2.34,1.17	1000,1 	0
2376    	-1.83, -7.04, 5.01 	0.40, 9.90, -6.60 	0.00, 10.00 	11,30,29,168		0.00,1.17	1000,1 	0
2385    	-1.84, -7.04, 5.01 	0.40, 9.90, -6.60 	0.00, 10.00 	11,30,29,178		1.24,0.00	1000,1 	0
2394    	-1.82, -7.03, 5.01 	0.40, 9.90, -6.60 	0.00, 10.00 	11,30,29,188		2.72,0.00	1000,1 	0
2403    	-1.84, -7.03, 5.01 	0.40, 9.90, -6.60 	0.00, 10.00 	11,30,29,197		2.49,0.00	1000,1 	0
2412    	-1.84, -7.02, 5.01 	0.39, 9.90, -6.60 	0.00, -0.00 	11,30,29,217		1.17,1.22	1000,1 	0
2421    	-1.84, -7.03, 5.01 	0.39, 9.90, -6.60 	0.00, -0.00 	11,30,29,226		1.32,0.00	1000,1 	0
2430    	-1.84, -7.03, 5.01 	0.40, 9.89, -6.59 	0.00, -0.00 	11,30,29,236		0.00,1.93	1000,1 	0
2439    	-1.87, -7.02, 5.03 	0.41, 9.89, -6.60 	0.00, -0.00 	11,30,29,246		3.12,1.38	1000,1 	0
2448    	-1.88, -7.04, 5.03 	0.40, 9.89, -6.60 	0.00, -0.00 	11,30,29,256		1.89,1.38	1000,1 	0
2457    	-1.83, -7.03, 5.02 	0.40, 9.89, -6.60 	0.00, -0.00 	11,30,29,265		5.60,0.00	1000,1 	0
2466    	-1.83, -7.03, 5.02 	0.40, 9.89, -6.60 	0.00, -0.00 	11,30,29,275		0.00,0.00	1000,1 	0
2475    	-1.82, -7.05, 5.01 	0.40, 9.91, -6.60 	0.00, -0.00 	11,30,29,285		3.01,2.63	1000,1 	0
2484    	-1.86, -7.02, 5.01 	0.40, 9.91, -6.60 	0.00, -0.00 	11,30,29,294		5.84,0.00	1000,1 	0
2493    	-1.84, -7.02, 5.01 	0.40, 9.91, -6.60 	0.00, -0.00 	11,30,29,304		1.40,0.00	1000,1 	0
2502    	-1.86, -7.02, 5.01 	0.39, 9.90, -6.60 	0.00, -0.00 	11,30,29,314		1.40,1.87	1000,1 	0
2511    	-1.84, -7.02, 5.01 	0.40, 9.91, -6.60 	0.00, -0.00 	11,30,29,323		1.40,1.87	1000,1 	0
2520    	-1.84, -7.02, 5.01 	0.40, 9.91, -6.60 	0.00, -0.00 	11,30,29,333		0.00,0.00	1000,1 	0
2529    	-1.84, -7.02, 5.01 	0.40, 9.90, -6.60 	0.00, -0.00 	11,30,29,343		0.00,1.31	1000,1 	0
2538    	-1.85, -7.04, 5.02 	0.40, 9.91, -6.60 	0.00, -0.00 	11,30,29,352		2.95,1.31	1000,1 	0
2547    	-1.85, -7.05, 5.02 	0.39, 9.91, -6.60 	0.00, -0.00 	11,30,29,362		1.32,1.38	1000,1 	0
2556    	-1.84, -7.04, 5.02 	0.38, 9.92, -6.60 	0.00, -0.00 	11,30,29,372		1.89,1.31	1000,1 	0
2565    	-1.82, -7.05, 5.02 	0.39, 9.91, -6.60 	0.00, -0.00 	11,30,29,381		3.12,1.31	1000,1 	0
2574    	-1.87, -7.03, 5.02 	0.39, 9.91, -6.60 	0.00, -0.00 	11,30,29,391		6.25,0.00	1000,1 	0
2583    	-1.86, -7.04, 5.02 	0.38, 9.92, -6.60 	0.00, -0.00 	11,30,29,401		1.32,1.31	1000,1 	0
2592    	-1.86, -7.04, 5.02 	0.39, 9.91, -6.60 	0.00, -0.00 	11,30,29,410		0.00,1.31	1000,1 	0
2601    	-1.86, -7.04, 5.02 	0.39, 9.90, -6.59 	0.00, -0.00 	11,30,29,420		0.00,1.31	1000,1 	0
2610    	-1.87, -7.02, 5.02 	0.39, 9.91, -6.60 	0.00, -0.00 	11,30,29,430		2.63,1.31	1000,1 	0
2619    	-1.86, -7.04, 5.02 	0.39, 9.90, -6.60 	0.00, -0.00 	11,30,29,439		2.63,1.31	1000,1 	0
2628    	-1.86, -7.04, 5.02 	0.39, 9.91, -6.60 	0.00, -0.00 	11,30,29,449		0.00,1.31	1000,1 	0
2637    	-1.87, -7.03, 5.03 	0.39, 9.91, -6.60 	0.00, -0.00 	11,30,29,459		1.32,0.00	1000,1 	0
2646    	-1.84, -7.03, 5.03 	0.38, 9.89, -6.60 	0.00, -0.00 	11,30,29,468		2.80,1.87	1000,1 	0
2655    	-1.84, -7.03, 5.03 	0.39, 9.90, -6.60 	0.00, -0.00 	11,30,29,478		0.00,1.38	1000,1 	0
2664    	-1.83, -7.05, 5.02 	0.39, 9.91, -6.60 	0.00, -0.00 	11,30,29,488		3.01,1.31	1000,1 	0
2673    	-1.87, -7.02, 5.02 	0.39, 9.91, -6.59 	0.00, -0.00 	11,30,29,498		5.84,0.00	1000,1 	0
2682    	-1.86, -7.02, 5.02 	0.39, 9.91, -6.59 	0.00, -0.00 	11,30,29,507		1.40,0.00	1000,1 	0
2691    	-1.87, -7.02, 5.03 	0.39, 9.90, -6.59 	0.00, -0.00 	11,30,29,517		1.40,1.31	1000,1 	0
2700    	-1.88, -7.02, 5.03 	0.39, 9.90, -6.59 	0.00, -0.00 	11,30,29,527		1.40,0.00	1000,1 	0
2709    	-1.87, -7.01, 5.03 	0.39, 9.90, -6.59 	0.00, -0.00 	11,30,29,536		1.89,0.00	1000,1 	0
2718    	-1.88, -7.02, 5.03 	0.39, 9.91, -6.59 	0.00, -0.00 	11,30,29,546		1.89,1.31	1000,1 	0
2727    	-1.88, -7.04, 5.03 	0.40, 9.91, -6.59 	0.00, -0.00 	11,30,29,556		1.32,1.38	1000,1 	0
2736    	-1.88, -7.02, 5.03 	0.40, 9.91, -6.59 	0.00, -0.00 	11,30,29,565		1.32,0.00	1000,1 	0
2745    	-1.86, -7.02, 5.03 	0.39, 9.90, -6.60 	0.00, -0.00 	11,30,29,575		2.80,1.87	1000,1 	0
2754    	-1.86, -7.01, 5.03 	0.40, 9.91, -6.60 	0.00, -0.00 	11,30,29,585		1.32,1.87	0,0 	0
2763    	-1.86, -7.01, 5.04 	0.39, 9.91, -6.60 	0.00, -0.00 	11,30,29,594		0.00,1.38	0,0 	0
2772    	-1.84, -7.03, 5.03 	0.39, 9.91, -6.60 	0.00, -0.00 	11,30,29,604		3.01,0.00	0,0 	0
2781    	-1.86, -7.02, 5.03 	0.39, 9.90, -6.59 	0.00, -0.00 	11,30,29,614		1.95,1.31	0,0 	0
2790    	-1.86, -7.02, 5.03 	0.39, 9.91, -6.60 	0.00, -0.00 	11,30,29,623		0.00,1.31	0,0 	0
2799    	-1.86, -7.02, 5.03 	0.40, 9.91, -6.60 	0.00, -0.00 	11,30,29,633		0.00,1.38	0,0 	0
2808    	-1.86, -7.01, 5.03 	0.38, 9.89, -6.60 	0.00, -0.00 	11,30,29,643		1.32,3.01	0,0 	0
2817    	-1.85, -7.01, 5.03 	0.40, 9.90, -6.60 	0.00, -0.00 	11,30,29,652		1.40,2.75	0,0 	0
2826    	-1.86, -7.02, 5.03 	0.41, 9.90, -6.60 	0.00, -0.00 	11,30,29,662		1.89,1.38	0,0 	0
2835    	-1.86, -7.01, 5.04 	0.44, 9.90, -6.62 	0.00, -0.00 	11,30,29,672		1.32,4.13	0,0 	0
2844    	-1.87, -7.00, 5.04 	0.45, 9.89, -6.64 	0.00, -0.00 	11,30,29,681		1.95,1.93	0,0 	0
2853    	-1.87, -7.00, 5.04 	0.41, 9.85, -6.66 	0.00, -0.00 	11,30,29,691		0.00,8.52	0,0 	0
2862    	-1.87, -7.00, 5.04 	0.38, 9.78, -6.67 	0.00, -0.00 	11,30,29,701		0.00,8.77	0,0 	0
2871    	-1.85, -7.00, 5.03 	0.38, 9.71, -6.70 	0.00, -0.00 	11,30,29,711		2.80,9.25	0,0 	0
2880    	-1.85, -6.99, 5.03 	0.38, 9.65, -6.72 	0.00, -0.00 	11,30,29,720		1.32,6.66	0,0 	0
2889    	-1.87, -6.99, 5.04 	0.43, 9.64, -6.77 	0.00, -0.00 	11,30,29,730		2.80,7.45	0,0 	0
2898    	-1.87, -6.99, 5.04 	0.47, 9.66, -6.82 	0.00, -0.00 	11,30,29,740		0.00,6.02	0,0 	0
2907    	-1.87, -7.01, 5.04 	0.49, 9.62, -6.86 	0.00, -0.00 	11,30,29,749		2.63,5.47	0,0 	0
2916    	-1.85, -7.01, 5.04 	0.55, 9.54, -6.89 	0.00, -0.00 	11,30,29,759		2.80,12.02	0,0 	0
2925    	-1.86, -7.02, 5.04 	0.61, 9.41, -6.91 	0.00, -0.00 	11,30,29,769		1.89,18.11	0,0 	0
2934    	-1.83, -7.02, 5.03 	0.59, 9.24, -6.96 	0.00, -0.00 	11,30,29,778		2.80,21.54	0,0 	0
2943    	-1.83, -7.03, 5.04 	0.49, 9.03, -7.00 	0.00, -0.00 	11,30,29,788		1.32,28.75	0,0 	0
2952    	-1.83, -7.03, 5.04 	0.36, 8.79, -7.05 	0.00, -0.00 	11,30,29,798		0.00,34.94	0,0 	0
2961    	-1.83, -7.03, 5.04 	0.23, 8.48, -7.11 	0.00, -0.00 	11,30,29,807		0.00,41.56	0,0 	0
2970    	-1.83, -7.03, 5.04 	0.16, 8.15, -7.19 	0.00, -0.00 	11,30,29,817		0.00,41.73	0,0 	0
2979    	-1.87, -7.02, 5.04 	0.20, 7.91, -7.27 	0.00, -0.00 	11,30,29,827		4.43,30.28	0,0 	0
2988    	-1.85, -7.01, 5.04 	0.34, 7.70, -7.33 	0.00, -0.00 	11,30,29,836		3.06,32.42	0,0 	0
2997    	-1.84, -7.04, 5.03 	0.59, 7.52, -7.41 	0.00, -0.00 	11,30,29,846		3.95,37.77	0,0 	0
3006    	-1.82, -7.03, 5.04 	0.82, 7.33, -7.46 	0.00, -0.00 	11,30,29,856		3.06,37.68	0,0 	0
3015    	-1.81, -7.04, 5.03 	0.90, 7.09, -7.47 	0.00, -0.00 	11,30,29,865		1.95,32.17	0,0 	0
3024    	-1.84, -7.04, 5.03 	0.92, 6.78, -7.44 	0.00, -0.00 	11,30,29,875		4.20,38.09	0,0 	0
3033    	-1.84, -7.03, 5.04 	0.88, 6.41, -7.40 	0.00, -0.00 	11,30,29,885		1.32,46.90	0,0 	0
