#Time 	Sensor1         Sensor2         Target          Time            Vel             
#================================================================

17      	-1.89, -7.12, 4.97 	-0.13, 0.37, -6.32 	0.00, 10.00 	11,30,9,42		0.00,0.00	0,0 	0
26      	-1.86, -7.13, 4.97 	-0.13, 0.37, -6.32 	0.00, 10.00 	11,30,9,52		2.78,0.00	0,0 	0
35      	-1.86, -7.16, 4.97 	-0.13, 0.37, -6.32 	0.00, 10.00 	11,30,9,62		3.51,0.00	0,0 	0
44      	-1.85, -7.17, 4.96 	-0.13, 0.37, -6.32 	0.00, 10.00 	11,30,9,71		1.73,0.00	0,0 	0
53      	-1.84, -7.17, 4.97 	-0.13, 0.37, -6.32 	0.00, 10.00 	11,30,9,81		1.24,0.00	0,0 	0
62      	-1.86, -7.15, 4.97 	-0.12, 0.36, -6.33 	0.00, 10.00 	11,30,9,91		3.46,1.17	0,0 	0
71      	-1.86, -7.14, 4.96 	-0.12, 0.36, -6.33 	0.00, 10.00 	11,30,9,100		1.17,0.00	0,0 	0
80      	-1.86, -7.14, 4.97 	-0.12, 0.36, -6.33 	0.00, 10.00 	11,30,9,110		0.00,0.00	0,0 	0
89      	-1.89, -7.14, 4.97 	-0.13, 0.37, -6.34 	0.00, 10.00 	11,30,9,120		2.49,1.17	0,0 	0
98      	-1.88, -7.15, 4.97 	-0.16, 0.37, -6.34 	0.00, 10.00 	11,30,9,129		1.17,3.67	0,0 	0
107     	-1.82, -7.18, 4.97 	-0.16, 0.37, -6.34 	0.00, 10.00 	11,30,9,139		7.22,0.00	0,0 	0
116     	-1.81, -7.19, 4.97 	-0.16, 0.37, -6.34 	0.00, 10.00 	11,30,9,149		1.73,0.00	0,0 	0
125     	-1.82, -7.19, 4.97 	-0.16, 0.37, -6.34 	0.00, 10.00 	11,30,9,158		1.24,0.00	0,0 	0
134     	-1.82, -7.18, 4.97 	-0.16, 0.37, -6.34 	0.00, 10.00 	11,30,9,168		1.17,0.00	0,0 	0
143     	-1.86, -7.18, 4.97 	-0.16, 0.37, -6.34 	0.00, 10.00 	11,30,9,178		3.73,0.00	0,0 	0
152     	-1.87, -7.15, 4.97 	-0.16, 0.37, -6.34 	0.00, 10.00 	11,30,9,188		3.75,0.00	0,0 	0
161     	-1.86, -7.14, 4.96 	-0.17, 0.38, -6.34 	0.00, 10.00 	11,30,9,197		1.68,2.67	0,0 	0
170     	-1.89, -7.14, 4.97 	-0.17, 0.38, -6.34 	0.00, 10.00 	11,30,9,207		2.49,0.00	0,0 	0
179     	-1.85, -7.14, 4.97 	-0.17, 0.37, -6.34 	0.00, 10.00 	11,30,9,217		3.73,1.17	0,0 	0
188     	-1.85, -7.15, 4.97 	-0.17, 0.37, -6.34 	0.00, 10.00 	11,30,9,226		1.17,0.00	0,0 	0
197     	-1.85, -7.15, 4.97 	-0.17, 0.37, -6.34 	0.00, 10.00 	11,30,9,236		0.00,0.00	0,0 	0
206     	-1.85, -7.15, 4.97 	-0.20, 0.37, -6.34 	0.00, 10.00 	11,30,9,246		0.00,3.67	0,0 	0
215     	-1.83, -7.16, 4.97 	-0.20, 0.37, -6.34 	0.00, 10.00 	11,30,9,255		2.78,0.00	0,0 	0
224     	-1.82, -7.18, 4.97 	-0.16, 0.38, -6.35 	0.00, 10.00 	11,30,9,265		2.34,4.89	0,0 	0
233     	-1.83, -7.17, 4.97 	-0.16, 0.38, -6.35 	0.00, 10.00 	11,30,9,275		1.17,0.00	0,0 	0
242     	-1.85, -7.16, 4.97 	-0.16, 0.38, -6.35 	0.00, 10.00 	11,30,9,284		2.78,0.00	0,0 	0
251     	-1.86, -7.14, 4.97 	-0.16, 0.38, -6.35 	0.00, 10.00 	11,30,9,294		2.68,0.00	0,0 	0
260     	-1.87, -7.14, 4.97 	-0.21, 0.39, -6.34 	0.00, 10.00 	11,30,9,304		1.24,5.49	0,0 	0
269     	-1.87, -7.14, 4.97 	-0.20, 0.37, -6.31 	0.00, 10.00 	11,30,9,313		0.00,2.33	0,0 	0
278     	-1.87, -7.14, 4.97 	-0.20, 0.37, -6.31 	0.00, 10.00 	11,30,9,323		0.00,0.00	0,0 	0
287     	-1.90, -7.14, 4.96 	-0.20, 0.38, -6.34 	0.00, 10.00 	11,30,9,333		2.49,1.17	0,0 	0
296     	-1.86, -7.15, 4.97 	-0.13, 0.38, -6.34 	0.00, 10.00 	11,30,9,342		3.94,8.68	0,0 	0
305     	-1.86, -7.16, 4.97 	-0.14, 0.38, -6.34 	0.00, 10.00 	11,30,9,352		1.17,1.22	0,0 	0
314     	-1.83, -7.18, 4.97 	-0.14, 0.39, -6.34 	0.00, 10.00 	11,30,9,362		3.46,1.17	0,0 	0
323     	-1.83, -7.18, 4.97 	-0.17, 0.38, -6.33 	0.00, 10.00 	11,30,9,371		0.00,3.67	0,0 	0
332     	-1.83, -7.18, 4.97 	-0.17, 0.37, -6.34 	0.00, 10.00 	11,30,9,381		0.00,1.17	0,0 	0
341     	-1.85, -7.16, 4.97 	-0.17, 0.37, -6.34 	0.00, 10.00 	11,30,9,391		2.68,0.00	0,0 	0
350     	-1.84, -7.15, 4.97 	-0.17, 0.38, -6.35 	0.00, 10.00 	11,30,9,401		1.68,1.17	0,0 	0
359     	-1.88, -7.15, 4.97 	-0.17, 0.37, -6.35 	0.00, 10.00 	11,30,9,410		4.97,1.17	0,0 	0
368     	-1.90, -7.12, 4.97 	-0.17, 0.37, -6.35 	0.00, 10.00 	11,30,9,420		3.75,0.00	0,0 	0
377     	-1.90, -7.13, 4.97 	-0.21, 0.35, -6.33 	0.00, 10.00 	11,30,9,430		1.17,5.35	0,0 	0
386     	-1.89, -7.15, 4.97 	-0.21, 0.35, -6.33 	0.00, 10.00 	11,30,9,439		2.34,0.00	0,0 	0
395     	-1.89, -7.14, 4.97 	-0.17, 0.35, -6.34 	0.00, 10.00 	11,30,9,449		1.68,4.89	0,0 	0
404     	-1.86, -7.16, 4.96 	-0.17, 0.36, -6.34 	0.00, 10.00 	11,30,9,459		3.46,1.17	0,0 	0
413     	-1.86, -7.16, 4.96 	-0.17, 0.35, -6.34 	0.00, 10.00 	11,30,9,468		0.00,1.17	0,0 	0
422     	-1.86, -7.16, 4.97 	-0.17, 0.36, -6.34 	0.00, 10.00 	11,30,9,478		0.00,1.17	0,0 	0
431     	-1.86, -7.14, 4.97 	-0.17, 0.36, -6.34 	0.00, 10.00 	11,30,9,488		2.34,0.00	0,0 	0
440     	-1.86, -7.14, 4.96 	-0.17, 0.37, -6.33 	0.00, 10.00 	11,30,9,497		0.00,1.17	0,0 	0
449     	-1.87, -7.12, 4.96 	-0.17, 0.37, -6.33 	0.00, 10.00 	11,30,9,507		2.34,0.00	0,0 	0
458     	-1.87, -7.12, 4.96 	-0.17, 0.36, -6.33 	0.00, 10.00 	11,30,9,517		0.00,1.17	0,0 	0
467     	-1.89, -7.12, 4.96 	-0.17, 0.37, -6.35 	0.00, 10.00 	11,30,9,526		2.49,1.17	0,0 	0
476     	-1.90, -7.12, 4.97 	-0.17, 0.36, -6.35 	0.00, 10.00 	11,30,9,536		1.24,1.17	0,0 	0
485     	-1.90, -7.12, 4.97 	-0.17, 0.36, -6.35 	0.00, 10.00 	11,30,9,546		0.00,0.00	0,0 	0
494     	-1.90, -7.12, 4.97 	-0.17, 0.37, -6.34 	0.00, 10.00 	11,30,9,555		0.00,1.17	0,0 	0
503     	-1.85, -7.13, 4.97 	-0.17, 0.37, -6.34 	0.00, 10.00 	11,30,9,565		5.14,0.00	0,0 	0
512     	-1.85, -7.13, 4.97 	-0.17, 0.37, -6.35 	0.00, 10.00 	11,30,9,575		0.00,0.00	0,0 	0
521     	-1.87, -7.12, 4.96 	-0.17, 0.37, -6.35 	0.00, 10.00 	11,30,9,584		1.73,0.00	0,0 	0
530     	-1.87, -7.12, 4.96 	-0.17, 0.37, -6.35 	0.00, 10.00 	11,30,9,594		0.00,0.00	0,0 	0
539     	-1.90, -7.12, 4.96 	-0.17, 0.40, -6.34 	0.00, 10.00 	11,30,9,604		3.73,2.33	0,0 	0
548     	-1.92, -7.12, 4.97 	-0.19, 0.40, -6.35 	0.00, 10.00 	11,30,9,613		2.49,1.72	0,0 	0
557     	-1.88, -7.11, 4.97 	-0.18, 0.39, -6.35 	0.00, 10.00 	11,30,9,623		5.08,1.17	0,0 	0
566     	-1.88, -7.09, 4.97 	-0.18, 0.42, -6.35 	0.00, 10.00 	11,30,9,633		2.34,2.60	0,0 	0
575     	-1.88, -7.09, 4.97 	-0.17, 0.38, -6.35 	0.00, 10.00 	11,30,9,643		0.00,3.50	0,0 	0
584     	-1.90, -7.11, 4.97 	-0.17, 0.38, -6.35 	0.00, 10.00 	11,30,9,652		3.37,0.00	0,0 	0
593     	-1.87, -7.11, 4.97 	-0.17, 0.41, -6.35 	0.00, 10.00 	11,30,9,662		3.73,2.33	0,0 	0
602     	-1.87, -7.11, 4.97 	-0.13, 0.40, -6.35 	0.00, 10.00 	11,30,9,671		0.00,5.07	0,0 	0
611     	-1.87, -7.11, 4.97 	-0.13, 0.40, -6.35 	0.00, 10.00 	11,30,9,681		0.00,0.00	0,0 	0
620     	-1.88, -7.10, 4.97 	-0.13, 0.40, -6.36 	0.00, 10.00 	11,30,9,691		1.73,0.00	0,0 	0
629     	-1.88, -7.11, 4.97 	-0.13, 0.40, -6.37 	0.00, 10.00 	11,30,9,701		1.17,0.00	0,0 	0
638     	-1.88, -7.11, 4.97 	-0.13, 0.38, -6.35 	0.00, 10.00 	11,30,9,710		0.00,2.33	0,0 	0
647     	-1.88, -7.12, 4.96 	-0.16, 0.44, -6.35 	0.00, 10.00 	11,30,9,720		1.17,7.50	0,0 	0
656     	-1.90, -7.14, 4.96 	-0.16, 0.41, -6.35 	0.00, 10.00 	11,30,9,730		3.37,3.67	0,0 	0
665     	-1.92, -7.15, 4.97 	-0.20, 0.40, -6.35 	0.00, 10.00 	11,30,9,739		2.49,3.67	0,0 	0
674     	-1.85, -7.14, 4.97 	-0.14, 0.42, -6.35 	0.00, 10.00 	11,30,9,749		7.46,6.19	0,0 	0
683     	-1.85, -7.14, 4.97 	-0.13, 0.42, -6.35 	0.00, 10.00 	11,30,9,759		0.00,1.22	0,0 	0
692     	-1.83, -7.14, 4.97 	-0.07, 0.43, -6.38 	0.00, 10.00 	11,30,9,768		2.49,7.34	0,0 	0
701     	-1.86, -7.15, 4.97 	-0.07, 0.48, -6.39 	0.00, 10.00 	11,30,9,778		3.88,5.84	0,0 	0
710     	-1.83, -7.14, 4.97 	-0.04, 0.44, -6.39 	0.00, 10.00 	11,30,9,788		3.88,6.04	0,0 	0
719     	-1.86, -7.14, 4.97 	-0.04, 0.43, -6.34 	0.00, 10.00 	11,30,9,797		3.73,1.66	0,0 	0
728     	-1.87, -7.14, 4.97 	-0.12, 0.44, -6.34 	0.00, 10.00 	11,30,9,807		1.24,8.95	0,0 	0
737     	-1.86, -7.13, 4.96 	-0.21, 0.42, -6.32 	0.00, 10.00 	11,30,9,817		1.68,9.82	0,0 	0
746     	-1.86, -7.14, 4.95 	-0.23, 0.42, -6.31 	0.00, 10.00 	11,30,9,826		1.17,2.45	0,0 	0
755     	-1.88, -7.15, 4.95 	-0.28, 0.44, -6.32 	0.00, 10.00 	11,30,9,836		2.72,5.49	0,0 	0
764     	-1.89, -7.14, 4.95 	-0.21, 0.45, -6.35 	0.00, 10.00 	11,30,9,846		1.17,7.40	0,0 	0
773     	-1.88, -7.13, 4.97 	-0.16, 0.46, -6.37 	0.00, 10.00 	11,30,9,856		1.68,6.12	0,0 	0
782     	-1.89, -7.14, 4.97 	-0.18, 0.46, -6.39 	0.00, 10.00 	11,30,9,865		1.68,2.45	0,0 	0
791     	-1.88, -7.15, 4.97 	-0.12, 0.46, -6.38 	0.00, 10.00 	11,30,9,875		1.17,7.34	0,0 	0
800     	-1.88, -7.17, 4.96 	-0.10, 0.46, -6.36 	0.00, 10.00 	11,30,9,885		2.34,1.72	0,0 	0
809     	-1.86, -7.17, 4.95 	-0.12, 0.47, -6.36 	0.00, 10.00 	11,30,9,894		2.49,2.67	0,0 	0
818     	-1.86, -7.17, 4.95 	-0.15, 0.44, -6.35 	0.00, 10.00 	11,30,9,904		0.00,4.99	0,0 	0
827     	-1.89, -7.16, 4.96 	-0.14, 0.43, -6.35 	0.00, 10.00 	11,30,9,913		3.94,1.17	0,0 	0
836     	-1.89, -7.15, 4.96 	-0.20, 0.41, -6.33 	0.00, 10.00 	11,30,9,923		1.17,6.19	0,0 	0
845     	-1.91, -7.12, 4.97 	-0.19, 0.43, -6.32 	0.00, 10.00 	11,30,9,933		3.75,1.66	0,0 	0
854     	-1.90, -7.12, 4.97 	-0.19, 0.42, -6.33 	0.00, 10.00 	11,30,9,943		1.24,1.17	0,0 	0
863     	-1.90, -7.12, 4.97 	-0.19, 0.42, -6.33 	0.00, 10.00 	11,30,9,952		0.00,0.00	0,0 	0
872     	-1.90, -7.14, 4.97 	-0.20, 0.43, -6.35 	0.00, 10.00 	11,30,9,962		2.34,2.67	0,0 	0
881     	-1.87, -7.16, 4.97 	-0.18, 0.43, -6.35 	0.00, 10.00 	11,30,9,972		3.46,2.75	0,0 	0
890     	-1.88, -7.15, 4.97 	-0.18, 0.45, -6.35 	0.00, 10.00 	11,30,9,981		1.73,2.33	0,0 	0
899     	-1.91, -7.15, 4.97 	-0.18, 0.47, -6.34 	0.00, 10.00 	11,30,9,991		2.49,2.33	0,0 	0
908     	-1.91, -7.13, 4.97 	-0.17, 0.47, -6.34 	0.00, 10.00 	11,30,9,1		2.34,1.22	0,0 	0
917     	-1.91, -7.13, 4.97 	-0.17, 0.47, -6.34 	0.00, 10.00 	11,30,10,10		0.00,0.00	0,0 	0
926     	-1.90, -7.12, 4.97 	-0.17, 0.47, -6.34 	0.00, 10.00 	11,30,10,20		1.68,0.00	0,0 	0
935     	-1.90, -7.11, 4.97 	-0.17, 0.47, -6.34 	0.00, 10.00 	11,30,10,30		1.17,0.00	0,0 	0
944     	-1.91, -7.11, 4.97 	-0.18, 0.48, -6.35 	0.00, 10.00 	11,30,10,39		1.24,1.72	0,0 	0
953     	-1.91, -7.11, 4.97 	-0.21, 0.47, -6.35 	0.00, 10.00 	11,30,10,49		0.00,2.68	0,0 	0
962     	-1.91, -7.12, 4.97 	-0.21, 0.47, -6.35 	0.00, 10.00 	11,30,10,59		1.17,0.00	0,0 	0
971     	-1.90, -7.13, 4.97 	-0.21, 0.47, -6.35 	0.00, 10.00 	11,30,10,68		1.73,0.00	0,0 	0
980     	-1.91, -7.12, 4.97 	-0.15, 0.46, -6.34 	0.00, 10.00 	11,30,10,78		1.73,6.27	0,0 	0
989     	-1.91, -7.14, 4.97 	-0.15, 0.46, -6.34 	0.00, 10.00 	11,30,10,88		2.34,0.00	0,0 	0
998     	-1.88, -7.15, 4.97 	-0.15, 0.46, -6.34 	0.00, 10.00 	11,30,10,98		2.78,0.00	0,0 	0
1007    	-1.89, -7.14, 4.97 	-0.15, 0.46, -6.34 	0.00, 10.00 	11,30,10,107		1.17,0.00	1000,1 	0
1016    	-1.89, -7.14, 4.97 	-0.19, 0.45, -6.35 	0.00, 10.00 	11,30,10,117		0.00,4.99	1000,1 	0
1025    	-1.90, -7.13, 4.97 	-0.18, 0.46, -6.35 	0.00, 10.00 	11,30,10,126		1.73,1.66	1000,1 	0
1034    	-1.89, -7.11, 4.96 	-0.21, 0.47, -6.35 	0.00, 10.00 	11,30,10,136		2.62,2.75	1000,1 	0
1043    	-1.87, -7.12, 4.96 	-0.22, 0.46, -6.35 	0.00, 10.00 	11,30,10,146		2.78,1.22	1000,1 	0
1052    	-1.85, -7.12, 4.96 	-0.19, 0.47, -6.36 	0.00, 10.00 	11,30,10,156		1.24,2.45	1000,1 	0
1061    	-1.88, -7.13, 4.97 	-0.20, 0.48, -6.37 	0.00, 10.00 	11,30,10,165		2.72,1.17	1000,1 	0
1070    	-1.88, -7.13, 4.97 	-0.23, 0.48, -6.37 	0.00, 10.00 	11,30,10,175		0.00,3.89	1000,1 	0
1079    	-1.87, -7.15, 4.97 	-0.18, 0.48, -6.36 	0.00, 10.00 	11,30,10,185		2.34,5.07	1000,1 	0
1088    	-1.87, -7.16, 4.97 	-0.13, 0.49, -6.35 	0.00, 10.00 	11,30,10,194		1.17,6.19	1000,1 	0
1097    	-1.85, -7.16, 4.97 	-0.15, 0.50, -6.36 	0.00, 10.00 	11,30,10,204		2.49,2.75	1000,1 	0
1106    	-1.87, -7.15, 4.97 	-0.14, 0.47, -6.34 	0.00, 10.00 	11,30,10,214		2.78,3.75	1000,1 	0
1115    	-1.87, -7.14, 4.97 	-0.16, 0.49, -6.36 	0.00, 10.00 	11,30,10,223		1.17,3.44	1000,1 	0
1124    	-1.87, -7.14, 4.97 	-0.17, 0.46, -6.34 	0.00, 10.00 	11,30,10,233		0.00,3.67	1000,1 	0
1133    	-1.89, -7.14, 4.97 	-0.16, 0.49, -6.34 	0.00, 10.00 	11,30,10,243		1.24,3.67	1000,1 	0
1142    	-1.89, -7.13, 4.96 	-0.18, 0.47, -6.34 	0.00, 10.00 	11,30,10,252		1.17,3.32	1000,1 	0
1151    	-1.89, -7.15, 4.97 	-0.14, 0.47, -6.36 	0.00, 10.00 	11,30,10,262		2.62,4.89	1000,1 	0
1160    	-1.89, -7.15, 4.97 	-0.14, 0.47, -6.38 	0.00, 10.00 	11,30,10,272		0.00,0.00	1000,1 	0
1169    	-1.88, -7.15, 4.97 	-0.16, 0.48, -6.38 	0.00, 10.00 	11,30,10,281		1.24,2.75	1000,1 	0
1178    	-1.89, -7.16, 4.97 	-0.20, 0.48, -6.38 	0.00, 10.00 	11,30,10,291		1.68,3.67	1000,1 	0
1187    	-1.87, -7.16, 4.97 	-0.15, 0.49, -6.37 	0.00, 10.00 	11,30,10,301		2.49,4.99	1000,1 	0
1196    	-1.87, -7.15, 4.97 	-0.13, 0.48, -6.36 	0.00, 10.00 	11,30,10,310		1.17,2.75	1000,1 	0
1205    	-1.87, -7.14, 4.97 	-0.15, 0.46, -6.35 	0.00, 10.00 	11,30,10,320		1.17,3.32	1000,1 	0
1214    	-1.90, -7.13, 4.97 	-0.17, 0.45, -6.35 	0.00, 10.00 	11,30,10,330		2.78,2.68	1000,1 	0
1223    	-1.89, -7.11, 4.96 	-0.17, 0.45, -6.35 	0.00, 10.00 	11,30,10,340		2.62,0.00	1000,1 	0
1232    	-1.88, -7.10, 4.96 	-0.17, 0.45, -6.35 	0.00, 10.00 	11,30,10,349		1.68,0.00	1000,1 	0
1241    	-1.88, -7.10, 4.96 	-0.20, 0.48, -6.36 	0.00, 10.00 	11,30,10,359		0.00,4.34	1000,1 	0
1250    	-1.89, -7.12, 4.96 	-0.16, 0.47, -6.38 	0.00, 10.00 	11,30,10,369		2.62,3.89	1000,1 	0
1259    	-1.88, -7.12, 4.97 	-0.11, 0.49, -6.38 	0.00, 10.00 	11,30,10,378		1.24,6.19	1000,1 	0
1268    	-1.88, -7.12, 4.97 	-0.12, 0.51, -6.38 	0.00, 10.00 	11,30,10,388		0.00,2.67	1000,1 	0
1277    	-1.88, -7.12, 4.97 	-0.12, 0.53, -6.37 	0.00, 10.00 	11,30,10,398		0.00,2.33	1000,1 	0
1286    	-1.91, -7.13, 4.98 	-0.09, 0.54, -6.36 	0.00, 10.00 	11,30,10,407		3.88,3.81	1000,1 	0
1295    	-1.91, -7.13, 4.98 	-0.09, 0.53, -6.35 	0.00, 10.00 	11,30,10,417		0.00,1.17	1000,1 	0
1304    	-1.92, -7.12, 4.96 	-0.15, 0.52, -6.35 	0.00, 10.00 	11,30,10,427		1.73,6.12	1000,1 	0
1313    	-1.91, -7.12, 4.96 	-0.15, 0.49, -6.33 	0.00, 10.00 	11,30,10,436		1.24,3.67	1000,1 	0
1322    	-1.91, -7.10, 4.96 	-0.15, 0.48, -6.34 	0.00, 10.00 	11,30,10,446		2.34,1.17	1000,1 	0
1331    	-1.91, -7.11, 4.97 	-0.21, 0.48, -6.34 	0.00, 10.00 	11,30,10,456		1.17,6.12	1000,1 	0
1340    	-1.91, -7.11, 4.97 	-0.15, 0.49, -6.35 	0.00, 10.00 	11,30,10,465		0.00,6.19	1000,1 	0
1349    	-1.87, -7.14, 4.97 	-0.18, 0.49, -6.36 	0.00, 10.00 	11,30,10,475		5.19,2.45	1000,1 	0
1358    	-1.87, -7.15, 4.97 	-0.20, 0.50, -6.35 	0.00, 10.00 	11,30,10,485		1.17,2.75	1000,1 	0
1367    	-1.90, -7.16, 4.97 	-0.15, 0.49, -6.35 	0.00, 10.00 	11,30,10,494		3.88,5.07	1000,1 	0
1376    	-1.91, -7.15, 4.97 	-0.14, 0.50, -6.36 	0.00, 10.00 	11,30,10,504		1.17,1.66	1000,1 	0
1385    	-1.91, -7.15, 4.97 	-0.17, 0.52, -6.36 	0.00, 10.00 	11,30,10,514		0.00,3.44	1000,1 	0
1394    	-1.91, -7.14, 4.97 	-0.17, 0.51, -6.35 	0.00, 10.00 	11,30,10,523		1.17,1.17	1000,1 	0
1403    	-1.90, -7.12, 4.96 	-0.17, 0.50, -6.36 	0.00, 10.00 	11,30,10,533		2.62,1.17	1000,1 	0
1412    	-1.91, -7.10, 4.96 	-0.19, 0.54, -6.36 	0.00, 10.00 	11,30,10,543		2.68,5.34	1000,1 	0
1421    	-1.94, -7.10, 4.97 	-0.20, 0.56, -6.38 	0.00, 10.00 	11,30,10,553		2.49,2.33	1000,1 	0
1430    	-1.94, -7.10, 4.97 	-0.19, 0.62, -6.43 	0.00, 10.00 	11,30,10,562		0.00,5.92	1000,1 	0
1439    	-1.90, -7.12, 4.95 	-0.13, 0.65, -6.55 	0.00, 10.00 	11,30,10,572		4.46,8.03	1000,1 	0
1448    	-1.91, -7.14, 4.96 	0.06, 0.78, -6.67 	0.00, 10.00 	11,30,10,582		2.62,25.66	1000,1 	0
1457    	-1.90, -7.12, 4.97 	0.07, 0.74, -6.66 	0.00, 10.00 	11,30,10,591		2.62,4.67	1000,1 	0
1466    	-1.90, -7.12, 4.97 	-0.10, 0.76, -6.63 	0.00, 10.00 	11,30,10,601		0.00,19.09	1000,1 	0
1475    	-1.88, -7.12, 4.97 	-0.30, 0.86, -6.64 	0.00, 10.00 	11,30,10,611		2.49,24.81	1000,1 	0
1484    	-1.89, -7.12, 4.97 	-0.48, 0.91, -6.70 	0.00, 10.00 	11,30,10,620		1.24,20.34	1000,1 	0
1493    	-1.90, -7.10, 4.97 	-0.57, 1.00, -6.83 	0.00, 10.00 	11,30,10,630		2.68,13.78	1000,1 	0
1502    	-1.90, -7.10, 4.97 	-0.56, 1.22, -7.04 	0.00, 10.00 	11,30,10,640		0.00,24.66	1000,1 	0
1511    	-1.91, -7.12, 4.95 	-0.52, 1.51, -7.27 	0.00, 10.00 	11,30,10,649		2.62,32.38	1000,1 	0
1520    	-1.87, -7.12, 4.96 	-0.41, 1.79, -7.45 	0.00, 10.00 	11,30,10,659		4.97,33.34	1000,1 	0
1529    	-1.89, -7.12, 4.96 	-0.16, 2.07, -7.58 	0.00, 10.00 	11,30,10,669		2.49,42.44	1000,1 	0
1538    	-1.86, -7.14, 4.96 	0.03, 2.39, -7.73 	0.00, 10.00 	11,30,10,678		3.46,40.89	1000,1 	0
1547    	-1.86, -7.15, 4.96 	0.09, 2.56, -7.80 	0.00, 10.00 	11,30,10,688		1.17,20.28	1000,1 	0
1556    	-1.84, -7.15, 4.96 	0.07, 2.66, -7.77 	0.00, 10.00 	11,30,10,698		2.49,10.62	1000,1 	0
1565    	-1.84, -7.14, 4.95 	-0.05, 2.72, -7.68 	0.00, 10.00 	11,30,10,707		1.17,14.94	1000,1 	0
1574    	-1.84, -7.14, 4.95 	-0.13, 2.89, -7.63 	0.00, 10.00 	11,30,10,717		0.00,20.96	1000,1 	0
1583    	-1.84, -7.14, 4.95 	-0.23, 3.14, -7.62 	0.00, 10.00 	11,30,10,727		0.00,30.33	1000,1 	0
1592    	-1.84, -7.13, 4.95 	-0.28, 3.35, -7.62 	0.00, 10.00 	11,30,10,736		1.17,23.55	1000,1 	0
1601    	-1.86, -7.14, 4.96 	-0.25, 3.61, -7.61 	0.00, 10.00 	11,30,10,746		2.72,28.72	1000,1 	0
1610    	-1.86, -7.13, 4.96 	-0.22, 3.94, -7.61 	0.00, 10.00 	11,30,10,756		1.17,36.90	1000,1 	0
1619    	-1.87, -7.14, 4.96 	-0.09, 4.33, -7.63 	0.00, 10.00 	11,30,10,766		1.68,45.76	1000,1 	0
1628    	-1.89, -7.14, 4.96 	-0.04, 4.64, -7.62 	0.00, 10.00 	11,30,10,775		1.24,35.24	1000,1 	0
1637    	-1.89, -7.14, 4.96 	0.09, 4.92, -7.58 	0.00, 10.00 	11,30,10,785		0.00,33.95	1000,1 	0
1646    	-1.89, -7.14, 4.96 	0.07, 5.16, -7.57 	0.00, 10.00 	11,30,10,795		0.00,26.83	1000,1 	0
1655    	-1.86, -7.15, 4.96 	-0.03, 5.41, -7.51 	0.00, 10.00 	11,30,10,804		2.78,30.33	1000,1 	0
1664    	-1.86, -7.14, 4.96 	-0.19, 5.60, -7.45 	0.00, 10.00 	11,30,10,814		1.17,27.01	1000,1 	0
1673    	-1.86, -7.14, 4.96 	-0.43, 5.73, -7.38 	0.00, 10.00 	11,30,10,823		0.00,30.57	1000,1 	0
1682    	-1.86, -7.14, 4.96 	-0.60, 5.87, -7.32 	0.00, 10.00 	11,30,10,833		0.00,24.90	1000,1 	0
1691    	-1.86, -7.14, 4.96 	-0.70, 6.09, -7.32 	0.00, 10.00 	11,30,10,843		0.00,26.94	1000,1 	0
1700    	-1.89, -7.14, 4.96 	-0.67, 6.36, -7.32 	0.00, 10.00 	11,30,10,853		2.49,29.85	1000,1 	0
1709    	-1.89, -7.14, 4.96 	-0.58, 6.64, -7.36 	0.00, 10.00 	11,30,10,862		0.00,32.78	1000,1 	0
1718    	-1.86, -7.14, 4.96 	-0.50, 6.89, -7.42 	0.00, 10.00 	11,30,10,872		2.49,29.62	1000,1 	0
1727    	-1.86, -7.15, 4.96 	-0.51, 7.07, -7.42 	0.00, 10.00 	11,30,10,882		1.17,19.84	1000,1 	0
1736    	-1.84, -7.15, 4.96 	-0.42, 7.22, -7.44 	0.00, 10.00 	11,30,10,891		2.49,19.17	1000,1 	0
1745    	-1.84, -7.14, 4.95 	-0.32, 7.38, -7.43 	0.00, 10.00 	11,30,10,901		1.17,20.82	1000,1 	0
1754    	-1.82, -7.16, 4.96 	-0.30, 7.57, -7.41 	0.00, 10.00 	11,30,10,911		3.46,21.41	1000,1 	0
1763    	-1.83, -7.17, 4.96 	-0.34, 7.73, -7.32 	0.00, 10.00 	11,30,10,920		1.68,18.92	1000,1 	0
1772    	-1.82, -7.16, 4.95 	-0.45, 7.98, -7.16 	0.00, 10.00 	11,30,10,930		1.68,29.57	1000,1 	0
1781    	-1.83, -7.16, 4.96 	-0.44, 8.20, -7.05 	0.00, 10.00 	11,30,10,940		1.24,24.83	1000,1 	0
1790    	-1.82, -7.16, 4.96 	-0.45, 8.42, -6.98 	0.00, 10.00 	11,30,10,949		1.24,24.55	1000,1 	0
1799    	-1.83, -7.16, 4.95 	-0.38, 8.64, -6.90 	0.00, 10.00 	11,30,10,959		1.24,25.47	1000,1 	0
1808    	-1.83, -7.16, 4.95 	-0.21, 8.88, -6.83 	0.00, 10.00 	11,30,10,969		0.00,32.40	1000,1 	0
1817    	-1.83, -7.16, 4.95 	0.01, 9.09, -6.76 	0.00, 10.00 	11,30,10,978		0.00,33.59	1000,1 	0
1826    	-1.83, -7.17, 4.95 	0.16, 9.35, -6.71 	0.00, 10.00 	11,30,10,988		1.17,33.41	1000,1 	0
1835    	-1.83, -7.17, 4.95 	0.23, 9.47, -6.61 	0.00, 10.00 	11,30,10,998		0.00,15.88	1000,1 	0
1844    	-1.82, -7.18, 4.97 	0.20, 9.53, -6.51 	0.00, 10.00 	11,30,11,8		1.17,7.50	1000,1 	0
1853    	-1.86, -7.17, 4.97 	0.07, 9.59, -6.44 	0.00, 10.00 	11,30,11,17		3.94,15.98	1000,1 	0
1862    	-1.85, -7.16, 4.96 	-0.07, 9.62, -6.43 	0.00, 10.00 	11,30,11,27		1.68,16.73	1000,1 	0
1871    	-1.88, -7.17, 4.97 	-0.11, 9.67, -6.46 	0.00, 10.00 	11,30,11,37		3.88,7.00	1000,1 	0
1880    	-1.88, -7.17, 4.97 	-0.15, 9.71, -6.47 	0.00, 10.00 	11,30,11,46		0.00,7.00	1000,1 	0
1889    	-1.88, -7.17, 4.97 	-0.15, 9.78, -6.53 	0.00, 10.00 	11,30,11,56		0.00,7.07	1000,1 	0
1898    	-1.88, -7.18, 4.97 	-0.11, 9.87, -6.59 	0.00, 10.00 	11,30,11,66		1.17,10.99	1000,1 	0
1907    	-1.88, -7.17, 4.96 	-0.02, 9.92, -6.61 	0.00, 10.00 	11,30,11,75		1.17,11.82	1000,1 	0
1916    	-1.88, -7.17, 4.96 	0.13, 9.93, -6.64 	0.00, 10.00 	11,30,11,85		0.00,15.91	1000,1 	0
1925    	-1.89, -7.16, 4.97 	0.20, 9.97, -6.66 	0.00, 10.00 	11,30,11,95		1.73,9.14	1000,1 	0
1934    	-1.87, -7.18, 4.97 	0.25, 10.02, -6.66 	0.00, 10.00 	11,30,11,104		3.46,7.57	1000,1 	0
1943    	-1.87, -7.18, 4.97 	0.18, 10.00, -6.65 	0.00, 10.00 	11,30,11,114		0.00,7.40	1000,1 	0
1952    	-1.86, -7.18, 4.97 	0.14, 10.02, -6.64 	0.00, 10.00 	11,30,11,124		1.24,5.49	1000,1 	0
1961    	-1.87, -7.19, 4.96 	0.10, 10.02, -6.65 	0.00, 10.00 	11,30,11,133		1.68,3.67	1000,1 	0
1970    	-1.87, -7.17, 4.96 	0.08, 10.01, -6.66 	0.00, 10.00 	11,30,11,143		2.34,2.45	1000,1 	0
1979    	-1.89, -7.16, 4.96 	0.08, 10.00, -6.66 	0.00, 10.00 	11,30,11,153		2.78,1.17	1000,1 	0
1988    	-1.89, -7.17, 4.96 	0.10, 10.00, -6.67 	0.00, 10.00 	11,30,11,162		1.17,1.22	1000,1 	0
1997    	-1.92, -7.17, 4.96 	0.04, 9.98, -6.69 	0.00, 10.00 	11,30,11,172		2.78,6.48	1000,1 	0
2006    	-1.89, -7.18, 4.96 	0.06, 9.99, -6.76 	0.00, 10.00 	11,30,11,182		3.46,2.68	1000,1 	0
2015    	-1.89, -7.20, 4.96 	0.06, 10.01, -6.76 	0.00, 10.00 	11,30,11,191		1.17,2.33	1000,1 	0
2024    	-1.88, -7.19, 4.97 	0.07, 10.01, -6.71 	0.00, 10.00 	11,30,11,201		1.24,1.22	1000,1 	0
2033    	-1.88, -7.21, 4.97 	-0.06, 9.99, -6.65 	0.00, 10.00 	11,30,11,211		2.34,14.69	1000,1 	0
2042    	-1.86, -7.21, 4.96 	-0.15, 9.98, -6.60 	0.00, 10.00 	11,30,11,220		1.24,9.79	1000,1 	0
2051    	-1.89, -7.20, 4.97 	-0.28, 9.90, -6.56 	0.00, 10.00 	11,30,11,230		3.46,17.16	1000,1 	0
2060    	-1.89, -7.20, 4.97 	-0.39, 9.86, -6.54 	0.00, 10.00 	11,30,11,240		0.00,12.61	1000,1 	0
2069    	-1.88, -7.18, 4.96 	-0.49, 9.87, -6.56 	0.00, 10.00 	11,30,11,249		1.68,11.33	1000,1 	0
2078    	-1.88, -7.16, 4.97 	-0.48, 9.88, -6.56 	0.00, 10.00 	11,30,11,259		2.34,1.66	1000,1 	0
2087    	-1.88, -7.15, 4.97 	-0.49, 9.87, -6.57 	0.00, 10.00 	11,30,11,269		1.17,1.66	1000,1 	0
2096    	-1.90, -7.14, 4.98 	-0.43, 9.89, -6.57 	0.00, 10.00 	11,30,11,278		1.73,6.19	1000,1 	0
2105    	-1.89, -7.15, 4.98 	-0.43, 9.90, -6.57 	0.00, 10.00 	11,30,11,288		1.17,1.17	1000,1 	0
2114    	-1.90, -7.16, 4.98 	-0.43, 9.91, -6.57 	0.00, 10.00 	11,30,11,298		1.68,1.66	1000,1 	0
2123    	-1.90, -7.16, 4.98 	-0.41, 9.90, -6.57 	0.00, 10.00 	11,30,11,308		0.00,1.72	1000,1 	0
2132    	-1.87, -7.17, 4.98 	-0.37, 9.94, -6.56 	0.00, 10.00 	11,30,11,317		3.94,5.92	1000,1 	0
2141    	-1.87, -7.16, 4.98 	-0.32, 9.97, -6.57 	0.00, 10.00 	11,30,11,327		1.17,6.95	1000,1 	0
2150    	-1.87, -7.15, 4.98 	-0.26, 9.99, -6.56 	0.00, 10.00 	11,30,11,337		1.17,7.40	1000,1 	0
2159    	-1.89, -7.16, 4.96 	-0.28, 9.99, -6.55 	0.00, 10.00 	11,30,11,346		2.72,2.45	1000,1 	0
2168    	-1.91, -7.18, 4.97 	-0.26, 10.02, -6.57 	0.00, 10.00 	11,30,11,356		2.72,4.20	1000,1 	0
2177    	-1.92, -7.16, 4.95 	-0.28, 10.05, -6.60 	0.00, 10.00 	11,30,11,366		2.34,3.75	1000,1 	0
2186    	-1.91, -7.13, 4.97 	-0.26, 10.05, -6.63 	0.00, 10.00 	11,30,11,375		2.62,2.45	1000,1 	0
2195    	-1.92, -7.12, 4.97 	-0.22, 10.07, -6.64 	0.00, 10.00 	11,30,11,385		1.73,3.81	1000,1 	0
2204    	-1.92, -7.12, 4.97 	-0.18, 10.08, -6.64 	0.00, 10.00 	11,30,11,395		0.00,4.99	1000,1 	0
2213    	-1.92, -7.15, 4.97 	-0.15, 10.11, -6.63 	0.00, 10.00 	11,30,11,404		2.34,4.28	1000,1 	0
2222    	-1.89, -7.16, 4.97 	-0.15, 10.12, -6.63 	0.00, 10.00 	11,30,11,414		3.46,1.17	1000,1 	0
2231    	-1.90, -7.18, 4.96 	-0.15, 10.12, -6.63 	0.00, 10.00 	11,30,11,424		1.68,0.00	1000,1 	0
2240    	-1.90, -7.16, 4.97 	-0.17, 10.14, -6.64 	0.00, 10.00 	11,30,11,433		1.17,2.67	1000,1 	0
2249    	-1.88, -7.16, 4.97 	-0.19, 10.11, -6.62 	0.00, 10.00 	11,30,11,443		2.49,3.32	1000,1 	0
2258    	-1.88, -7.16, 4.97 	-0.21, 10.12, -6.62 	0.00, 10.00 	11,30,11,453		0.00,2.75	1000,1 	0
2267    	-1.90, -7.16, 4.97 	-0.21, 10.11, -6.62 	0.00, 10.00 	11,30,11,462		2.49,1.17	1000,1 	0
2276    	-1.87, -7.16, 4.98 	-0.22, 10.11, -6.62 	0.00, 10.00 	11,30,11,472		3.73,1.22	1000,1 	0
2285    	-1.87, -7.16, 4.98 	-0.21, 10.11, -6.62 	0.00, 10.00 	11,30,11,482		0.00,1.22	1000,1 	0
2294    	-1.90, -7.16, 4.98 	-0.21, 10.13, -6.63 	0.00, 10.00 	11,30,11,492		3.73,2.33	1000,1 	0
2303    	-1.86, -7.17, 4.98 	-0.21, 10.12, -6.63 	0.00, -0.00 	11,30,11,511		5.14,1.17	1000,1 	0
2312    	-1.86, -7.17, 4.98 	-0.19, 10.13, -6.62 	0.00, -0.00 	11,30,11,520		0.00,3.01	1000,1 	0
2321    	-1.86, -7.16, 4.98 	-0.22, 10.13, -6.62 	0.00, -0.00 	11,30,11,530		1.32,4.13	1000,1 	0
2330    	-1.86, -7.16, 4.98 	-0.22, 10.12, -6.60 	0.00, -0.00 	11,30,11,540		0.00,1.31	1000,1 	0
2339    	-1.86, -7.15, 4.98 	-0.25, 10.13, -6.60 	0.00, -0.00 	11,30,11,550		1.32,4.38	1000,1 	0
2348    	-1.91, -7.13, 4.97 	-0.28, 10.11, -6.60 	0.00, -0.00 	11,30,11,559		6.25,3.01	1000,1 	0
2357    	-1.90, -7.09, 4.96 	-0.36, 10.07, -6.61 	0.00, -0.00 	11,30,11,569		5.41,11.57	1000,1 	0
2366    	-1.93, -7.09, 4.96 	-0.34, 10.08, -6.62 	0.00, -0.00 	11,30,11,579		2.80,2.75	1000,1 	0
2375    	-1.92, -7.11, 4.95 	-0.30, 10.13, -6.63 	0.00, -0.00 	11,30,11,588		2.63,8.43	1000,1 	0
2384    	-1.92, -7.10, 4.96 	-0.26, 10.17, -6.64 	0.00, -0.00 	11,30,11,598		1.32,6.66	1000,1 	0
2393    	-1.89, -7.10, 4.96 	-0.19, 10.21, -6.62 	0.00, -0.00 	11,30,11,608		4.20,10.29	1000,1 	0
2402    	-1.89, -7.10, 4.96 	-0.16, 10.23, -6.62 	0.00, -0.00 	11,30,11,617		0.00,4.82	1000,1 	0
2411    	-1.89, -7.10, 4.96 	-0.15, 10.21, -6.61 	0.00, -0.00 	11,30,11,627		0.00,2.63	1000,1 	0
2420    	-1.89, -7.10, 4.96 	-0.15, 10.21, -6.60 	0.00, -0.00 	11,30,11,637		0.00,0.00	1000,1 	0
2429    	-1.89, -7.10, 4.96 	-0.20, 10.21, -6.59 	0.00, -0.00 	11,30,11,646		0.00,5.51	1000,1 	0
2438    	-1.89, -7.10, 4.96 	-0.24, 10.18, -6.58 	0.00, -0.00 	11,30,11,656		0.00,6.02	1000,1 	0
2447    	-1.86, -7.11, 4.97 	-0.28, 10.13, -6.57 	0.00, -0.00 	11,30,11,666		4.43,7.48	1000,1 	0
2456    	-1.86, -7.11, 4.97 	-0.31, 10.13, -6.58 	0.00, -0.00 	11,30,11,675		0.00,4.13	1000,1 	0
2465    	-1.88, -7.10, 4.97 	-0.28, 10.13, -6.59 	0.00, -0.00 	11,30,11,685		3.12,4.13	1000,1 	0
2474    	-1.84, -7.12, 4.97 	-0.23, 10.16, -6.61 	0.00, -0.00 	11,30,11,695		5.01,7.28	1000,1 	0
2483    	-1.84, -7.12, 4.97 	-0.19, 10.17, -6.61 	0.00, -0.00 	11,30,11,704		0.00,4.29	1000,1 	0
2492    	-1.84, -7.12, 4.97 	-0.15, 10.18, -6.63 	0.00, -0.00 	11,30,11,714		0.00,5.51	1000,1 	0
2501    	-1.84, -7.12, 4.97 	-0.14, 10.19, -6.62 	0.00, -0.00 	11,30,11,724		0.00,1.87	1000,1 	0
2510    	-1.84, -7.12, 4.97 	-0.15, 10.18, -6.62 	0.00, -0.00 	11,30,11,733		0.00,1.87	1000,1 	0
2519    	-1.88, -7.12, 4.97 	-0.17, 10.17, -6.61 	0.00, -0.00 	11,30,11,743		4.20,3.01	1000,1 	0
2528    	-1.87, -7.12, 4.97 	-0.18, 10.18, -6.61 	0.00, -0.00 	11,30,11,753		1.40,1.93	1000,1 	0
2537    	-1.89, -7.10, 4.97 	-0.18, 10.18, -6.61 	0.00, -0.00 	11,30,11,763		3.89,0.00	1000,1 	0
2546    	-1.91, -7.11, 4.97 	-0.19, 10.17, -6.61 	0.00, -0.00 	11,30,11,772		3.06,1.38	1000,1 	0
2555    	-1.91, -7.11, 4.97 	-0.19, 10.16, -6.62 	0.00, -0.00 	11,30,11,782		0.00,1.31	1000,1 	0
2564    	-1.90, -7.11, 4.96 	-0.19, 10.15, -6.63 	0.00, -0.00 	11,30,11,792		1.40,1.31	1000,1 	0
2573    	-1.90, -7.13, 4.96 	-0.13, 10.16, -6.64 	0.00, -0.00 	11,30,11,801		2.63,8.26	1000,1 	0
2582    	-1.89, -7.12, 4.97 	-0.15, 10.10, -6.69 	0.00, -0.00 	11,30,11,811		1.89,8.77	1000,1 	0
2591    	-1.90, -7.12, 4.97 	-0.18, 9.90, -6.69 	0.00, -0.00 	11,30,11,821		1.40,24.39	1000,1 	0
2600    	-1.88, -7.12, 4.96 	-0.30, 9.70, -6.61 	0.00, -0.00 	11,30,11,830		2.80,29.16	1000,1 	0
2609    	-1.88, -7.12, 4.96 	-0.51, 9.47, -6.58 	0.00, -0.00 	11,30,11,840		0.00,39.41	1000,1 	0
2618    	-1.88, -7.10, 4.96 	-0.76, 9.26, -6.61 	0.00, -0.00 	11,30,11,850		2.63,40.39	1000,1 	0
2627    	-1.88, -7.10, 4.96 	-0.98, 9.05, -6.66 	0.00, -0.00 	11,30,11,859		0.00,37.79	1000,1 	0
2636    	-1.90, -7.09, 4.96 	-1.09, 8.78, -6.68 	0.00, -0.00 	11,30,11,869		3.12,37.50	1000,1 	0
2645    	-1.90, -7.09, 4.96 	-1.12, 8.52, -6.70 	0.00, -0.00 	11,30,11,879		0.00,32.03	1000,1 	0
2654    	-1.91, -7.09, 4.96 	-1.09, 8.26, -6.76 	0.00, -0.00 	11,30,11,888		1.40,32.81	1000,1 	0
2663    	-1.91, -7.10, 4.96 	-1.04, 8.02, -6.79 	0.00, -0.00 	11,30,11,898		1.32,30.42	1000,1 	0
2672    	-1.91, -7.11, 4.96 	-0.92, 7.77, -6.81 	0.00, -0.00 	11,30,11,908		1.32,34.52	1000,1 	0
2681    	-1.89, -7.12, 4.96 	-0.81, 7.52, -6.82 	0.00, -0.00 	11,30,11,917		3.12,34.52	1000,1 	0
2690    	-1.90, -7.13, 4.96 	-0.75, 7.21, -6.80 	0.00, -0.00 	11,30,11,927		1.89,39.58	1000,1 	0
2699    	-1.88, -7.12, 4.96 	-0.76, 6.79, -6.78 	0.00, -0.00 	11,30,11,937		3.06,51.60	1000,1 	0
2708    	-1.88, -7.11, 4.98 	-0.74, 6.33, -6.77 	0.00, -0.00 	11,30,11,946		1.32,57.85	1000,1 	0
2717    	-1.88, -7.11, 4.98 	-0.70, 5.97, -6.84 	0.00, -0.00 	11,30,11,956		0.00,45.93	1000,1 	0
2726    	-1.88, -7.10, 4.98 	-0.71, 5.69, -6.99 	0.00, -0.00 	11,30,11,966		1.32,34.40	1000,1 	0
2735    	-1.88, -7.11, 4.97 	-0.75, 5.46, -7.13 	0.00, -0.00 	11,30,11,975		1.32,29.78	1000,1 	0
2744    	-1.90, -7.10, 4.97 	-0.75, 5.21, -7.22 	0.00, -0.00 	11,30,11,985		3.12,30.34	1000,1 	0
2753    	-1.90, -7.10, 4.98 	-0.66, 4.96, -7.25 	0.00, -0.00 	11,30,11,995		0.00,33.77	0,0 	0
2762    	-1.91, -7.12, 4.98 	-0.60, 4.75, -7.28 	0.00, -0.00 	11,30,12,5		2.95,26.72	0,0 	0
2771    	-1.89, -7.11, 4.97 	-0.50, 4.47, -7.25 	0.00, -0.00 	11,30,12,14		3.06,37.63	0,0 	0
2780    	-1.89, -7.10, 4.98 	-0.53, 4.11, -7.18 	0.00, -0.00 	11,30,12,24		1.32,45.36	0,0 	0
2789    	-1.87, -7.11, 4.97 	-0.56, 3.80, -7.11 	0.00, -0.00 	11,30,12,34		3.12,38.69	0,0 	0
2798    	-1.84, -7.11, 4.97 	-0.59, 3.56, -7.04 	0.00, -0.00 	11,30,12,43		2.80,29.78	0,0 	0
2807    	-1.86, -7.10, 4.97 	-0.75, 3.32, -6.98 	0.00, -0.00 	11,30,12,53		1.95,35.56	0,0 	0
2816    	-1.88, -7.11, 4.96 	-0.80, 3.13, -6.96 	0.00, -0.00 	11,30,12,63		3.06,25.22	0,0 	0
2825    	-1.88, -7.11, 4.96 	-0.86, 3.04, -7.01 	0.00, -0.00 	11,30,12,72		0.00,14.01	0,0 	0
2834    	-1.88, -7.10, 4.96 	-0.90, 2.82, -7.03 	0.00, -0.00 	11,30,12,82		1.32,27.26	0,0 	0
2843    	-1.88, -7.10, 4.96 	-0.82, 2.57, -7.00 	0.00, -0.00 	11,30,12,92		0.00,33.47	0,0 	0
2852    	-1.88, -7.12, 4.96 	-0.72, 2.38, -7.03 	0.00, -0.00 	11,30,12,101		2.63,27.05	0,0 	0
2861    	-1.86, -7.11, 4.96 	-0.63, 2.21, -7.01 	0.00, -0.00 	11,30,12,111		3.06,24.06	0,0 	0
2870    	-1.86, -7.11, 4.96 	-0.53, 2.12, -7.01 	0.00, -0.00 	11,30,12,121		0.00,16.42	0,0 	0
2879    	-1.85, -7.12, 4.97 	-0.45, 1.92, -6.95 	0.00, -0.00 	11,30,12,131		1.32,27.37	0,0 	0
2888    	-1.87, -7.12, 4.97 	-0.44, 1.72, -6.87 	0.00, -0.00 	11,30,12,140		1.40,25.01	0,0 	0
2897    	-1.87, -7.12, 4.97 	-0.48, 1.54, -6.84 	0.00, -0.00 	11,30,12,150		0.00,23.54	0,0 	0
2906    	-1.87, -7.12, 4.97 	-0.64, 1.38, -6.84 	0.00, -0.00 	11,30,12,160		0.00,27.41	0,0 	0
