#Time 	Sensor1         Sensor2         Target          Time            Vel             
#================================================================

11      	25.15, -25.99, -8.42 	-0.02, -0.14, -6.71 	0.00, 20.00 	11,28,32,29		0.00,0.00	0,0 	0
14      	25.18, -25.97, -8.42 	-0.04, -0.15, -6.71 	0.00, 20.00 	11,28,32,37		12.39,7.55	0,0 	0
23      	25.13, -25.99, -8.42 	-0.01, -0.08, -6.71 	0.00, 20.00 	11,28,32,47		6.08,8.20	0,0 	0
32      	25.18, -25.96, -8.42 	0.03, -0.02, -6.71 	0.00, 20.00 	11,28,32,57		6.65,7.62	0,0 	0
42      	25.15, -25.95, -8.42 	0.04, -0.00, -6.74 	0.00, 20.00 	11,28,32,68		3.34,2.46	0,0 	0
49      	25.15, -25.90, -8.41 	0.05, -0.00, -6.75 	0.00, 20.00 	11,28,32,76		6.57,1.42	0,0 	0
58      	25.13, -25.90, -8.41 	0.09, -0.01, -6.73 	0.00, 20.00 	11,28,32,86		2.27,4.63	0,0 	0
67      	25.12, -25.89, -8.40 	0.07, 0.02, -6.76 	0.00, 20.00 	11,28,32,96		1.76,4.45	0,0 	0
75      	25.13, -25.86, -8.35 	0.06, 0.06, -6.78 	0.00, 20.00 	11,28,32,105		3.07,4.48	0,0 	0
84      	25.05, -25.87, -8.34 	0.05, 0.04, -6.77 	0.00, 20.00 	11,28,32,115		9.10,1.66	0,0 	0
93      	25.09, -25.86, -8.34 	0.01, 0.08, -6.78 	0.00, 20.00 	11,28,32,125		4.64,5.91	0,0 	0
101     	25.12, -25.81, -8.34 	0.06, 0.09, -6.79 	0.00, 20.00 	11,28,32,134		7.93,6.34	0,0 	0
110     	25.13, -25.77, -8.34 	0.06, 0.08, -6.79 	0.00, 20.00 	11,28,32,144		3.93,1.27	0,0 	0
119     	25.11, -25.74, -8.34 	0.06, 0.08, -6.77 	0.00, 20.00 	11,28,32,154		4.58,0.00	0,0 	0
127     	25.12, -25.70, -8.36 	0.05, 0.09, -6.78 	0.00, 20.00 	11,28,32,163		4.42,1.92	0,0 	0
136     	25.15, -25.68, -8.34 	0.02, 0.08, -6.79 	0.00, 20.00 	11,28,32,173		4.13,3.52	0,0 	0
145     	25.14, -25.68, -8.34 	0.02, 0.08, -6.79 	0.00, 20.00 	11,28,32,183		1.14,0.00	0,0 	0
153     	25.14, -25.68, -8.35 	0.02, 0.08, -6.78 	0.00, 20.00 	11,28,32,192		0.00,0.00	0,0 	0
162     	25.11, -25.66, -8.36 	0.04, 0.09, -6.79 	0.00, 20.00 	11,28,32,202		4.39,2.52	0,0 	0
171     	25.12, -25.66, -8.36 	0.04, 0.05, -6.79 	0.00, 20.00 	11,28,32,212		1.14,5.06	0,0 	0
179     	25.08, -25.67, -8.38 	0.05, 0.06, -6.78 	0.00, 20.00 	11,28,32,221		5.22,1.86	0,0 	0
188     	25.11, -25.67, -8.38 	0.08, 0.07, -6.77 	0.00, 20.00 	11,28,32,231		3.41,3.52	0,0 	0
197     	25.13, -25.66, -8.37 	0.07, 0.04, -6.77 	0.00, 20.00 	11,28,32,241		2.54,2.73	0,0 	0
205     	25.17, -25.62, -8.38 	0.11, 0.03, -6.79 	0.00, 20.00 	11,28,32,250		6.48,5.21	0,0 	0
214     	25.15, -25.65, -8.38 	0.14, 0.03, -6.79 	0.00, 20.00 	11,28,32,260		3.31,3.32	0,0 	0
223     	25.18, -25.67, -8.40 	0.12, 0.02, -6.79 	0.00, 20.00 	11,28,32,270		4.39,2.52	0,0 	0
233     	25.14, -25.65, -8.39 	0.15, -0.00, -6.79 	0.00, 20.00 	11,28,32,281		4.82,3.80	0,0 	0
240     	25.17, -25.60, -8.41 	0.16, -0.05, -6.76 	0.00, 20.00 	11,28,32,289		7.67,6.70	0,0 	0
249     	25.20, -25.65, -8.38 	0.14, -0.11, -6.75 	0.00, 20.00 	11,28,32,299		6.32,6.64	0,0 	0
258     	25.16, -25.66, -8.40 	0.12, -0.14, -6.73 	0.00, 20.00 	11,28,32,309		4.64,4.34	0,0 	0
266     	25.17, -25.61, -8.42 	0.11, -0.18, -6.70 	0.00, 20.00 	11,28,32,318		5.81,5.79	0,0 	0
275     	25.19, -25.59, -8.42 	0.10, -0.23, -6.67 	0.00, 20.00 	11,28,32,328		3.31,5.15	0,0 	0
284     	25.21, -25.55, -8.40 	0.08, -0.25, -6.66 	0.00, 20.00 	11,28,32,338		5.46,3.31	0,0 	0
292     	25.23, -25.50, -8.41 	0.15, -0.29, -6.63 	0.00, 20.00 	11,28,32,347		6.14,9.80	0,0 	0
301     	25.26, -25.48, -8.44 	0.21, -0.32, -6.61 	0.00, 20.00 	11,28,32,357		4.13,7.73	0,0 	0
310     	25.25, -25.43, -8.47 	0.27, -0.35, -6.60 	0.00, 20.00 	11,28,32,367		5.31,7.16	0,0 	0
318     	25.31, -25.44, -8.50 	0.33, -0.40, -6.62 	0.00, 20.00 	11,28,32,376		7.67,9.51	0,0 	0
327     	25.37, -25.36, -8.55 	0.49, -0.45, -6.59 	0.00, 20.00 	11,28,32,386		10.90,18.53	0,0 	0
336     	25.41, -25.29, -8.55 	0.54, -0.50, -6.60 	0.00, 20.00 	11,28,32,396		8.66,8.52	0,0 	0
344     	25.46, -25.20, -8.58 	0.56, -0.54, -6.61 	0.00, 20.00 	11,28,32,405		12.80,5.00	0,0 	0
353     	25.51, -25.16, -8.60 	0.61, -0.57, -6.63 	0.00, 20.00 	11,28,32,415		7.40,6.79	0,0 	0
362     	25.46, -25.10, -8.61 	0.69, -0.60, -6.66 	0.00, 20.00 	11,28,32,425		8.07,10.33	0,0 	0
370     	25.50, -25.05, -8.64 	0.69, -0.57, -6.69 	0.00, 20.00 	11,28,32,434		7.45,4.27	0,0 	0
379     	25.49, -25.01, -8.64 	0.70, -0.59, -6.72 	0.00, 20.00 	11,28,32,444		5.31,2.79	0,0 	0
388     	25.53, -24.99, -8.65 	0.72, -0.59, -6.72 	0.00, 20.00 	11,28,32,454		5.07,2.21	0,0 	0
396     	25.60, -24.95, -8.67 	0.70, -0.64, -6.72 	0.00, 20.00 	11,28,32,463		9.68,7.94	0,0 	0
405     	25.61, -24.92, -8.67 	0.70, -0.67, -6.71 	0.00, 20.00 	11,28,32,473		3.93,2.53	0,0 	0
414     	25.60, -24.89, -8.70 	0.69, -0.67, -6.72 	0.00, 20.00 	11,28,32,483		4.07,1.11	0,0 	0
423     	25.58, -24.87, -8.71 	0.73, -0.66, -6.74 	0.00, 20.00 	11,28,32,493		2.68,5.64	0,0 	0
431     	25.62, -24.86, -8.72 	0.69, -0.63, -6.75 	0.00, 20.00 	11,28,32,502		5.22,6.91	0,0 	0
440     	25.59, -24.87, -8.73 	0.67, -0.63, -6.75 	0.00, 20.00 	11,28,32,512		3.56,2.21	0,0 	0
449     	25.58, -24.83, -8.74 	0.70, -0.63, -6.76 	0.00, 20.00 	11,28,32,522		5.31,4.42	0,0 	0
457     	25.59, -24.84, -8.74 	0.74, -0.67, -6.76 	0.00, 20.00 	11,28,32,531		1.98,6.65	0,0 	0
466     	25.58, -24.87, -8.74 	0.69, -0.66, -6.78 	0.00, 20.00 	11,28,32,541		3.93,6.79	0,0 	0
475     	25.60, -24.85, -8.74 	0.65, -0.72, -6.80 	0.00, 20.00 	11,28,32,551		3.31,8.68	0,0 	0
483     	25.64, -24.85, -8.72 	0.60, -0.73, -6.81 	0.00, 20.00 	11,28,32,560		5.11,6.34	0,0 	0
492     	25.63, -24.83, -8.71 	0.56, -0.78, -6.78 	0.00, 20.00 	11,28,32,570		2.86,6.63	0,0 	0
501     	25.65, -24.83, -8.73 	0.41, -0.77, -6.81 	0.00, 20.00 	11,28,32,580		2.27,16.58	0,0 	0
509     	25.69, -24.82, -8.73 	0.41, -0.80, -6.80 	0.00, 20.00 	11,28,32,589		5.22,2.85	0,0 	0
518     	25.69, -24.82, -8.74 	0.42, -0.81, -6.79 	0.00, 20.00 	11,28,32,599		0.00,1.70	0,0 	0
527     	25.66, -24.85, -8.76 	0.39, -0.74, -6.77 	0.00, 20.00 	11,28,32,609		4.97,8.37	0,0 	0
535     	25.66, -24.83, -8.75 	0.38, -0.76, -6.72 	0.00, 20.00 	11,28,32,618		2.88,3.08	0,0 	0
544     	25.65, -24.78, -8.75 	0.42, -0.77, -6.63 	0.00, 20.00 	11,28,32,628		5.31,4.63	0,0 	0
553     	25.62, -24.78, -8.76 	0.43, -0.83, -6.56 	0.00, 20.00 	11,28,32,638		3.41,6.45	0,0 	0
561     	25.67, -24.79, -8.76 	0.55, -0.90, -6.48 	0.00, 20.00 	11,28,32,647		6.39,17.40	0,0 	0
570     	25.66, -24.82, -8.75 	0.62, -0.95, -6.45 	0.00, 20.00 	11,28,32,657		3.93,9.36	0,0 	0
579     	25.69, -24.86, -8.78 	0.83, -1.04, -6.45 	0.00, 20.00 	11,28,32,667		5.29,26.11	0,0 	0
587     	25.69, -24.81, -8.77 	1.08, -1.09, -6.49 	0.00, 20.00 	11,28,32,676		5.75,31.77	0,0 	0
596     	25.74, -24.81, -8.78 	1.32, -1.12, -6.62 	0.00, 20.00 	11,28,32,686		5.68,26.72	0,0 	0
605     	25.72, -24.83, -8.80 	1.49, -1.10, -6.73 	0.00, 20.00 	11,28,32,696		3.31,18.90	0,0 	0
614     	25.68, -24.93, -8.77 	1.61, -1.13, -6.79 	0.00, 20.00 	11,28,32,706		12.50,13.57	0,0 	0
622     	25.71, -24.90, -8.78 	1.69, -1.09, -6.86 	0.00, 20.00 	11,28,32,715		5.59,10.72	0,0 	0
631     	25.77, -24.94, -8.80 	1.75, -1.11, -6.90 	0.00, 20.00 	11,28,32,725		8.03,6.79	0,0 	0
640     	25.83, -24.96, -8.80 	1.77, -1.15, -6.90 	0.00, 20.00 	11,28,32,735		7.43,5.58	0,0 	0
648     	25.77, -24.96, -8.82 	1.76, -1.20, -6.93 	0.00, 20.00 	11,28,32,744		7.67,5.79	0,0 	0
657     	25.87, -24.98, -8.79 	1.76, -1.19, -6.92 	0.00, 20.00 	11,28,32,754		11.51,1.27	0,0 	0
666     	25.85, -24.95, -8.82 	1.77, -1.19, -6.94 	0.00, 20.00 	11,28,32,764		3.53,1.11	0,0 	0
674     	25.84, -24.96, -8.81 	1.75, -1.23, -6.93 	0.00, 20.00 	11,28,32,773		1.86,6.15	0,0 	0
683     	25.90, -25.00, -8.79 	1.80, -1.28, -6.91 	0.00, 20.00 	11,28,32,783		8.03,7.60	0,0 	0
692     	25.88, -25.04, -8.82 	1.73, -1.31, -6.95 	0.00, 20.00 	11,28,32,793		4.33,8.53	0,0 	0
700     	25.95, -25.03, -8.81 	1.82, -1.44, -6.93 	0.00, 20.00 	11,28,32,802		8.97,19.50	0,0 	0
710     	25.90, -25.08, -8.76 	1.88, -1.53, -6.91 	0.00, 20.00 	11,28,32,813		7.45,11.03	0,0 	0
718     	25.93, -25.06, -8.80 	1.89, -1.60, -6.86 	0.00, 20.00 	11,28,32,822		4.64,8.67	0,0 	0
726     	26.00, -25.04, -8.79 	1.85, -1.67, -6.81 	0.00, 20.00 	11,28,32,831		9.22,9.77	0,0 	0
735     	26.02, -25.04, -8.81 	1.85, -1.78, -6.78 	0.00, 20.00 	11,28,32,841		2.27,12.65	0,0 	0
744     	26.00, -25.11, -8.78 	1.81, -1.80, -6.78 	0.00, 20.00 	11,28,32,851		8.19,5.03	0,0 	0
752     	26.00, -25.18, -8.78 	1.77, -1.87, -6.75 	0.00, 20.00 	11,28,32,860		8.63,9.77	0,0 	0
761     	26.00, -25.21, -8.77 	1.77, -1.92, -6.75 	0.00, 20.00 	11,28,32,870		3.83,5.06	0,0 	0
770     	26.01, -25.24, -8.81 	1.79, -2.00, -6.73 	0.00, 20.00 	11,28,32,880		2.86,9.19	0,0 	0
779     	26.01, -25.23, -8.82 	1.81, -2.03, -6.72 	0.00, 20.00 	11,28,32,890		1.28,4.45	0,0 	0
787     	26.01, -25.21, -8.85 	1.82, -2.10, -6.71 	0.00, 20.00 	11,28,32,899		1.44,8.67	0,0 	0
797     	26.07, -25.23, -8.84 	1.85, -2.10, -6.72 	0.00, 20.00 	11,28,32,910		6.31,2.99	0,0 	0
805     	26.03, -25.25, -8.85 	1.87, -2.24, -6.72 	0.00, 20.00 	11,28,32,919		5.70,17.33	0,0 	0
813     	26.03, -25.30, -8.89 	1.88, -2.35, -6.73 	0.00, 20.00 	11,28,32,928		5.75,14.32	0,0 	0
823     	26.06, -25.33, -8.90 	1.95, -2.59, -6.74 	0.00, 20.00 	11,28,32,939		4.76,25.09	0,0 	0
831     	26.00, -25.39, -8.91 	2.04, -2.78, -6.77 	0.00, 20.00 	11,28,32,948		10.17,25.65	0,0 	0
839     	26.03, -25.43, -8.92 	2.14, -2.97, -6.79 	0.00, 20.00 	11,28,32,957		7.11,27.51	0,0 	0
848     	26.02, -25.44, -8.93 	2.14, -3.13, -6.83 	0.00, 20.00 	11,28,32,967		1.66,17.72	0,0 	0
857     	26.07, -25.49, -8.94 	2.20, -3.21, -6.85 	0.00, 20.00 	11,28,32,977		7.88,11.21	0,0 	0
865     	26.03, -25.54, -8.94 	2.13, -3.29, -6.89 	0.00, 20.00 	11,28,32,986		7.45,13.05	0,0 	0
874     	26.01, -25.58, -8.95 	2.22, -3.28, -6.89 	0.00, 20.00 	11,28,32,996		5.46,10.00	0,0 	0
883     	26.02, -25.55, -8.95 	2.20, -3.34, -6.89 	0.00, 20.00 	11,28,33,6		3.93,6.64	0,0 	0
891     	26.05, -25.62, -8.95 	2.15, -3.38, -6.91 	0.00, 20.00 	11,28,33,15		9.15,8.32	0,0 	0
900     	26.07, -25.63, -8.97 	2.12, -3.45, -6.90 	0.00, 20.00 	11,28,33,25		2.68,8.20	0,0 	0
909     	26.13, -25.63, -8.96 	2.12, -3.46, -6.93 	0.00, 20.00 	11,28,33,35		6.82,1.27	0,0 	0
917     	26.14, -25.64, -8.99 	2.17, -3.50, -6.95 	0.00, 20.00 	11,28,33,44		1.98,7.64	0,0 	0
926     	26.15, -25.69, -8.98 	2.18, -3.57, -6.98 	0.00, 20.00 	11,28,33,54		5.31,7.70	0,0 	0
936     	26.14, -25.67, -8.99 	2.13, -3.60, -7.00 	0.00, 20.00 	11,28,33,64		2.58,5.96	0,0 	0
944     	26.18, -25.69, -9.01 	2.19, -3.65, -7.04 	0.00, 20.00 	11,28,33,73		6.02,9.51	0,0 	0
953     	26.23, -25.74, -9.01 	2.16, -3.73, -7.08 	0.00, 20.00 	11,28,33,83		7.88,9.37	0,0 	0
962     	26.24, -25.75, -9.02 	2.17, -3.82, -7.14 	0.00, 20.00 	11,28,33,93		1.76,10.21	0,0 	0
971     	26.25, -25.80, -9.04 	2.18, -3.89, -7.20 	0.00, 20.00 	11,28,33,103		5.31,7.70	0,0 	0
979     	26.27, -25.81, -9.06 	2.16, -3.94, -7.29 	0.00, 20.00 	11,28,33,112		3.01,7.47	0,0 	0
988     	26.29, -25.82, -9.05 	2.17, -3.98, -7.40 	0.00, 20.00 	11,28,33,122		2.68,3.98	0,0 	0
997     	26.32, -25.87, -9.08 	2.27, -4.01, -7.48 	0.00, 20.00 	11,28,33,132		5.72,11.79	0,0 	0
1005    	26.30, -25.85, -9.11 	2.29, -4.07, -7.57 	0.00, 20.00 	11,28,33,141		3.22,7.60	1000,1 	0
1014    	26.31, -25.88, -9.11 	2.24, -4.07, -7.65 	0.00, 20.00 	11,28,33,151		3.83,5.53	1000,1 	0
1023    	26.34, -25.87, -9.09 	2.28, -4.07, -7.69 	0.00, 20.00 	11,28,33,161		3.56,4.42	1000,1 	0
1031    	26.36, -25.90, -9.11 	2.26, -4.06, -7.76 	0.00, 20.00 	11,28,33,170		3.97,2.90	1000,1 	0
1040    	26.44, -25.90, -9.13 	2.30, -4.04, -7.78 	0.00, 20.00 	11,28,33,180		9.09,5.03	1000,1 	0
1049    	26.44, -25.90, -9.16 	2.28, -4.01, -7.81 	0.00, 20.00 	11,28,33,190		0.00,3.41	1000,1 	0
1057    	26.47, -25.89, -9.16 	2.29, -4.01, -7.84 	0.00, 20.00 	11,28,33,199		4.01,1.24	1000,1 	0
1066    	26.52, -25.88, -9.15 	2.36, -3.98, -7.87 	0.00, 20.00 	11,28,33,209		5.74,8.53	1000,1 	0
1075    	26.50, -25.89, -9.15 	2.32, -3.98, -7.88 	0.00, 20.00 	11,28,33,219		2.54,4.42	1000,1 	0
1083    	26.52, -25.88, -9.20 	2.33, -3.98, -7.92 	0.00, 20.00 	11,28,33,228		2.85,1.24	1000,1 	0
1092    	26.55, -25.90, -9.19 	2.35, -3.96, -7.92 	0.00, 20.00 	11,28,33,238		4.39,3.31	1000,1 	0
1101    	26.59, -25.88, -9.21 	2.39, -3.90, -7.97 	0.00, 20.00 	11,28,33,248		5.07,7.62	1000,1 	0
1109    	26.59, -25.88, -9.23 	2.38, -3.86, -8.02 	0.00, 20.00 	11,28,33,257		0.00,5.86	1000,1 	0
1118    	26.61, -25.90, -9.22 	2.47, -3.85, -7.99 	0.00, 20.00 	11,28,33,267		2.68,10.00	1000,1 	0
1127    	26.63, -25.83, -9.21 	2.51, -3.78, -8.01 	0.00, 20.00 	11,28,33,277		7.86,8.68	1000,1 	0
1135    	26.59, -25.83, -9.23 	2.50, -3.66, -8.04 	0.00, 20.00 	11,28,33,286		5.11,15.74	1000,1 	0
1144    	26.58, -25.80, -9.23 	2.56, -3.62, -8.02 	0.00, 20.00 	11,28,33,296		2.86,7.55	1000,1 	0
1153    	26.62, -25.79, -9.24 	2.61, -3.48, -8.06 	0.00, 20.00 	11,28,33,306		4.64,17.21	1000,1 	0
1162    	26.60, -25.81, -9.23 	2.68, -3.39, -8.06 	0.00, 20.00 	11,28,33,316		3.31,13.26	1000,1 	0
1170    	26.66, -25.77, -9.22 	2.74, -3.24, -8.05 	0.00, 20.00 	11,28,33,325		9.29,19.76	1000,1 	0
1179    	26.64, -25.82, -9.22 	2.75, -3.17, -8.00 	0.00, 20.00 	11,28,33,335		5.46,7.64	1000,1 	0
1188    	26.61, -25.83, -9.22 	2.76, -3.07, -7.99 	0.00, 20.00 	11,28,33,345		3.56,11.41	1000,1 	0
1196    	26.62, -25.79, -9.23 	2.85, -2.96, -7.98 	0.00, 20.00 	11,28,33,354		4.42,17.87	1000,1 	0
1205    	26.67, -25.75, -9.23 	2.80, -2.83, -7.95 	0.00, 20.00 	11,28,33,364		7.40,15.12	1000,1 	0
1214    	26.62, -25.75, -9.25 	2.85, -2.75, -7.90 	0.00, 20.00 	11,28,33,374		5.68,10.31	1000,1 	0
1222    	26.67, -25.76, -9.24 	2.84, -2.66, -7.90 	0.00, 20.00 	11,28,33,383		6.64,11.49	1000,1 	0
1231    	26.62, -25.78, -9.24 	2.86, -2.63, -7.84 	0.00, 20.00 	11,28,33,393		6.08,4.34	1000,1 	0
1240    	26.61, -25.75, -9.23 	2.84, -2.51, -7.82 	0.00, 20.00 	11,28,33,403		4.07,12.91	1000,1 	0
1248    	26.65, -25.72, -9.24 	2.84, -2.48, -7.76 	0.00, 20.00 	11,28,33,412		5.70,4.27	1000,1 	0
1257    	26.61, -25.69, -9.23 	2.84, -2.42, -7.75 	0.00, 20.00 	11,28,33,422		6.13,6.33	1000,1 	0
1266    	26.64, -25.67, -9.22 	2.92, -2.39, -7.73 	0.00, 20.00 	11,28,33,432		4.13,9.53	1000,1 	0
1274    	26.65, -25.66, -9.23 	2.83, -2.33, -7.73 	0.00, 20.00 	11,28,33,441		1.86,13.43	1000,1 	0
1283    	26.68, -25.65, -9.22 	2.85, -2.29, -7.70 	0.00, 20.00 	11,28,33,451		3.56,5.47	1000,1 	0
1292    	26.66, -25.67, -9.21 	2.77, -2.31, -7.68 	0.00, 20.00 	11,28,33,461		3.31,9.13	1000,1 	0
1300    	26.60, -25.67, -9.23 	2.75, -2.25, -7.65 	0.00, 20.00 	11,28,33,470		7.67,7.60	1000,1 	0
1309    	26.58, -25.64, -9.20 	2.71, -2.23, -7.66 	0.00, 20.00 	11,28,33,480		3.53,5.16	1000,1 	0
1318    	26.57, -25.64, -9.20 	2.67, -2.24, -7.68 	0.00, 20.00 	11,28,33,490		1.14,4.57	1000,1 	0
1326    	26.55, -25.63, -9.20 	2.65, -2.25, -7.66 	0.00, 20.00 	11,28,33,499		3.01,2.83	1000,1 	0
1335    	26.53, -25.59, -9.20 	2.61, -2.20, -7.66 	0.00, 20.00 	11,28,33,509		4.07,6.81	1000,1 	0
1344    	26.54, -25.55, -9.22 	2.58, -2.18, -7.68 	0.00, 20.00 	11,28,33,519		5.17,5.16	1000,1 	0
1352    	26.52, -25.51, -9.23 	2.57, -2.18, -7.66 	0.00, 20.00 	11,28,33,528		5.15,1.24	1000,1 	0
1361    	26.48, -25.46, -9.20 	2.52, -2.14, -7.65 	0.00, 20.00 	11,28,33,538		7.05,6.79	1000,1 	0
1370    	26.47, -25.48, -9.20 	2.39, -2.14, -7.65 	0.00, 20.00 	11,28,33,548		1.66,14.37	1000,1 	0
1379    	26.47, -25.38, -9.22 	2.41, -2.13, -7.65 	0.00, 20.00 	11,28,33,558		10.22,2.52	1000,1 	0
1387    	26.43, -25.42, -9.22 	2.31, -2.10, -7.63 	0.00, 20.00 	11,28,33,567		6.48,12.84	1000,1 	0
1396    	26.43, -25.35, -9.22 	2.23, -2.13, -7.66 	0.00, 20.00 	11,28,33,577		7.67,9.53	1000,1 	0
1405    	26.42, -25.36, -9.21 	2.08, -2.05, -7.68 	0.00, 20.00 	11,28,33,587		1.66,19.02	1000,1 	0
1413    	26.39, -25.31, -9.21 	2.00, -2.02, -7.70 	0.00, 20.00 	11,28,33,596		7.11,10.43	1000,1 	0
1422    	26.32, -25.31, -9.20 	1.84, -2.02, -7.72 	0.00, 20.00 	11,28,33,606		7.95,17.69	1000,1 	0
1431    	26.25, -25.25, -9.20 	1.68, -1.98, -7.75 	0.00, 20.00 	11,28,33,616		9.63,18.19	1000,1 	0
1439    	26.21, -25.17, -9.21 	1.47, -1.94, -7.81 	0.00, 20.00 	11,28,33,625		11.57,26.58	1000,1 	0
1448    	26.16, -25.11, -9.22 	1.28, -1.90, -7.84 	0.00, 20.00 	11,28,33,635		8.81,21.45	1000,1 	0
1457    	26.13, -25.02, -9.26 	1.10, -1.86, -7.90 	0.00, 20.00 	11,28,33,645		9.77,20.36	1000,1 	0
1465    	26.08, -24.92, -9.27 	0.97, -1.83, -7.97 	0.00, 20.00 	11,28,33,654		14.21,16.84	1000,1 	0
1474    	26.04, -24.80, -9.29 	0.90, -1.69, -8.05 	0.00, 20.00 	11,28,33,664		13.83,17.23	1000,1 	0
1483    	25.95, -24.74, -9.30 	0.75, -1.61, -8.09 	0.00, 20.00 	11,28,33,674		12.39,18.43	1000,1 	0
1491    	25.88, -24.69, -9.27 	0.68, -1.56, -8.10 	0.00, 20.00 	11,28,33,683		10.93,12.39	1000,1 	0
1500    	25.82, -24.61, -9.27 	0.58, -1.46, -8.13 	0.00, 20.00 	11,28,33,693		10.89,15.19	1000,1 	0
1509    	25.76, -24.55, -9.27 	0.46, -1.42, -8.14 	0.00, 20.00 	11,28,33,703		9.63,13.90	1000,1 	0
1517    	25.73, -24.50, -9.29 	0.39, -1.35, -8.17 	0.00, 20.00 	11,28,33,712		7.11,12.36	1000,1 	0
1526    	25.75, -24.43, -9.30 	0.40, -1.29, -8.20 	0.00, 20.00 	11,28,33,722		7.86,7.64	1000,1 	0
1535    	25.63, -24.36, -9.30 	0.29, -1.21, -8.21 	0.00, 20.00 	11,28,33,732		15.07,14.51	1000,1 	0
1543    	25.61, -24.30, -9.30 	0.20, -1.18, -8.22 	0.00, 20.00 	11,28,33,741		7.78,12.09	1000,1 	0
1552    	25.56, -24.17, -9.33 	0.21, -1.09, -8.22 	0.00, 20.00 	11,28,33,751		15.49,10.15	1000,1 	0
1561    	25.56, -24.00, -9.35 	0.13, -0.98, -8.27 	0.00, 20.00 	11,28,33,761		19.17,14.61	1000,1 	0
1570    	25.44, -23.87, -9.39 	0.11, -0.94, -8.27 	0.00, 20.00 	11,28,33,771		19.39,5.58	1000,1 	0
1578    	25.38, -23.78, -9.40 	0.08, -0.88, -8.27 	0.00, 20.00 	11,28,33,780		13.03,8.13	1000,1 	0
1587    	25.34, -23.69, -9.46 	0.05, -0.78, -8.29 	0.00, 20.00 	11,28,33,790		11.45,11.95	1000,1 	0
1596    	25.25, -23.59, -9.49 	-0.04, -0.65, -8.31 	0.00, 20.00 	11,28,33,800		14.10,17.33	1000,1 	0
1604    	25.26, -23.56, -9.51 	-0.13, -0.53, -8.31 	0.00, 20.00 	11,28,33,809		4.42,18.35	1000,1 	0
1613    	25.24, -23.35, -9.54 	-0.20, -0.35, -8.34 	0.00, 20.00 	11,28,33,819		23.26,21.87	1000,1 	0
1622    	25.11, -23.21, -9.55 	-0.21, -0.10, -8.38 	0.00, 20.00 	11,28,33,829		21.15,27.89	1000,1 	0
1630    	25.16, -23.04, -9.60 	-0.28, 0.21, -8.43 	0.00, 20.00 	11,28,33,838		22.10,39.64	1000,1 	0
1639    	25.11, -22.89, -9.65 	-0.27, 0.59, -8.48 	0.00, 20.00 	11,28,33,848		17.89,41.74	1000,1 	0
1648    	24.97, -22.72, -9.72 	-0.33, 1.06, -8.49 	0.00, 20.00 	11,28,33,858		23.91,52.48	1000,1 	0
1656    	24.87, -22.51, -9.77 	-0.39, 1.54, -8.54 	0.00, 20.00 	11,28,33,867		29.58,60.46	1000,1 	0
1665    	24.78, -22.27, -9.80 	-0.45, 2.03, -8.56 	0.00, 20.00 	11,28,33,877		27.66,55.00	1000,1 	0
1674    	24.69, -22.02, -9.85 	-0.47, 2.51, -8.58 	0.00, 20.00 	11,28,33,887		30.09,53.25	1000,1 	0
1682    	24.60, -21.70, -9.93 	-0.52, 3.03, -8.62 	0.00, 20.00 	11,28,33,896		41.18,65.95	1000,1 	0
1691    	24.53, -21.33, -10.02 	-0.56, 3.52, -8.63 	0.00, 20.00 	11,28,33,906		41.88,54.71	1000,1 	0
1700    	24.46, -20.96, -10.11 	-0.58, 4.05, -8.64 	0.00, 20.00 	11,28,33,916		41.88,58.31	1000,1 	0
1708    	24.42, -20.58, -10.22 	-0.43, 4.66, -8.67 	0.00, 20.00 	11,28,33,925		47.84,78.60	1000,1 	0
1717    	24.30, -20.20, -10.30 	-0.22, 5.27, -8.74 	0.00, 20.00 	11,28,33,935		44.74,71.56	1000,1 	0
1726    	24.11, -19.72, -10.40 	-0.09, 5.94, -8.77 	0.00, 20.00 	11,28,33,945		57.44,75.64	1000,1 	0
1734    	23.92, -19.34, -10.45 	0.01, 6.58, -8.82 	0.00, 20.00 	11,28,33,954		52.72,81.75	1000,1 	0
1743    	23.75, -18.91, -10.48 	0.04, 7.20, -8.81 	0.00, 20.00 	11,28,33,964		51.72,68.32	1000,1 	0
1752    	23.57, -18.51, -10.55 	0.12, 7.80, -8.81 	0.00, 20.00 	11,28,33,974		48.65,67.40	1000,1 	0
1761    	23.52, -18.08, -10.64 	0.22, 8.37, -8.82 	0.00, 20.00 	11,28,33,984		47.79,63.93	1000,1 	0
1769    	23.39, -17.70, -10.74 	0.33, 8.94, -8.84 	0.00, 20.00 	11,28,33,993		50.78,73.51	1000,1 	0
1778    	23.28, -17.37, -10.81 	0.42, 9.50, -8.86 	0.00, 20.00 	11,28,34,3		38.22,62.53	1000,1 	0
1787    	23.14, -17.13, -10.85 	0.55, 10.02, -8.86 	0.00, 20.00 	11,28,34,13		30.32,59.82	1000,1 	0
1795    	22.94, -16.85, -10.91 	0.67, 10.57, -8.91 	0.00, 20.00 	11,28,34,22		43.43,70.93	1000,1 	0
1804    	22.87, -16.62, -10.96 	0.74, 11.08, -8.96 	0.00, 20.00 	11,28,34,32		27.24,57.25	1000,1 	0
1813    	22.74, -16.38, -11.05 	0.86, 11.58, -9.01 	0.00, 20.00 	11,28,34,42		29.72,56.88	1000,1 	0
1821    	22.65, -16.18, -11.09 	0.99, 12.08, -9.07 	0.00, 20.00 	11,28,34,51		27.66,64.26	1000,1 	0
1830    	22.54, -15.96, -11.13 	1.10, 12.57, -9.12 	0.00, 20.00 	11,28,34,61		27.45,55.43	1000,1 	0
1839    	22.46, -15.74, -11.15 	1.16, 13.01, -9.15 	0.00, 20.00 	11,28,34,71		26.02,49.61	1000,1 	0
1847    	22.37, -15.54, -11.17 	1.20, 13.43, -9.18 	0.00, 20.00 	11,28,34,80		27.66,52.77	1000,1 	0
1856    	22.28, -15.30, -11.20 	1.28, 13.80, -9.23 	0.00, 20.00 	11,28,34,90		27.66,42.44	1000,1 	0
1865    	22.21, -15.02, -11.24 	1.33, 14.19, -9.29 	0.00, 20.00 	11,28,34,100		32.17,43.22	1000,1 	0
1873    	22.16, -14.80, -11.29 	1.37, 14.52, -9.32 	0.00, 20.00 	11,28,34,109		28.11,41.45	1000,1 	0
1882    	22.11, -14.63, -11.31 	1.40, 14.86, -9.37 	0.00, 20.00 	11,28,34,119		20.33,38.01	1000,1 	0
1891    	22.03, -14.49, -11.33 	1.45, 15.15, -9.43 	0.00, 20.00 	11,28,34,129		17.71,33.21	1000,1 	0
1899    	22.00, -14.30, -11.40 	1.46, 15.45, -9.47 	0.00, 20.00 	11,28,34,138		23.56,37.00	1000,1 	0
1908    	21.96, -14.12, -11.43 	1.48, 15.72, -9.51 	0.00, 20.00 	11,28,34,148		21.22,30.39	1000,1 	0
1917    	21.90, -13.98, -11.46 	1.48, 16.03, -9.55 	0.00, 20.00 	11,28,34,158		16.69,34.17	1000,1 	0
1925    	21.81, -13.85, -11.48 	1.49, 16.31, -9.58 	0.00, 20.00 	11,28,34,167		20.13,35.58	1000,1 	0
1934    	21.74, -13.68, -11.50 	1.53, 16.61, -9.62 	0.00, 20.00 	11,28,34,177		19.54,33.07	1000,1 	0
1943    	21.72, -13.50, -11.52 	1.55, 16.85, -9.63 	0.00, 20.00 	11,28,34,187		20.72,26.60	1000,1 	0
1952    	21.64, -13.28, -11.55 	1.54, 17.08, -9.64 	0.00, 20.00 	11,28,34,197		26.02,25.36	1000,1 	0
1960    	21.59, -13.08, -11.57 	1.57, 17.28, -9.63 	0.00, 20.00 	11,28,34,206		25.65,25.79	1000,1 	0
1969    	21.53, -12.87, -11.59 	1.59, 17.55, -9.63 	0.00, 20.00 	11,28,34,216		24.04,30.39	1000,1 	0
1978    	21.51, -12.71, -11.58 	1.61, 17.77, -9.62 	0.00, 20.00 	11,28,34,226		18.18,24.08	1000,1 	0
1986    	21.43, -12.59, -11.59 	1.63, 18.00, -9.60 	0.00, 20.00 	11,28,34,235		18.16,28.51	1000,1 	0
1995    	21.37, -12.44, -11.58 	1.63, 18.18, -9.57 	0.00, 20.00 	11,28,34,245		17.89,20.25	1000,1 	0
2004    	21.29, -12.34, -11.61 	1.65, 18.36, -9.54 	0.00, 20.00 	11,28,34,255		14.10,20.31	1000,1 	0
2012    	21.23, -12.19, -11.61 	1.65, 18.55, -9.51 	0.00, 20.00 	11,28,34,264		20.65,24.20	1000,1 	0
2021    	21.16, -12.08, -11.58 	1.64, 18.71, -9.47 	0.00, 20.00 	11,28,34,274		13.73,17.78	1000,1 	0
2030    	21.09, -11.98, -11.59 	1.63, 18.85, -9.42 	0.00, 20.00 	11,28,34,284		14.39,15.26	1000,1 	0
2038    	21.03, -11.85, -11.59 	1.63, 19.00, -9.36 	0.00, 20.00 	11,28,34,293		18.01,18.51	1000,1 	0
2047    	21.03, -11.74, -11.59 	1.65, 19.13, -9.30 	0.00, 20.00 	11,28,34,303		11.49,15.28	1000,1 	0
2056    	20.97, -11.63, -11.61 	1.69, 19.27, -9.25 	0.00, 20.00 	11,28,34,313		14.86,15.70	1000,1 	0
2064    	20.92, -11.55, -11.60 	1.68, 19.38, -9.18 	0.00, 20.00 	11,28,34,322		11.05,14.32	1000,1 	0
2073    	20.83, -11.47, -11.60 	1.69, 19.50, -9.11 	0.00, 20.00 	11,28,34,332		13.15,12.67	1000,1 	0
2082    	20.72, -11.38, -11.58 	1.65, 19.60, -9.04 	0.00, 20.00 	11,28,34,342		15.82,12.33	1000,1 	0
2090    	20.67, -11.29, -11.59 	1.65, 19.69, -8.96 	0.00, 20.00 	11,28,34,351		13.51,11.39	1000,1 	0
2099    	20.61, -11.16, -11.61 	1.65, 19.77, -8.88 	0.00, 20.00 	11,28,34,361		15.49,8.86	1000,1 	0
2108    	20.59, -11.05, -11.63 	1.67, 19.86, -8.81 	0.00, 20.00 	11,28,34,371		13.12,10.30	1000,1 	0
2116    	20.54, -10.93, -11.63 	1.66, 19.93, -8.72 	0.00, 20.00 	11,28,34,380		16.10,8.67	1000,1 	0
2125    	20.49, -10.85, -11.62 	1.64, 19.99, -8.63 	0.00, 20.00 	11,28,34,390		10.89,6.76	1000,1 	0
2134    	20.43, -10.75, -11.61 	1.62, 20.06, -8.56 	0.00, 20.00 	11,28,34,400		12.00,7.97	1000,1 	0
2143    	20.38, -10.65, -11.60 	1.60, 20.14, -8.50 	0.00, 20.00 	11,28,34,410		13.15,9.19	1000,1 	0
2151    	20.33, -10.55, -11.58 	1.58, 20.19, -8.44 	0.00, 20.00 	11,28,34,419		13.51,7.60	1000,1 	0
2160    	20.30, -10.43, -11.58 	1.54, 20.22, -8.37 	0.00, 20.00 	11,28,34,429		13.43,5.16	1000,1 	0
2169    	20.25, -10.34, -11.58 	1.50, 20.22, -8.30 	0.00, 20.00 	11,28,34,439		11.45,4.42	1000,1 	0
2177    	20.17, -10.26, -11.58 	1.45, 20.23, -8.24 	0.00, 20.00 	11,28,34,448		14.79,6.42	1000,1 	0
2186    	20.12, -10.19, -11.57 	1.38, 20.23, -8.18 	0.00, 20.00 	11,28,34,458		9.83,7.74	1000,1 	0
2195    	20.08, -10.10, -11.57 	1.33, 20.24, -8.13 	0.00, 20.00 	11,28,34,468		9.77,5.53	1000,1 	0
2203    	20.08, -10.02, -11.57 	1.28, 20.25, -8.07 	0.00, 20.00 	11,28,34,477		10.06,6.42	1000,1 	0
2212    	20.03, -9.95, -11.57 	1.22, 20.25, -8.01 	0.00, 20.00 	11,28,34,487		9.83,6.63	1000,1 	0
2221    	20.03, -9.91, -11.56 	1.18, 20.23, -7.95 	0.00, 20.00 	11,28,34,497		5.11,5.03	1000,1 	0
2229    	19.99, -9.86, -11.54 	1.13, 20.21, -7.89 	0.00, 20.00 	11,28,34,506		7.93,6.77	1000,1 	0
2238    	19.94, -9.81, -11.54 	1.08, 20.19, -7.83 	0.00, 20.00 	11,28,34,516		7.88,6.02	1000,1 	0
2247    	19.93, -9.79, -11.52 	1.04, 20.18, -7.77 	0.00, 20.00 	11,28,34,526		2.86,4.57	1000,1 	0
2255    	19.88, -9.75, -11.50 	0.99, 20.18, -7.72 	0.00, 20.00 	11,28,34,535		6.89,6.22	1000,1 	0
2264    	19.90, -9.68, -11.48 	0.94, 20.14, -7.65 	0.00, 20.00 	11,28,34,545		7.86,6.62	1000,1 	0
2273    	19.82, -9.64, -11.46 	0.91, 20.13, -7.59 	0.00, 20.00 	11,28,34,555		10.08,3.52	1000,1 	0
2281    	19.79, -9.58, -11.45 	0.87, 20.11, -7.52 	0.00, 20.00 	11,28,34,564		8.36,5.66	1000,1 	0
2290    	19.71, -9.56, -11.43 	0.84, 20.09, -7.45 	0.00, 20.00 	11,28,34,574		9.59,4.12	1000,1 	0
2299    	19.66, -9.53, -11.40 	0.81, 20.06, -7.38 	0.00, 20.00 	11,28,34,584		6.37,4.97	1000,1 	0
2307    	19.60, -9.51, -11.40 	0.80, 20.01, -7.32 	0.00, 20.00 	11,28,34,593		7.17,5.79	1000,1 	0
2316    	19.56, -9.51, -11.36 	0.79, 19.95, -7.24 	0.00, 20.00 	11,28,34,603		4.54,6.39	1000,1 	0
2325    	19.51, -9.53, -11.33 	0.79, 19.92, -7.16 	0.00, 20.00 	11,28,34,613		6.08,3.80	1000,1 	0
2333    	19.48, -9.52, -11.31 	0.79, 19.90, -7.09 	0.00, 20.00 	11,28,34,622		3.83,2.85	1000,1 	0
2342    	19.47, -9.50, -11.30 	0.84, 19.90, -7.04 	0.00, 20.00 	11,28,34,632		2.86,5.53	1000,1 	0
2351    	19.47, -9.49, -11.29 	0.86, 19.86, -7.01 	0.00, 20.00 	11,28,34,642		1.28,4.45	1000,1 	0
2360    	19.44, -9.50, -11.27 	0.83, 19.82, -6.99 	0.00, 20.00 	11,28,34,652		3.56,5.97	1000,1 	0
2368    	19.42, -9.48, -11.26 	0.77, 19.80, -6.97 	0.00, 20.00 	11,28,34,661		3.97,7.91	1000,1 	0
2377    	19.42, -9.48, -11.24 	0.75, 19.80, -6.97 	0.00, 20.00 	11,28,34,671		0.00,2.21	1000,1 	0
2386    	19.41, -9.46, -11.24 	0.73, 19.80, -6.96 	0.00, 20.00 	11,28,34,681		1.76,2.21	1000,1 	0
2394    	19.40, -9.48, -11.22 	0.73, 19.80, -6.96 	0.00, 20.00 	11,28,34,690		1.86,0.00	1000,1 	0
2403    	19.40, -9.49, -11.20 	0.75, 19.83, -6.97 	0.00, 20.00 	11,28,34,700		1.28,4.34	1000,1 	0
2412    	19.38, -9.46, -11.21 	0.77, 19.83, -6.97 	0.00, 20.00 	11,28,34,710		3.53,2.21	1000,1 	0
2420    	19.36, -9.47, -11.19 	0.79, 19.84, -6.97 	0.00, 20.00 	11,28,34,719		2.85,2.83	1000,1 	0
2429    	19.38, -9.47, -11.18 	0.81, 19.87, -6.97 	0.00, 20.00 	11,28,34,729		2.27,4.34	1000,1 	0
2438    	19.38, -9.44, -11.18 	0.86, 19.90, -6.98 	0.00, 20.00 	11,28,34,739		3.83,6.02	1000,1 	0
2446    	19.37, -9.44, -11.18 	0.90, 19.92, -6.99 	0.00, 20.00 	11,28,34,748		1.28,5.66	1000,1 	0
2455    	19.35, -9.44, -11.18 	0.94, 19.93, -7.00 	0.00, 20.00 	11,28,34,758		2.27,4.57	1000,1 	0
2464    	19.35, -9.43, -11.18 	0.95, 19.95, -7.00 	0.00, 20.00 	11,28,34,768		1.28,2.73	1000,1 	0
2472    	19.34, -9.43, -11.18 	0.98, 19.96, -7.00 	0.00, 20.00 	11,28,34,777		1.28,3.96	1000,1 	0
2481    	19.34, -9.44, -11.19 	0.99, 19.97, -7.00 	0.00, 20.00 	11,28,34,787		1.28,1.66	1000,1 	0
2490    	19.33, -9.41, -11.19 	1.00, 19.98, -7.00 	0.00, 20.00 	11,28,34,797		2.86,1.66	1000,1 	0
2499    	19.33, -9.43, -11.20 	1.02, 19.98, -7.00 	0.00, 20.00 	11,28,34,807		1.28,2.21	1000,1 	0
2507    	19.33, -9.43, -11.21 	1.06, 19.99, -7.00 	0.00, 20.00 	11,28,34,816		0.00,5.14	1000,1 	0
2516    	19.33, -9.41, -11.21 	1.07, 20.01, -7.00 	0.00, 20.00 	11,28,34,826		1.28,2.73	1000,1 	0
2525    	19.31, -9.41, -11.21 	1.09, 20.03, -7.00 	0.00, 20.00 	11,28,34,836		2.27,2.52	1000,1 	0
2533    	19.30, -9.39, -11.21 	1.09, 20.03, -7.02 	0.00, 20.00 	11,28,34,845		3.22,0.00	1000,1 	0
2542    	19.30, -9.38, -11.22 	1.07, 20.03, -7.03 	0.00, 20.00 	11,28,34,855		1.28,2.21	1000,1 	0
2551    	19.29, -9.38, -11.22 	1.05, 20.03, -7.04 	0.00, 20.00 	11,28,34,865		1.14,2.21	1000,1 	0
2559    	19.30, -9.36, -11.24 	1.00, 20.04, -7.03 	0.00, 20.00 	11,28,34,874		3.07,6.42	1000,1 	0
2568    	19.30, -9.37, -11.24 	0.98, 20.02, -7.02 	0.00, 20.00 	11,28,34,884		1.28,3.31	1000,1 	0
2577    	19.25, -9.35, -11.25 	0.95, 20.02, -7.02 	0.00, 20.00 	11,28,34,894		4.80,3.32	1000,1 	0
2585    	19.25, -9.34, -11.25 	0.92, 20.02, -7.03 	0.00, 20.00 	11,28,34,903		1.44,3.73	1000,1 	0
2594    	19.22, -9.34, -11.25 	0.88, 20.05, -7.04 	0.00, 20.00 	11,28,34,913		3.41,5.91	1000,1 	0
2603    	19.20, -9.31, -11.27 	0.84, 20.03, -7.04 	0.00, 20.00 	11,28,34,923		4.58,5.03	1000,1 	0
2611    	19.16, -9.30, -11.28 	0.75, 20.00, -7.03 	0.00, 20.00 	11,28,34,932		5.11,11.87	1000,1 	0
2620    	19.16, -9.32, -11.29 	0.69, 19.97, -7.02 	0.00, 20.00 	11,28,34,942		1.28,7.55	1000,1 	0
2629    	19.12, -9.31, -11.29 	0.60, 19.91, -7.01 	0.00, 20.00 	11,28,34,952		4.54,11.64	1000,1 	0
2637    	19.10, -9.29, -11.29 	0.53, 19.87, -7.00 	0.00, 20.00 	11,28,34,961		3.97,10.27	1000,1 	0
2646    	19.07, -9.27, -11.29 	0.47, 19.84, -6.99 	0.00, 20.00 	11,28,34,971		4.39,7.55	1000,1 	0
2655    	19.02, -9.25, -11.30 	0.40, 19.81, -6.99 	0.00, 20.00 	11,28,34,981		5.90,8.53	1000,1 	0
2663    	18.99, -9.26, -11.31 	0.34, 19.80, -6.99 	0.00, 20.00 	11,28,34,990		4.01,8.78	1000,1 	0
2672    	18.95, -9.25, -11.32 	0.28, 19.75, -7.00 	0.00, 20.00 	11,28,35,0		4.80,8.23	1000,1 	0
2681    	18.86, -9.22, -11.32 	0.22, 19.72, -6.99 	0.00, 20.00 	11,28,35,10		9.59,7.55	1000,1 	0
2690    	18.85, -9.24, -11.33 	0.17, 19.68, -6.99 	0.00, 20.00 	11,28,35,20		2.73,7.39	1000,1 	0
2698    	18.82, -9.24, -11.33 	0.13, 19.63, -6.99 	0.00, 20.00 	11,28,35,29		3.83,7.46	1000,1 	0
2707    	18.80, -9.25, -11.32 	0.11, 19.62, -6.99 	0.00, 20.00 	11,28,35,39		2.54,2.52	1000,1 	0
2716    	18.80, -9.29, -11.32 	0.09, 19.60, -6.99 	0.00, 20.00 	11,28,35,49		3.83,3.31	1000,1 	0
2724    	18.78, -9.29, -11.32 	0.08, 19.59, -6.99 	0.00, 20.00 	11,28,35,58		2.56,1.86	1000,1 	0
2733    	18.77, -9.30, -11.32 	0.05, 19.59, -6.98 	0.00, 20.00 	11,28,35,68		1.66,3.32	1000,1 	0
2742    	18.75, -9.32, -11.32 	0.03, 19.59, -6.98 	0.00, 20.00 	11,28,35,78		3.31,2.21	1000,1 	0
2750    	18.75, -9.34, -11.31 	0.03, 19.59, -6.97 	0.00, 20.00 	11,28,35,87		2.88,0.00	1000,1 	0
2759    	18.71, -9.39, -11.29 	0.01, 19.59, -6.98 	0.00, 20.00 	11,28,35,97		6.62,2.21	1000,1 	0
2768    	18.71, -9.36, -11.29 	0.01, 19.59, -6.98 	0.00, 20.00 	11,28,35,107		2.56,0.00	1000,1 	0
2776    	18.70, -9.41, -11.28 	0.01, 19.58, -6.97 	0.00, 20.00 	11,28,35,116		5.81,1.42	1000,1 	0
2785    	18.65, -9.41, -11.27 	0.02, 19.59, -6.97 	0.00, 20.00 	11,28,35,126		5.68,1.66	1000,1 	0
2794    	18.65, -9.42, -11.28 	0.07, 19.60, -6.97 	0.00, 20.00 	11,28,35,136		1.28,5.64	1000,1 	0
2802    	18.67, -9.41, -11.27 	0.15, 19.60, -6.97 	0.00, 20.00 	11,28,35,145		2.85,9.95	1000,1 	0
2811    	18.66, -9.43, -11.26 	0.21, 19.58, -6.97 	0.00, 20.00 	11,28,35,155		2.73,6.79	1000,1 	0
2820    	18.66, -9.43, -11.25 	0.26, 19.58, -6.96 	0.00, 20.00 	11,28,35,165		0.00,5.53	1000,1 	0
2828    	18.63, -9.46, -11.25 	0.29, 19.59, -6.96 	0.00, 20.00 	11,28,35,174		5.59,3.96	1000,1 	0
2837    	18.62, -9.47, -11.23 	0.34, 19.59, -6.96 	0.00, 20.00 	11,28,35,184		1.66,5.53	1000,1 	0
2846    	18.61, -9.49, -11.23 	0.41, 19.60, -6.97 	0.00, 20.00 	11,28,35,194		1.66,8.90	1000,1 	0
2854    	18.59, -9.52, -11.23 	0.48, 19.63, -6.97 	0.00, 20.00 	11,28,35,203		4.87,9.59	1000,1 	0
2863    	18.57, -9.56, -11.21 	0.52, 19.63, -6.98 	0.00, 20.00 	11,28,35,213		5.46,4.42	1000,1 	0
2872    	18.58, -9.61, -11.18 	0.56, 19.64, -6.99 	0.00, 20.00 	11,28,35,223		5.11,4.57	1000,1 	0
2881    	18.58, -9.66, -11.16 	0.59, 19.63, -6.99 	0.00, 20.00 	11,28,35,233		5.11,3.58	1000,1 	0
2889    	18.57, -9.71, -11.13 	0.63, 19.62, -7.00 	0.00, 20.00 	11,28,35,242		7.22,5.21	1000,1 	0
2898    	18.55, -9.77, -11.10 	0.67, 19.62, -7.00 	0.00, 20.00 	11,28,35,252		6.65,4.42	1000,1 	0
2906    	18.52, -9.83, -11.07 	0.69, 19.62, -7.00 	0.00, 20.00 	11,28,35,261		7.93,2.49	1000,1 	0
2915    	18.50, -9.88, -11.04 	0.72, 19.61, -7.00 	0.00, 20.00 	11,28,35,271		6.65,3.32	1000,1 	0
2924    	18.48, -9.93, -11.02 	0.75, 19.62, -7.01 	0.00, 20.00 	11,28,35,281		5.46,3.52	1000,1 	0
2933    	18.49, -9.99, -11.00 	0.77, 19.61, -7.01 	0.00, 20.00 	11,28,35,291		6.56,2.58	1000,1 	0
2941    	18.50, -10.04, -10.97 	0.77, 19.61, -7.01 	0.00, 20.00 	11,28,35,300		7.38,0.00	1000,1 	0
2950    	18.49, -10.09, -10.95 	0.77, 19.62, -7.02 	0.00, 20.00 	11,28,35,310		5.17,1.27	1000,1 	0
2959    	18.46, -10.16, -10.93 	0.77, 19.61, -7.02 	0.00, 20.00 	11,28,35,320		8.19,1.27	1000,1 	0
2967    	18.43, -10.18, -10.92 	0.77, 19.60, -7.01 	0.00, 20.00 	11,28,35,329		4.64,1.42	1000,1 	0
2976    	18.44, -10.21, -10.91 	0.78, 19.59, -7.02 	0.00, 20.00 	11,28,35,339		4.07,1.70	1000,1 	0
2985    	18.40, -10.21, -10.92 	0.81, 19.55, -7.00 	0.00, 20.00 	11,28,35,349		4.54,5.11	1000,1 	0
2993    	18.35, -10.23, -10.90 	0.81, 19.55, -6.99 	0.00, 20.00 	11,28,35,358		6.84,0.00	1000,1 	0
3002    	18.36, -10.24, -10.92 	0.81, 19.54, -6.98 	0.00, 20.00 	11,28,35,368		1.76,1.27	1000,1 	0
3011    	18.32, -10.28, -10.91 	0.82, 19.53, -6.98 	0.00, 20.00 	11,28,35,378		5.76,1.70	1000,1 	0
3019    	18.31, -10.29, -10.92 	0.81, 19.54, -6.98 	0.00, 20.00 	11,28,35,387		1.86,1.92	1000,1 	0
3028    	18.33, -10.29, -10.92 	0.79, 19.56, -6.99 	0.00, 20.00 	11,28,35,397		2.27,2.58	1000,1 	0
3037    	18.29, -10.30, -10.92 	0.77, 19.56, -6.99 	0.00, 20.00 	11,28,35,407		4.64,2.21	1000,1 	0
3045    	18.27, -10.32, -10.92 	0.76, 19.56, -6.99 	0.00, 20.00 	11,28,35,416		3.72,1.24	1000,1 	0
3054    	18.24, -10.33, -10.91 	0.76, 19.56, -7.00 	0.00, 20.00 	11,28,35,426		3.56,0.00	1000,1 	0
3063    	18.20, -10.33, -10.91 	0.78, 19.56, -7.00 	0.00, 20.00 	11,28,35,436		4.54,2.21	1000,1 	0
3072    	18.18, -10.32, -10.91 	0.77, 19.58, -7.00 	0.00, 20.00 	11,28,35,446		2.68,2.79	1000,1 	0
3080    	18.15, -10.32, -10.93 	0.75, 19.57, -7.00 	0.00, 20.00 	11,28,35,455		3.83,2.83	1000,1 	0
3089    	18.13, -10.33, -10.93 	0.72, 19.56, -7.00 	0.00, 20.00 	11,28,35,465		2.54,3.52	1000,1 	0
3097    	18.08, -10.31, -10.94 	0.71, 19.55, -6.99 	0.00, 20.00 	11,28,35,474		6.64,1.86	1000,1 	0
3106    	18.04, -10.35, -10.93 	0.69, 19.52, -6.99 	0.00, 20.00 	11,28,35,484		5.76,3.31	1000,1 	0
3115    	17.99, -10.37, -10.93 	0.69, 19.54, -7.00 	0.00, 20.00 	11,28,35,494		6.08,1.27	1000,1 	0
3124    	17.95, -10.39, -10.93 	0.68, 19.52, -7.00 	0.00, 20.00 	11,28,35,504		5.07,1.66	1000,1 	0
3132    	17.92, -10.39, -10.93 	0.68, 19.51, -7.00 	0.00, 20.00 	11,28,35,513		3.83,1.42	1000,1 	0
3141    	17.89, -10.42, -10.93 	0.67, 19.51, -7.00 	0.00, 20.00 	11,28,35,523		4.97,1.11	1000,1 	0
3150    	17.88, -10.41, -10.95 	0.67, 19.51, -7.00 	0.00, 20.00 	11,28,35,533		1.76,0.00	1000,1 	0
3158    	17.86, -10.43, -10.93 	0.67, 19.50, -7.00 	0.00, 20.00 	11,28,35,542		3.72,1.42	1000,1 	0
3167    	17.86, -10.45, -10.93 	0.68, 19.51, -7.00 	0.00, 20.00 	11,28,35,552		2.56,1.66	1000,1 	0
3176    	17.83, -10.46, -10.95 	0.68, 19.49, -7.01 	0.00, 20.00 	11,28,35,562		3.56,2.53	1000,1 	0
3184    	17.80, -10.50, -10.95 	0.69, 19.48, -7.02 	0.00, 20.00 	11,28,35,571		5.59,1.92	1000,1 	0
3193    	17.80, -10.51, -10.95 	0.70, 19.47, -7.01 	0.00, 20.00 	11,28,35,581		1.28,1.70	1000,1 	0
3202    	17.77, -10.54, -10.95 	0.70, 19.48, -7.01 	0.00, 20.00 	11,28,35,591		4.97,1.27	1000,1 	0
3210    	17.74, -10.56, -10.93 	0.72, 19.48, -7.01 	0.00, 20.00 	11,28,35,600		4.64,2.49	1000,1 	0
3219    	17.71, -10.62, -10.93 	0.73, 19.48, -7.02 	0.00, 20.00 	11,28,35,610		7.05,1.11	1000,1 	0
3228    	17.70, -10.62, -10.92 	0.74, 19.50, -7.01 	0.00, 20.00 	11,28,35,620		1.14,2.73	1000,1 	0
3236    	17.68, -10.64, -10.92 	0.72, 19.50, -7.01 	0.00, 20.00 	11,28,35,629		3.72,2.49	1000,1 	0
3245    	17.65, -10.68, -10.92 	0.72, 19.50, -7.01 	0.00, 20.00 	11,28,35,639		5.96,0.00	1000,1 	0
3254    	17.64, -10.73, -10.90 	0.71, 19.49, -7.01 	0.00, 20.00 	11,28,35,649		5.17,1.66	1000,1 	0
3263    	17.66, -10.75, -10.89 	0.72, 19.49, -7.00 	0.00, 20.00 	11,28,35,659		3.53,1.11	1000,1 	0
3271    	17.64, -10.79, -10.90 	0.71, 19.49, -7.00 	0.00, 20.00 	11,28,35,668		4.87,1.24	1000,1 	0
3280    	17.59, -10.81, -10.89 	0.71, 19.48, -7.00 	0.00, 20.00 	11,28,35,678		6.08,1.27	1000,1 	0
3289    	17.56, -10.85, -10.91 	0.71, 19.47, -7.00 	0.00, 20.00 	11,28,35,688		5.96,1.27	1000,1 	0
3297    	17.54, -10.89, -10.89 	0.69, 19.47, -7.00 	0.00, 20.00 	11,28,35,697		4.87,2.49	1000,1 	0
3306    	17.49, -10.92, -10.88 	0.68, 19.47, -7.00 	0.00, 20.00 	11,28,35,707		6.65,1.11	1000,1 	0
3315    	17.48, -10.95, -10.89 	0.68, 19.47, -6.99 	0.00, 20.00 	11,28,35,717		3.93,0.00	1000,1 	0
3323    	17.44, -10.98, -10.89 	0.68, 19.47, -6.99 	0.00, 20.00 	11,28,35,726		6.48,0.00	1000,1 	0
3332    	17.42, -11.00, -10.89 	0.68, 19.48, -7.00 	0.00, 20.00 	11,28,35,736		2.54,1.27	1000,1 	0
3341    	17.41, -11.04, -10.88 	0.67, 19.48, -7.00 	0.00, 20.00 	11,28,35,746		5.17,1.11	1000,1 	0
3349    	17.42, -11.08, -10.85 	0.67, 19.48, -7.00 	0.00, 20.00 	11,28,35,755		4.58,0.00	1000,1 	0
3358    	17.40, -11.07, -10.86 	0.66, 19.47, -6.99 	0.00, 20.00 	11,28,35,765		2.27,1.66	1000,1 	0
3367    	17.43, -11.09, -10.86 	0.66, 19.46, -7.00 	0.00, 20.00 	11,28,35,775		3.71,1.27	1000,1 	0
3375    	17.43, -11.11, -10.85 	0.68, 19.47, -7.00 	0.00, 20.00 	11,28,35,784		2.88,2.83	1000,1 	0
3384    	17.44, -11.15, -10.85 	0.70, 19.48, -7.01 	0.00, 20.00 	11,28,35,794		4.07,2.52	1000,1 	0
3393    	17.46, -11.18, -10.85 	0.70, 19.48, -7.01 	0.00, 20.00 	11,28,35,804		4.58,0.00	1000,1 	0
3401    	17.43, -11.19, -10.85 	0.68, 19.48, -7.02 	0.00, 20.00 	11,28,35,813		4.01,2.49	1000,1 	0
3410    	17.44, -11.23, -10.85 	0.68, 19.48, -7.03 	0.00, 20.00 	11,28,35,823		4.07,0.00	1000,1 	0
3419    	17.43, -11.25, -10.85 	0.66, 19.49, -7.03 	0.00, 20.00 	11,28,35,833		2.73,2.58	1000,1 	0
3427    	17.44, -11.30, -10.83 	0.66, 19.47, -7.02 	0.00, 20.00 	11,28,35,842		5.97,2.85	1000,1 	0
3436    	17.48, -11.33, -10.82 	0.65, 19.45, -7.02 	0.00, 20.00 	11,28,35,852		5.29,2.73	1000,1 	0
3445    	17.48, -11.35, -10.82 	0.67, 19.43, -7.03 	0.00, 20.00 	11,28,35,862		2.56,2.58	1000,1 	0
3454    	17.53, -11.43, -10.81 	0.68, 19.44, -7.05 	0.00, 20.00 	11,28,35,872		9.83,1.66	1000,1 	0
3462    	17.56, -11.48, -10.81 	0.72, 19.45, -7.07 	0.00, 20.00 	11,28,35,881		8.36,5.14	1000,1 	0
3471    	17.60, -11.56, -10.81 	0.73, 19.45, -7.09 	0.00, 20.00 	11,28,35,891		9.16,1.11	1000,1 	0
3480    	17.63, -11.66, -10.81 	0.73, 19.42, -7.09 	0.00, 20.00 	11,28,35,901		12.20,3.80	1000,1 	0
3488    	17.68, -11.79, -10.80 	0.70, 19.38, -7.08 	0.00, 20.00 	11,28,35,910		16.93,6.72	1000,1 	0
3497    	17.77, -11.94, -10.80 	0.63, 19.30, -7.04 	0.00, 20.00 	11,28,35,920		20.05,11.60	1000,1 	0
3506    	17.88, -12.15, -10.80 	0.58, 19.21, -6.99 	0.00, 20.00 	11,28,35,930		26.29,11.40	1000,1 	0
3514    	18.01, -12.35, -10.80 	0.54, 19.13, -6.97 	0.00, 20.00 	11,28,35,939		30.41,11.01	1000,1 	0
3523    	18.22, -12.51, -10.80 	0.52, 19.05, -6.99 	0.00, 20.00 	11,28,35,949		28.98,9.07	1000,1 	0
3532    	18.33, -12.73, -10.79 	0.51, 19.01, -7.01 	0.00, 20.00 	11,28,35,959		26.29,5.15	1000,1 	0
3540    	18.39, -12.89, -10.80 	0.46, 18.95, -7.03 	0.00, 20.00 	11,28,35,968		21.99,9.32	1000,1 	0
3549    	18.50, -13.03, -10.81 	0.42, 18.88, -7.02 	0.00, 20.00 	11,28,35,978		19.65,8.68	1000,1 	0
3558    	18.53, -13.09, -10.86 	0.38, 18.84, -7.01 	0.00, 20.00 	11,28,35,988		7.43,7.39	1000,1 	0
3566    	18.60, -13.09, -10.88 	0.37, 18.80, -7.01 	0.00, 20.00 	11,28,35,997		8.94,4.42	1000,1 	0
3575    	18.72, -13.13, -10.91 	0.38, 18.79, -7.02 	0.00, 20.00 	11,28,36,7		14.39,1.70	1000,1 	0
3584    	18.82, -13.13, -10.96 	0.40, 18.83, -7.05 	0.00, 20.00 	11,28,36,17		11.35,4.34	1000,1 	0
3592    	18.92, -13.10, -11.00 	0.40, 18.85, -7.06 	0.00, 20.00 	11,28,36,26		12.03,2.85	1000,1 	0
3601    	19.00, -13.08, -11.04 	0.39, 18.88, -7.06 	0.00, 20.00 	11,28,36,36		9.28,3.98	1000,1 	0
3610    	19.03, -13.02, -11.08 	0.39, 18.89, -7.05 	0.00, 20.00 	11,28,36,46		7.05,1.27	1000,1 	0
3618    	19.04, -13.02, -11.10 	0.40, 18.92, -7.06 	0.00, 20.00 	11,28,36,55		1.28,3.73	1000,1 	0
3627    	19.05, -13.02, -11.12 	0.40, 18.95, -7.05 	0.00, 20.00 	11,28,36,65		1.14,3.98	1000,1 	0
3636    	19.02, -13.01, -11.16 	0.40, 19.01, -7.04 	0.00, 20.00 	11,28,36,75		3.71,6.39	1000,1 	0
3644    	19.03, -13.04, -11.17 	0.43, 19.03, -7.04 	0.00, 20.00 	11,28,36,84		4.58,4.63	1000,1 	0
3653    	19.02, -13.04, -11.19 	0.45, 19.04, -7.04 	0.00, 20.00 	11,28,36,94		1.14,2.52	1000,1 	0
3662    	19.02, -13.02, -11.21 	0.44, 19.04, -7.04 	0.00, 20.00 	11,28,36,104		2.56,1.11	1000,1 	0
3670    	18.98, -13.05, -11.20 	0.43, 19.06, -7.04 	0.00, 20.00 	11,28,36,113		6.48,3.14	1000,1 	0
3679    	18.98, -13.06, -11.22 	0.42, 19.09, -7.04 	0.00, 20.00 	11,28,36,123		1.28,2.79	1000,1 	0
3688    	18.91, -13.07, -11.23 	0.39, 19.12, -7.06 	0.00, 20.00 	11,28,36,133		7.97,5.91	1000,1 	0
3697    	18.86, -13.07, -11.23 	0.36, 19.15, -7.08 	0.00, 20.00 	11,28,36,143		4.54,4.23	1000,1 	0
3705    	18.85, -13.02, -11.27 	0.36, 19.17, -7.08 	0.00, 20.00 	11,28,36,152		5.97,2.85	1000,1 	0
3714    	18.83, -13.02, -11.28 	0.37, 19.16, -7.08 	0.00, 20.00 	11,28,36,162		2.27,1.70	1000,1 	0
3724    	18.79, -12.99, -11.30 	0.37, 19.16, -7.08 	0.00, 20.00 	11,28,36,173		5.51,0.00	1000,1 	0
3732    	18.76, -12.96, -11.31 	0.34, 19.18, -7.08 	0.00, 20.00 	11,28,36,181		4.94,4.76	1000,1 	0
3741    	18.70, -12.96, -11.32 	0.26, 19.21, -7.07 	0.00, 20.00 	11,28,36,191		6.82,9.27	1000,1 	0
3750    	18.64, -12.96, -11.32 	0.20, 19.25, -7.04 	0.00, 20.00 	11,28,36,201		6.81,8.45	1000,1 	0
3758    	18.60, -12.94, -11.33 	0.18, 19.29, -7.02 	0.00, 20.00 	11,28,36,210		5.40,5.00	1000,1 	0
3767    	18.60, -12.93, -11.32 	0.16, 19.31, -7.00 	0.00, 20.00 	11,28,36,220		1.28,3.41	1000,1 	0
3776    	18.59, -12.93, -11.32 	0.16, 19.31, -6.99 	0.00, 20.00 	11,28,36,230		1.14,0.00	1000,1 	0
3784    	18.54, -12.95, -11.33 	0.18, 19.29, -6.99 	0.00, 20.00 	11,28,36,239		6.84,3.83	1000,1 	0
3794    	18.57, -12.94, -11.33 	0.17, 19.30, -6.99 	0.00, 20.00 	11,28,36,249		3.21,1.53	1000,1 	0
3803    	18.49, -12.95, -11.34 	0.16, 19.29, -6.99 	0.00, 20.00 	11,28,36,259		7.97,1.66	1000,1 	0
3811    	18.48, -12.96, -11.35 	0.16, 19.29, -6.98 	0.00, 20.00 	11,28,36,268		1.86,0.00	1000,1 	0
3820    	18.49, -12.97, -11.33 	0.16, 19.29, -6.99 	0.00, 20.00 	11,28,36,278		1.28,0.00	1000,1 	0
3829    	18.47, -12.96, -11.32 	0.15, 19.29, -6.99 	0.00, 20.00 	11,28,36,288		1.76,1.11	1000,1 	0
3838    	18.45, -12.98, -11.32 	0.15, 19.29, -6.99 	0.00, 20.00 	11,28,36,298		3.31,0.00	1000,1 	0
3846    	18.47, -12.97, -11.32 	0.15, 19.30, -7.00 	0.00, 20.00 	11,28,36,307		2.85,1.42	1000,1 	0
3855    	18.44, -12.96, -11.33 	0.15, 19.29, -7.01 	0.00, 20.00 	11,28,36,317		3.71,1.27	1000,1 	0
3863    	18.46, -12.98, -11.31 	0.15, 19.30, -7.02 	0.00, 20.00 	11,28,36,326		3.97,1.42	1000,1 	0
3872    	18.47, -12.97, -11.31 	0.16, 19.30, -7.01 	0.00, 20.00 	11,28,36,336		1.66,1.11	1000,1 	0
3881    	18.46, -12.97, -11.31 	0.15, 19.29, -7.00 	0.00, 20.00 	11,28,36,346		1.14,1.66	1000,1 	0
3890    	18.48, -12.98, -11.31 	0.15, 19.29, -6.99 	0.00, 20.00 	11,28,36,356		1.76,0.00	1000,1 	0
3898    	18.48, -13.00, -11.31 	0.14, 19.29, -6.98 	0.00, 20.00 	11,28,36,365		1.44,1.24	1000,1 	0
3907    	18.47, -13.01, -11.31 	0.14, 19.30, -6.98 	0.00, 20.00 	11,28,36,375		1.66,1.27	1000,1 	0
3916    	18.47, -13.02, -11.29 	0.15, 19.29, -6.98 	0.00, 20.00 	11,28,36,385		1.28,1.70	1000,1 	0
3924    	18.45, -13.03, -11.29 	0.17, 19.29, -6.99 	0.00, 20.00 	11,28,36,394		2.85,2.49	1000,1 	0
3933    	18.45, -13.05, -11.29 	0.17, 19.29, -7.00 	0.00, 20.00 	11,28,36,404		2.56,0.00	1000,1 	0
3942    	18.45, -13.05, -11.28 	0.18, 19.30, -7.00 	0.00, 20.00 	11,28,36,414		0.00,1.66	1000,1 	0
3950    	18.44, -13.06, -11.26 	0.18, 19.30, -7.00 	0.00, 20.00 	11,28,36,423		1.86,0.00	1000,1 	0
3959    	18.43, -13.10, -11.27 	0.17, 19.30, -7.00 	0.00, 20.00 	11,28,36,433		3.93,1.11	1000,1 	0
3968    	18.43, -13.12, -11.27 	0.17, 19.30, -6.98 	0.00, 20.00 	11,28,36,443		2.56,0.00	1000,1 	0
3976    	18.45, -13.12, -11.27 	0.17, 19.31, -6.98 	0.00, 20.00 	11,28,36,452		2.56,1.42	1000,1 	0
3985    	18.42, -13.12, -11.25 	0.18, 19.31, -6.98 	0.00, 20.00 	11,28,36,462		3.41,1.11	1000,1 	0
3994    	18.39, -13.14, -11.24 	0.19, 19.29, -6.99 	0.00, 20.00 	11,28,36,472		4.13,2.79	1000,1 	0
4002    	18.40, -13.18, -11.24 	0.18, 19.29, -6.98 	0.00, 20.00 	11,28,36,481		4.58,1.24	1000,1 	0
4011    	18.36, -13.22, -11.23 	0.17, 19.28, -6.98 	0.00, 20.00 	11,28,36,491		6.62,1.66	1000,1 	0
4020    	18.36, -13.27, -11.21 	0.19, 19.29, -6.98 	0.00, 20.00 	11,28,36,501		5.11,2.52	1000,1 	0
4028    	18.37, -13.30, -11.21 	0.18, 19.28, -6.98 	0.00, 20.00 	11,28,36,510		4.58,1.86	1000,1 	0
4037    	18.32, -13.33, -11.19 	0.18, 19.29, -6.98 	0.00, 20.00 	11,28,36,520		6.65,1.27	1000,1 	0
4046    	18.30, -13.37, -11.17 	0.19, 19.29, -6.98 	0.00, 20.00 	11,28,36,530		4.33,1.11	1000,1 	0
4054    	18.26, -13.38, -11.16 	0.19, 19.29, -6.98 	0.00, 20.00 	11,28,36,539		5.22,0.00	1000,1 	0
4063    	18.24, -13.43, -11.14 	0.19, 19.29, -6.98 	0.00, 20.00 	11,28,36,549		6.65,0.00	1000,1 	0
4072    	18.24, -13.47, -11.12 	0.19, 19.29, -6.97 	0.00, 20.00 	11,28,36,559		3.83,0.00	1000,1 	0
4081    	18.24, -13.48, -11.10 	0.20, 19.29, -6.98 	0.00, 20.00 	11,28,36,569		1.28,1.11	1000,1 	0
4089    	18.21, -13.55, -11.08 	0.20, 19.29, -6.97 	0.00, 20.00 	11,28,36,578		9.22,0.00	1000,1 	0
4098    	18.18, -13.56, -11.07 	0.20, 19.30, -6.97 	0.00, 20.00 	11,28,36,588		3.56,1.27	1000,1 	0
4107    	18.14, -13.58, -11.07 	0.19, 19.30, -6.97 	0.00, 20.00 	11,28,36,598		5.07,1.11	1000,1 	0
4115    	18.12, -13.60, -11.05 	0.21, 19.30, -6.97 	0.00, 20.00 	11,28,36,607		3.72,2.49	1000,1 	0
4124    	18.11, -13.65, -11.05 	0.21, 19.30, -6.97 	0.00, 20.00 	11,28,36,617		5.17,0.00	1000,1 	0
4133    	18.13, -13.67, -11.05 	0.21, 19.31, -6.97 	0.00, 20.00 	11,28,36,627		3.53,1.27	1000,1 	0
4141    	18.10, -13.73, -11.04 	0.21, 19.31, -6.97 	0.00, 20.00 	11,28,36,636		7.93,0.00	1000,1 	0
4150    	18.13, -13.75, -11.02 	0.22, 19.31, -6.97 	0.00, 20.00 	11,28,36,646		4.39,1.11	1000,1 	0
4159    	18.10, -13.77, -11.01 	0.22, 19.32, -6.97 	0.00, 20.00 	11,28,36,656		4.13,1.27	1000,1 	0
4167    	18.08, -13.79, -10.99 	0.22, 19.31, -6.98 	0.00, 20.00 	11,28,36,665		3.72,1.42	1000,1 	0
4176    	18.07, -13.84, -10.95 	0.22, 19.30, -6.98 	0.00, 20.00 	11,28,36,675		5.17,1.27	1000,1 	0
4185    	18.06, -13.86, -10.91 	0.23, 19.29, -6.98 	0.00, 20.00 	11,28,36,685		2.73,1.70	1000,1 	0
4193    	18.08, -13.87, -10.90 	0.25, 19.27, -6.98 	0.00, 20.00 	11,28,36,694		3.01,2.90	1000,1 	0
4202    	18.12, -13.89, -10.88 	0.25, 19.29, -6.98 	0.00, 20.00 	11,28,36,704		4.80,1.27	1000,1 	0
4211    	18.12, -13.89, -10.87 	0.26, 19.29, -6.98 	0.00, 20.00 	11,28,36,714		0.00,1.11	1000,1 	0
4220    	18.12, -13.89, -10.84 	0.27, 19.30, -6.98 	0.00, 20.00 	11,28,36,724		0.00,1.66	1000,1 	0
4228    	18.16, -13.89, -10.81 	0.27, 19.31, -6.98 	0.00, 20.00 	11,28,36,733		3.83,1.42	1000,1 	0
4237    	18.13, -13.92, -10.80 	0.27, 19.31, -6.98 	0.00, 20.00 	11,28,36,743		4.97,0.00	1000,1 	0
4245    	18.13, -13.96, -10.78 	0.29, 19.31, -6.98 	0.00, 20.00 	11,28,36,752		4.31,2.49	1000,1 	0
4254    	18.11, -13.98, -10.76 	0.30, 19.32, -6.98 	0.00, 20.00 	11,28,36,762		3.31,1.66	1000,1 	0
4263    	18.14, -14.04, -10.73 	0.31, 19.31, -6.98 	0.00, -0.00 	11,28,36,782		7.43,1.70	1000,1 	0
4271    	18.15, -14.06, -10.70 	0.32, 19.31, -6.98 	0.00, -0.00 	11,28,36,791		1.52,0.59	1000,1 	0
4280    	18.17, -14.06, -10.69 	0.33, 19.30, -6.98 	0.00, -0.00 	11,28,36,801		1.20,0.90	1000,1 	0
4289    	18.22, -14.04, -10.68 	0.33, 19.30, -6.98 	0.00, -0.00 	11,28,36,811		3.22,0.00	1000,1 	0
4297    	18.20, -14.08, -10.67 	0.34, 19.29, -6.98 	0.00, -0.00 	11,28,36,820		2.29,0.59	1000,1 	0
4306    	18.22, -14.04, -10.67 	0.34, 19.28, -6.98 	0.00, -0.00 	11,28,36,830		2.29,0.67	1000,1 	0
4315    	18.23, -14.08, -10.64 	0.33, 19.30, -6.98 	0.00, -0.00 	11,28,36,840		2.15,0.90	1000,1 	0
4323    	18.24, -14.10, -10.63 	0.34, 19.28, -6.98 	0.00, -0.00 	11,28,36,849		1.52,0.90	1000,1 	0
4332    	18.27, -14.10, -10.61 	0.35, 19.28, -6.98 	0.00, -0.00 	11,28,36,859		1.80,0.59	1000,1 	0
4341    	18.28, -14.11, -10.60 	0.34, 19.28, -6.98 	0.00, -0.00 	11,28,36,869		0.93,0.59	1000,1 	0
4349    	18.30, -14.13, -10.60 	0.35, 19.28, -6.98 	0.00, -0.00 	11,28,36,878		1.42,0.59	1000,1 	0
4358    	18.30, -14.14, -10.59 	0.36, 19.28, -6.98 	0.00, -0.00 	11,28,36,888		0.68,0.59	1000,1 	0
4367    	18.31, -14.11, -10.59 	0.37, 19.28, -6.98 	0.00, -0.00 	11,28,36,898		1.45,0.59	1000,1 	0
4375    	18.32, -14.13, -10.57 	0.38, 19.29, -6.98 	0.00, -0.00 	11,28,36,907		0.93,0.88	1000,1 	0
4384    	18.34, -14.15, -10.57 	0.38, 19.28, -6.98 	0.00, -0.00 	11,28,36,917		1.76,0.63	1000,1 	0
4393    	18.35, -14.13, -10.57 	0.38, 19.28, -6.99 	0.00, -0.00 	11,28,36,927		1.45,0.00	1000,1 	0
4401    	18.37, -14.13, -10.57 	0.38, 19.27, -6.99 	0.00, -0.00 	11,28,36,936		1.28,0.71	1000,1 	0
4410    	18.39, -14.11, -10.59 	0.38, 19.27, -6.98 	0.00, -0.00 	11,28,36,946		1.66,0.00	1000,1 	0
4419    	18.39, -14.12, -10.58 	0.38, 19.27, -6.98 	0.00, -0.00 	11,28,36,956		0.68,0.00	1000,1 	0
4428    	18.39, -14.12, -10.58 	0.39, 19.27, -6.98 	0.00, -0.00 	11,28,36,966		0.00,0.59	1000,1 	0
4436    	18.39, -14.12, -10.58 	0.39, 19.27, -6.98 	0.00, -0.00 	11,28,36,975		0.00,0.00	1000,1 	0
4445    	18.40, -14.13, -10.58 	0.39, 19.27, -6.99 	0.00, -0.00 	11,28,36,985		0.93,0.59	1000,1 	0
4454    	18.42, -14.12, -10.59 	0.39, 19.27, -6.99 	0.00, -0.00 	11,28,36,995		1.34,0.00	1000,1 	0
4462    	18.42, -14.11, -10.60 	0.40, 19.26, -6.98 	0.00, -0.00 	11,28,37,4		0.68,0.90	1000,1 	0
4471    	18.47, -14.10, -10.60 	0.40, 19.24, -6.98 	0.00, -0.00 	11,28,37,14		2.46,1.34	1000,1 	0
4480    	18.48, -14.09, -10.61 	0.39, 19.24, -6.97 	0.00, -0.00 	11,28,37,24		0.88,0.59	1000,1 	0
4488    	18.46, -14.09, -10.62 	0.40, 19.24, -6.97 	0.00, -0.00 	11,28,37,33		0.60,0.59	1000,1 	0
4497    	18.47, -14.11, -10.63 	0.41, 19.26, -6.97 	0.00, -0.00 	11,28,37,43		1.35,1.45	1000,1 	0
4506    	18.48, -14.09, -10.63 	0.41, 19.27, -6.97 	0.00, -0.00 	11,28,37,53		1.45,0.67	1000,1 	0
4514    	18.49, -14.09, -10.64 	0.40, 19.26, -6.97 	0.00, -0.00 	11,28,37,62		0.60,0.88	1000,1 	0
4523    	18.50, -14.07, -10.67 	0.40, 19.26, -6.97 	0.00, -0.00 	11,28,37,72		1.45,0.00	1000,1 	0
4532    	18.54, -14.03, -10.69 	0.39, 19.26, -6.97 	0.00, -0.00 	11,28,37,82		3.05,0.59	1000,1 	0
4540    	18.56, -13.97, -10.72 	0.39, 19.25, -6.97 	0.00, -0.00 	11,28,37,91		4.34,0.88	1000,1 	0
4549    	18.59, -13.94, -10.74 	0.38, 19.26, -6.97 	0.00, -0.00 	11,28,37,101		2.19,0.90	1000,1 	0
4558    	18.60, -13.93, -10.79 	0.38, 19.26, -6.97 	0.00, -0.00 	11,28,37,111		0.88,0.00	1000,1 	0
4566    	18.64, -13.92, -10.81 	0.39, 19.26, -6.97 	0.00, -0.00 	11,28,37,120		1.89,0.59	1000,1 	0
4575    	18.59, -13.93, -10.84 	0.39, 19.26, -6.97 	0.00, -0.00 	11,28,37,130		2.32,0.00	1000,1 	0
4584    	18.61, -13.89, -10.88 	0.39, 19.26, -6.98 	0.00, -0.00 	11,28,37,140		2.89,0.00	1000,1 	0
4593    	18.63, -13.85, -10.89 	0.39, 19.26, -6.97 	0.00, -0.00 	11,28,37,150		2.29,0.00	1000,1 	0
4601    	18.62, -13.83, -10.92 	0.39, 19.26, -6.97 	0.00, -0.00 	11,28,37,159		1.52,0.00	1000,1 	0
4611    	18.64, -13.81, -10.93 	0.39, 19.26, -6.97 	0.00, -0.00 	11,28,37,169		1.75,0.00	1000,1 	0
4619    	18.64, -13.80, -10.96 	0.39, 19.26, -6.97 	0.00, -0.00 	11,28,37,178		0.68,0.59	1000,1 	0
4628    	18.66, -13.79, -10.97 	0.40, 19.22, -6.97 	0.00, -0.00 	11,28,37,188		1.27,1.99	1000,1 	0
4637    	18.65, -13.79, -10.97 	0.46, 19.15, -6.95 	0.00, -0.00 	11,28,37,198		0.60,5.41	1000,1 	0
4646    	18.70, -13.76, -11.00 	0.63, 18.94, -6.92 	0.00, -0.00 	11,28,37,208		3.22,15.84	1000,1 	0
4654    	18.73, -13.78, -11.00 	0.79, 18.64, -6.86 	0.00, -0.00 	11,28,37,217		1.97,20.00	1000,1 	0
4663    	18.77, -13.77, -11.00 	0.87, 18.45, -6.83 	0.00, -0.00 	11,28,37,227		1.89,12.43	1000,1 	0
4672    	18.77, -13.78, -11.01 	0.95, 18.23, -6.80 	0.00, -0.00 	11,28,37,237		0.68,13.68	1000,1 	0
4680    	18.81, -13.77, -11.02 	1.03, 17.95, -6.78 	0.00, -0.00 	11,28,37,246		2.46,16.87	1000,1 	0
4689    	18.85, -13.78, -11.05 	1.14, 17.61, -6.75 	0.00, -0.00 	11,28,37,256		2.54,21.27	1000,1 	0
4698    	18.88, -13.82, -11.06 	1.23, 17.24, -6.71 	0.00, -0.00 	11,28,37,266		2.80,22.22	1000,1 	0
4706    	18.96, -13.87, -11.06 	1.32, 16.84, -6.68 	0.00, -0.00 	11,28,37,275		5.67,24.17	1000,1 	0
4715    	19.06, -13.93, -11.09 	1.40, 16.41, -6.67 	0.00, -0.00 	11,28,37,285		7.08,26.01	1000,1 	0
4724    	19.17, -14.03, -11.10 	1.43, 15.95, -6.73 	0.00, -0.00 	11,28,37,295		8.34,26.90	1000,1 	0
4732    	19.35, -14.18, -11.14 	1.46, 15.51, -6.82 	0.00, -0.00 	11,28,37,304		14.37,26.23	1000,1 	0
4741    	19.56, -14.39, -11.17 	1.47, 15.08, -6.92 	0.00, -0.00 	11,28,37,314		17.16,24.81	1000,1 	0
4750    	19.82, -14.64, -11.21 	1.48, 14.64, -6.99 	0.00, -0.00 	11,28,37,324		21.33,26.15	1000,1 	0
4758    	20.14, -14.93, -11.23 	1.49, 14.20, -7.02 	0.00, -0.00 	11,28,37,333		25.48,26.15	1000,1 	0
4767    	20.47, -15.26, -11.23 	1.55, 13.74, -7.05 	0.00, -0.00 	11,28,37,343		25.42,25.61	1000,1 	0
4776    	20.83, -15.64, -11.22 	1.65, 13.29, -7.07 	0.00, -0.00 	11,28,37,353		31.13,26.93	1000,1 	0
4785    	21.17, -16.04, -11.19 	1.76, 12.80, -7.11 	0.00, -0.00 	11,28,37,363		32.72,31.55	1000,1 	0
4793    	21.53, -16.45, -11.15 	1.88, 12.28, -7.13 	0.00, -0.00 	11,28,37,372		32.25,31.14	1000,1 	0
4802    	21.86, -16.88, -11.11 	1.94, 11.77, -7.15 	0.00, -0.00 	11,28,37,382		31.98,30.45	1000,1 	0
4810    	22.22, -17.24, -11.11 	2.04, 11.31, -7.17 	0.00, -0.00 	11,28,37,391		29.70,27.59	1000,1 	0
4819    	22.52, -17.54, -11.09 	2.12, 10.85, -7.17 	0.00, -0.00 	11,28,37,401		23.66,25.81	1000,1 	0
4828    	22.76, -17.78, -11.09 	2.26, 10.34, -7.19 	0.00, -0.00 	11,28,37,411		19.95,31.46	1000,1 	0
4837    	22.93, -17.96, -11.10 	2.39, 9.82, -7.24 	0.00, -0.00 	11,28,37,421		14.85,31.29	1000,1 	0
4845    	23.16, -18.09, -11.09 	2.48, 9.36, -7.28 	0.00, -0.00 	11,28,37,430		15.23,27.59	1000,1 	0
4854    	23.27, -18.32, -11.07 	2.58, 8.93, -7.31 	0.00, -0.00 	11,28,37,439		15.15,26.28	1000,1 	0
4863    	23.47, -18.57, -11.05 	2.65, 8.50, -7.34 	0.00, -0.00 	11,28,37,450		18.79,25.23	1000,1 	0
4871    	23.59, -18.94, -11.06 	2.69, 8.08, -7.39 	0.00, -0.00 	11,28,37,458		22.39,24.96	1000,1 	0
4880    	23.72, -19.21, -11.06 	2.81, 7.64, -7.41 	0.00, -0.00 	11,28,37,469		17.85,26.59	1000,1 	0
4889    	23.82, -19.53, -11.02 	2.89, 7.21, -7.41 	0.00, -0.00 	11,28,37,478		20.03,26.01	1000,1 	0
4897    	23.95, -19.87, -10.96 	2.98, 6.76, -7.42 	0.00, -0.00 	11,28,37,487		21.33,26.79	1000,1 	0
4906    	24.06, -20.23, -10.90 	3.04, 6.34, -7.43 	0.00, -0.00 	11,28,37,497		22.18,25.13	1000,1 	0
4915    	24.27, -20.49, -10.89 	3.05, 5.99, -7.45 	0.00, -0.00 	11,28,37,507		19.72,20.79	1000,1 	0
4923    	24.51, -20.72, -10.90 	3.10, 5.62, -7.49 	0.00, -0.00 	11,28,37,516		19.47,21.72	1000,1 	0
4932    	24.64, -20.91, -10.90 	3.16, 5.28, -7.50 	0.00, -0.00 	11,28,37,526		13.75,20.50	1000,1 	0
4941    	24.75, -21.10, -10.86 	3.15, 4.91, -7.52 	0.00, -0.00 	11,28,37,536		12.71,21.43	1000,1 	0
4949    	24.79, -21.38, -10.79 	3.13, 4.54, -7.55 	0.00, -0.00 	11,28,37,545		16.56,22.11	1000,1 	0
4958    	24.85, -21.59, -10.75 	3.05, 4.14, -7.57 	0.00, -0.00 	11,28,37,555		12.02,22.46	1000,1 	0
4967    	24.92, -21.71, -10.72 	2.89, 3.72, -7.55 	0.00, -0.00 	11,28,37,565		8.19,26.25	1000,1 	0
4976    	24.95, -21.94, -10.63 	2.77, 3.39, -7.54 	0.00, -0.00 	11,28,37,575		14.51,22.42	1000,1 	0
4984    	24.98, -22.20, -10.54 	2.59, 3.11, -7.55 	0.00, -0.00 	11,28,37,584		15.78,19.54	1000,1 	0
4993    	25.04, -22.46, -10.47 	2.43, 2.84, -7.60 	0.00, -0.00 	11,28,37,594		15.37,18.67	1000,1 	0
5001    	25.13, -22.59, -10.44 	2.20, 2.51, -7.57 	0.00, -0.00 	11,28,37,604		9.47,23.33	1000,1 	0
5010    	25.18, -22.73, -10.43 	2.05, 2.18, -7.57 	0.00, -0.00 	11,28,37,614		8.13,20.50	1000,1 	0
5019    	25.15, -22.87, -10.39 	1.90, 1.84, -7.55 	0.00, -0.00 	11,28,37,623		8.21,21.71	1000,1 	0
5028    	25.14, -23.01, -10.34 	1.68, 1.61, -7.57 	0.00, -0.00 	11,28,37,633		8.78,18.81	1000,1 	0
5036    	25.15, -23.15, -10.28 	1.51, 1.35, -7.55 	0.00, -0.00 	11,28,37,642		8.18,18.11	1000,1 	0
5045    	25.10, -23.21, -10.24 	1.30, 1.09, -7.47 	0.00, -0.00 	11,28,37,652		4.38,19.44	1000,1 	0
5054    	25.08, -23.25, -10.20 	1.10, 0.87, -7.40 	0.00, -0.00 	11,28,37,662		2.89,17.55	1000,1 	0
5062    	25.05, -23.42, -10.11 	0.87, 0.50, -7.28 	0.00, -0.00 	11,28,37,671		10.28,25.56	1000,1 	0
5071    	25.08, -23.56, -10.02 	0.75, 0.21, -7.20 	0.00, -0.00 	11,28,37,681		8.43,18.60	1000,1 	0
5080    	25.06, -23.74, -9.91 	0.65, -0.10, -7.09 	0.00, -0.00 	11,28,37,691		10.14,19.03	1000,1 	0
