#Time 	Sensor1         Sensor2         Target          Time            Vel             
#================================================================

10      	25.13, -26.30, -7.32 	0.09, -1.03, -6.75 	0.00, 20.00 	11,25,35,176		0.00,0.00	0,0 	0
18      	25.14, -26.28, -7.32 	0.11, -1.05, -6.74 	0.00, 20.00 	11,25,35,186		3.07,3.83	0,0 	0
27      	25.14, -26.29, -7.32 	0.08, -1.06, -6.76 	0.00, 20.00 	11,25,35,196		1.28,3.52	0,0 	0
35      	25.08, -26.32, -7.30 	0.09, -1.05, -6.75 	0.00, 20.00 	11,25,35,205		8.56,1.86	0,0 	0
44      	25.07, -26.31, -7.29 	0.07, -1.05, -6.74 	0.00, 20.00 	11,25,35,215		1.76,2.21	0,0 	0
53      	25.05, -26.34, -7.29 	0.10, -1.06, -6.74 	0.00, 20.00 	11,25,35,225		4.33,3.58	0,0 	0
61      	25.06, -26.32, -7.29 	0.11, -1.05, -6.75 	0.00, 20.00 	11,25,35,234		3.07,1.86	0,0 	0
70      	25.08, -26.31, -7.30 	0.10, -1.06, -6.74 	0.00, 20.00 	11,25,35,244		2.54,1.66	0,0 	0
79      	25.09, -26.31, -7.29 	0.09, -1.02, -6.75 	0.00, 20.00 	11,25,35,254		1.14,5.21	0,0 	0
87      	25.11, -26.32, -7.28 	0.08, -1.01, -6.75 	0.00, 20.00 	11,25,35,263		3.01,1.24	0,0 	0
96      	25.09, -26.33, -7.27 	0.10, -1.02, -6.74 	0.00, 20.00 	11,25,35,273		2.54,2.21	0,0 	0
105     	25.09, -26.34, -7.27 	0.09, -1.02, -6.76 	0.00, 20.00 	11,25,35,283		1.28,1.11	0,0 	0
113     	25.08, -26.32, -7.26 	0.10, -1.02, -6.75 	0.00, 20.00 	11,25,35,292		3.22,1.24	0,0 	0
122     	25.09, -26.31, -7.26 	0.10, -1.00, -6.75 	0.00, 20.00 	11,25,35,302		1.66,1.27	0,0 	0
131     	25.03, -26.34, -7.27 	0.11, -1.00, -6.76 	0.00, 20.00 	11,25,35,312		7.61,1.11	0,0 	0
140     	25.03, -26.33, -7.27 	0.10, -1.04, -6.75 	0.00, 20.00 	11,25,35,322		1.28,3.92	0,0 	0
148     	25.03, -26.32, -7.27 	0.08, -1.03, -6.75 	0.00, 20.00 	11,25,35,331		1.44,2.90	0,0 	0
157     	25.06, -26.32, -7.27 	0.07, -1.01, -6.75 	0.00, 20.00 	11,25,35,341		3.41,1.70	0,0 	0
166     	25.06, -26.31, -7.26 	0.11, -1.03, -6.76 	0.00, 20.00 	11,25,35,351		1.28,4.63	0,0 	0
174     	25.07, -26.30, -7.26 	0.12, -1.03, -6.75 	0.00, 20.00 	11,25,35,360		1.86,1.24	0,0 	0
183     	25.06, -26.32, -7.26 	0.14, -1.03, -6.75 	0.00, 20.00 	11,25,35,370		2.73,2.21	0,0 	0
193     	25.08, -26.37, -7.23 	0.14, -1.02, -6.77 	0.00, 20.00 	11,25,35,381		5.15,1.14	0,0 	0
200     	25.08, -26.37, -7.23 	0.12, -1.03, -6.76 	0.00, 20.00 	11,25,35,389		0.00,3.24	0,0 	0
209     	25.04, -26.39, -7.24 	0.14, -1.04, -6.76 	0.00, 20.00 	11,25,35,399		5.07,2.58	0,0 	0
218     	25.04, -26.39, -7.23 	0.13, -1.04, -6.76 	0.00, 20.00 	11,25,35,409		0.00,1.11	0,0 	0
226     	25.04, -26.39, -7.24 	0.13, -1.03, -6.75 	0.00, 20.00 	11,25,35,418		0.00,1.42	0,0 	0
235     	25.04, -26.39, -7.23 	0.14, -1.03, -6.75 	0.00, 20.00 	11,25,35,428		0.00,1.11	0,0 	0
244     	25.03, -26.38, -7.26 	0.14, -1.03, -6.76 	0.00, 20.00 	11,25,35,438		1.76,0.00	0,0 	0
252     	25.08, -26.34, -7.25 	0.13, -1.03, -6.76 	0.00, 20.00 	11,25,35,447		7.48,1.24	0,0 	0
261     	25.09, -26.34, -7.26 	0.13, -1.02, -6.75 	0.00, 20.00 	11,25,35,457		1.14,1.27	0,0 	0
270     	25.09, -26.34, -7.26 	0.15, -1.01, -6.78 	0.00, 20.00 	11,25,35,467		0.00,2.52	0,0 	0
278     	25.11, -26.32, -7.26 	0.14, -1.01, -6.77 	0.00, 20.00 	11,25,35,476		3.72,1.24	0,0 	0
287     	25.07, -26.36, -7.25 	0.13, -1.00, -6.77 	0.00, 20.00 	11,25,35,486		5.76,1.11	0,0 	0
296     	25.06, -26.38, -7.24 	0.14, -0.99, -6.78 	0.00, 20.00 	11,25,35,496		2.73,1.66	0,0 	0
305     	25.05, -26.39, -7.24 	0.12, -0.99, -6.77 	0.00, 20.00 	11,25,35,506		1.66,2.21	0,0 	0
313     	25.04, -26.40, -7.24 	0.12, -0.99, -6.79 	0.00, 20.00 	11,25,35,515		1.86,0.00	0,0 	0
322     	25.06, -26.38, -7.24 	0.11, -0.99, -6.78 	0.00, 20.00 	11,25,35,525		3.31,1.11	0,0 	0
331     	25.07, -26.40, -7.22 	0.13, -0.99, -6.78 	0.00, 20.00 	11,25,35,535		2.86,2.21	0,0 	0
339     	25.07, -26.39, -7.22 	0.13, -0.99, -6.78 	0.00, 20.00 	11,25,35,544		1.44,0.00	0,0 	0
348     	25.06, -26.39, -7.22 	0.15, -0.99, -6.77 	0.00, 20.00 	11,25,35,554		1.14,2.21	0,0 	0
357     	25.05, -26.41, -7.22 	0.12, -1.00, -6.77 	0.00, 20.00 	11,25,35,564		2.73,3.52	0,0 	0
365     	25.04, -26.40, -7.21 	0.16, -1.02, -6.76 	0.00, 20.00 	11,25,35,573		1.98,5.21	0,0 	0
374     	25.04, -26.41, -7.21 	0.13, -0.99, -6.76 	0.00, 20.00 	11,25,35,583		1.28,4.23	0,0 	0
383     	25.03, -26.41, -7.21 	0.14, -0.99, -6.76 	0.00, 20.00 	11,25,35,593		1.14,1.11	0,0 	0
391     	25.05, -26.39, -7.21 	0.14, -0.99, -6.76 	0.00, 20.00 	11,25,35,602		3.72,0.00	0,0 	0
400     	25.05, -26.39, -7.21 	0.14, -0.99, -6.77 	0.00, 20.00 	11,25,35,612		0.00,0.00	0,0 	0
409     	25.04, -26.42, -7.22 	0.14, -0.99, -6.77 	0.00, 20.00 	11,25,35,622		3.93,0.00	0,0 	0
417     	25.05, -26.42, -7.21 	0.12, -1.02, -6.77 	0.00, 20.00 	11,25,35,631		1.28,3.73	0,0 	0
426     	25.06, -26.42, -7.21 	0.13, -1.00, -6.76 	0.00, 20.00 	11,25,35,641		1.14,1.66	0,0 	0
435     	25.06, -26.42, -7.21 	0.14, -1.02, -6.77 	0.00, 20.00 	11,25,35,651		0.00,1.70	0,0 	0
443     	25.06, -26.42, -7.21 	0.09, -1.00, -6.76 	0.00, 20.00 	11,25,35,660		0.00,6.42	0,0 	0
452     	25.04, -26.43, -7.21 	0.09, -1.02, -6.76 	0.00, 20.00 	11,25,35,670		2.54,1.27	0,0 	0
461     	25.03, -26.43, -7.21 	0.11, -1.02, -6.76 	0.00, 20.00 	11,25,35,680		1.14,2.21	0,0 	0
469     	25.05, -26.41, -7.20 	0.09, -1.04, -6.76 	0.00, 20.00 	11,25,35,689		3.72,3.73	0,0 	0
478     	25.10, -26.41, -7.20 	0.09, -1.04, -6.76 	0.00, 20.00 	11,25,35,699		5.68,0.00	0,0 	0
487     	25.09, -26.41, -7.20 	0.08, -1.03, -6.75 	0.00, 20.00 	11,25,35,709		1.14,1.70	0,0 	0
496     	25.09, -26.39, -7.22 	0.10, -1.04, -6.77 	0.00, 20.00 	11,25,35,719		2.56,2.58	0,0 	0
504     	25.08, -26.39, -7.23 	0.10, -1.04, -6.77 	0.00, 20.00 	11,25,35,728		1.28,0.00	0,0 	0
513     	25.06, -26.42, -7.22 	0.10, -1.03, -6.77 	0.00, 20.00 	11,25,35,738		4.33,1.27	0,0 	0
522     	25.06, -26.42, -7.22 	0.12, -1.04, -6.77 	0.00, 20.00 	11,25,35,748		0.00,2.58	0,0 	0
530     	25.09, -26.38, -7.23 	0.12, -1.04, -6.77 	0.00, 20.00 	11,25,35,757		6.71,0.00	0,0 	0
539     	25.10, -26.36, -7.23 	0.11, -1.03, -6.78 	0.00, 20.00 	11,25,35,767		2.73,1.70	0,0 	0
548     	25.09, -26.37, -7.23 	0.11, -1.03, -6.78 	0.00, 20.00 	11,25,35,777		1.66,0.00	0,0 	0
556     	25.09, -26.39, -7.23 	0.11, -1.03, -6.78 	0.00, 20.00 	11,25,35,786		2.88,0.00	0,0 	0
565     	25.09, -26.40, -7.20 	0.11, -1.03, -6.78 	0.00, 20.00 	11,25,35,796		1.28,0.00	0,0 	0
574     	25.10, -26.41, -7.21 	0.11, -1.03, -6.78 	0.00, 20.00 	11,25,35,806		1.76,0.00	0,0 	0
582     	25.09, -26.40, -7.22 	0.11, -1.03, -6.78 	0.00, 20.00 	11,25,35,815		1.98,0.00	0,0 	0
591     	25.08, -26.41, -7.22 	0.13, -1.03, -6.78 	0.00, 20.00 	11,25,35,825		1.66,2.21	0,0 	0
600     	25.08, -26.40, -7.22 	0.12, -1.03, -6.78 	0.00, 20.00 	11,25,35,835		1.28,1.11	0,0 	0
608     	25.06, -26.38, -7.24 	0.13, -1.02, -6.77 	0.00, 20.00 	11,25,35,844		3.97,1.86	0,0 	0
617     	25.07, -26.38, -7.24 	0.12, -1.03, -6.77 	0.00, 20.00 	11,25,35,854		1.14,1.66	0,0 	0
626     	25.05, -26.37, -7.22 	0.12, -1.03, -6.79 	0.00, 20.00 	11,25,35,864		2.68,0.00	0,0 	0
634     	25.04, -26.37, -7.23 	0.12, -1.02, -6.79 	0.00, 20.00 	11,25,35,873		1.28,1.42	0,0 	0
643     	25.03, -26.37, -7.23 	0.13, -1.02, -6.79 	0.00, 20.00 	11,25,35,883		1.14,1.11	0,0 	0
652     	25.04, -26.35, -7.21 	0.12, -1.03, -6.78 	0.00, 20.00 	11,25,35,893		1.66,1.66	0,0 	0
660     	25.05, -26.37, -7.21 	0.11, -1.03, -6.77 	0.00, 20.00 	11,25,35,902		1.98,1.24	0,0 	0
669     	25.06, -26.38, -7.22 	0.12, -1.04, -6.78 	0.00, 20.00 	11,25,35,912		1.76,1.70	0,0 	0
678     	25.06, -26.34, -7.22 	0.13, -1.03, -6.79 	0.00, 20.00 	11,25,35,922		3.83,1.66	0,0 	0
687     	25.04, -26.34, -7.22 	0.13, -1.02, -6.78 	0.00, 20.00 	11,25,35,932		2.27,1.27	0,0 	0
695     	25.04, -26.34, -7.22 	0.13, -1.02, -6.78 	0.00, 20.00 	11,25,35,941		0.00,0.00	0,0 	0
704     	25.04, -26.33, -7.23 	0.13, -1.02, -6.78 	0.00, 20.00 	11,25,35,951		1.28,0.00	0,0 	0
713     	25.05, -26.34, -7.25 	0.12, -1.02, -6.77 	0.00, 20.00 	11,25,35,961		1.76,1.11	0,0 	0
721     	25.06, -26.35, -7.24 	0.12, -1.03, -6.79 	0.00, 20.00 	11,25,35,970		1.98,1.42	0,0 	0
730     	25.05, -26.33, -7.26 	0.12, -1.02, -6.79 	0.00, 20.00 	11,25,35,980		2.86,1.27	0,0 	0
739     	25.05, -26.33, -7.26 	0.13, -1.02, -6.79 	0.00, 20.00 	11,25,35,990		0.00,1.11	0,0 	0
747     	25.09, -26.32, -7.25 	0.12, -1.02, -6.79 	0.00, 20.00 	11,25,35,999		5.22,1.24	0,0 	0
756     	25.09, -26.31, -7.25 	0.13, -1.00, -6.79 	0.00, 20.00 	11,25,36,9		1.28,1.66	0,0 	0
765     	25.06, -26.34, -7.24 	0.12, -1.00, -6.79 	0.00, 20.00 	11,25,36,19		4.97,1.11	0,0 	0
773     	25.05, -26.35, -7.24 	0.13, -1.00, -6.79 	0.00, 20.00 	11,25,36,28		1.86,1.24	0,0 	0
782     	25.04, -26.34, -7.24 	0.12, -1.03, -6.78 	0.00, 20.00 	11,25,36,38		1.76,2.73	0,0 	0
791     	25.07, -26.36, -7.24 	0.12, -1.02, -6.78 	0.00, 20.00 	11,25,36,48		3.71,1.27	0,0 	0
799     	25.07, -26.34, -7.24 	0.11, -1.04, -6.77 	0.00, 20.00 	11,25,36,57		1.44,3.08	0,0 	0
808     	25.06, -26.35, -7.24 	0.12, -1.05, -6.76 	0.00, 20.00 	11,25,36,67		1.66,1.70	0,0 	0
817     	25.07, -26.37, -7.24 	0.11, -1.04, -6.76 	0.00, 20.00 	11,25,36,77		1.76,1.70	0,0 	0
825     	25.08, -26.36, -7.23 	0.11, -1.04, -6.78 	0.00, 20.00 	11,25,36,86		1.86,0.00	0,0 	0
834     	25.07, -26.34, -7.22 	0.11, -1.03, -6.78 	0.00, 20.00 	11,25,36,96		1.76,1.27	0,0 	0
843     	25.07, -26.36, -7.22 	0.15, -1.04, -6.78 	0.00, 20.00 	11,25,36,106		1.28,4.63	0,0 	0
851     	25.06, -26.34, -7.22 	0.15, -1.05, -6.78 	0.00, 20.00 	11,25,36,115		1.98,1.42	0,0 	0
860     	25.06, -26.35, -7.22 	0.15, -1.04, -6.78 	0.00, 20.00 	11,25,36,125		1.28,1.27	0,0 	0
869     	25.03, -26.38, -7.21 	0.15, -1.05, -6.78 	0.00, 20.00 	11,25,36,135		4.13,1.27	0,0 	0
878     	25.03, -26.40, -7.20 	0.14, -1.05, -6.77 	0.00, 20.00 	11,25,36,145		2.56,1.11	0,0 	0
886     	25.01, -26.36, -7.20 	0.14, -1.05, -6.77 	0.00, 20.00 	11,25,36,154		5.15,0.00	0,0 	0
895     	25.01, -26.38, -7.20 	0.14, -1.05, -6.77 	0.00, 20.00 	11,25,36,164		1.28,0.00	0,0 	0
904     	25.03, -26.39, -7.19 	0.16, -1.06, -6.77 	0.00, 20.00 	11,25,36,174		2.68,2.58	0,0 	0
912     	25.02, -26.38, -7.19 	0.16, -1.06, -6.78 	0.00, 20.00 	11,25,36,183		1.98,0.00	0,0 	0
921     	25.02, -26.40, -7.22 	0.16, -1.06, -6.78 	0.00, 20.00 	11,25,36,193		2.56,0.00	0,0 	0
930     	25.04, -26.40, -7.22 	0.16, -1.05, -6.78 	0.00, 20.00 	11,25,36,203		2.27,1.27	0,0 	0
939     	25.03, -26.39, -7.25 	0.16, -1.05, -6.77 	0.00, 20.00 	11,25,36,212		1.76,0.00	0,0 	0
948     	25.03, -26.39, -7.25 	0.16, -1.05, -6.78 	0.00, 20.00 	11,25,36,222		0.00,0.00	0,0 	0
957     	25.02, -26.41, -7.25 	0.15, -1.05, -6.78 	0.00, 20.00 	11,25,36,232		2.73,1.11	0,0 	0
965     	25.07, -26.41, -7.24 	0.14, -1.05, -6.78 	0.00, 20.00 	11,25,36,241		6.39,1.24	0,0 	0
974     	25.05, -26.42, -7.23 	0.14, -1.06, -6.78 	0.00, 20.00 	11,25,36,251		2.54,1.27	0,0 	0
983     	25.06, -26.40, -7.22 	0.16, -1.04, -6.77 	0.00, 20.00 	11,25,36,261		2.73,3.31	0,0 	0
991     	25.05, -26.41, -7.22 	0.15, -1.04, -6.78 	0.00, 20.00 	11,25,36,270		1.86,1.24	0,0 	0
1000    	25.06, -26.38, -7.24 	0.16, -1.05, -6.77 	0.00, 20.00 	11,25,36,280		3.93,1.70	1000,1 	0
1009    	25.04, -26.38, -7.25 	0.17, -1.05, -6.77 	0.00, 20.00 	11,25,36,290		2.27,1.11	1000,1 	0
1017    	25.03, -26.37, -7.25 	0.15, -1.05, -6.77 	0.00, 20.00 	11,25,36,299		1.98,2.49	1000,1 	0
1026    	25.02, -26.38, -7.26 	0.20, -1.04, -6.77 	0.00, 20.00 	11,25,36,309		1.66,5.64	1000,1 	0
1035    	25.06, -26.38, -7.26 	0.20, -1.04, -6.77 	0.00, 20.00 	11,25,36,319		4.54,0.00	1000,1 	0
1043    	25.06, -26.37, -7.26 	0.19, -1.04, -6.78 	0.00, 20.00 	11,25,36,328		1.44,1.24	1000,1 	0
1052    	25.06, -26.40, -7.27 	0.19, -1.04, -6.78 	0.00, 20.00 	11,25,36,338		3.83,0.00	1000,1 	0
1061    	25.06, -26.40, -7.25 	0.19, -1.04, -6.78 	0.00, 20.00 	11,25,36,348		0.00,0.00	1000,1 	0
1070    	25.06, -26.40, -7.25 	0.19, -1.04, -6.78 	0.00, 20.00 	11,25,36,358		0.00,0.00	1000,1 	0
1078    	25.06, -26.42, -7.26 	0.17, -1.04, -6.79 	0.00, 20.00 	11,25,36,367		2.88,2.49	1000,1 	0
1087    	25.06, -26.40, -7.29 	0.17, -1.03, -6.77 	0.00, 20.00 	11,25,36,377		2.56,1.27	1000,1 	0
1096    	25.06, -26.39, -7.29 	0.16, -1.03, -6.77 	0.00, 20.00 	11,25,36,387		1.28,1.11	1000,1 	0
1104    	25.05, -26.41, -7.29 	0.16, -1.03, -6.78 	0.00, 20.00 	11,25,36,396		3.07,0.00	1000,1 	0
1113    	25.05, -26.41, -7.30 	0.17, -1.03, -6.78 	0.00, 20.00 	11,25,36,406		0.00,1.11	1000,1 	0
1122    	25.07, -26.39, -7.29 	0.16, -1.04, -6.79 	0.00, 20.00 	11,25,36,416		3.31,1.66	1000,1 	0
1130    	25.06, -26.38, -7.29 	0.17, -1.04, -6.79 	0.00, 20.00 	11,25,36,425		1.98,1.24	1000,1 	0
1139    	25.07, -26.38, -7.28 	0.21, -1.03, -6.79 	0.00, 20.00 	11,25,36,435		1.14,4.57	1000,1 	0
1148    	25.11, -26.38, -7.28 	0.19, -1.04, -6.78 	0.00, 20.00 	11,25,36,445		4.54,2.52	1000,1 	0
1156    	25.10, -26.37, -7.28 	0.20, -1.04, -6.79 	0.00, 20.00 	11,25,36,454		1.98,1.24	1000,1 	0
1165    	25.09, -26.36, -7.28 	0.19, -1.07, -6.77 	0.00, 20.00 	11,25,36,464		1.76,3.92	1000,1 	0
1174    	25.09, -26.37, -7.30 	0.19, -1.09, -6.78 	0.00, 20.00 	11,25,36,474		1.28,1.27	1000,1 	0
1182    	25.09, -26.38, -7.33 	0.19, -1.07, -6.78 	0.00, 20.00 	11,25,36,483		1.44,1.42	1000,1 	0
1191    	25.13, -26.37, -7.33 	0.17, -1.06, -6.75 	0.00, 20.00 	11,25,36,493		4.64,2.58	1000,1 	0
1200    	25.17, -26.33, -7.34 	0.14, -1.07, -6.77 	0.00, 20.00 	11,25,36,503		6.62,3.52	1000,1 	0
1208    	25.14, -26.32, -7.33 	0.13, -1.11, -6.73 	0.00, 20.00 	11,25,36,512		3.83,4.41	1000,1 	0
1217    	25.12, -26.29, -7.37 	0.15, -1.14, -6.73 	0.00, 20.00 	11,25,36,522		4.58,4.45	1000,1 	0
1226    	25.11, -26.25, -7.40 	0.15, -1.13, -6.70 	0.00, 20.00 	11,25,36,532		4.07,1.27	1000,1 	0
1234    	25.09, -26.21, -7.42 	0.20, -1.14, -6.68 	0.00, 20.00 	11,25,36,541		6.44,6.42	1000,1 	0
1243    	25.14, -26.13, -7.46 	0.19, -1.13, -6.63 	0.00, 20.00 	11,25,36,551		10.29,1.70	1000,1 	0
1252    	25.15, -26.03, -7.48 	0.17, -1.09, -6.64 	0.00, 20.00 	11,25,36,561		11.49,5.58	1000,1 	0
1261    	25.15, -25.93, -7.53 	0.16, -0.96, -6.68 	0.00, 20.00 	11,25,36,571		10.22,13.99	1000,1 	0
1269    	25.23, -25.85, -7.56 	0.11, -0.83, -6.72 	0.00, 20.00 	11,25,36,580		14.90,17.01	1000,1 	0
1278    	25.26, -25.75, -7.61 	0.13, -0.65, -6.75 	0.00, 20.00 	11,25,36,590		10.57,20.31	1000,1 	0
1287    	25.27, -25.57, -7.67 	0.04, -0.54, -6.79 	0.00, 20.00 	11,25,36,600		20.41,16.31	1000,1 	0
1295    	25.33, -25.30, -7.75 	0.05, -0.42, -6.78 	0.00, 20.00 	11,25,36,609		34.87,14.26	1000,1 	0
1304    	25.37, -25.01, -7.86 	0.05, -0.31, -6.77 	0.00, 20.00 	11,25,36,619		32.10,12.65	1000,1 	0
1313    	25.42, -24.75, -8.00 	0.05, -0.18, -6.79 	0.00, 20.00 	11,25,36,629		29.58,13.92	1000,1 	0
1321    	25.39, -24.57, -8.06 	0.06, -0.04, -6.79 	0.00, 20.00 	11,25,36,638		23.31,18.51	1000,1 	0
1330    	25.37, -24.22, -8.15 	0.03, 0.19, -6.80 	0.00, 20.00 	11,25,36,648		38.55,25.61	1000,1 	0
1339    	25.31, -23.87, -8.19 	0.05, 0.48, -6.83 	0.00, 20.00 	11,25,36,658		39.11,31.65	1000,1 	0
1347    	25.30, -23.60, -8.27 	0.17, 0.84, -6.86 	0.00, 20.00 	11,25,36,667		34.51,47.54	1000,1 	0
1356    	25.27, -23.35, -8.35 	0.18, 1.32, -6.88 	0.00, 20.00 	11,25,36,677		27.27,53.13	1000,1 	0
1365    	25.14, -23.19, -8.43 	0.21, 1.82, -6.90 	0.00, 20.00 	11,25,36,687		23.17,55.68	1000,1 	0
1373    	25.19, -22.97, -8.46 	0.17, 2.29, -6.95 	0.00, 20.00 	11,25,36,696		27.66,58.71	1000,1 	0
1382    	25.19, -22.76, -8.49 	0.11, 2.67, -7.00 	0.00, 20.00 	11,25,36,706		23.00,43.71	1000,1 	0
1391    	25.18, -22.56, -8.51 	0.10, 3.00, -7.06 	0.00, 20.00 	11,25,36,716		23.00,36.74	1000,1 	0
1399    	25.15, -22.31, -8.56 	0.09, 3.22, -7.10 	0.00, 20.00 	11,25,36,725		30.67,27.11	1000,1 	0
1408    	25.01, -22.08, -8.60 	0.06, 3.45, -7.15 	0.00, 20.00 	11,25,36,735		30.31,25.61	1000,1 	0
1417    	24.94, -21.87, -8.66 	-0.02, 3.71, -7.19 	0.00, 20.00 	11,25,36,745		24.81,30.65	1000,1 	0
1425    	24.88, -21.68, -8.70 	-0.12, 3.90, -7.25 	0.00, 20.00 	11,25,36,754		24.26,26.25	1000,1 	0
1434    	24.76, -21.56, -8.70 	-0.17, 4.13, -7.29 	0.00, 20.00 	11,25,36,764		19.26,26.05	1000,1 	0
1443    	24.72, -21.34, -8.75 	-0.26, 4.36, -7.37 	0.00, 20.00 	11,25,36,774		24.73,27.45	1000,1 	0
1451    	24.65, -21.14, -8.82 	-0.33, 4.67, -7.43 	0.00, 20.00 	11,25,36,783		26.55,39.64	1000,1 	0
1460    	24.55, -20.89, -8.87 	-0.40, 4.98, -7.51 	0.00, 20.00 	11,25,36,793		30.52,35.24	1000,1 	0
1469    	24.52, -20.59, -8.96 	-0.49, 5.34, -7.58 	0.00, 20.00 	11,25,36,803		33.45,41.96	1000,1 	0
1478    	24.49, -20.26, -9.07 	-0.53, 5.73, -7.65 	0.00, 20.00 	11,25,36,813		36.16,43.37	1000,1 	0
1486    	24.44, -19.92, -9.13 	-0.59, 6.09, -7.69 	0.00, 20.00 	11,25,36,822		43.75,44.96	1000,1 	0
1495    	24.31, -19.63, -9.19 	-0.65, 6.44, -7.74 	0.00, 20.00 	11,25,36,832		34.34,39.96	1000,1 	0
1504    	24.17, -19.40, -9.25 	-0.68, 6.82, -7.79 	0.00, 20.00 	11,25,36,842		30.94,41.98	1000,1 	0
1512    	24.06, -19.07, -9.29 	-0.73, 7.24, -7.80 	0.00, 20.00 	11,25,36,851		43.00,53.21	1000,1 	0
1521    	23.87, -18.80, -9.33 	-0.79, 7.64, -7.80 	0.00, 20.00 	11,25,36,861		36.85,44.96	1000,1 	0
1530    	23.68, -18.53, -9.36 	-0.74, 8.06, -7.78 	0.00, 20.00 	11,25,36,871		36.85,46.99	1000,1 	0
1538    	23.48, -18.31, -9.42 	-0.75, 8.55, -7.78 	0.00, 20.00 	11,25,36,880		36.59,61.26	1000,1 	0
1547    	23.36, -18.09, -9.44 	-0.73, 9.06, -7.77 	0.00, 20.00 	11,25,36,890		28.59,56.92	1000,1 	0
1556    	23.20, -17.92, -9.45 	-0.75, 9.55, -7.76 	0.00, 20.00 	11,25,36,900		25.47,54.52	1000,1 	0
1564    	23.05, -17.73, -9.47 	-0.74, 10.00, -7.74 	0.00, 20.00 	11,25,36,909		30.02,55.50	1000,1 	0
1573    	22.91, -17.49, -9.51 	-0.71, 10.43, -7.70 	0.00, 20.00 	11,25,36,919		30.94,48.11	1000,1 	0
1582    	22.80, -17.30, -9.54 	-0.71, 10.80, -7.65 	0.00, 20.00 	11,25,36,929		24.01,41.76	1000,1 	0
1590    	22.64, -17.11, -9.56 	-0.68, 11.18, -7.63 	0.00, 20.00 	11,25,36,938		30.86,47.02	1000,1 	0
1599    	22.50, -16.91, -9.61 	-0.64, 11.59, -7.61 	0.00, 20.00 	11,25,36,948		27.72,45.65	1000,1 	0
1608    	22.38, -16.69, -9.64 	-0.55, 12.01, -7.59 	0.00, 20.00 	11,25,36,958		28.00,47.60	1000,1 	0
1616    	22.32, -16.42, -9.70 	-0.50, 12.44, -7.56 	0.00, 20.00 	11,25,36,967		34.07,54.28	1000,1 	0
1625    	22.22, -16.16, -9.76 	-0.44, 12.87, -7.51 	0.00, 20.00 	11,25,36,977		30.98,48.36	1000,1 	0
1634    	22.14, -15.92, -9.79 	-0.39, 13.30, -7.48 	0.00, 20.00 	11,25,36,987		28.47,48.25	1000,1 	0
1642    	22.07, -15.66, -9.81 	-0.33, 13.66, -7.45 	0.00, 20.00 	11,25,36,996		33.41,45.96	1000,1 	0
1651    	21.98, -15.45, -9.80 	-0.26, 14.00, -7.44 	0.00, 20.00 	11,25,37,6		25.26,38.53	1000,1 	0
1660    	21.90, -15.25, -9.81 	-0.20, 14.36, -7.42 	0.00, 20.00 	11,25,37,16		23.60,39.60	1000,1 	0
1669    	21.83, -15.06, -9.84 	-0.14, 14.71, -7.40 	0.00, 20.00 	11,25,37,26		22.40,39.60	1000,1 	0
1677    	21.77, -14.91, -9.88 	-0.10, 15.05, -7.38 	0.00, 20.00 	11,25,37,35		20.65,42.86	1000,1 	0
1686    	21.64, -14.75, -9.91 	-0.02, 15.43, -7.39 	0.00, 20.00 	11,25,37,45		23.17,43.68	1000,1 	0
1695    	21.57, -14.58, -9.93 	0.05, 15.77, -7.40 	0.00, 20.00 	11,25,37,55		20.03,38.53	1000,1 	0
1703    	21.47, -14.41, -9.97 	0.11, 16.09, -7.41 	0.00, 20.00 	11,25,37,64		25.07,40.35	1000,1 	0
1712    	21.42, -14.17, -10.01 	0.14, 16.43, -7.42 	0.00, 20.00 	11,25,37,74		26.53,38.01	1000,1 	0
1721    	21.39, -13.95, -10.07 	0.21, 16.71, -7.42 	0.00, 20.00 	11,25,37,84		24.53,32.36	1000,1 	0
1729    	21.38, -13.77, -10.11 	0.24, 17.02, -7.43 	0.00, 20.00 	11,25,37,93		23.12,38.51	1000,1 	0
1738    	21.36, -13.61, -10.15 	0.29, 17.31, -7.44 	0.00, 20.00 	11,25,37,103		18.00,33.21	1000,1 	0
1747    	21.29, -13.45, -10.17 	0.34, 17.59, -7.45 	0.00, 20.00 	11,25,37,113		18.87,30.72	1000,1 	0
1755    	21.24, -13.29, -10.21 	0.40, 17.82, -7.47 	0.00, 20.00 	11,25,37,122		21.50,30.61	1000,1 	0
1764    	21.18, -13.14, -10.22 	0.45, 18.06, -7.48 	0.00, 20.00 	11,25,37,132		17.89,27.21	1000,1 	0
1773    	21.09, -12.99, -10.25 	0.48, 18.31, -7.49 	0.00, 20.00 	11,25,37,142		20.05,27.94	1000,1 	0
1781    	20.98, -12.88, -10.26 	0.51, 18.55, -7.50 	0.00, 20.00 	11,25,37,151		18.75,30.02	1000,1 	0
1790    	20.89, -12.76, -10.28 	0.53, 18.78, -7.53 	0.00, 20.00 	11,25,37,161		16.86,25.34	1000,1 	0
1799    	20.82, -12.63, -10.30 	0.54, 18.99, -7.55 	0.00, 20.00 	11,25,37,171		16.58,24.04	1000,1 	0
1807    	20.73, -12.52, -10.31 	0.56, 19.20, -7.55 	0.00, 20.00 	11,25,37,180		16.99,25.68	1000,1 	0
1816    	20.69, -12.37, -10.35 	0.57, 19.39, -7.56 	0.00, 20.00 	11,25,37,190		17.50,21.51	1000,1 	0
1825    	20.65, -12.27, -10.36 	0.57, 19.57, -7.56 	0.00, 20.00 	11,25,37,200		12.63,20.25	1000,1 	0
1834    	20.57, -12.16, -10.37 	0.60, 19.74, -7.56 	0.00, 20.00 	11,25,37,210		14.39,19.18	1000,1 	0
1842    	20.53, -12.04, -10.39 	0.60, 19.90, -7.55 	0.00, 20.00 	11,25,37,219		15.56,19.93	1000,1 	0
1851    	20.47, -11.95, -10.38 	0.58, 20.04, -7.53 	0.00, 20.00 	11,25,37,229		12.64,15.41	1000,1 	0
1860    	20.39, -11.89, -10.39 	0.56, 20.13, -7.51 	0.00, 20.00 	11,25,37,239		10.51,10.42	1000,1 	0
1868    	20.33, -11.78, -10.38 	0.54, 20.22, -7.46 	0.00, 20.00 	11,25,37,248		15.45,11.72	1000,1 	0
1877    	20.25, -11.70, -10.38 	0.53, 20.28, -7.41 	0.00, 20.00 	11,25,37,258		13.15,6.45	1000,1 	0
1886    	20.19, -11.64, -10.38 	0.52, 20.33, -7.36 	0.00, 20.00 	11,25,37,268		8.81,5.21	1000,1 	0
1894    	20.14, -11.59, -10.38 	0.50, 20.36, -7.30 	0.00, 20.00 	11,25,37,277		8.86,5.00	1000,1 	0
1903    	20.09, -11.54, -10.35 	0.49, 20.37, -7.24 	0.00, 20.00 	11,25,37,287		7.88,1.70	1000,1 	0
1913    	20.02, -11.51, -10.34 	0.49, 20.34, -7.17 	0.00, 20.00 	11,25,37,298		7.65,3.42	1000,1 	0
1920    	19.98, -11.45, -10.34 	0.49, 20.30, -7.11 	0.00, 20.00 	11,25,37,306		10.38,4.88	1000,1 	0
1929    	19.97, -11.43, -10.32 	0.47, 20.26, -7.08 	0.00, 20.00 	11,25,37,316		2.86,5.47	1000,1 	0
1938    	19.97, -11.40, -10.32 	0.43, 20.23, -7.08 	0.00, 20.00 	11,25,37,326		3.83,5.75	1000,1 	0
1946    	19.94, -11.38, -10.30 	0.38, 20.19, -7.08 	0.00, 20.00 	11,25,37,335		4.18,8.50	1000,1 	0
1955    	19.92, -11.38, -10.29 	0.29, 20.13, -7.06 	0.00, 20.00 	11,25,37,345		1.14,12.35	1000,1 	0
1964    	19.88, -11.38, -10.30 	0.17, 20.06, -7.02 	0.00, 20.00 	11,25,37,355		4.54,15.10	1000,1 	0
1972    	19.85, -11.38, -10.30 	0.05, 20.01, -6.97 	0.00, 20.00 	11,25,37,364		3.83,16.36	1000,1 	0
1981    	19.82, -11.38, -10.28 	-0.05, 19.94, -6.95 	0.00, 20.00 	11,25,37,374		3.41,13.24	1000,1 	0
1990    	19.80, -11.37, -10.29 	-0.14, 19.85, -6.94 	0.00, 20.00 	11,25,37,384		2.68,14.00	1000,1 	0
1998    	19.77, -11.35, -10.29 	-0.20, 19.78, -6.93 	0.00, 20.00 	11,25,37,393		4.18,12.28	1000,1 	0
2007    	19.79, -11.35, -10.29 	-0.25, 19.71, -6.94 	0.00, 20.00 	11,25,37,403		2.27,9.27	1000,1 	0
2016    	19.77, -11.34, -10.31 	-0.31, 19.61, -6.96 	0.00, 20.00 	11,25,37,413		2.68,13.02	1000,1 	0
2025    	19.74, -11.35, -10.30 	-0.41, 19.51, -6.97 	0.00, 20.00 	11,25,37,423		3.56,15.65	1000,1 	0
2033    	19.72, -11.32, -10.29 	-0.52, 19.44, -7.00 	0.00, 20.00 	11,25,37,432		5.15,15.93	1000,1 	0
2042    	19.72, -11.32, -10.30 	-0.57, 19.41, -7.02 	0.00, 20.00 	11,25,37,442		0.00,6.62	1000,1 	0
2051    	19.70, -11.30, -10.29 	-0.59, 19.38, -7.02 	0.00, 20.00 	11,25,37,452		2.68,4.34	1000,1 	0
2059    	19.70, -11.32, -10.29 	-0.63, 19.34, -7.02 	0.00, 20.00 	11,25,37,461		1.44,6.47	1000,1 	0
2068    	19.70, -11.32, -10.29 	-0.65, 19.32, -7.01 	0.00, 20.00 	11,25,37,471		0.00,3.31	1000,1 	0
2077    	19.67, -11.30, -10.29 	-0.67, 19.32, -7.02 	0.00, 20.00 	11,25,37,481		3.71,2.21	1000,1 	0
2085    	19.67, -11.31, -10.28 	-0.67, 19.30, -7.01 	0.00, 20.00 	11,25,37,490		1.44,2.85	1000,1 	0
2094    	19.66, -11.33, -10.27 	-0.70, 19.29, -7.00 	0.00, 20.00 	11,25,37,500		1.66,3.52	1000,1 	0
2103    	19.66, -11.34, -10.27 	-0.72, 19.28, -6.99 	0.00, 20.00 	11,25,37,510		1.28,2.52	1000,1 	0
2111    	19.63, -11.38, -10.27 	-0.74, 19.27, -6.98 	0.00, 20.00 	11,25,37,519		6.71,2.83	1000,1 	0
2120    	19.62, -11.37, -10.25 	-0.75, 19.27, -6.99 	0.00, 20.00 	11,25,37,529		1.76,1.11	1000,1 	0
2129    	19.63, -11.36, -10.24 	-0.74, 19.26, -6.98 	0.00, 20.00 	11,25,37,539		1.66,1.70	1000,1 	0
2137    	19.60, -11.37, -10.26 	-0.74, 19.26, -6.98 	0.00, 20.00 	11,25,37,548		4.01,0.00	1000,1 	0
2146    	19.60, -11.38, -10.25 	-0.74, 19.26, -6.98 	0.00, 20.00 	11,25,37,558		1.28,0.00	1000,1 	0
2155    	19.57, -11.39, -10.26 	-0.73, 19.26, -6.98 	0.00, 20.00 	11,25,37,568		3.56,1.11	1000,1 	0
2163    	19.59, -11.41, -10.25 	-0.73, 19.26, -6.98 	0.00, 20.00 	11,25,37,577		3.97,0.00	1000,1 	0
2172    	19.58, -11.40, -10.25 	-0.73, 19.26, -6.98 	0.00, 20.00 	11,25,37,587		1.76,0.00	1000,1 	0
2181    	19.55, -11.44, -10.26 	-0.73, 19.26, -6.98 	0.00, 20.00 	11,25,37,597		4.97,0.00	1000,1 	0
2189    	19.55, -11.45, -10.26 	-0.74, 19.26, -6.97 	0.00, 20.00 	11,25,37,606		1.44,1.24	1000,1 	0
2198    	19.53, -11.47, -10.25 	-0.73, 19.24, -6.98 	0.00, 20.00 	11,25,37,616		3.31,1.70	1000,1 	0
2207    	19.53, -11.47, -10.23 	-0.74, 19.26, -6.97 	0.00, 20.00 	11,25,37,626		0.00,1.70	1000,1 	0
2216    	19.51, -11.47, -10.23 	-0.73, 19.26, -6.97 	0.00, 20.00 	11,25,37,636		2.27,1.11	1000,1 	0
2224    	19.53, -11.46, -10.23 	-0.72, 19.26, -6.97 	0.00, 20.00 	11,25,37,645		2.85,1.24	1000,1 	0
2233    	19.52, -11.48, -10.24 	-0.73, 19.26, -6.97 	0.00, 20.00 	11,25,37,655		2.73,1.11	1000,1 	0
2242    	19.51, -11.47, -10.24 	-0.73, 19.26, -6.97 	0.00, 20.00 	11,25,37,665		1.76,0.00	1000,1 	0
2250    	19.53, -11.47, -10.24 	-0.74, 19.27, -6.97 	0.00, 20.00 	11,25,37,674		2.56,1.92	1000,1 	0
2259    	19.52, -11.48, -10.24 	-0.73, 19.27, -6.97 	0.00, 20.00 	11,25,37,684		1.66,1.11	1000,1 	0
2269    	19.53, -11.48, -10.24 	-0.74, 19.27, -6.97 	0.00, 20.00 	11,25,37,695		1.02,1.00	1000,1 	0
2277    	19.52, -11.48, -10.24 	-0.73, 19.27, -6.97 	0.00, 20.00 	11,25,37,703		1.28,1.24	1000,1 	0
2286    	19.52, -11.48, -10.23 	-0.73, 19.28, -6.97 	0.00, 20.00 	11,25,37,713		0.00,1.27	1000,1 	0
2294    	19.50, -11.49, -10.24 	-0.73, 19.27, -6.97 	0.00, -0.00 	11,25,37,732		2.54,1.27	1000,1 	0
2303    	19.50, -11.49, -10.25 	-0.72, 19.28, -6.97 	0.00, -0.00 	11,25,37,742		0.00,1.66	1000,1 	0
2312    	19.47, -11.48, -10.25 	-0.73, 19.28, -6.98 	0.00, -0.00 	11,25,37,752		3.71,1.11	1000,1 	0
2320    	19.46, -11.49, -10.25 	-0.72, 19.28, -6.97 	0.00, -0.00 	11,25,37,761		1.86,1.24	1000,1 	0
2329    	19.47, -11.49, -10.25 	-0.72, 19.28, -6.97 	0.00, -0.00 	11,25,37,771		1.14,0.00	1000,1 	0
2338    	19.50, -11.51, -10.23 	-0.73, 19.28, -6.97 	0.00, -0.00 	11,25,37,781		4.39,1.11	1000,1 	0
2346    	19.50, -11.49, -10.23 	-0.73, 19.29, -6.97 	0.00, -0.00 	11,25,37,790		2.88,1.42	1000,1 	0
2355    	19.51, -11.49, -10.24 	-0.74, 19.28, -6.97 	0.00, -0.00 	11,25,37,800		1.14,1.66	1000,1 	0
2364    	19.49, -11.50, -10.24 	-0.75, 19.28, -6.97 	0.00, -0.00 	11,25,37,810		2.54,1.11	1000,1 	0
2372    	19.49, -11.49, -10.24 	-0.75, 19.28, -6.97 	0.00, -0.00 	11,25,37,819		1.28,0.00	1000,1 	0
2381    	19.49, -11.50, -10.23 	-0.74, 19.28, -6.97 	0.00, -0.00 	11,25,37,829		1.28,1.11	1000,1 	0
2390    	19.47, -11.48, -10.23 	-0.74, 19.28, -6.97 	0.00, -0.00 	11,25,37,839		3.53,0.00	1000,1 	0
2399    	19.48, -11.48, -10.23 	-0.73, 19.28, -6.98 	0.00, -0.00 	11,25,37,849		1.14,1.11	1000,1 	0
2407    	19.48, -11.49, -10.23 	-0.72, 19.30, -6.98 	0.00, -0.00 	11,25,37,858		1.44,3.08	1000,1 	0
2416    	19.48, -11.49, -10.23 	-0.71, 19.30, -6.98 	0.00, -0.00 	11,25,37,868		0.00,1.11	1000,1 	0
2425    	19.46, -11.50, -10.23 	-0.70, 19.30, -6.98 	0.00, -0.00 	11,25,37,878		2.54,1.11	1000,1 	0
2433    	19.48, -11.50, -10.23 	-0.69, 19.30, -6.99 	0.00, -0.00 	11,25,37,887		2.56,1.24	1000,1 	0
2442    	19.49, -11.50, -10.23 	-0.69, 19.30, -6.99 	0.00, -0.00 	11,25,37,897		1.14,0.00	1000,1 	0
2452    	19.46, -11.50, -10.23 	-0.68, 19.31, -6.99 	0.00, -0.00 	11,25,37,908		3.07,1.49	1000,1 	0
2459    	19.48, -11.49, -10.24 	-0.69, 19.31, -7.00 	0.00, -0.00 	11,25,37,916		3.26,1.42	1000,1 	0
2468    	19.45, -11.50, -10.23 	-0.68, 19.31, -7.00 	0.00, -0.00 	11,25,37,926		3.56,1.11	1000,1 	0
2477    	19.43, -11.51, -10.24 	-0.68, 19.30, -6.99 	0.00, -0.00 	11,25,37,936		2.28,1.14	1000,1 	0
2485    	19.43, -11.51, -10.24 	-0.68, 19.31, -7.00 	0.00, -0.00 	11,25,37,945		0.00,1.42	1000,1 	0
2494    	19.43, -11.52, -10.24 	-0.68, 19.30, -7.00 	0.00, -0.00 	11,25,37,955		1.28,1.27	1000,1 	0
2503    	19.41, -11.52, -10.24 	-0.68, 19.31, -7.00 	0.00, -0.00 	11,25,37,965		2.27,1.27	1000,1 	0
2511    	19.42, -11.51, -10.24 	-0.67, 19.31, -7.00 	0.00, -0.00 	11,25,37,974		1.86,1.24	1000,1 	0
2520    	19.42, -11.51, -10.24 	-0.68, 19.31, -7.00 	0.00, -0.00 	11,25,37,984		0.00,1.11	1000,1 	0
2529    	19.41, -11.52, -10.24 	-0.68, 19.29, -7.00 	0.00, -0.00 	11,25,37,994		1.66,2.53	1000,1 	0
2537    	19.42, -11.52, -10.23 	-0.66, 19.21, -6.98 	0.00, -0.00 	11,25,38,3		1.28,10.34	1000,1 	0
2546    	19.39, -11.54, -10.24 	-0.68, 18.96, -6.91 	0.00, -0.00 	11,25,38,13		4.13,27.87	1000,1 	0
2555    	19.40, -11.54, -10.24 	-0.71, 18.64, -6.83 	0.00, -0.00 	11,25,38,23		1.14,35.49	1000,1 	0
2563    	19.41, -11.54, -10.24 	-0.78, 18.36, -6.80 	0.00, -0.00 	11,25,38,32		1.28,36.40	1000,1 	0
2572    	19.44, -11.56, -10.24 	-0.84, 18.05, -6.80 	0.00, -0.00 	11,25,38,42		3.71,34.62	1000,1 	0
2581    	19.43, -11.58, -10.25 	-0.95, 17.70, -6.86 	0.00, -0.00 	11,25,38,52		2.73,40.75	1000,1 	0
2589    	19.45, -11.58, -10.24 	-1.07, 17.34, -6.97 	0.00, -0.00 	11,25,38,61		2.56,47.54	1000,1 	0
2598    	19.46, -11.62, -10.23 	-1.22, 16.98, -7.08 	0.00, -0.00 	11,25,38,71		4.07,43.33	1000,1 	0
2607    	19.48, -11.67, -10.23 	-1.40, 16.55, -7.19 	0.00, -0.00 	11,25,38,81		6.92,51.53	1000,1 	0
2616    	19.52, -11.74, -10.21 	-1.60, 16.09, -7.31 	0.00, -0.00 	11,25,38,91		10.30,63.28	1000,1 	0
2624    	19.56, -11.88, -10.20 	-1.77, 15.63, -7.44 	0.00, -0.00 	11,25,38,100		17.91,61.53	1000,1 	0
2633    	19.60, -12.07, -10.18 	-1.98, 15.11, -7.58 	0.00, -0.00 	11,25,38,110		19.10,55.86	1000,1 	0
2643    	19.71, -12.33, -10.15 	-2.20, 14.59, -7.73 	0.00, -0.00 	11,25,38,121		34.85,70.27	1000,1 	0
2650    	19.86, -12.63, -10.11 	-2.41, 14.03, -7.87 	0.00, -0.00 	11,25,38,129		48.51,85.87	1000,1 	0
2659    	20.04, -12.96, -10.06 	-2.62, 13.42, -8.00 	0.00, -0.00 	11,25,38,139		41.72,71.56	1000,1 	0
2668    	20.26, -13.40, -9.98 	-2.83, 12.74, -8.13 	0.00, -0.00 	11,25,38,149		61.08,88.63	1000,1 	0
2676    	20.42, -13.93, -9.89 	-3.01, 12.11, -8.29 	0.00, -0.00 	11,25,38,158		70.01,82.21	1000,1 	0
2685    	20.53, -14.40, -9.84 	-3.22, 11.40, -8.42 	0.00, -0.00 	11,25,38,168		53.06,82.70	1000,1 	0
2694    	20.64, -14.74, -9.81 	-3.38, 10.76, -8.59 	0.00, -0.00 	11,25,38,178		44.37,81.63	1000,1 	0
2702    	20.79, -15.05, -9.78 	-3.45, 10.14, -8.71 	0.00, -0.00 	11,25,38,187		43.76,78.54	1000,1 	0
2711    	20.90, -15.38, -9.73 	-3.49, 9.57, -8.86 	0.00, -0.00 	11,25,38,197		38.22,63.30	1000,1 	0
2720    	20.95, -15.68, -9.67 	-3.62, 8.98, -8.98 	0.00, -0.00 	11,25,38,207		38.32,75.33	1000,1 	0
2728    	20.94, -15.98, -9.58 	-3.70, 8.36, -9.09 	0.00, -0.00 	11,25,38,216		37.31,78.65	1000,1 	0
2737    	20.96, -16.23, -9.53 	-3.71, 7.74, -9.19 	0.00, -0.00 	11,25,38,226		28.35,68.31	1000,1 	0
2746    	21.02, -16.53, -9.51 	-3.72, 7.13, -9.23 	0.00, -0.00 	11,25,38,236		34.06,68.31	1000,1 	0
2754    	21.13, -16.81, -9.48 	-3.76, 6.55, -9.27 	0.00, -0.00 	11,25,38,245		37.54,72.63	1000,1 	0
2763    	21.25, -17.11, -9.45 	-3.70, 6.00, -9.32 	0.00, -0.00 	11,25,38,255		35.03,61.28	1000,1 	0
2772    	21.39, -17.40, -9.41 	-3.66, 5.47, -9.34 	0.00, -0.00 	11,25,38,265		36.58,59.76	1000,1 	0
2780    	21.51, -17.73, -9.36 	-3.63, 5.00, -9.36 	0.00, -0.00 	11,25,38,274		43.47,58.59	1000,1 	0
2789    	21.69, -18.07, -9.27 	-3.50, 4.56, -9.37 	0.00, -0.00 	11,25,38,284		42.86,50.56	1000,1 	0
2798    	21.86, -18.38, -9.15 	-3.40, 4.21, -9.35 	0.00, -0.00 	11,25,38,294		38.87,41.05	1000,1 	0
2807    	22.04, -18.64, -9.08 	-3.29, 3.78, -9.29 	0.00, -0.00 	11,25,38,304		39.49,54.78	1000,1 	0
2815    	22.19, -18.96, -9.03 	-3.20, 3.31, -9.21 	0.00, -0.00 	11,25,38,313		45.07,59.73	1000,1 	0
2824    	22.33, -19.40, -8.93 	-3.13, 2.93, -9.15 	0.00, -0.00 	11,25,38,323		45.38,38.41	1000,1 	0
2834    	22.47, -19.91, -8.78 	-2.99, 2.66, -9.06 	0.00, -0.00 	11,25,38,334		66.41,39.38	1000,1 	0
2841    	22.63, -20.34, -8.61 	-2.78, 2.41, -9.01 	0.00, -0.00 	11,25,38,342		65.91,45.99	1000,1 	0
2850    	22.69, -20.70, -8.45 	-2.62, 2.19, -8.97 	0.00, -0.00 	11,25,38,352		40.38,30.24	1000,1 	0
2859    	22.87, -20.99, -8.38 	-2.49, 1.95, -8.88 	0.00, -0.00 	11,25,38,362		43.16,34.38	1000,1 	0
2867    	23.02, -21.23, -8.38 	-2.41, 1.65, -8.75 	0.00, -0.00 	11,25,38,371		34.81,38.59	1000,1 	0
2876    	23.17, -21.50, -8.38 	-2.25, 1.36, -8.62 	0.00, -0.00 	11,25,38,381		34.89,36.67	1000,1 	0
2885    	23.34, -21.79, -8.35 	-2.07, 1.08, -8.47 	0.00, -0.00 	11,25,38,391		41.20,41.36	1000,1 	0
2893    	23.45, -22.18, -8.29 	-1.75, 0.79, -8.30 	0.00, -0.00 	11,25,38,400		51.30,54.12	1000,1 	0
2902    	23.50, -22.56, -8.21 	-1.50, 0.50, -8.11 	0.00, -0.00 	11,25,38,410		42.70,42.58	1000,1 	0
2911    	23.64, -22.90, -8.13 	-1.28, 0.15, -7.88 	0.00, -0.00 	11,25,38,420		45.85,51.35	1000,1 	0
