#Time 	Sensor1         Sensor2         Target          Time            Vel             
#================================================================

9       	24.89, -25.04, -6.40 	-0.10, -0.95, -6.79 	0.00, 20.00 	11,25,54,636		0.00,0.00	0,0 	0
14      	24.90, -25.06, -6.40 	-0.10, -0.95, -6.77 	0.00, 20.00 	11,25,54,646		5.15,0.00	0,0 	0
23      	24.87, -25.05, -6.40 	-0.10, -0.94, -6.77 	0.00, 20.00 	11,25,54,655		3.71,1.27	0,0 	0
31      	24.87, -25.03, -6.40 	-0.08, -0.97, -6.76 	0.00, 20.00 	11,25,54,664		2.88,3.83	0,0 	0
40      	24.88, -25.03, -6.41 	-0.08, -0.95, -6.78 	0.00, 20.00 	11,25,54,674		1.14,1.27	0,0 	0
49      	24.89, -25.05, -6.41 	-0.07, -0.94, -6.78 	0.00, 20.00 	11,25,54,684		2.86,1.66	0,0 	0
57      	24.88, -25.06, -6.41 	-0.08, -0.94, -6.77 	0.00, 20.00 	11,25,54,693		1.86,1.24	0,0 	0
66      	24.89, -25.08, -6.40 	-0.08, -0.95, -6.78 	0.00, 20.00 	11,25,54,703		2.86,1.27	0,0 	0
75      	24.88, -25.07, -6.41 	-0.07, -0.95, -6.76 	0.00, 20.00 	11,25,54,713		1.76,1.11	0,0 	0
83      	24.88, -25.07, -6.41 	-0.08, -0.95, -6.77 	0.00, 20.00 	11,25,54,722		0.00,1.24	0,0 	0
92      	24.87, -25.07, -6.40 	-0.06, -0.97, -6.77 	0.00, 20.00 	11,25,54,732		1.14,2.58	0,0 	0
101     	24.86, -25.07, -6.39 	-0.07, -0.97, -6.77 	0.00, 20.00 	11,25,54,742		1.14,1.11	0,0 	0
109     	24.86, -25.07, -6.39 	-0.09, -0.98, -6.77 	0.00, 20.00 	11,25,54,751		0.00,2.83	0,0 	0
118     	24.86, -25.09, -6.40 	-0.07, -0.99, -6.78 	0.00, 20.00 	11,25,54,761		2.56,2.58	0,0 	0
127     	24.82, -25.10, -6.41 	-0.08, -0.99, -6.77 	0.00, 20.00 	11,25,54,771		4.64,1.11	0,0 	0
135     	24.83, -25.10, -6.40 	-0.06, -1.00, -6.77 	0.00, 20.00 	11,25,54,780		1.28,2.90	0,0 	0
144     	24.83, -25.10, -6.40 	-0.06, -1.00, -6.78 	0.00, 20.00 	11,25,54,790		0.00,0.00	0,0 	0
153     	24.83, -25.10, -6.40 	-0.05, -0.99, -6.79 	0.00, 20.00 	11,25,54,800		0.00,1.66	0,0 	0
161     	24.85, -25.10, -6.39 	-0.05, -0.99, -6.80 	0.00, 20.00 	11,25,54,809		2.56,0.00	0,0 	0
170     	24.83, -25.12, -6.38 	-0.05, -0.98, -6.79 	0.00, 20.00 	11,25,54,819		2.54,1.27	0,0 	0
179     	24.81, -25.14, -6.39 	-0.08, -0.98, -6.79 	0.00, 20.00 	11,25,54,829		3.31,3.32	0,0 	0
188     	24.79, -25.14, -6.38 	-0.05, -0.99, -6.79 	0.00, 20.00 	11,25,54,839		2.27,3.58	0,0 	0
196     	24.79, -25.14, -6.38 	-0.05, -0.99, -6.79 	0.00, 20.00 	11,25,54,848		0.00,0.00	0,0 	0
205     	24.79, -25.15, -6.38 	-0.03, -1.00, -6.80 	0.00, 20.00 	11,25,54,858		1.28,2.58	0,0 	0
214     	24.79, -25.16, -6.38 	-0.07, -0.99, -6.80 	0.00, 20.00 	11,25,54,868		1.28,4.63	0,0 	0
222     	24.81, -25.15, -6.37 	-0.08, -1.00, -6.80 	0.00, 20.00 	11,25,54,877		2.85,1.86	0,0 	0
231     	24.84, -25.13, -6.35 	-0.05, -0.99, -6.79 	0.00, 20.00 	11,25,54,887		4.13,3.52	0,0 	0
240     	24.82, -25.14, -6.37 	-0.06, -1.00, -6.80 	0.00, 20.00 	11,25,54,897		2.53,1.66	0,0 	0
248     	24.83, -25.16, -6.35 	-0.06, -0.98, -6.81 	0.00, 20.00 	11,25,54,906		3.22,2.85	0,0 	0
257     	24.79, -25.14, -6.33 	-0.06, -0.98, -6.81 	0.00, 20.00 	11,25,54,916		5.35,0.00	0,0 	0
266     	24.84, -25.14, -6.34 	-0.01, -0.98, -6.80 	0.00, 20.00 	11,25,54,926		5.68,5.53	0,0 	0
274     	24.83, -25.15, -6.36 	-0.05, -0.97, -6.80 	0.00, 20.00 	11,25,54,935		1.86,5.21	0,0 	0
283     	24.83, -25.15, -6.36 	-0.06, -0.98, -6.80 	0.00, 20.00 	11,25,54,945		0.00,1.66	0,0 	0
292     	24.84, -25.14, -6.35 	-0.06, -0.98, -6.80 	0.00, 20.00 	11,25,54,955		1.66,0.00	0,0 	0
300     	24.84, -25.14, -6.35 	-0.06, -0.98, -6.80 	0.00, 20.00 	11,25,54,964		0.00,0.00	0,0 	0
309     	24.84, -25.14, -6.35 	-0.06, -0.98, -6.80 	0.00, 20.00 	11,25,54,974		0.00,0.00	0,0 	0
318     	24.85, -25.14, -6.34 	-0.09, -0.99, -6.79 	0.00, 20.00 	11,25,54,984		1.14,3.52	0,0 	0
326     	24.85, -25.14, -6.34 	-0.09, -0.98, -6.80 	0.00, 20.00 	11,25,54,993		0.00,1.42	0,0 	0
335     	24.88, -25.13, -6.35 	-0.09, -0.96, -6.80 	0.00, 20.00 	11,25,55,3		3.56,1.27	0,0 	0
344     	24.86, -25.14, -6.35 	-0.09, -0.98, -6.80 	0.00, 20.00 	11,25,55,13		2.54,1.27	0,0 	0
352     	24.87, -25.12, -6.35 	-0.09, -0.96, -6.79 	0.00, 20.00 	11,25,55,22		3.07,1.42	0,0 	0
361     	24.86, -25.13, -6.34 	-0.09, -0.96, -6.79 	0.00, 20.00 	11,25,55,32		1.66,0.00	0,0 	0
370     	24.85, -25.13, -6.36 	-0.09, -0.96, -6.79 	0.00, 20.00 	11,25,55,42		1.14,0.00	0,0 	0
379     	24.84, -25.13, -6.35 	-0.09, -0.96, -6.79 	0.00, 20.00 	11,25,55,52		1.14,0.00	0,0 	0
387     	24.87, -25.12, -6.35 	-0.09, -0.96, -6.79 	0.00, 20.00 	11,25,55,61		4.01,0.00	0,0 	0
396     	24.86, -25.14, -6.34 	-0.07, -0.99, -6.79 	0.00, 20.00 	11,25,55,71		2.73,3.41	0,0 	0
405     	24.86, -25.15, -6.35 	-0.07, -0.99, -6.79 	0.00, 20.00 	11,25,55,81		1.28,0.00	0,0 	0
413     	24.85, -25.15, -6.35 	-0.07, -0.99, -6.79 	0.00, 20.00 	11,25,55,90		1.28,0.00	0,0 	0
422     	24.85, -25.13, -6.33 	-0.07, -0.99, -6.79 	0.00, 20.00 	11,25,55,100		2.56,0.00	0,0 	0
431     	24.85, -25.15, -6.33 	-0.07, -0.98, -6.79 	0.00, 20.00 	11,25,55,110		2.56,1.27	0,0 	0
439     	24.85, -25.15, -6.33 	-0.07, -0.98, -6.79 	0.00, 20.00 	11,25,55,119		0.00,0.00	0,0 	0
448     	24.87, -25.14, -6.32 	-0.07, -0.98, -6.79 	0.00, 20.00 	11,25,55,129		2.54,0.00	0,0 	0
457     	24.86, -25.19, -6.32 	-0.07, -0.98, -6.79 	0.00, 20.00 	11,25,55,139		5.17,0.00	0,0 	0
465     	24.84, -25.18, -6.31 	-0.07, -0.98, -6.80 	0.00, 20.00 	11,25,55,148		2.56,0.00	0,0 	0
474     	24.86, -25.19, -6.32 	-0.07, -0.98, -6.80 	0.00, 20.00 	11,25,55,158		2.27,0.00	0,0 	0
483     	24.87, -25.19, -6.32 	-0.07, -0.98, -6.80 	0.00, 20.00 	11,25,55,168		1.14,0.00	0,0 	0
491     	24.88, -25.20, -6.32 	-0.07, -0.98, -6.80 	0.00, 20.00 	11,25,55,177		1.98,0.00	0,0 	0
500     	24.86, -25.21, -6.34 	-0.07, -0.98, -6.80 	0.00, 20.00 	11,25,55,187		2.54,0.00	0,0 	0
509     	24.86, -25.21, -6.34 	-0.07, -0.98, -6.80 	0.00, 20.00 	11,25,55,197		0.00,0.00	0,0 	0
517     	24.85, -25.21, -6.34 	-0.07, -0.98, -6.80 	0.00, 20.00 	11,25,55,206		1.28,0.00	0,0 	0
526     	24.85, -25.20, -6.33 	-0.07, -0.98, -6.80 	0.00, 20.00 	11,25,55,216		1.28,0.00	0,0 	0
535     	24.84, -25.21, -6.33 	-0.07, -0.98, -6.80 	0.00, 20.00 	11,25,55,226		1.66,0.00	0,0 	0
543     	24.82, -25.20, -6.32 	-0.07, -0.98, -6.80 	0.00, 20.00 	11,25,55,235		3.01,0.00	0,0 	0
552     	24.83, -25.21, -6.31 	-0.07, -0.98, -6.80 	0.00, 20.00 	11,25,55,245		1.76,0.00	0,0 	0
561     	24.82, -25.21, -6.30 	-0.05, -0.98, -6.79 	0.00, 20.00 	11,25,55,255		1.14,2.21	0,0 	0
570     	24.79, -25.23, -6.31 	-0.05, -0.98, -6.79 	0.00, 20.00 	11,25,55,265		4.13,0.00	0,0 	0
578     	24.80, -25.24, -6.31 	-0.05, -0.98, -6.79 	0.00, 20.00 	11,25,55,274		1.98,0.00	0,0 	0
587     	24.79, -25.24, -6.30 	-0.05, -0.98, -6.79 	0.00, 20.00 	11,25,55,284		1.14,0.00	0,0 	0
596     	24.80, -25.22, -6.29 	-0.05, -0.98, -6.79 	0.00, 20.00 	11,25,55,294		2.73,0.00	0,0 	0
604     	24.81, -25.23, -6.29 	-0.05, -0.98, -6.79 	0.00, 20.00 	11,25,55,303		1.98,0.00	0,0 	0
613     	24.81, -25.22, -6.29 	-0.05, -0.98, -6.79 	0.00, 20.00 	11,25,55,313		1.28,0.00	0,0 	0
622     	24.81, -25.23, -6.30 	-0.05, -0.98, -6.79 	0.00, 20.00 	11,25,55,323		1.28,0.00	0,0 	0
630     	24.80, -25.22, -6.33 	-0.05, -0.98, -6.79 	0.00, 20.00 	11,25,55,332		1.98,0.00	0,0 	0
639     	24.80, -25.19, -6.32 	-0.05, -0.98, -6.79 	0.00, 20.00 	11,25,55,342		2.56,0.00	0,0 	0
648     	24.81, -25.19, -6.32 	-0.05, -0.98, -6.79 	0.00, 20.00 	11,25,55,352		1.14,0.00	0,0 	0
656     	24.82, -25.20, -6.32 	-0.07, -1.00, -6.80 	0.00, 20.00 	11,25,55,361		1.28,3.73	0,0 	0
665     	24.81, -25.19, -6.31 	-0.07, -1.00, -6.79 	0.00, 20.00 	11,25,55,371		1.14,0.00	0,0 	0
674     	24.84, -25.18, -6.31 	-0.08, -1.00, -6.80 	0.00, 20.00 	11,25,55,381		3.56,1.11	0,0 	0
682     	24.83, -25.21, -6.31 	-0.07, -1.00, -6.78 	0.00, 20.00 	11,25,55,390		3.07,1.24	0,0 	0
691     	24.82, -25.21, -6.31 	-0.06, -0.99, -6.79 	0.00, 20.00 	11,25,55,400		1.14,1.66	0,0 	0
700     	24.81, -25.19, -6.30 	-0.06, -0.99, -6.79 	0.00, 20.00 	11,25,55,410		1.76,0.00	0,0 	0
708     	24.81, -25.21, -6.30 	-0.05, -0.97, -6.79 	0.00, 20.00 	11,25,55,419		1.44,3.08	0,0 	0
717     	24.81, -25.21, -6.30 	-0.05, -0.97, -6.79 	0.00, 20.00 	11,25,55,429		0.00,0.00	0,0 	0
726     	24.82, -25.18, -6.31 	-0.05, -0.97, -6.79 	0.00, 20.00 	11,25,55,439		2.73,0.00	0,0 	0
735     	24.81, -25.17, -6.31 	-0.05, -0.98, -6.79 	0.00, 20.00 	11,25,55,449		1.76,1.27	0,0 	0
743     	24.81, -25.16, -6.31 	-0.05, -0.99, -6.79 	0.00, 20.00 	11,25,55,458		1.44,1.42	0,0 	0
752     	24.81, -25.18, -6.31 	-0.04, -0.99, -6.78 	0.00, 20.00 	11,25,55,468		2.56,1.11	0,0 	0
761     	24.81, -25.18, -6.31 	-0.04, -0.98, -6.78 	0.00, 20.00 	11,25,55,478		0.00,1.27	0,0 	0
769     	24.82, -25.15, -6.31 	-0.04, -0.98, -6.78 	0.00, 20.00 	11,25,55,487		4.42,0.00	0,0 	0
778     	24.82, -25.15, -6.31 	-0.04, -0.98, -6.78 	0.00, 20.00 	11,25,55,497		0.00,0.00	0,0 	0
787     	24.82, -25.15, -6.31 	-0.04, -0.98, -6.78 	0.00, 20.00 	11,25,55,507		0.00,0.00	0,0 	0
795     	24.82, -25.17, -6.31 	-0.04, -0.99, -6.79 	0.00, 20.00 	11,25,55,516		2.88,1.42	0,0 	0
804     	24.83, -25.17, -6.30 	-0.06, -0.99, -6.79 	0.00, 20.00 	11,25,55,526		1.14,2.21	0,0 	0
813     	24.88, -25.15, -6.33 	-0.06, -0.99, -6.79 	0.00, 20.00 	11,25,55,536		6.08,0.00	0,0 	0
821     	24.89, -25.18, -6.34 	-0.06, -0.99, -6.78 	0.00, 20.00 	11,25,55,545		3.22,0.00	0,0 	0
830     	24.89, -25.16, -6.33 	-0.06, -0.98, -6.78 	0.00, 20.00 	11,25,55,555		1.28,1.27	0,0 	0
839     	24.90, -25.20, -6.34 	-0.08, -0.99, -6.79 	0.00, 20.00 	11,25,55,565		3.83,2.52	0,0 	0
847     	24.90, -25.20, -6.33 	-0.07, -0.99, -6.79 	0.00, 20.00 	11,25,55,574		0.00,1.24	0,0 	0
856     	24.90, -25.20, -6.33 	-0.08, -0.99, -6.79 	0.00, 20.00 	11,25,55,584		0.00,1.11	0,0 	0
865     	24.88, -25.20, -6.32 	-0.07, -0.99, -6.79 	0.00, 20.00 	11,25,55,594		1.14,1.11	0,0 	0
873     	24.95, -25.18, -6.31 	-0.09, -0.99, -6.78 	0.00, 20.00 	11,25,55,603		8.02,2.49	0,0 	0
882     	24.95, -25.18, -6.31 	-0.07, -0.97, -6.78 	0.00, 20.00 	11,25,55,613		0.00,3.31	0,0 	0
891     	24.94, -25.19, -6.34 	-0.07, -0.97, -6.78 	0.00, 20.00 	11,25,55,623		1.66,0.00	0,0 	0
899     	25.00, -25.16, -6.33 	-0.06, -0.95, -6.78 	0.00, 20.00 	11,25,55,632		8.56,1.86	0,0 	0
908     	24.93, -25.14, -6.34 	-0.08, -0.95, -6.78 	0.00, 20.00 	11,25,55,642		7.01,2.21	0,0 	0
917     	24.91, -25.14, -6.34 	-0.10, -0.98, -6.77 	0.00, 20.00 	11,25,55,652		2.27,3.31	0,0 	0
926     	24.91, -25.16, -6.34 	-0.09, -0.96, -6.77 	0.00, 20.00 	11,25,55,661		2.56,1.66	0,0 	0
935     	24.91, -25.14, -6.35 	-0.06, -0.99, -6.77 	0.00, 20.00 	11,25,55,671		2.56,4.23	0,0 	0
944     	24.96, -25.14, -6.34 	-0.04, -0.99, -6.77 	0.00, 20.00 	11,25,55,681		4.54,2.21	0,0 	0
953     	25.00, -25.10, -6.35 	-0.07, -1.02, -6.75 	0.00, 20.00 	11,25,55,691		6.62,4.97	0,0 	0
961     	24.95, -25.11, -6.38 	-0.07, -1.01, -6.71 	0.00, 20.00 	11,25,55,700		5.22,1.42	0,0 	0
970     	24.96, -25.06, -6.42 	-0.03, -0.99, -6.73 	0.00, 20.00 	11,25,55,710		5.17,5.03	0,0 	0
979     	24.98, -25.06, -6.40 	0.02, -0.89, -6.75 	0.00, 20.00 	11,25,55,720		2.27,12.52	0,0 	0
987     	24.96, -25.04, -6.40 	-0.02, -0.77, -6.77 	0.00, 20.00 	11,25,55,729		3.97,15.21	0,0 	0
996     	25.05, -24.96, -6.44 	-0.10, -0.60, -6.79 	0.00, 20.00 	11,25,55,739		13.15,21.16	0,0 	0
1005    	25.00, -24.93, -6.47 	-0.06, -0.46, -6.81 	0.00, 20.00 	11,25,55,749		7.05,15.70	1000,1 	0
1013    	25.06, -24.80, -6.52 	-0.14, -0.36, -6.81 	0.00, 20.00 	11,25,55,758		17.14,16.44	1000,1 	0
1022    	25.11, -24.69, -6.59 	-0.19, -0.29, -6.79 	0.00, 20.00 	11,25,55,768		13.65,9.51	1000,1 	0
1031    	25.11, -24.52, -6.68 	-0.27, -0.23, -6.79 	0.00, 20.00 	11,25,55,778		19.17,11.02	1000,1 	0
1039    	25.05, -24.40, -6.75 	-0.31, -0.13, -6.81 	0.00, 20.00 	11,25,55,787		16.10,13.87	1000,1 	0
1048    	24.99, -24.30, -6.76 	-0.34, -0.04, -6.83 	0.00, 20.00 	11,25,55,797		13.73,10.74	1000,1 	0
1057    	24.85, -24.13, -6.81 	-0.44, 0.05, -6.84 	0.00, 20.00 	11,25,55,807		23.91,14.36	1000,1 	0
1065    	24.85, -23.90, -6.92 	-0.53, 0.13, -6.84 	0.00, 20.00 	11,25,55,816		28.76,15.19	1000,1 	0
1074    	24.74, -23.61, -7.05 	-0.62, 0.27, -6.83 	0.00, 20.00 	11,25,55,826		34.58,18.38	1000,1 	0
1083    	24.69, -23.30, -7.17 	-0.70, 0.43, -6.82 	0.00, 20.00 	11,25,55,836		34.06,20.02	1000,1 	0
1091    	24.67, -23.02, -7.26 	-0.79, 0.66, -6.85 	0.00, 20.00 	11,25,55,845		36.05,30.88	1000,1 	0
1100    	24.67, -22.78, -7.32 	-0.89, 0.95, -6.87 	0.00, 20.00 	11,25,55,855		26.84,33.80	1000,1 	0
1109    	24.72, -22.42, -7.44 	-1.00, 1.25, -6.90 	0.00, 20.00 	11,25,55,865		39.77,35.39	1000,1 	0
1118    	24.73, -22.11, -7.52 	-1.11, 1.58, -6.93 	0.00, 20.00 	11,25,55,875		34.45,38.98	1000,1 	0
1126    	24.69, -21.82, -7.57 	-1.21, 1.94, -6.96 	0.00, 20.00 	11,25,55,884		36.39,46.18	1000,1 	0
1135    	24.65, -21.53, -7.64 	-1.26, 2.26, -7.00 	0.00, 20.00 	11,25,55,894		32.34,36.23	1000,1 	0
1144    	24.57, -21.31, -7.69 	-1.37, 2.58, -7.06 	0.00, 20.00 	11,25,55,904		26.46,37.78	1000,1 	0
1152    	24.44, -21.18, -7.73 	-1.38, 2.86, -7.11 	0.00, 20.00 	11,25,55,913		22.71,35.64	1000,1 	0
1161    	24.36, -21.04, -7.75 	-1.43, 3.18, -7.17 	0.00, 20.00 	11,25,55,923		18.31,36.01	1000,1 	0
1170    	24.25, -20.90, -7.82 	-1.45, 3.51, -7.24 	0.00, 20.00 	11,25,55,933		19.65,36.82	1000,1 	0
1178    	24.23, -20.76, -7.91 	-1.55, 3.78, -7.27 	0.00, 20.00 	11,25,55,942		17.60,35.34	1000,1 	0
1187    	24.22, -20.58, -8.00 	-1.60, 4.08, -7.34 	0.00, 20.00 	11,25,55,952		19.28,33.51	1000,1 	0
1196    	24.18, -20.43, -8.07 	-1.64, 4.34, -7.38 	0.00, 20.00 	11,25,55,962		17.17,29.56	1000,1 	0
1204    	24.16, -20.25, -8.09 	-1.67, 4.64, -7.43 	0.00, 20.00 	11,25,55,971		23.31,37.30	1000,1 	0
1213    	24.02, -20.14, -8.12 	-1.69, 4.94, -7.48 	0.00, 20.00 	11,25,55,981		20.21,34.30	1000,1 	0
1222    	23.95, -20.02, -8.14 	-1.74, 5.26, -7.51 	0.00, 20.00 	11,25,55,991		14.86,36.01	1000,1 	0
1230    	23.82, -19.90, -8.17 	-1.75, 5.58, -7.57 	0.00, 20.00 	11,25,56,0		22.65,39.91	1000,1 	0
1239    	23.76, -19.74, -8.17 	-1.75, 5.85, -7.60 	0.00, 20.00 	11,25,56,10		19.11,29.10	1000,1 	0
1248    	23.64, -19.57, -8.19 	-1.69, 6.11, -7.65 	0.00, 20.00 	11,25,56,20		23.17,29.67	1000,1 	0
1256    	23.58, -19.42, -8.22 	-1.73, 6.41, -7.69 	0.00, 20.00 	11,25,56,29		20.13,38.89	1000,1 	0
1265    	23.56, -19.24, -8.25 	-1.75, 6.67, -7.70 	0.00, 20.00 	11,25,56,39		19.45,27.99	1000,1 	0
1274    	23.48, -19.11, -8.30 	-1.76, 6.87, -7.69 	0.00, 20.00 	11,25,56,49		17.21,22.83	1000,1 	0
1282    	23.37, -18.97, -8.33 	-1.79, 7.04, -7.67 	0.00, 20.00 	11,25,56,58		22.11,21.78	1000,1 	0
1291    	23.33, -18.91, -8.35 	-1.77, 7.22, -7.68 	0.00, 20.00 	11,25,56,68		8.07,20.31	1000,1 	0
1300    	23.30, -18.77, -8.40 	-1.75, 7.41, -7.67 	0.00, 20.00 	11,25,56,78		15.92,20.31	1000,1 	0
1309    	23.26, -18.67, -8.43 	-1.78, 7.58, -7.66 	0.00, 20.00 	11,25,56,88		12.20,19.36	1000,1 	0
1317    	23.19, -18.58, -8.45 	-1.78, 7.75, -7.67 	0.00, 20.00 	11,25,56,97		13.88,21.35	1000,1 	0
1326    	23.12, -18.51, -8.47 	-1.76, 7.94, -7.68 	0.00, 20.00 	11,25,56,107		11.39,21.56	1000,1 	0
1335    	23.11, -18.39, -8.52 	-1.75, 8.17, -7.70 	0.00, 20.00 	11,25,56,117		14.18,25.30	1000,1 	0
1343    	23.08, -18.28, -8.56 	-1.71, 8.42, -7.75 	0.00, 20.00 	11,25,56,126		13.35,31.58	1000,1 	0
1352    	23.05, -18.20, -8.60 	-1.69, 8.66, -7.81 	0.00, 20.00 	11,25,56,136		9.77,26.60	1000,1 	0
1361    	23.01, -18.10, -8.66 	-1.66, 8.93, -7.86 	0.00, 20.00 	11,25,56,146		11.45,30.46	1000,1 	0
1369    	22.91, -17.99, -8.69 	-1.59, 9.22, -7.88 	0.00, 20.00 	11,25,56,155		18.97,37.79	1000,1 	0
1378    	22.86, -17.89, -8.72 	-1.56, 9.60, -7.95 	0.00, 20.00 	11,25,56,165		12.00,41.80	1000,1 	0
1387    	22.81, -17.79, -8.76 	-1.52, 10.00, -8.01 	0.00, 20.00 	11,25,56,175		13.15,44.39	1000,1 	0
1395    	22.76, -17.67, -8.81 	-1.49, 10.34, -8.05 	0.00, 20.00 	11,25,56,184		16.10,42.77	1000,1 	0
1404    	22.70, -17.55, -8.87 	-1.43, 10.70, -8.09 	0.00, 20.00 	11,25,56,194		14.31,40.85	1000,1 	0
1413    	22.67, -17.42, -8.91 	-1.35, 11.07, -8.15 	0.00, 20.00 	11,25,56,204		14.67,42.66	1000,1 	0
1421    	22.61, -17.29, -8.97 	-1.25, 11.48, -8.20 	0.00, 20.00 	11,25,56,213		18.01,52.40	1000,1 	0
1430    	22.55, -17.17, -9.02 	-1.14, 11.92, -8.25 	0.00, 20.00 	11,25,56,223		15.49,50.50	1000,1 	0
1439    	22.52, -17.00, -9.10 	-1.01, 12.40, -8.31 	0.00, 20.00 	11,25,56,233		18.42,54.67	1000,1 	0
1447    	22.45, -16.79, -9.16 	-0.86, 12.87, -8.38 	0.00, 20.00 	11,25,56,242		27.45,62.14	1000,1 	0
1456    	22.38, -16.57, -9.25 	-0.67, 13.39, -8.46 	0.00, 20.00 	11,25,56,252		26.02,61.33	1000,1 	0
1465    	22.26, -16.36, -9.33 	-0.48, 13.95, -8.50 	0.00, 20.00 	11,25,56,262		26.86,66.11	1000,1 	0
1473    	22.13, -16.08, -9.43 	-0.32, 14.48, -8.50 	0.00, 20.00 	11,25,56,271		38.63,69.28	1000,1 	0
1482    	22.02, -15.83, -9.54 	-0.13, 14.99, -8.49 	0.00, 20.00 	11,25,56,281		30.31,60.15	1000,1 	0
1491    	21.87, -15.60, -9.65 	0.10, 15.57, -8.49 	0.00, 20.00 	11,25,56,291		30.94,68.71	1000,1 	0
1500    	21.75, -15.39, -9.71 	0.32, 16.13, -8.49 	0.00, 20.00 	11,25,56,301		25.74,67.15	1000,1 	0
1508    	21.63, -15.16, -9.76 	0.55, 16.67, -8.48 	0.00, 20.00 	11,25,56,310		33.43,73.81	1000,1 	0
1517    	21.56, -14.90, -9.81 	0.76, 17.20, -8.48 	0.00, 20.00 	11,25,56,320		29.35,63.24	1000,1 	0
1526    	21.51, -14.57, -9.91 	0.97, 17.72, -8.46 	0.00, 20.00 	11,25,56,330		37.62,62.07	1000,1 	0
1534    	21.43, -14.25, -10.02 	1.14, 18.20, -8.43 	0.00, 20.00 	11,25,56,339		40.76,64.21	1000,1 	0
1543    	21.38, -13.91, -10.10 	1.32, 18.64, -8.40 	0.00, 20.00 	11,25,56,349		38.89,52.70	1000,1 	0
1552    	21.43, -13.63, -10.16 	1.47, 19.05, -8.38 	0.00, 20.00 	11,25,56,359		30.84,48.05	1000,1 	0
1560    	21.41, -13.39, -10.23 	1.60, 19.43, -8.37 	0.00, 20.00 	11,25,56,368		30.30,50.61	1000,1 	0
1569    	21.34, -13.20, -10.27 	1.70, 19.76, -8.35 	0.00, 20.00 	11,25,56,378		22.40,38.03	1000,1 	0
1578    	21.31, -13.08, -10.26 	1.83, 20.06, -8.34 	0.00, 20.00 	11,25,56,388		14.38,36.70	1000,1 	0
1586    	21.26, -12.97, -10.26 	1.94, 20.33, -8.33 	0.00, 20.00 	11,25,56,397		14.79,36.45	1000,1 	0
1595    	21.24, -12.83, -10.25 	2.02, 20.58, -8.31 	0.00, 20.00 	11,25,56,407		15.64,28.98	1000,1 	0
1604    	21.21, -12.70, -10.24 	2.09, 20.78, -8.29 	0.00, 20.00 	11,25,56,417		14.38,23.85	1000,1 	0
1612    	21.16, -12.59, -10.24 	2.10, 20.92, -8.25 	0.00, 20.00 	11,25,56,426		16.10,17.09	1000,1 	0
1621    	21.12, -12.46, -10.24 	2.09, 21.02, -8.20 	0.00, 20.00 	11,25,56,436		15.04,11.47	1000,1 	0
1630    	21.09, -12.38, -10.20 	2.09, 21.09, -8.15 	0.00, 20.00 	11,25,56,446		9.77,7.59	1000,1 	0
1638    	21.03, -12.28, -10.17 	2.06, 21.14, -8.09 	0.00, 20.00 	11,25,56,455		13.51,6.89	1000,1 	0
1647    	20.97, -12.20, -10.14 	2.02, 21.16, -8.01 	0.00, 20.00 	11,25,56,465		11.58,5.16	1000,1 	0
1656    	20.90, -12.12, -10.10 	1.95, 21.14, -7.92 	0.00, 20.00 	11,25,56,475		12.34,8.08	1000,1 	0
1664    	20.85, -12.01, -10.07 	1.88, 21.11, -7.84 	0.00, 20.00 	11,25,56,484		14.21,9.59	1000,1 	0
1673    	20.84, -11.94, -10.05 	1.79, 21.05, -7.74 	0.00, 20.00 	11,25,56,494		7.82,11.64	1000,1 	0
1682    	20.82, -11.91, -10.02 	1.70, 20.98, -7.63 	0.00, 20.00 	11,25,56,504		4.58,13.14	1000,1 	0
1691    	20.84, -11.87, -10.00 	1.60, 20.88, -7.53 	0.00, 20.00 	11,25,56,514		4.33,15.65	1000,1 	0
1699    	20.84, -11.88, -9.98 	1.47, 20.76, -7.42 	0.00, 20.00 	11,25,56,523		1.44,22.20	1000,1 	0
1708    	20.79, -11.92, -9.98 	1.31, 20.60, -7.31 	0.00, 20.00 	11,25,56,533		6.65,24.69	1000,1 	0
1717    	20.81, -11.92, -9.95 	1.09, 20.40, -7.20 	0.00, 20.00 	11,25,56,543		2.27,32.86	1000,1 	0
1725    	20.77, -11.97, -9.95 	0.83, 20.19, -7.12 	0.00, 20.00 	11,25,56,552		8.55,41.58	1000,1 	0
1734    	20.74, -11.98, -9.96 	0.56, 20.02, -7.08 	0.00, 20.00 	11,25,56,562		3.56,35.60	1000,1 	0
1743    	20.72, -11.99, -9.95 	0.28, 19.82, -7.08 	0.00, 20.00 	11,25,56,572		2.54,38.81	1000,1 	0
1751    	20.68, -11.98, -9.94 	0.02, 19.65, -7.11 	0.00, 20.00 	11,25,56,581		5.40,39.04	1000,1 	0
1760    	20.64, -12.00, -9.93 	-0.18, 19.49, -7.16 	0.00, 20.00 	11,25,56,591		5.07,27.95	1000,1 	0
1769    	20.60, -11.99, -9.91 	-0.38, 19.36, -7.21 	0.00, 20.00 	11,25,56,601		4.80,26.48	1000,1 	0
1777    	20.53, -12.00, -9.91 	-0.55, 19.23, -7.26 	0.00, 20.00 	11,25,56,610		8.97,26.81	1000,1 	0
1786    	20.51, -12.00, -9.92 	-0.70, 19.11, -7.30 	0.00, 20.00 	11,25,56,620		2.27,21.36	1000,1 	0
1795    	20.46, -11.97, -9.92 	-0.84, 19.01, -7.32 	0.00, 20.00 	11,25,56,630		6.37,18.96	1000,1 	0
1803    	20.44, -11.97, -9.92 	-0.93, 18.92, -7.33 	0.00, 20.00 	11,25,56,639		2.56,15.75	1000,1 	0
1812    	20.43, -11.96, -9.92 	-0.99, 18.86, -7.33 	0.00, 20.00 	11,25,56,649		1.76,9.04	1000,1 	0
1821    	20.41, -11.97, -9.92 	-1.00, 18.82, -7.32 	0.00, 20.00 	11,25,56,659		2.54,5.15	1000,1 	0
1829    	20.36, -11.98, -9.93 	-1.02, 18.77, -7.28 	0.00, 20.00 	11,25,56,668		5.22,6.15	1000,1 	0
1838    	20.33, -12.01, -9.93 	-1.06, 18.70, -7.22 	0.00, 20.00 	11,25,56,678		4.97,9.79	1000,1 	0
1847    	20.28, -12.03, -9.92 	-1.07, 18.63, -7.15 	0.00, 20.00 	11,25,56,688		6.08,7.64	1000,1 	0
1855    	20.28, -12.04, -9.91 	-1.08, 18.56, -7.10 	0.00, 20.00 	11,25,56,697		1.44,8.60	1000,1 	0
1864    	20.23, -12.09, -9.89 	-1.08, 18.51, -7.05 	0.00, 20.00 	11,25,56,707		7.40,5.06	1000,1 	0
1873    	20.21, -12.10, -9.88 	-1.07, 18.47, -7.02 	0.00, 20.00 	11,25,56,717		2.54,5.21	1000,1 	0
1882    	20.15, -12.12, -9.87 	-1.07, 18.45, -7.00 	0.00, 20.00 	11,25,56,727		7.13,2.53	1000,1 	0
1890    	20.13, -12.10, -9.88 	-1.06, 18.43, -7.00 	0.00, 20.00 	11,25,56,736		3.01,1.92	1000,1 	0
1899    	20.10, -12.09, -9.87 	-1.04, 18.44, -6.99 	0.00, 20.00 	11,25,56,746		3.71,2.52	1000,1 	0
1908    	20.09, -12.10, -9.87 	-1.02, 18.48, -6.99 	0.00, 20.00 	11,25,56,756		1.66,4.34	1000,1 	0
1916    	20.02, -12.12, -9.87 	-0.97, 18.51, -6.98 	0.00, 20.00 	11,25,56,765		9.22,7.45	1000,1 	0
1925    	19.99, -12.12, -9.87 	-0.91, 18.58, -6.98 	0.00, 20.00 	11,25,56,775		3.41,9.94	1000,1 	0
1934    	19.99, -12.16, -9.87 	-0.82, 18.63, -7.00 	0.00, 20.00 	11,25,56,785		3.83,11.64	1000,1 	0
1942    	19.96, -12.14, -9.87 	-0.73, 18.70, -7.00 	0.00, 20.00 	11,25,56,794		4.18,13.89	1000,1 	0
1951    	19.96, -12.14, -9.88 	-0.66, 18.75, -7.01 	0.00, 20.00 	11,25,56,804		0.00,9.86	1000,1 	0
1960    	19.95, -12.13, -9.88 	-0.60, 18.80, -7.01 	0.00, 20.00 	11,25,56,814		1.76,8.23	1000,1 	0
1968    	19.94, -12.13, -9.89 	-0.53, 18.86, -7.01 	0.00, 20.00 	11,25,56,823		1.28,12.03	1000,1 	0
1977    	19.92, -12.11, -9.89 	-0.50, 18.94, -7.01 	0.00, 20.00 	11,25,56,833		3.53,9.37	1000,1 	0
1986    	19.91, -12.14, -9.88 	-0.47, 18.98, -7.00 	0.00, 20.00 	11,25,56,843		3.93,4.97	1000,1 	0
1994    	19.92, -12.13, -9.88 	-0.44, 19.01, -7.00 	0.00, 20.00 	11,25,56,852		1.86,5.59	1000,1 	0
2004    	19.90, -12.13, -9.88 	-0.41, 19.02, -6.99 	0.00, 20.00 	11,25,56,862		2.04,3.17	1000,1 	0
2013    	19.90, -12.11, -9.89 	-0.40, 19.05, -7.00 	0.00, 20.00 	11,25,56,872		2.56,3.92	1000,1 	0
2021    	19.89, -12.09, -9.89 	-0.38, 19.09, -7.00 	0.00, 20.00 	11,25,56,881		1.98,4.88	1000,1 	0
2030    	19.89, -12.11, -9.89 	-0.37, 19.11, -7.00 	0.00, 20.00 	11,25,56,891		1.28,2.73	1000,1 	0
2039    	19.89, -12.07, -9.89 	-0.35, 19.12, -7.00 	0.00, 20.00 	11,25,56,901		3.83,2.52	1000,1 	0
2047    	19.86, -12.07, -9.89 	-0.34, 19.14, -6.99 	0.00, 20.00 	11,25,56,910		3.83,3.08	1000,1 	0
2056    	19.85, -12.07, -9.91 	-0.33, 19.14, -6.98 	0.00, 20.00 	11,25,56,920		1.14,1.11	1000,1 	0
2065    	19.85, -12.09, -9.91 	-0.33, 19.15, -6.98 	0.00, 20.00 	11,25,56,930		2.56,1.27	1000,1 	0
2074    	19.82, -12.08, -9.90 	-0.34, 19.18, -6.98 	0.00, 20.00 	11,25,56,940		3.71,2.79	1000,1 	0
2082    	19.78, -12.08, -9.91 	-0.33, 19.20, -6.98 	0.00, 20.00 	11,25,56,949		3.83,3.08	1000,1 	0
2091    	19.76, -12.10, -9.91 	-0.33, 19.22, -6.98 	0.00, 20.00 	11,25,56,959		3.31,2.53	1000,1 	0
2100    	19.76, -12.09, -9.91 	-0.33, 19.23, -6.97 	0.00, 20.00 	11,25,56,969		1.28,1.27	1000,1 	0
2108    	19.75, -12.08, -9.92 	-0.33, 19.28, -6.97 	0.00, 20.00 	11,25,56,978		1.98,5.69	1000,1 	0
2117    	19.74, -12.09, -9.91 	-0.31, 19.29, -6.97 	0.00, 20.00 	11,25,56,988		1.66,2.52	1000,1 	0
2126    	19.70, -12.10, -9.91 	-0.30, 19.31, -6.98 	0.00, 20.00 	11,25,56,998		4.64,2.73	1000,1 	0
2134    	19.67, -12.10, -9.92 	-0.27, 19.33, -6.99 	0.00, 20.00 	11,25,57,7		3.83,4.63	1000,1 	0
2143    	19.65, -12.12, -9.92 	-0.26, 19.36, -6.99 	0.00, 20.00 	11,25,57,17		3.31,2.73	1000,1 	0
2152    	19.65, -12.12, -9.93 	-0.25, 19.37, -6.98 	0.00, 20.00 	11,25,57,27		0.00,1.66	1000,1 	0
2160    	19.66, -12.10, -9.93 	-0.26, 19.38, -6.98 	0.00, 20.00 	11,25,57,36		3.07,1.92	1000,1 	0
2169    	19.64, -12.08, -9.93 	-0.25, 19.38, -6.98 	0.00, 20.00 	11,25,57,46		2.68,1.11	1000,1 	0
2178    	19.62, -12.08, -9.94 	-0.26, 19.38, -6.98 	0.00, 20.00 	11,25,57,56		2.27,1.11	1000,1 	0
2186    	19.58, -12.08, -9.93 	-0.26, 19.38, -6.98 	0.00, 20.00 	11,25,57,65		5.11,0.00	1000,1 	0
2195    	19.55, -12.10, -9.94 	-0.28, 19.37, -6.98 	0.00, 20.00 	11,25,57,75		4.13,2.52	1000,1 	0
2204    	19.54, -12.10, -9.93 	-0.28, 19.37, -6.98 	0.00, 20.00 	11,25,57,85		1.14,0.00	1000,1 	0
2212    	19.54, -12.09, -9.94 	-0.29, 19.37, -6.98 	0.00, 20.00 	11,25,57,94		1.44,1.24	1000,1 	0
2221    	19.51, -12.08, -9.94 	-0.27, 19.38, -6.97 	0.00, 20.00 	11,25,57,104		3.71,2.52	1000,1 	0
2230    	19.49, -12.09, -9.94 	-0.27, 19.38, -6.98 	0.00, 20.00 	11,25,57,114		2.54,0.00	1000,1 	0
2238    	19.50, -12.08, -9.94 	-0.26, 19.38, -6.98 	0.00, 20.00 	11,25,57,123		1.86,1.24	1000,1 	0
2247    	19.48, -12.09, -9.93 	-0.27, 19.39, -6.98 	0.00, 20.00 	11,25,57,133		2.54,1.70	1000,1 	0
2256    	19.46, -12.10, -9.93 	-0.27, 19.39, -6.98 	0.00, 20.00 	11,25,57,143		2.54,0.00	1000,1 	0
2265    	19.43, -12.11, -9.94 	-0.27, 19.39, -6.99 	0.00, 20.00 	11,25,57,153		3.56,0.00	1000,1 	0
2273    	19.45, -12.10, -9.94 	-0.27, 19.39, -6.99 	0.00, 20.00 	11,25,57,162		2.85,0.00	1000,1 	0
2282    	19.41, -12.13, -9.94 	-0.27, 19.39, -6.99 	0.00, 20.00 	11,25,57,172		5.76,0.00	1000,1 	0
2291    	19.40, -12.14, -9.94 	-0.27, 19.38, -6.99 	0.00, 20.00 	11,25,57,182		1.66,1.27	1000,1 	0
2299    	19.37, -12.14, -9.93 	-0.27, 19.39, -6.99 	0.00, 20.00 	11,25,57,191		3.83,1.42	1000,1 	0
2308    	19.38, -12.14, -9.92 	-0.27, 19.39, -6.99 	0.00, 20.00 	11,25,57,201		1.14,0.00	1000,1 	0
2317    	19.36, -12.14, -9.92 	-0.26, 19.39, -6.99 	0.00, 20.00 	11,25,57,211		2.27,1.11	1000,1 	0
2325    	19.38, -12.13, -9.91 	-0.27, 19.39, -6.99 	0.00, 20.00 	11,25,57,220		2.85,1.24	1000,1 	0
2334    	19.35, -12.14, -9.92 	-0.26, 19.39, -6.99 	0.00, 20.00 	11,25,57,230		3.56,1.11	1000,1 	0
2343    	19.35, -12.14, -9.91 	-0.27, 19.39, -6.99 	0.00, 20.00 	11,25,57,240		0.00,1.11	1000,1 	0
2351    	19.33, -12.17, -9.92 	-0.26, 19.38, -6.99 	0.00, 20.00 	11,25,57,249		4.87,1.92	1000,1 	0
2360    	19.32, -12.18, -9.92 	-0.26, 19.39, -7.00 	0.00, 20.00 	11,25,57,259		1.66,1.27	1000,1 	0
2369    	19.32, -12.18, -9.93 	-0.26, 19.38, -7.00 	0.00, 20.00 	11,25,57,269		0.00,1.27	1000,1 	0
2377    	19.32, -12.21, -9.91 	-0.26, 19.37, -7.00 	0.00, 20.00 	11,25,57,278		2.88,1.42	1000,1 	0
2386    	19.31, -12.21, -9.91 	-0.25, 19.37, -7.00 	0.00, 20.00 	11,25,57,288		1.14,1.11	1000,1 	0
2395    	19.28, -12.20, -9.91 	-0.25, 19.38, -7.01 	0.00, 20.00 	11,25,57,298		3.41,1.27	1000,1 	0
2403    	19.28, -12.22, -9.90 	-0.25, 19.37, -7.00 	0.00, 20.00 	11,25,57,307		1.44,1.42	1000,1 	0
2412    	19.26, -12.23, -9.90 	-0.25, 19.37, -7.00 	0.00, 20.00 	11,25,57,317		2.54,0.00	1000,1 	0
2421    	19.25, -12.25, -9.90 	-0.25, 19.36, -7.00 	0.00, 20.00 	11,25,57,327		2.73,1.27	1000,1 	0
2429    	19.26, -12.25, -9.90 	-0.25, 19.36, -7.00 	0.00, 20.00 	11,25,57,336		1.28,0.00	1000,1 	0
2438    	19.25, -12.24, -9.91 	-0.25, 19.36, -7.00 	0.00, 20.00 	11,25,57,346		1.76,0.00	1000,1 	0
2447    	19.25, -12.24, -9.91 	-0.25, 19.37, -7.00 	0.00, 20.00 	11,25,57,356		0.00,1.27	1000,1 	0
2456    	19.22, -12.24, -9.90 	-0.25, 19.37, -7.00 	0.00, 20.00 	11,25,57,366		3.41,0.00	1000,1 	0
2464    	19.20, -12.24, -9.91 	-0.26, 19.38, -7.00 	0.00, 20.00 	11,25,57,375		2.56,1.92	1000,1 	0
2473    	19.19, -12.26, -9.90 	-0.26, 19.38, -7.00 	0.00, 20.00 	11,25,57,385		2.73,0.00	1000,1 	0
2482    	19.19, -12.26, -9.90 	-0.26, 19.38, -7.00 	0.00, 20.00 	11,25,57,395		0.00,0.00	1000,1 	0
2490    	19.21, -12.26, -9.91 	-0.27, 19.38, -7.00 	0.00, 20.00 	11,25,57,404		2.56,1.24	1000,1 	0
2499    	19.21, -12.25, -9.91 	-0.27, 19.38, -7.00 	0.00, 20.00 	11,25,57,414		1.28,0.00	1000,1 	0
2508    	19.21, -12.26, -9.91 	-0.27, 19.38, -7.00 	0.00, 20.00 	11,25,57,424		1.28,0.00	1000,1 	0
2516    	19.19, -12.26, -9.91 	-0.27, 19.37, -7.00 	0.00, 20.00 	11,25,57,433		2.56,1.42	1000,1 	0
2525    	19.17, -12.27, -9.91 	-0.27, 19.38, -6.99 	0.00, 20.00 	11,25,57,443		2.54,1.27	1000,1 	0
2534    	19.17, -12.28, -9.91 	-0.27, 19.38, -7.00 	0.00, 20.00 	11,25,57,453		1.28,0.00	1000,1 	0
2542    	19.16, -12.27, -9.91 	-0.28, 19.38, -7.00 	0.00, 20.00 	11,25,57,462		1.98,1.24	1000,1 	0
2551    	19.16, -12.26, -9.91 	-0.27, 19.38, -7.00 	0.00, 20.00 	11,25,57,472		1.28,1.11	1000,1 	0
2560    	19.18, -12.27, -9.91 	-0.27, 19.38, -6.99 	0.00, 20.00 	11,25,57,482		2.68,0.00	1000,1 	0
2568    	19.16, -12.27, -9.91 	-0.27, 19.38, -6.99 	0.00, 20.00 	11,25,57,491		2.56,0.00	1000,1 	0
2577    	19.15, -12.27, -9.91 	-0.27, 19.38, -6.99 	0.00, 20.00 	11,25,57,501		1.14,0.00	1000,1 	0
2586    	19.12, -12.28, -9.91 	-0.27, 19.39, -6.99 	0.00, 20.00 	11,25,57,511		3.56,1.27	1000,1 	0
2594    	19.12, -12.31, -9.91 	-0.27, 19.39, -6.98 	0.00, 20.00 	11,25,57,520		4.31,0.00	1000,1 	0
2603    	19.12, -12.30, -9.92 	-0.26, 19.40, -6.97 	0.00, 20.00 	11,25,57,530		1.28,1.66	1000,1 	0
2612    	19.08, -12.30, -9.92 	-0.28, 19.39, -6.96 	0.00, 20.00 	11,25,57,540		3.41,2.52	1000,1 	0
2620    	19.08, -12.32, -9.91 	-0.29, 19.39, -6.96 	0.00, 20.00 	11,25,57,549		3.07,1.24	1000,1 	0
2629    	19.07, -12.29, -9.92 	-0.27, 19.41, -6.97 	0.00, -0.00 	11,25,57,569		3.83,3.31	1000,1 	0
2638    	19.09, -12.31, -9.91 	-0.28, 19.41, -6.97 	0.00, -0.00 	11,25,57,579		2.58,1.00	1000,1 	0
2646    	19.05, -12.30, -9.92 	-0.25, 19.41, -6.97 	0.00, -0.00 	11,25,57,588		3.34,2.99	1000,1 	0
2655    	19.03, -12.31, -9.92 	-0.24, 19.42, -6.98 	0.00, -0.00 	11,25,57,598		2.28,1.49	1000,1 	0
2664    	19.00, -12.30, -9.92 	-0.23, 19.42, -6.98 	0.00, -0.00 	11,25,57,608		3.34,1.00	1000,1 	0
2672    	19.00, -12.30, -9.92 	-0.23, 19.44, -6.98 	0.00, -0.00 	11,25,57,617		0.00,1.14	1000,1 	0
2681    	18.97, -12.31, -9.92 	-0.22, 19.45, -7.00 	0.00, -0.00 	11,25,57,627		3.21,1.49	1000,1 	0
2690    	18.97, -12.29, -9.92 	-0.21, 19.47, -7.01 	0.00, -0.00 	11,25,57,637		1.15,2.46	1000,1 	0
2698    	18.96, -12.31, -9.93 	-0.22, 19.50, -7.04 	0.00, -0.00 	11,25,57,646		1.49,3.58	1000,1 	0
2707    	18.94, -12.30, -9.93 	-0.26, 19.55, -7.05 	0.00, -0.00 	11,25,57,656		2.04,6.13	1000,1 	0
2716    	18.92, -12.30, -9.94 	-0.28, 19.60, -7.05 	0.00, -0.00 	11,25,57,666		2.04,5.02	1000,1 	0
2724    	18.91, -12.29, -9.94 	-0.30, 19.67, -7.03 	0.00, -0.00 	11,25,57,675		1.59,7.17	1000,1 	0
2733    	18.91, -12.30, -9.93 	-0.33, 19.71, -7.00 	0.00, -0.00 	11,25,57,685		1.15,5.51	1000,1 	0
2742    	18.88, -12.29, -9.94 	-0.36, 19.74, -7.00 	0.00, -0.00 	11,25,57,695		3.34,3.80	1000,1 	0
2750    	18.84, -12.31, -9.95 	-0.39, 19.77, -7.00 	0.00, -0.00 	11,25,57,704		4.56,4.60	1000,1 	0
2759    	18.82, -12.31, -9.96 	-0.39, 19.77, -7.00 	0.00, -0.00 	11,25,57,714		1.86,0.00	1000,1 	0
2768    	18.81, -12.32, -9.96 	-0.39, 19.76, -6.99 	0.00, -0.00 	11,25,57,724		1.49,1.14	1000,1 	0
2776    	18.78, -12.31, -9.97 	-0.38, 19.76, -6.99 	0.00, -0.00 	11,25,57,733		3.34,1.00	1000,1 	0
2785    	18.74, -12.30, -9.98 	-0.38, 19.76, -7.00 	0.00, -0.00 	11,25,57,743		3.92,0.00	1000,1 	0
2794    	18.73, -12.27, -9.98 	-0.38, 19.76, -7.00 	0.00, -0.00 	11,25,57,753		2.58,0.00	1000,1 	0
2802    	18.70, -12.28, -9.97 	-0.38, 19.75, -7.00 	0.00, -0.00 	11,25,57,762		3.21,1.14	1000,1 	0
2811    	18.68, -12.28, -9.98 	-0.38, 19.75, -7.00 	0.00, -0.00 	11,25,57,772		1.86,0.00	1000,1 	0
2820    	18.64, -12.27, -9.98 	-0.39, 19.75, -7.00 	0.00, -0.00 	11,25,57,782		4.32,1.00	1000,1 	0
2829    	18.62, -12.29, -9.98 	-0.38, 19.75, -7.00 	0.00, -0.00 	11,25,57,792		2.98,1.00	1000,1 	0
2837    	18.62, -12.28, -9.98 	-0.37, 19.75, -7.01 	0.00, -0.00 	11,25,57,801		1.15,1.00	1000,1 	0
2846    	18.59, -12.27, -9.98 	-0.35, 19.74, -7.03 	0.00, -0.00 	11,25,57,811		2.41,2.32	1000,1 	0
2855    	18.58, -12.29, -9.98 	-0.34, 19.72, -7.04 	0.00, -0.00 	11,25,57,821		2.46,1.53	1000,1 	0
2863    	18.56, -12.26, -10.00 	-0.36, 19.72, -7.04 	0.00, -0.00 	11,25,57,830		3.17,1.99	1000,1 	0
2872    	18.54, -12.30, -10.01 	-0.37, 19.72, -7.04 	0.00, -0.00 	11,25,57,840		3.90,1.00	1000,1 	0
2881    	18.55, -12.26, -10.01 	-0.37, 19.72, -7.06 	0.00, -0.00 	11,25,57,850		3.54,0.00	1000,1 	0
2889    	18.56, -12.30, -10.00 	-0.36, 19.72, -7.07 	0.00, -0.00 	11,25,57,859		3.66,1.00	1000,1 	0
2898    	18.55, -12.30, -10.00 	-0.38, 19.69, -7.07 	0.00, -0.00 	11,25,57,869		1.02,3.91	1000,1 	0
2907    	18.54, -12.30, -9.99 	-0.39, 19.61, -7.02 	0.00, -0.00 	11,25,57,879		1.02,8.01	1000,1 	0
2915    	18.52, -12.31, -10.00 	-0.41, 19.49, -6.95 	0.00, -0.00 	11,25,57,888		2.28,12.63	1000,1 	0
2924    	18.56, -12.36, -9.99 	-0.40, 19.34, -6.90 	0.00, -0.00 	11,25,57,898		5.69,14.87	1000,1 	0
2933    	18.58, -12.36, -10.00 	-0.42, 19.14, -6.88 	0.00, -0.00 	11,25,57,908		2.04,19.41	0,0 	0
2941    	18.60, -12.37, -10.01 	-0.45, 18.99, -6.87 	0.00, -0.00 	11,25,57,917		2.41,16.14	0,0 	0
2950    	18.63, -12.43, -10.02 	-0.50, 18.78, -6.86 	0.00, -0.00 	11,25,57,927		6.08,19.05	0,0 	0
2959    	18.66, -12.49, -10.02 	-0.59, 18.42, -6.82 	0.00, -0.00 	11,25,57,937		6.69,37.29	0,0 	0
2967    	18.70, -12.60, -9.98 	-0.68, 17.93, -6.78 	0.00, -0.00 	11,25,57,946		12.45,49.54	0,0 	0
2976    	18.79, -12.72, -9.99 	-0.74, 17.50, -6.76 	0.00, -0.00 	11,25,57,956		13.21,39.57	0,0 	0
2985    	18.93, -12.88, -9.94 	-0.77, 17.04, -6.75 	0.00, -0.00 	11,25,57,966		21.34,46.71	0,0 	0
2993    	19.05, -13.06, -9.91 	-0.83, 16.55, -6.73 	0.00, -0.00 	11,25,57,975		21.18,49.17	0,0 	0
3002    	19.17, -13.27, -9.86 	-0.91, 16.03, -6.71 	0.00, -0.00 	11,25,57,985		22.47,47.97	0,0 	0
3011    	19.31, -13.45, -9.83 	-0.95, 15.48, -6.70 	0.00, -0.00 	11,25,57,995		22.43,54.70	0,0 	0
3020    	19.44, -13.72, -9.79 	-1.01, 14.95, -6.69 	0.00, -0.00 	11,25,58,5		29.85,53.69	0,0 	0
3028    	19.64, -13.94, -9.75 	-1.05, 14.34, -6.70 	0.00, -0.00 	11,25,58,14		30.14,60.38	0,0 	0
3037    	19.85, -14.15, -9.72 	-1.09, 13.75, -6.69 	0.00, -0.00 	11,25,58,24		29.94,59.24	0,0 	0
3046    	20.07, -14.40, -9.69 	-1.11, 13.15, -6.68 	0.00, -0.00 	11,25,58,34		33.31,60.34	0,0 	0
3054    	20.27, -14.72, -9.63 	-1.14, 12.54, -6.65 	0.00, -0.00 	11,25,58,43		37.65,61.49	0,0 	0
3063    	20.44, -15.06, -9.59 	-1.16, 11.92, -6.64 	0.00, -0.00 	11,25,58,53		38.07,61.47	0,0 	0
3072    	20.62, -15.45, -9.53 	-1.22, 11.27, -6.62 	0.00, -0.00 	11,25,58,63		42.73,65.02	0,0 	0
3080    	20.80, -15.78, -9.48 	-1.24, 10.65, -6.62 	0.00, -0.00 	11,25,58,72		37.55,62.61	0,0 	0
3090    	21.04, -16.10, -9.39 	-1.22, 10.01, -6.60 	0.00, -0.00 	11,25,58,82		40.12,63.86	0,0 	0
3099    	21.28, -16.36, -9.33 	-1.19, 9.34, -6.60 	0.00, -0.00 	11,25,58,92		39.57,74.82	0,0 	0
3107    	21.56, -16.67, -9.25 	-1.13, 8.69, -6.61 	0.00, -0.00 	11,25,58,101		46.62,72.61	0,0 	0
3116    	21.72, -16.94, -9.23 	-1.09, 8.05, -6.60 	0.00, -0.00 	11,25,58,111		34.89,71.12	0,0 	0
3125    	21.88, -17.34, -9.17 	-0.93, 7.50, -6.64 	0.00, -0.00 	11,25,58,121		47.66,63.73	0,0 	0
3133    	22.03, -17.69, -9.11 	-0.86, 6.97, -6.70 	0.00, -0.00 	11,25,58,130		42.42,58.93	0,0 	0
3142    	22.20, -18.01, -9.06 	-0.81, 6.45, -6.77 	0.00, -0.00 	11,25,58,140		36.00,52.76	0,0 	0
3151    	22.40, -18.28, -9.01 	-0.73, 5.97, -6.85 	0.00, -0.00 	11,25,58,150		37.55,54.12	0,0 	0
3159    	22.57, -18.60, -8.95 	-0.64, 5.55, -6.93 	0.00, -0.00 	11,25,58,159		40.00,46.89	0,0 	0
3168    	22.71, -18.96, -8.90 	-0.59, 5.20, -7.00 	0.00, -0.00 	11,25,58,169		38.83,35.79	0,0 	0
3177    	22.82, -19.34, -8.85 	-0.47, 4.83, -7.05 	0.00, -0.00 	11,25,58,179		43.13,42.96	0,0 	0
3185    	22.92, -19.66, -8.78 	-0.36, 4.49, -7.12 	0.00, -0.00 	11,25,58,188		37.83,40.18	0,0 	0
3194    	23.04, -19.96, -8.71 	-0.22, 4.08, -7.16 	0.00, -0.00 	11,25,58,198		31.97,42.58	0,0 	0
3203    	23.22, -20.21, -8.67 	-0.13, 3.68, -7.21 	0.00, -0.00 	11,25,58,208		34.04,45.66	0,0 	0
3212    	23.40, -20.47, -8.63 	0.05, 3.31, -7.24 	0.00, -0.00 	11,25,58,218		17.55,22.80	0,0 	0
3220    	23.55, -20.75, -8.59 	0.12, 2.96, -7.28 	0.00, -0.00 	11,25,58,227		24.53,27.82	0,0 	0
3229    	23.73, -21.06, -8.55 	0.19, 2.56, -7.32 	0.00, -0.00 	11,25,58,237		27.33,31.27	0,0 	0
3238    	23.77, -21.39, -8.50 	0.31, 2.27, -7.37 	0.00, -0.00 	11,25,58,247		26.05,23.98	0,0 	0
3246    	23.92, -21.70, -8.46 	0.41, 2.04, -7.36 	0.00, -0.00 	11,25,58,256		26.12,19.31	0,0 	0
3255    	24.00, -22.04, -8.40 	0.47, 1.78, -7.34 	0.00, -0.00 	11,25,58,266		27.45,20.79	0,0 	0
3264    	24.12, -22.31, -8.31 	0.58, 1.52, -7.34 	0.00, -0.00 	11,25,58,276		22.61,21.24	0,0 	0
3272    	24.19, -22.60, -8.23 	0.71, 1.32, -7.36 	0.00, -0.00 	11,25,58,285		23.13,18.59	0,0 	0
3281    	24.24, -22.86, -8.16 	0.77, 1.11, -7.35 	0.00, -0.00 	11,25,58,295		19.91,17.39	0,0 	0
3290    	24.31, -23.13, -8.14 	0.84, 0.81, -7.34 	0.00, -0.00 	11,25,58,305		21.18,23.54	0,0 	0
3298    	24.51, -23.33, -8.17 	0.91, 0.50, -7.29 	0.00, -0.00 	11,25,58,314		22.44,24.40	0,0 	0
3307    	24.57, -23.53, -8.17 	0.96, 0.21, -7.22 	0.00, -0.00 	11,25,58,324		15.78,22.34	0,0 	0
3316    	24.67, -23.74, -8.12 	1.02, -0.10, -7.16 	0.00, -0.00 	11,25,58,334		18.20,24.22	0,0 	0
3324    	24.76, -23.92, -8.06 	1.05, -0.47, -7.04 	0.00, -0.00 	11,25,58,343		15.04,29.06	0,0 	0
3333    	24.84, -24.14, -7.96 	1.13, -0.79, -6.94 	0.00, -0.00 	11,25,58,353		18.32,25.44	0,0 	0
3342    	24.93, -24.38, -7.93 	1.25, -1.08, -6.93 	0.00, -0.00 	11,25,58,363		19.99,23.98	0,0 	0
3350    	25.03, -24.54, -7.89 	1.41, -1.28, -6.95 	0.00, -0.00 	11,25,58,372		13.88,19.54	0,0 	0
3359    	25.13, -24.81, -7.83 	1.56, -1.48, -6.98 	0.00, -0.00 	11,25,58,382		22.27,19.05	0,0 	0
3368    	25.21, -25.02, -7.79 	1.57, -1.76, -6.93 	0.00, -0.00 	11,25,58,392		17.18,21.94	0,0 	0
3376    	25.27, -25.32, -7.75 	1.50, -1.91, -6.86 	0.00, -0.00 	11,25,58,401		23.77,12.45	0,0 	0
3385    	25.34, -25.55, -7.76 	1.48, -2.03, -6.82 	0.00, -0.00 	11,25,58,411		16.12,8.42	0,0 	0
3394    	25.39, -25.78, -7.72 	1.42, -2.11, -6.78 	0.00, -0.00 	11,25,58,421		18.17,7.56	0,0 	0
3403    	25.44, -25.95, -7.74 	1.36, -2.20, -6.75 	0.00, -0.00 	11,25,58,431		13.23,8.27	0,0 	0
3411    	25.48, -26.05, -7.74 	1.29, -2.29, -6.71 	0.00, -0.00 	11,25,58,440		8.74,8.70	0,0 	0
3420    	25.54, -26.08, -7.77 	1.38, -2.30, -6.71 	0.00, -0.00 	11,25,58,450		5.14,6.97	0,0 	0
3429    	25.58, -26.15, -7.74 	1.30, -2.35, -6.71 	0.00, -0.00 	11,25,58,460		5.94,6.97	0,0 	0
3437    	25.55, -26.19, -7.73 	1.35, -2.38, -6.71 	0.00, -0.00 	11,25,58,469		4.13,4.70	0,0 	0
3446    	25.57, -26.29, -7.72 	1.28, -2.44, -6.72 	0.00, -0.00 	11,25,58,479		7.35,6.83	0,0 	0
3455    	25.60, -26.30, -7.72 	1.33, -2.50, -6.73 	0.00, -0.00 	11,25,58,489		2.57,5.90	0,0 	0
3463    	25.61, -26.35, -7.72 	1.34, -2.53, -6.73 	0.00, -0.00 	11,25,58,498		3.67,2.76	0,0 	0
3472    	25.59, -26.44, -7.72 	1.39, -2.50, -6.73 	0.00, -0.00 	11,25,58,508		7.15,4.58	0,0 	0
3481    	25.67, -26.45, -7.69 	1.47, -2.44, -6.75 	0.00, -0.00 	11,25,58,518		6.41,7.43	0,0 	0
3489    	25.59, -26.52, -7.71 	1.44, -2.34, -6.82 	0.00, -0.00 	11,25,58,527		7.97,8.27	0,0 	0
3498    	25.63, -26.54, -7.70 	1.45, -2.27, -6.86 	0.00, -0.00 	11,25,58,537		3.71,5.29	0,0 	0
3507    	25.65, -26.59, -7.70 	1.41, -2.18, -6.85 	0.00, -0.00 	11,25,58,547		3.67,7.72	0,0 	0
3515    	25.61, -26.56, -7.69 	1.41, -2.13, -6.85 	0.00, -0.00 	11,25,58,556		3.04,3.50	0,0 	0
3524    	25.58, -26.59, -7.69 	1.44, -2.09, -6.85 	0.00, -0.00 	11,25,58,566		2.86,4.14	0,0 	0
3533    	25.58, -26.62, -7.69 	1.44, -2.00, -6.87 	0.00, -0.00 	11,25,58,576		2.65,7.01	0,0 	0
3541    	25.59, -26.62, -7.69 	1.40, -1.99, -6.87 	0.00, -0.00 	11,25,58,585		0.79,3.21	0,0 	0
3550    	25.55, -26.64, -7.69 	1.39, -1.87, -6.87 	0.00, -0.00 	11,25,58,595		3.51,8.81	0,0 	0
3559    	25.50, -26.63, -7.68 	1.36, -1.73, -6.86 	0.00, -0.00 	11,25,58,605		4.08,10.82	0,0 	0
3567    	25.55, -26.64, -7.67 	1.22, -1.49, -6.88 	0.00, -0.00 	11,25,58,614		4.08,21.54	0,0 	0
3576    	25.59, -26.65, -7.65 	1.21, -1.31, -6.87 	0.00, -0.00 	11,25,58,624		2.23,12.18	0,0 	0
3585    	25.54, -26.68, -7.66 	1.10, -1.09, -6.87 	0.00, -0.00 	11,25,58,634		3.51,18.86	0,0 	0
3594    	25.51, -26.63, -7.66 	1.12, -0.87, -6.85 	0.00, -0.00 	11,25,58,644		4.38,16.67	0,0 	0
3602    	25.45, -26.64, -7.65 	1.12, -0.67, -6.86 	0.00, -0.00 	11,25,58,653		4.75,15.77	0,0 	0
3611    	25.49, -26.63, -7.67 	1.07, -0.52, -6.84 	0.00, -0.00 	11,25,58,663		3.21,12.11	0,0 	0
3620    	25.49, -26.58, -7.65 	1.06, -0.42, -6.84 	0.00, -0.00 	11,25,58,673		3.54,7.94	0,0 	0
3628    	25.44, -26.59, -7.66 	1.02, -0.35, -6.80 	0.00, -0.00 	11,25,58,682		3.98,6.16	0,0 	0
3637    	25.42, -26.57, -7.67 	1.03, -0.28, -6.80 	0.00, -0.00 	11,25,58,692		2.44,5.29	0,0 	0
3646    	25.43, -26.60, -7.66 	0.96, -0.24, -6.81 	0.00, -0.00 	11,25,58,702		2.82,6.03	0,0 	0
3654    	25.42, -26.58, -7.67 	0.96, -0.22, -6.81 	0.00, -0.00 	11,25,58,711		1.98,1.75	0,0 	0
3663    	25.44, -26.51, -7.66 	0.94, -0.21, -6.82 	0.00, -0.00 	11,25,58,721		5.44,1.78	0,0 	0
3672    	25.45, -26.51, -7.63 	0.95, -0.22, -6.80 	0.00, -0.00 	11,25,58,731		0.79,1.18	0,0 	0
3680    	25.42, -26.53, -7.63 	0.93, -0.22, -6.82 	0.00, -0.00 	11,25,58,740		2.86,1.53	0,0 	0
3689    	25.39, -26.50, -7.62 	0.92, -0.24, -6.81 	0.00, -0.00 	11,25,58,750		3.66,1.89	0,0 	0
3698    	25.39, -26.52, -7.59 	0.93, -0.24, -6.79 	0.00, -0.00 	11,25,58,760		1.77,0.77	0,0 	0
3706    	25.35, -26.48, -7.60 	0.93, -0.23, -6.81 	0.00, -0.00 	11,25,58,769		4.24,0.88	0,0 	0
3715    	25.32, -26.47, -7.60 	0.88, -0.26, -6.79 	0.00, -0.00 	11,25,58,779		2.39,4.26	0,0 	0
3724    	25.30, -26.47, -7.61 	0.89, -0.26, -6.80 	0.00, -0.00 	11,25,58,789		1.46,0.71	0,0 	0
3732    	25.29, -26.48, -7.60 	0.85, -0.30, -6.80 	0.00, -0.00 	11,25,58,798		1.06,3.70	0,0 	0
3741    	25.28, -26.47, -7.59 	0.83, -0.35, -6.79 	0.00, -0.00 	11,25,58,808		1.13,4.27	0,0 	0
3750    	25.30, -26.50, -7.58 	0.80, -0.41, -6.78 	0.00, -0.00 	11,25,58,818		2.94,4.54	0,0 	0
3758    	25.28, -26.49, -7.58 	0.77, -0.50, -6.77 	0.00, -0.00 	11,25,58,827		1.42,5.59	0,0 	0
3767    	25.32, -26.44, -7.58 	0.69, -0.61, -6.76 	0.00, -0.00 	11,25,58,837		4.03,8.41	0,0 	0
3776    	25.31, -26.43, -7.61 	0.63, -0.69, -6.75 	0.00, -0.00 	11,25,58,847		0.57,5.46	0,0 	0
3785    	25.32, -26.42, -7.60 	0.61, -0.72, -6.78 	0.00, -0.00 	11,25,58,857		0.83,2.17	0,0 	0
3793    	25.26, -26.41, -7.59 	0.56, -0.81, -6.77 	0.00, -0.00 	11,25,58,866		2.95,5.70	0,0 	0
3802    	25.29, -26.42, -7.57 	0.46, -0.87, -6.77 	0.00, -0.00 	11,25,58,876		1.34,6.29	0,0 	0
3811    	25.28, -26.41, -7.57 	0.40, -0.99, -6.75 	0.00, -0.00 	11,25,58,886		0.64,7.63	0,0 	0
3819    	25.30, -26.42, -7.56 	0.43, -1.05, -6.73 	0.00, -0.00 	11,25,58,895		0.88,3.61	0,0 	0
3828    	25.31, -26.40, -7.55 	0.26, -1.11, -6.75 	0.00, -0.00 	11,25,58,905		1.37,10.04	0,0 	0
3837    	25.28, -26.39, -7.54 	0.23, -1.13, -6.75 	0.00, -0.00 	11,25,58,915		1.27,1.95	0,0 	0
3845    	25.28, -26.41, -7.53 	0.24, -1.19, -6.76 	0.00, -0.00 	11,25,58,924		1.21,3.06	0,0 	0
3854    	25.26, -26.38, -7.53 	0.23, -1.17, -6.76 	0.00, -0.00 	11,25,58,934		2.17,1.32	0,0 	0
3863    	25.26, -26.36, -7.52 	0.19, -1.19, -6.77 	0.00, -0.00 	11,25,58,944		0.61,2.38	0,0 	0
3871    	25.23, -26.36, -7.52 	0.20, -1.18, -6.78 	0.00, -0.00 	11,25,58,953		1.61,0.78	0,0 	0
3880    	25.26, -26.34, -7.51 	0.11, -1.18, -6.77 	0.00, -0.00 	11,25,58,963		1.96,4.71	0,0 	0
3889    	25.24, -26.34, -7.50 	0.14, -1.16, -6.78 	0.00, -0.00 	11,25,58,973		1.08,1.67	0,0 	0
3897    	25.25, -26.35, -7.49 	0.11, -1.14, -6.78 	0.00, -0.00 	11,25,58,982		0.83,2.00	0,0 	0
3906    	25.24, -26.34, -7.51 	0.11, -1.14, -6.77 	0.00, -0.00 	11,25,58,992		0.83,0.00	0,0 	0
3915    	25.22, -26.33, -7.51 	0.08, -1.13, -6.78 	0.00, -0.00 	11,25,59,2		1.27,1.70	0,0 	0
3923    	25.24, -26.32, -7.51 	0.14, -1.11, -6.77 	0.00, -0.00 	11,25,59,11		1.14,3.17	0,0 	0
3932    	25.24, -26.34, -7.49 	0.13, -1.13, -6.78 	0.00, -0.00 	11,25,59,21		1.21,1.29	0,0 	0
3941    	25.20, -26.32, -7.49 	0.10, -1.12, -6.77 	0.00, -0.00 	11,25,59,31		2.54,1.70	0,0 	0
3949    	25.20, -26.34, -7.49 	0.10, -1.10, -6.79 	0.00, -0.00 	11,25,59,40		1.21,1.20	0,0 	0
3958    	25.17, -26.30, -7.49 	0.04, -1.09, -6.78 	0.00, -0.00 	11,25,59,50		2.50,3.14	0,0 	0
3967    	25.20, -26.33, -7.49 	0.06, -1.12, -6.77 	0.00, -0.00 	11,25,59,60		2.08,1.61	0,0 	0
3976    	25.21, -26.34, -7.51 	0.06, -1.08, -6.79 	0.00, -0.00 	11,25,59,70		0.83,1.80	0,0 	0
3985    	25.22, -26.29, -7.51 	0.03, -1.06, -6.78 	0.00, -0.00 	11,25,59,80		2.58,2.11	0,0 	0
3993    	25.17, -26.31, -7.52 	0.04, -1.06, -6.78 	0.00, -0.00 	11,25,59,89		3.04,0.55	0,0 	0
4002    	25.16, -26.30, -7.50 	0.03, -1.10, -6.76 	0.00, -0.00 	11,25,59,99		0.83,2.44	0,0 	0
4010    	25.16, -26.30, -7.48 	-0.00, -1.06, -6.78 	0.00, -0.00 	11,25,59,108		0.00,2.90	0,0 	0
4019    	25.16, -26.31, -7.48 	-0.01, -1.04, -6.79 	0.00, -0.00 	11,25,59,118		0.61,1.32	0,0 	0
4028    	25.15, -26.30, -7.47 	-0.00, -1.06, -6.76 	0.00, -0.00 	11,25,59,128		0.83,1.32	0,0 	0
4036    	25.15, -26.28, -7.45 	-0.07, -1.07, -6.76 	0.00, -0.00 	11,25,59,137		1.21,3.70	0,0 	0
4045    	25.13, -26.29, -7.45 	-0.01, -1.04, -6.77 	0.00, -0.00 	11,25,59,147		1.14,3.40	0,0 	0
4054    	25.13, -26.27, -7.45 	-0.04, -0.98, -6.75 	0.00, -0.00 	11,25,59,157		1.15,3.25	0,0 	0
4062    	25.13, -26.29, -7.45 	-0.02, -0.91, -6.77 	0.00, -0.00 	11,25,59,166		1.15,3.53	0,0 	0
4071    	25.10, -26.28, -7.44 	-0.05, -0.89, -6.79 	0.00, -0.00 	11,25,59,176		1.67,1.90	0,0 	0
4080    	25.06, -26.25, -7.44 	-0.07, -0.85, -6.78 	0.00, -0.00 	11,25,59,186		2.41,2.00	0,0 	0
4088    	25.09, -26.24, -7.44 	-0.03, -0.78, -6.79 	0.00, -0.00 	11,25,59,195		1.60,3.91	0,0 	0
4097    	25.08, -26.26, -7.43 	-0.02, -0.75, -6.79 	0.00, -0.00 	11,25,59,205		1.23,1.77	0,0 	0
