#Time 	Sensor1         Sensor2         Target          Time            Vel             
#================================================================

10      	24.80, -25.22, -6.78 	0.04, -0.70, -6.77 	0.00, 30.00 	11,25,24,432		0.00,0.00	0,0 	0
17      	24.79, -25.23, -6.78 	0.03, -0.69, -6.77 	0.00, 30.00 	11,25,24,441		2.13,1.42	0,0 	0
26      	24.80, -25.23, -6.76 	0.07, -0.70, -6.77 	0.00, 30.00 	11,25,24,451		1.14,4.42	0,0 	0
35      	24.81, -25.24, -6.76 	0.06, -0.72, -6.76 	0.00, 30.00 	11,25,24,461		1.76,2.73	0,0 	0
43      	24.81, -25.24, -6.75 	0.06, -0.72, -6.76 	0.00, 30.00 	11,25,24,470		0.00,0.00	0,0 	0
52      	24.81, -25.24, -6.75 	0.08, -0.73, -6.77 	0.00, 30.00 	11,25,24,480		0.00,2.58	0,0 	0
61      	24.83, -25.23, -6.74 	0.07, -0.73, -6.76 	0.00, 30.00 	11,25,24,490		2.54,1.11	0,0 	0
69      	24.83, -25.22, -6.74 	0.07, -0.73, -6.78 	0.00, 30.00 	11,25,24,499		1.44,0.00	0,0 	0
78      	24.79, -25.23, -6.74 	0.08, -0.71, -6.77 	0.00, 30.00 	11,25,24,509		4.64,2.73	0,0 	0
87      	24.79, -25.23, -6.74 	0.06, -0.72, -6.77 	0.00, 30.00 	11,25,24,518		0.00,2.52	0,0 	0
95      	24.78, -25.23, -6.74 	0.06, -0.73, -6.77 	0.00, 30.00 	11,25,24,528		1.28,1.42	0,0 	0
104     	24.79, -25.26, -6.74 	0.04, -0.72, -6.76 	0.00, 30.00 	11,25,24,538		4.07,2.58	0,0 	0
113     	24.80, -25.27, -6.72 	0.05, -0.72, -6.76 	0.00, 30.00 	11,25,24,547		1.76,1.11	0,0 	0
121     	24.80, -25.27, -6.72 	0.06, -0.73, -6.77 	0.00, 30.00 	11,25,24,557		0.00,1.92	0,0 	0
130     	24.82, -25.29, -6.73 	0.05, -0.73, -6.78 	0.00, 30.00 	11,25,24,567		1.76,1.11	0,0 	0
139     	24.83, -25.32, -6.72 	0.04, -0.74, -6.77 	0.00, 30.00 	11,25,24,577		4.07,1.66	0,0 	0
147     	24.81, -25.30, -6.71 	0.05, -0.74, -6.76 	0.00, 30.00 	11,25,24,586		3.97,1.24	0,0 	0
156     	24.82, -25.32, -6.71 	0.05, -0.72, -6.77 	0.00, 30.00 	11,25,24,595		2.86,2.53	0,0 	0
165     	24.83, -25.32, -6.70 	0.03, -0.72, -6.78 	0.00, 30.00 	11,25,24,606		1.14,2.21	0,0 	0
174     	24.83, -25.32, -6.69 	0.02, -0.73, -6.77 	0.00, 30.00 	11,25,24,615		0.00,1.66	0,0 	0
182     	24.84, -25.31, -6.69 	0.03, -0.73, -6.77 	0.00, 30.00 	11,25,24,625		1.86,1.24	0,0 	0
191     	24.83, -25.30, -6.71 	0.03, -0.73, -6.77 	0.00, 30.00 	11,25,24,634		1.76,0.00	0,0 	0
200     	24.84, -25.30, -6.71 	0.04, -0.73, -6.76 	0.00, 30.00 	11,25,24,644		1.14,1.11	0,0 	0
208     	24.81, -25.28, -6.70 	0.06, -0.74, -6.76 	0.00, 30.00 	11,25,24,653		3.97,2.90	0,0 	0
217     	24.80, -25.27, -6.68 	0.04, -0.73, -6.75 	0.00, 30.00 	11,25,24,664		1.14,2.58	0,0 	0
226     	24.83, -25.30, -6.64 	0.04, -0.75, -6.76 	0.00, 30.00 	11,25,24,673		3.53,2.53	0,0 	0
234     	24.83, -25.32, -6.64 	0.03, -0.75, -6.77 	0.00, 30.00 	11,25,24,683		2.88,1.24	0,0 	0
243     	24.83, -25.31, -6.64 	0.04, -0.73, -6.77 	0.00, 30.00 	11,25,24,692		1.28,2.73	0,0 	0
252     	24.79, -25.33, -6.64 	0.04, -0.73, -6.77 	0.00, 30.00 	11,25,24,702		5.07,0.00	0,0 	0
260     	24.79, -25.33, -6.64 	0.04, -0.74, -6.76 	0.00, 30.00 	11,25,24,711		0.00,1.42	0,0 	0
269     	24.79, -25.32, -6.64 	0.06, -0.74, -6.76 	0.00, 30.00 	11,25,24,721		1.28,2.21	0,0 	0
278     	24.77, -25.32, -6.64 	0.06, -0.74, -6.76 	0.00, 30.00 	11,25,24,731		1.14,0.00	0,0 	0
286     	24.77, -25.32, -6.64 	0.06, -0.74, -6.76 	0.00, 30.00 	11,25,24,740		0.00,0.00	0,0 	0
295     	24.77, -25.32, -6.64 	0.07, -0.74, -6.76 	0.00, 30.00 	11,25,24,750		0.00,1.11	0,0 	0
304     	24.77, -25.31, -6.63 	0.07, -0.74, -6.76 	0.00, 30.00 	11,25,24,760		1.28,0.00	0,0 	0
312     	24.79, -25.30, -6.63 	0.06, -0.72, -6.76 	0.00, 30.00 	11,25,24,769		2.85,3.14	0,0 	0
321     	24.80, -25.32, -6.63 	0.08, -0.72, -6.76 	0.00, 30.00 	11,25,24,779		2.56,2.21	0,0 	0
330     	24.80, -25.33, -6.63 	0.08, -0.72, -6.76 	0.00, 30.00 	11,25,24,789		1.28,0.00	0,0 	0
338     	24.79, -25.34, -6.62 	0.08, -0.72, -6.76 	0.00, 30.00 	11,25,24,798		1.86,0.00	0,0 	0
347     	24.81, -25.34, -6.60 	0.07, -0.72, -6.75 	0.00, 30.00 	11,25,24,808		2.27,1.11	0,0 	0
357     	24.81, -25.33, -6.61 	0.07, -0.72, -6.75 	0.00, 30.00 	11,25,24,819		1.15,0.00	0,0 	0
366     	24.80, -25.33, -6.64 	0.09, -0.72, -6.76 	0.00, 30.00 	11,25,24,828		1.14,2.21	0,0 	0
374     	24.79, -25.33, -6.64 	0.09, -0.72, -6.75 	0.00, 30.00 	11,25,24,837		1.28,0.00	0,0 	0
383     	24.80, -25.34, -6.65 	0.08, -0.72, -6.75 	0.00, 30.00 	11,25,24,847		1.76,1.11	0,0 	0
392     	24.80, -25.35, -6.65 	0.08, -0.71, -6.75 	0.00, 30.00 	11,25,24,857		1.28,1.27	0,0 	0
400     	24.84, -25.35, -6.64 	0.08, -0.71, -6.75 	0.00, 30.00 	11,25,24,866		5.22,0.00	0,0 	0
409     	24.82, -25.38, -6.63 	0.05, -0.73, -6.76 	0.00, 30.00 	11,25,24,876		4.33,4.12	0,0 	0
418     	24.82, -25.37, -6.63 	0.05, -0.73, -6.75 	0.00, 30.00 	11,25,24,886		1.28,0.00	0,0 	0
426     	24.82, -25.38, -6.63 	0.04, -0.73, -6.75 	0.00, 30.00 	11,25,24,895		1.44,1.24	0,0 	0
435     	24.84, -25.36, -6.63 	0.06, -0.73, -6.75 	0.00, 30.00 	11,25,24,905		3.31,2.21	0,0 	0
444     	24.85, -25.35, -6.63 	0.04, -0.73, -6.75 	0.00, 30.00 	11,25,24,915		1.66,2.21	0,0 	0
452     	24.85, -25.31, -6.63 	0.03, -0.73, -6.75 	0.00, 30.00 	11,25,24,924		4.31,1.24	0,0 	0
461     	24.86, -25.33, -6.61 	0.05, -0.73, -6.75 	0.00, 30.00 	11,25,24,934		2.86,2.21	0,0 	0
470     	24.87, -25.34, -6.62 	0.05, -0.74, -6.75 	0.00, 30.00 	11,25,24,944		1.14,1.27	0,0 	0
478     	24.86, -25.33, -6.63 	0.04, -0.74, -6.75 	0.00, 30.00 	11,25,24,953		1.28,1.24	0,0 	0
487     	24.86, -25.33, -6.63 	0.04, -0.74, -6.75 	0.00, 30.00 	11,25,24,963		0.00,0.00	0,0 	0
496     	24.87, -25.32, -6.62 	0.06, -0.74, -6.75 	0.00, 30.00 	11,25,24,973		1.66,2.21	0,0 	0
504     	24.86, -25.33, -6.62 	0.06, -0.71, -6.77 	0.00, 30.00 	11,25,24,982		1.86,4.27	0,0 	0
513     	24.88, -25.32, -6.62 	0.06, -0.71, -6.77 	0.00, 30.00 	11,25,24,992		2.54,0.00	0,0 	0
523     	24.88, -25.32, -6.62 	0.04, -0.71, -6.77 	0.00, 30.00 	11,25,25,3		0.00,1.99	0,0 	0
531     	24.88, -25.32, -6.62 	0.04, -0.70, -6.77 	0.00, 30.00 	11,25,25,11		0.00,1.42	0,0 	0
540     	24.88, -25.35, -6.62 	0.06, -0.70, -6.77 	0.00, 30.00 	11,25,25,21		2.56,2.21	0,0 	0
549     	24.89, -25.34, -6.62 	0.06, -0.71, -6.77 	0.00, 30.00 	11,25,25,31		1.66,1.27	0,0 	0
558     	24.89, -25.34, -6.62 	0.06, -0.71, -6.78 	0.00, 30.00 	11,25,25,41		0.00,0.00	0,0 	0
566     	24.88, -25.34, -6.62 	0.05, -0.71, -6.77 	0.00, 30.00 	11,25,25,50		1.28,1.24	0,0 	0
575     	24.88, -25.35, -6.62 	0.05, -0.71, -6.77 	0.00, 30.00 	11,25,25,60		1.28,0.00	0,0 	0
584     	24.88, -25.36, -6.62 	0.05, -0.71, -6.77 	0.00, 30.00 	11,25,25,70		1.28,0.00	0,0 	0
592     	24.88, -25.36, -6.62 	0.05, -0.71, -6.77 	0.00, 30.00 	11,25,25,79		0.00,0.00	0,0 	0
601     	24.88, -25.36, -6.62 	0.07, -0.71, -6.77 	0.00, 30.00 	11,25,25,89		0.00,2.21	0,0 	0
610     	24.87, -25.38, -6.61 	0.07, -0.72, -6.78 	0.00, 30.00 	11,25,25,99		2.73,1.27	0,0 	0
618     	24.87, -25.38, -6.61 	0.07, -0.72, -6.78 	0.00, 30.00 	11,25,25,108		0.00,0.00	0,0 	0
627     	24.86, -25.39, -6.61 	0.07, -0.72, -6.77 	0.00, 30.00 	11,25,25,118		1.66,0.00	0,0 	0
636     	24.87, -25.40, -6.61 	0.06, -0.72, -6.77 	0.00, 30.00 	11,25,25,128		1.76,1.11	0,0 	0
644     	24.86, -25.40, -6.62 	0.07, -0.72, -6.77 	0.00, 30.00 	11,25,25,137		1.28,1.24	0,0 	0
653     	24.89, -25.39, -6.62 	0.06, -0.71, -6.77 	0.00, 30.00 	11,25,25,147		3.56,1.70	0,0 	0
662     	24.89, -25.41, -6.62 	0.07, -0.71, -6.77 	0.00, 30.00 	11,25,25,157		1.28,1.11	0,0 	0
670     	24.89, -25.41, -6.62 	0.06, -0.72, -6.77 	0.00, 30.00 	11,25,25,166		0.00,1.86	0,0 	0
679     	24.90, -25.41, -6.64 	0.06, -0.72, -6.77 	0.00, 30.00 	11,25,25,176		1.14,0.00	0,0 	0
688     	24.90, -25.42, -6.64 	0.06, -0.72, -6.77 	0.00, 30.00 	11,25,25,186		1.28,0.00	0,0 	0
696     	24.89, -25.41, -6.63 	0.06, -0.72, -6.77 	0.00, 30.00 	11,25,25,195		1.98,0.00	0,0 	0
705     	24.89, -25.41, -6.62 	0.06, -0.72, -6.77 	0.00, 30.00 	11,25,25,205		0.00,0.00	0,0 	0
714     	24.89, -25.39, -6.62 	0.06, -0.72, -6.77 	0.00, 30.00 	11,25,25,215		1.28,0.00	0,0 	0
722     	24.90, -25.43, -6.63 	0.06, -0.72, -6.77 	0.00, 30.00 	11,25,25,224		4.58,0.00	0,0 	0
731     	24.90, -25.44, -6.63 	0.06, -0.72, -6.77 	0.00, 30.00 	11,25,25,234		1.28,0.00	0,0 	0
740     	24.88, -25.43, -6.62 	0.06, -0.72, -6.77 	0.00, 30.00 	11,25,25,244		2.68,0.00	0,0 	0
748     	24.88, -25.43, -6.62 	0.06, -0.72, -6.77 	0.00, 30.00 	11,25,25,253		0.00,0.00	0,0 	0
757     	24.88, -25.43, -6.62 	0.06, -0.72, -6.77 	0.00, 30.00 	11,25,25,263		0.00,0.00	0,0 	0
766     	24.88, -25.43, -6.62 	0.06, -0.72, -6.77 	0.00, 30.00 	11,25,25,273		0.00,0.00	0,0 	0
775     	24.88, -25.43, -6.62 	0.06, -0.72, -6.77 	0.00, 30.00 	11,25,25,283		0.00,0.00	0,0 	0
783     	24.87, -25.44, -6.62 	0.06, -0.74, -6.77 	0.00, 30.00 	11,25,25,292		1.86,2.85	0,0 	0
792     	24.87, -25.44, -6.62 	0.08, -0.72, -6.77 	0.00, 30.00 	11,25,25,302		0.00,3.31	0,0 	0
801     	24.86, -25.46, -6.62 	0.06, -0.74, -6.77 	0.00, 30.00 	11,25,25,312		2.73,3.31	0,0 	0
809     	24.85, -25.44, -6.62 	0.06, -0.73, -6.79 	0.00, 30.00 	11,25,25,321		3.22,1.42	0,0 	0
818     	24.85, -25.46, -6.62 	0.06, -0.73, -6.79 	0.00, 30.00 	11,25,25,331		2.56,0.00	0,0 	0
827     	24.83, -25.46, -6.63 	0.06, -0.73, -6.79 	0.00, 30.00 	11,25,25,341		2.27,0.00	0,0 	0
835     	24.85, -25.45, -6.64 	0.06, -0.73, -6.79 	0.00, 30.00 	11,25,25,350		2.85,0.00	0,0 	0
844     	24.85, -25.45, -6.63 	0.07, -0.71, -6.78 	0.00, 30.00 	11,25,25,360		0.00,2.73	0,0 	0
853     	24.86, -25.44, -6.63 	0.04, -0.71, -6.78 	0.00, 30.00 	11,25,25,370		1.66,3.32	0,0 	0
861     	24.85, -25.43, -6.63 	0.03, -0.72, -6.79 	0.00, 30.00 	11,25,25,379		1.98,1.86	0,0 	0
870     	24.86, -25.45, -6.63 	0.01, -0.74, -6.77 	0.00, 30.00 	11,25,25,389		2.86,3.31	0,0 	0
880     	24.86, -25.45, -6.63 	0.04, -0.71, -6.78 	0.00, 30.00 	11,25,25,400		0.00,4.47	0,0 	0
887     	24.86, -25.46, -6.63 	0.07, -0.71, -6.78 	0.00, 30.00 	11,25,25,408		1.64,4.26	0,0 	0
896     	24.86, -25.46, -6.63 	0.06, -0.73, -6.78 	0.00, 30.00 	11,25,25,418		0.00,2.73	0,0 	0
905     	24.85, -25.45, -6.62 	0.05, -0.73, -6.78 	0.00, 30.00 	11,25,25,428		1.76,1.11	0,0 	0
913     	24.84, -25.46, -6.62 	0.04, -0.74, -6.77 	0.00, 30.00 	11,25,25,437		1.86,1.86	0,0 	0
922     	24.84, -25.48, -6.62 	0.04, -0.74, -6.77 	0.00, 30.00 	11,25,25,447		2.56,0.00	0,0 	0
931     	24.82, -25.51, -6.62 	0.04, -0.74, -6.77 	0.00, 30.00 	11,25,25,457		3.31,0.00	0,0 	0
940     	24.84, -25.48, -6.62 	0.04, -0.74, -6.76 	0.00, 30.00 	11,25,25,467		3.31,0.00	0,0 	0
949     	24.83, -25.51, -6.62 	0.04, -0.74, -6.76 	0.00, 30.00 	11,25,25,476		2.73,0.00	0,0 	0
958     	24.81, -25.50, -6.61 	0.04, -0.74, -6.76 	0.00, 30.00 	11,25,25,486		2.27,0.00	0,0 	0
967     	24.81, -25.50, -6.62 	0.04, -0.74, -6.76 	0.00, 30.00 	11,25,25,496		0.00,0.00	0,0 	0
975     	24.83, -25.48, -6.62 	0.04, -0.74, -6.76 	0.00, 30.00 	11,25,25,505		3.72,0.00	0,0 	0
984     	24.80, -25.49, -6.60 	0.04, -0.74, -6.76 	0.00, 30.00 	11,25,25,515		3.56,0.00	0,0 	0
993     	24.80, -25.47, -6.60 	0.04, -0.74, -6.76 	0.00, 30.00 	11,25,25,525		2.56,0.00	0,0 	0
1001    	24.79, -25.49, -6.61 	0.04, -0.74, -6.76 	0.00, 30.00 	11,25,25,534		3.07,0.00	1000,1 	0
1010    	24.80, -25.49, -6.60 	0.04, -0.74, -6.76 	0.00, 30.00 	11,25,25,544		1.14,0.00	1000,1 	0
1019    	24.80, -25.52, -6.60 	0.04, -0.74, -6.76 	0.00, 30.00 	11,25,25,554		2.56,0.00	1000,1 	0
1027    	24.78, -25.52, -6.59 	0.04, -0.72, -6.76 	0.00, 30.00 	11,25,25,563		2.56,2.85	1000,1 	0
1036    	24.78, -25.55, -6.60 	0.04, -0.72, -6.76 	0.00, 30.00 	11,25,25,573		3.83,0.00	1000,1 	0
1045    	24.81, -25.52, -6.60 	0.02, -0.73, -6.77 	0.00, 30.00 	11,25,25,583		4.97,2.52	1000,1 	0
1053    	24.82, -25.51, -6.60 	0.03, -0.73, -6.77 	0.00, 30.00 	11,25,25,592		1.86,1.24	1000,1 	0
1062    	24.82, -25.52, -6.60 	0.06, -0.74, -6.78 	0.00, 30.00 	11,25,25,602		1.28,3.58	1000,1 	0
1071    	24.82, -25.52, -6.60 	0.06, -0.74, -6.78 	0.00, 30.00 	11,25,25,612		0.00,0.00	1000,1 	0
1079    	24.82, -25.53, -6.60 	0.06, -0.74, -6.78 	0.00, 30.00 	11,25,25,621		1.44,0.00	1000,1 	0
1088    	24.81, -25.56, -6.60 	0.06, -0.74, -6.78 	0.00, 30.00 	11,25,25,631		3.93,0.00	1000,1 	0
1097    	24.80, -25.55, -6.61 	0.06, -0.74, -6.78 	0.00, 30.00 	11,25,25,641		1.76,0.00	1000,1 	0
1105    	24.81, -25.53, -6.60 	0.06, -0.74, -6.79 	0.00, 30.00 	11,25,25,650		3.07,0.00	1000,1 	0
1114    	24.80, -25.53, -6.59 	0.05, -0.73, -6.79 	0.00, 30.00 	11,25,25,660		1.14,1.70	1000,1 	0
1123    	24.77, -25.54, -6.61 	0.04, -0.74, -6.78 	0.00, 30.00 	11,25,25,670		3.56,1.66	1000,1 	0
1131    	24.77, -25.55, -6.61 	0.04, -0.74, -6.78 	0.00, 30.00 	11,25,25,679		1.44,0.00	1000,1 	0
1140    	24.78, -25.53, -6.61 	0.04, -0.74, -6.78 	0.00, 30.00 	11,25,25,689		2.73,0.00	1000,1 	0
1149    	24.79, -25.54, -6.60 	0.04, -0.74, -6.78 	0.00, 30.00 	11,25,25,699		1.76,0.00	1000,1 	0
1158    	24.78, -25.54, -6.60 	0.04, -0.74, -6.78 	0.00, 30.00 	11,25,25,709		1.14,0.00	1000,1 	0
1166    	24.80, -25.55, -6.61 	0.04, -0.74, -6.78 	0.00, 30.00 	11,25,25,718		3.01,0.00	1000,1 	0
1175    	24.79, -25.55, -6.64 	0.04, -0.74, -6.78 	0.00, 30.00 	11,25,25,728		1.14,0.00	1000,1 	0
1184    	24.78, -25.55, -6.63 	0.04, -0.74, -6.78 	0.00, 30.00 	11,25,25,738		1.14,0.00	1000,1 	0
1192    	24.79, -25.54, -6.63 	0.04, -0.74, -6.78 	0.00, 30.00 	11,25,25,747		1.86,0.00	1000,1 	0
1201    	24.80, -25.56, -6.65 	0.04, -0.74, -6.78 	0.00, 30.00 	11,25,25,757		2.86,0.00	1000,1 	0
1210    	24.81, -25.54, -6.65 	0.02, -0.74, -6.78 	0.00, 30.00 	11,25,25,767		2.73,2.21	1000,1 	0
1218    	24.79, -25.55, -6.66 	0.02, -0.74, -6.78 	0.00, 30.00 	11,25,25,776		2.85,0.00	1000,1 	0
1227    	24.84, -25.52, -6.67 	0.02, -0.74, -6.78 	0.00, 30.00 	11,25,25,786		6.65,0.00	1000,1 	0
1236    	24.84, -25.53, -6.67 	0.02, -0.74, -6.78 	0.00, 30.00 	11,25,25,796		1.28,0.00	1000,1 	0
1244    	24.87, -25.52, -6.67 	0.02, -0.74, -6.77 	0.00, 30.00 	11,25,25,805		4.01,0.00	1000,1 	0
1253    	24.85, -25.53, -6.67 	0.02, -0.74, -6.77 	0.00, 30.00 	11,25,25,815		2.54,0.00	1000,1 	0
1262    	24.85, -25.52, -6.66 	0.02, -0.76, -6.76 	0.00, 30.00 	11,25,25,825		1.28,2.53	1000,1 	0
1270    	24.85, -25.55, -6.64 	0.02, -0.76, -6.76 	0.00, 30.00 	11,25,25,834		4.31,0.00	1000,1 	0
1279    	24.86, -25.58, -6.66 	0.04, -0.76, -6.76 	0.00, 30.00 	11,25,25,844		2.86,2.21	1000,1 	0
1288    	24.82, -25.56, -6.68 	0.04, -0.77, -6.76 	0.00, 30.00 	11,25,25,854		4.80,1.27	1000,1 	0
1297    	24.82, -25.56, -6.71 	0.03, -0.77, -6.75 	0.00, 30.00 	11,25,25,863		0.00,1.11	1000,1 	0
1306    	24.84, -25.56, -6.71 	0.03, -0.77, -6.75 	0.00, 30.00 	11,25,25,873		2.27,0.00	1000,1 	0
1315    	24.83, -25.52, -6.72 	0.03, -0.76, -6.77 	0.00, 30.00 	11,25,25,883		5.31,1.27	1000,1 	0
1324    	24.80, -25.53, -6.71 	0.03, -0.77, -6.75 	0.00, 30.00 	11,25,25,893		3.56,1.27	1000,1 	0
1332    	24.86, -25.53, -6.72 	-0.00, -0.76, -6.76 	0.00, 30.00 	11,25,25,902		7.67,4.03	1000,1 	0
1341    	24.86, -25.55, -6.75 	-0.01, -0.78, -6.75 	0.00, 30.00 	11,25,25,912		2.56,2.73	1000,1 	0
1350    	24.86, -25.52, -6.80 	-0.03, -0.80, -6.73 	0.00, 30.00 	11,25,25,922		3.83,2.52	1000,1 	0
1358    	24.82, -25.51, -6.83 	-0.04, -0.81, -6.68 	0.00, 30.00 	11,25,25,931		5.40,1.86	1000,1 	0
1367    	24.85, -25.46, -6.89 	-0.07, -0.74, -6.67 	0.00, 30.00 	11,25,25,941		5.96,8.37	1000,1 	0
1376    	24.88, -25.38, -6.98 	-0.18, -0.64, -6.65 	0.00, 30.00 	11,25,25,951		9.37,16.04	1000,1 	0
1384    	24.90, -25.28, -7.03 	-0.21, -0.56, -6.60 	0.00, 30.00 	11,25,25,960		13.03,10.74	1000,1 	0
1393    	25.00, -25.07, -7.15 	-0.17, -0.46, -6.54 	0.00, 30.00 	11,25,25,970		26.60,12.10	1000,1 	0
1402    	25.18, -24.89, -7.29 	-0.20, -0.28, -6.56 	0.00, 30.00 	11,25,25,980		27.22,20.61	1000,1 	0
1410    	25.32, -24.59, -7.50 	-0.33, -0.13, -6.61 	0.00, 30.00 	11,25,25,989		42.20,24.91	1000,1 	0
1419    	25.51, -24.17, -7.71 	-0.46, -0.01, -6.64 	0.00, 30.00 	11,25,25,999		50.73,19.41	1000,1 	0
1428    	25.62, -23.68, -7.87 	-0.58, 0.18, -6.71 	0.00, 30.00 	11,25,26,9		55.78,24.51	1000,1 	0
1436    	25.62, -23.22, -7.98 	-0.59, 0.40, -6.76 	0.00, 30.00 	11,25,26,18		57.44,28.53	1000,1 	0
1445    	25.72, -22.73, -8.07 	-0.57, 0.71, -6.87 	0.00, 30.00 	11,25,26,28		55.41,34.18	1000,1 	0
1454    	25.73, -22.28, -8.17 	-0.61, 1.01, -6.90 	0.00, 30.00 	11,25,26,38		49.75,33.32	1000,1 	0
1462    	25.68, -21.98, -8.25 	-0.61, 1.36, -6.92 	0.00, 30.00 	11,25,26,47		38.05,44.13	1000,1 	0
1471    	25.62, -21.71, -8.32 	-0.64, 1.75, -6.94 	0.00, 30.00 	11,25,26,57		30.59,43.24	1000,1 	0
1480    	25.56, -21.36, -8.41 	-0.63, 2.14, -6.97 	0.00, 30.00 	11,25,26,67		40.38,43.01	1000,1 	0
1488    	25.50, -21.02, -8.52 	-0.63, 2.64, -7.01 	0.00, 30.00 	11,25,26,76		42.58,62.64	1000,1 	0
1497    	25.48, -20.65, -8.63 	-0.57, 3.38, -7.02 	0.00, 30.00 	11,25,26,86		40.98,82.33	1000,1 	0
1506    	25.38, -20.34, -8.71 	-0.35, 4.22, -7.01 	0.00, 30.00 	11,25,26,96		37.00,97.32	1000,1 	0
1514    	25.38, -19.95, -8.78 	-0.14, 4.96, -7.04 	0.00, 30.00 	11,25,26,105		48.82,95.45	1000,1 	0
1523    	25.41, -19.52, -8.89 	-0.04, 5.48, -7.06 	0.00, 30.00 	11,25,26,115		47.22,58.95	1000,1 	0
1532    	25.41, -19.04, -9.01 	0.04, 6.05, -7.08 	0.00, 30.00 	11,25,26,125		53.62,63.64	1000,1 	0
1541    	25.43, -18.63, -9.11 	0.20, 6.68, -7.12 	0.00, 30.00 	11,25,26,135		45.92,72.56	1000,1 	0
1549    	25.40, -18.25, -9.19 	0.28, 7.33, -7.15 	0.00, 30.00 	11,25,26,144		47.68,81.48	1000,1 	0
1558    	25.23, -17.95, -9.28 	0.37, 7.92, -7.12 	0.00, 30.00 	11,25,26,154		37.74,66.28	1000,1 	0
1567    	25.11, -17.60, -9.36 	0.40, 8.50, -7.14 	0.00, 30.00 	11,25,26,164		41.07,64.53	1000,1 	0
1575    	25.07, -17.20, -9.48 	0.55, 9.12, -7.15 	0.00, 30.00 	11,25,26,173		50.71,80.25	1000,1 	0
1584    	25.04, -16.74, -9.59 	0.69, 9.76, -7.20 	0.00, 30.00 	11,25,26,183		51.31,73.35	1000,1 	0
1593    	25.01, -16.23, -9.72 	0.87, 10.37, -7.25 	0.00, 30.00 	11,25,26,193		56.42,70.64	1000,1 	0
1601    	24.97, -15.69, -9.85 	0.96, 11.00, -7.27 	0.00, 30.00 	11,25,26,202		67.93,78.79	1000,1 	0
1610    	24.81, -15.19, -9.97 	1.03, 11.61, -7.27 	0.00, 30.00 	11,25,26,212		58.55,68.55	1000,1 	0
1619    	24.63, -14.79, -10.09 	1.14, 12.29, -7.28 	0.00, 30.00 	11,25,26,222		48.65,76.56	1000,1 	0
1627    	24.47, -14.41, -10.19 	1.21, 12.97, -7.29 	0.00, 30.00 	11,25,26,231		50.95,85.62	1000,1 	0
1636    	24.38, -14.00, -10.31 	1.30, 13.62, -7.30 	0.00, 30.00 	11,25,26,241		47.46,72.54	1000,1 	0
1645    	24.30, -13.67, -10.43 	1.42, 14.25, -7.30 	0.00, 30.00 	11,25,26,251		37.14,71.73	1000,1 	0
1653    	24.15, -13.41, -10.49 	1.50, 14.92, -7.30 	0.00, 30.00 	11,25,26,260		38.01,84.30	1000,1 	0
1662    	23.89, -13.16, -10.54 	1.60, 15.60, -7.33 	0.00, 30.00 	11,25,26,270		40.28,76.42	1000,1 	0
1671    	23.74, -12.85, -10.58 	1.70, 16.34, -7.37 	0.00, 30.00 	11,25,26,280		37.73,82.69	1000,1 	0
1679    	23.58, -12.45, -10.65 	1.82, 17.08, -7.41 	0.00, 30.00 	11,25,26,289		53.62,93.32	1000,1 	0
1688    	23.47, -12.00, -10.76 	1.91, 17.84, -7.47 	0.00, 30.00 	11,25,26,299		51.81,85.09	1000,1 	0
1697    	23.35, -11.56, -10.84 	2.03, 18.60, -7.53 	0.00, 30.00 	11,25,26,309		50.90,85.45	1000,1 	0
1706    	23.19, -11.13, -10.90 	2.17, 19.34, -7.61 	0.00, 30.00 	11,25,26,319		51.26,83.27	1000,1 	0
1714    	23.06, -10.76, -10.96 	2.30, 20.06, -7.70 	0.00, 30.00 	11,25,26,328		48.04,92.28	1000,1 	0
1723    	22.98, -10.45, -11.03 	2.41, 20.79, -7.80 	0.00, 30.00 	11,25,26,338		35.90,81.56	1000,1 	0
1732    	22.85, -10.11, -11.11 	2.47, 21.43, -7.86 	0.00, 30.00 	11,25,26,348		40.29,72.25	1000,1 	0
1740    	22.77, -9.75, -11.17 	2.52, 22.00, -7.92 	0.00, 30.00 	11,25,26,357		46.01,71.28	1000,1 	0
1749    	22.67, -9.37, -11.23 	2.51, 22.51, -8.00 	0.00, 30.00 	11,25,26,367		44.02,56.98	1000,1 	0
1758    	22.61, -8.94, -11.29 	2.52, 23.03, -8.09 	0.00, 30.00 	11,25,26,377		47.98,56.92	1000,1 	0
1766    	22.51, -8.49, -11.37 	2.48, 23.46, -8.20 	0.00, 30.00 	11,25,26,386		57.95,54.46	1000,1 	0
1775    	22.40, -8.12, -11.43 	2.45, 23.89, -8.31 	0.00, 30.00 	11,25,26,396		43.51,48.29	1000,1 	0
1784    	22.22, -7.79, -11.46 	2.42, 24.33, -8.42 	0.00, 30.00 	11,25,26,406		41.72,48.29	1000,1 	0
1792    	21.99, -7.52, -11.49 	2.35, 24.74, -8.53 	0.00, 30.00 	11,25,26,415		43.62,52.22	1000,1 	0
1801    	21.81, -7.27, -11.52 	2.27, 25.12, -8.64 	0.00, 30.00 	11,25,26,425		34.04,42.92	1000,1 	0
1810    	21.63, -7.08, -11.54 	2.18, 25.47, -8.75 	0.00, 30.00 	11,25,26,435		29.00,40.73	1000,1 	0
1818    	21.48, -6.92, -11.55 	2.07, 25.82, -8.85 	0.00, 30.00 	11,25,26,444		27.60,45.63	1000,1 	0
1827    	21.34, -6.77, -11.57 	1.94, 26.15, -8.96 	0.00, 30.00 	11,25,26,454		22.91,39.78	1000,1 	0
1837    	21.26, -6.64, -11.56 	1.82, 26.46, -9.07 	0.00, 30.00 	11,25,26,465		15.49,33.29	1000,1 	0
1844    	21.16, -6.49, -11.55 	1.66, 26.74, -9.16 	0.00, 30.00 	11,25,26,473		25.78,45.73	1000,1 	0
1853    	21.08, -6.31, -11.53 	1.54, 27.04, -9.25 	0.00, 30.00 	11,25,26,483		21.73,35.81	1000,1 	0
1862    	20.92, -6.15, -11.51 	1.37, 27.33, -9.31 	0.00, 30.00 	11,25,26,493		24.54,37.24	1000,1 	0
1870    	20.86, -5.99, -11.51 	1.23, 27.63, -9.34 	0.00, 30.00 	11,25,26,502		21.99,41.34	1000,1 	0
1879    	20.76, -5.81, -11.50 	1.10, 27.89, -9.35 	0.00, 30.00 	11,25,26,512		22.29,32.81	1000,1 	0
1889    	20.68, -5.66, -11.49 	0.95, 28.13, -9.34 	0.00, 30.00 	11,25,26,522		17.49,27.57	1000,1 	0
1898    	20.55, -5.53, -11.48 	0.82, 28.35, -9.30 	0.00, 30.00 	11,25,26,532		20.19,28.35	1000,1 	0
1906    	20.42, -5.44, -11.44 	0.68, 28.57, -9.25 	0.00, 30.00 	11,25,26,541		19.96,32.57	1000,1 	0
1915    	20.23, -5.35, -11.42 	0.54, 28.76, -9.18 	0.00, 30.00 	11,25,26,551		22.83,26.85	1000,1 	0
1925    	20.09, -5.24, -11.39 	0.41, 28.95, -9.08 	0.00, 30.00 	11,25,26,562		18.18,22.64	1000,1 	0
1933    	19.93, -5.10, -11.40 	0.29, 29.12, -8.97 	0.00, 30.00 	11,25,26,570		26.59,26.39	1000,1 	0
1942    	19.80, -4.97, -11.37 	0.18, 29.32, -8.83 	0.00, 30.00 	11,25,26,580		21.02,25.58	1000,1 	0
1951    	19.65, -4.79, -11.35 	0.05, 29.50, -8.69 	0.00, 30.00 	11,25,26,590		25.67,24.12	1000,1 	0
1959    	19.50, -4.62, -11.30 	-0.04, 29.67, -8.52 	0.00, 30.00 	11,25,26,599		27.76,24.38	1000,1 	0
1968    	19.34, -4.39, -11.24 	-0.13, 29.80, -8.31 	0.00, 30.00 	11,25,26,609		31.23,17.33	1000,1 	0
1977    	19.17, -4.12, -11.19 	-0.21, 29.94, -8.10 	0.00, 30.00 	11,25,26,619		35.52,17.78	1000,1 	0
1985    	19.01, -3.90, -11.11 	-0.25, 30.04, -7.88 	0.00, 30.00 	11,25,26,628		34.35,13.87	1000,1 	0
1994    	18.82, -3.72, -11.05 	-0.26, 30.12, -7.66 	0.00, 30.00 	11,25,26,638		28.90,8.96	1000,1 	0
2003    	18.66, -3.58, -10.99 	-0.26, 30.13, -7.48 	0.00, 30.00 	11,25,26,648		23.67,1.27	1000,1 	0
2011    	18.50, -3.51, -10.93 	-0.29, 30.09, -7.33 	0.00, 30.00 	11,25,26,657		21.51,6.72	1000,1 	0
2020    	18.36, -3.47, -10.88 	-0.39, 30.04, -7.23 	0.00, 30.00 	11,25,26,667		16.59,12.03	1000,1 	0
2030    	18.25, -3.47, -10.81 	-0.51, 30.05, -7.18 	0.00, 30.00 	11,25,26,678		11.23,11.94	1000,1 	0
2037    	18.16, -3.47, -10.77 	-0.61, 30.06, -7.13 	0.00, 30.00 	11,25,26,686		13.14,14.35	1000,1 	0
2046    	18.07, -3.44, -10.73 	-0.69, 30.11, -7.11 	0.00, 30.00 	11,25,26,696		9.59,10.31	1000,1 	0
2055    	18.00, -3.43, -10.69 	-0.72, 30.17, -7.09 	0.00, 30.00 	11,25,26,706		8.13,7.22	1000,1 	0
2063    	17.95, -3.44, -10.66 	-0.71, 30.21, -7.09 	0.00, 30.00 	11,25,26,715		6.46,5.79	1000,1 	0
2072    	17.89, -3.48, -10.62 	-0.64, 30.29, -7.09 	0.00, 30.00 	11,25,26,725		8.26,11.60	1000,1 	0
2081    	17.87, -3.50, -10.61 	-0.54, 30.34, -7.09 	0.00, 30.00 	11,25,26,735		3.31,12.59	1000,1 	0
2090    	17.85, -3.50, -10.60 	-0.44, 30.40, -7.09 	0.00, 30.00 	11,25,26,745		2.27,12.59	1000,1 	0
2098    	17.86, -3.52, -10.59 	-0.34, 30.43, -7.10 	0.00, 30.00 	11,25,26,754		3.22,13.04	1000,1 	0
2107    	17.85, -3.55, -10.57 	-0.26, 30.46, -7.10 	0.00, 30.00 	11,25,26,764		2.73,9.53	1000,1 	0
2116    	17.86, -3.58, -10.54 	-0.20, 30.49, -7.10 	0.00, 30.00 	11,25,26,774		4.07,7.55	1000,1 	0
2124    	17.84, -3.59, -10.52 	-0.16, 30.51, -7.11 	0.00, 30.00 	11,25,26,783		2.85,5.66	1000,1 	0
2133    	17.83, -3.60, -10.50 	-0.12, 30.54, -7.11 	0.00, 30.00 	11,25,26,793		1.66,5.03	1000,1 	0
2142    	17.81, -3.61, -10.48 	-0.09, 30.55, -7.11 	0.00, 30.00 	11,25,26,803		2.54,3.52	1000,1 	0
2150    	17.78, -3.62, -10.46 	-0.05, 30.53, -7.13 	0.00, 30.00 	11,25,26,812		4.01,5.21	1000,1 	0
2160    	17.78, -3.60, -10.45 	-0.04, 30.51, -7.14 	0.00, 30.00 	11,25,26,822		2.30,2.51	1000,1 	0
2169    	17.79, -3.59, -10.45 	-0.02, 30.50, -7.15 	0.00, 30.00 	11,25,26,832		1.66,2.58	1000,1 	0
2177    	17.77, -3.54, -10.45 	-0.00, 30.48, -7.15 	0.00, 30.00 	11,25,26,841		6.44,3.83	1000,1 	0
2186    	17.76, -3.55, -10.45 	-0.00, 30.45, -7.16 	0.00, 30.00 	11,25,26,851		1.66,2.53	1000,1 	0
2195    	17.77, -3.55, -10.46 	-0.00, 30.45, -7.17 	0.00, 30.00 	11,25,26,861		1.14,0.00	1000,1 	0
2203    	17.78, -3.55, -10.46 	-0.01, 30.43, -7.17 	0.00, 30.00 	11,25,26,870		1.28,3.08	1000,1 	0
2212    	17.78, -3.58, -10.46 	-0.02, 30.41, -7.18 	0.00, 30.00 	11,25,26,880		2.56,2.73	1000,1 	0
2222    	17.77, -3.58, -10.47 	-0.04, 30.40, -7.18 	0.00, 30.00 	11,25,26,891		1.02,2.27	1000,1 	0
2229    	17.76, -3.59, -10.46 	-0.05, 30.37, -7.17 	0.00, 30.00 	11,25,26,899		2.13,3.51	1000,1 	0
2238    	17.79, -3.59, -10.46 	-0.08, 30.36, -7.16 	0.00, 30.00 	11,25,26,909		3.41,3.52	1000,1 	0
2247    	17.78, -3.59, -10.46 	-0.13, 30.35, -7.15 	0.00, 30.00 	11,25,26,919		1.14,5.64	1000,1 	0
2255    	17.76, -3.60, -10.46 	-0.22, 30.30, -7.11 	0.00, 30.00 	11,25,26,928		2.85,13.10	1000,1 	0
2264    	17.77, -3.62, -10.46 	-0.30, 30.26, -7.10 	0.00, 30.00 	11,25,26,938		2.86,10.07	1000,1 	0
2273    	17.75, -3.64, -10.45 	-0.35, 30.20, -7.11 	0.00, 30.00 	11,25,26,948		3.31,8.29	1000,1 	0
2282    	17.75, -3.68, -10.45 	-0.39, 30.13, -7.11 	0.00, 30.00 	11,25,26,958		3.83,8.68	1000,1 	0
2290    	17.73, -3.74, -10.45 	-0.41, 30.09, -7.11 	0.00, 30.00 	11,25,26,967		7.48,6.15	1000,1 	0
2299    	17.74, -3.79, -10.43 	-0.43, 30.04, -7.10 	0.00, 30.00 	11,25,26,977		6.56,5.47	1000,1 	0
2308    	17.74, -3.86, -10.41 	-0.44, 30.01, -7.10 	0.00, 30.00 	11,25,26,987		7.67,3.92	1000,1 	0
2316    	17.73, -3.91, -10.39 	-0.45, 29.99, -7.10 	0.00, 30.00 	11,25,26,996		6.14,3.08	1000,1 	0
2325    	17.72, -3.98, -10.38 	-0.47, 29.94, -7.10 	0.00, 30.00 	11,25,27,6		7.68,5.47	1000,1 	0
2334    	17.70, -4.03, -10.37 	-0.49, 29.93, -7.11 	0.00, 30.00 	11,25,27,16		6.65,2.52	1000,1 	0
2342    	17.70, -4.09, -10.37 	-0.50, 29.92, -7.11 	0.00, 30.00 	11,25,27,25		7.19,1.86	1000,1 	0
2351    	17.69, -4.14, -10.35 	-0.48, 29.92, -7.12 	0.00, 30.00 	11,25,27,35		5.17,2.21	1000,1 	0
2360    	17.65, -4.17, -10.35 	-0.49, 29.91, -7.11 	0.00, 30.00 	11,25,27,45		5.76,1.66	1000,1 	0
2368    	17.63, -4.20, -10.34 	-0.49, 29.90, -7.11 	0.00, 30.00 	11,25,27,54		4.87,1.42	1000,1 	0
2377    	17.61, -4.22, -10.34 	-0.49, 29.91, -7.11 	0.00, 30.00 	11,25,27,64		3.31,1.27	1000,1 	0
2386    	17.59, -4.26, -10.33 	-0.51, 29.91, -7.11 	0.00, 30.00 	11,25,27,74		4.33,2.21	1000,1 	0
2394    	17.57, -4.28, -10.33 	-0.52, 29.91, -7.11 	0.00, 30.00 	11,25,27,83		3.72,1.24	1000,1 	0
2403    	17.54, -4.28, -10.34 	-0.53, 29.90, -7.11 	0.00, 30.00 	11,25,27,93		3.41,1.66	1000,1 	0
2413    	17.51, -4.30, -10.32 	-0.55, 29.90, -7.10 	0.00, 30.00 	11,25,27,104		3.72,1.99	1000,1 	0
2420    	17.49, -4.31, -10.32 	-0.56, 29.90, -7.10 	0.00, 30.00 	11,25,27,112		3.26,1.42	1000,1 	0
2429    	17.47, -4.30, -10.33 	-0.56, 29.90, -7.10 	0.00, 30.00 	11,25,27,122		2.68,0.00	1000,1 	0
2438    	17.45, -4.32, -10.33 	-0.56, 29.90, -7.11 	0.00, 30.00 	11,25,27,132		3.31,0.00	1000,1 	0
2446    	17.44, -4.32, -10.33 	-0.56, 29.89, -7.10 	0.00, 30.00 	11,25,27,141		1.28,1.42	1000,1 	0
2455    	17.44, -4.33, -10.34 	-0.57, 29.88, -7.10 	0.00, 30.00 	11,25,27,151		1.28,1.66	1000,1 	0
2464    	17.41, -4.33, -10.34 	-0.58, 29.89, -7.10 	0.00, 30.00 	11,25,27,161		3.41,1.70	1000,1 	0
2473    	17.39, -4.35, -10.33 	-0.57, 29.89, -7.10 	0.00, 30.00 	11,25,27,171		3.31,1.11	1000,1 	0
2481    	17.38, -4.35, -10.33 	-0.57, 29.90, -7.10 	0.00, 30.00 	11,25,27,180		1.28,1.42	1000,1 	0
2490    	17.36, -4.34, -10.33 	-0.57, 29.92, -7.11 	0.00, -0.00 	11,25,27,200		2.68,2.53	1000,1 	0
2498    	17.36, -4.37, -10.33 	-0.57, 29.92, -7.11 	0.00, -0.00 	11,25,27,209		4.31,0.00	1000,1 	0
2507    	17.32, -4.36, -10.33 	-0.57, 29.91, -7.11 	0.00, -0.00 	11,25,27,219		6.17,1.63	1000,1 	0
2516    	17.32, -4.37, -10.33 	-0.58, 29.90, -7.10 	0.00, -0.00 	11,25,27,229		1.64,2.13	1000,1 	0
2524    	17.31, -4.37, -10.33 	-0.59, 29.90, -7.10 	0.00, -0.00 	11,25,27,238		1.46,1.42	1000,1 	0
2533    	17.28, -4.36, -10.33 	-0.59, 29.91, -7.10 	0.00, -0.00 	11,25,27,248		3.01,1.42	1000,1 	0
2542    	17.28, -4.36, -10.33 	-0.59, 29.90, -7.11 	0.00, -0.00 	11,25,27,258		0.00,1.42	1000,1 	0
2550    	17.27, -4.36, -10.33 	-0.59, 29.91, -7.11 	0.00, -0.00 	11,25,27,267		1.28,1.42	1000,1 	0
2559    	17.26, -4.38, -10.32 	-0.58, 29.91, -7.11 	0.00, -0.00 	11,25,27,277		2.46,1.00	1000,1 	0
2568    	17.24, -4.38, -10.31 	-0.57, 29.92, -7.11 	0.00, -0.00 	11,25,27,287		2.27,1.66	1000,1 	0
2576    	17.24, -4.39, -10.31 	-0.58, 29.93, -7.11 	0.00, -0.00 	11,25,27,296		1.28,1.70	1000,1 	0
2585    	17.23, -4.39, -10.30 	-0.57, 29.92, -7.11 	0.00, -0.00 	11,25,27,306		1.02,1.53	1000,1 	0
2595    	17.22, -4.40, -10.30 	-0.58, 29.91, -7.11 	0.00, -0.00 	11,25,27,317		1.66,1.66	1000,1 	0
2602    	17.21, -4.41, -10.31 	-0.58, 29.93, -7.12 	0.00, -0.00 	11,25,27,325		1.86,2.85	1000,1 	0
2611    	17.20, -4.41, -10.31 	-0.57, 29.92, -7.12 	0.00, -0.00 	11,25,27,335		1.02,1.53	1000,1 	0
2621    	17.19, -4.42, -10.31 	-0.57, 29.92, -7.12 	0.00, -0.00 	11,25,27,346		1.66,0.00	1000,1 	0
2628    	17.18, -4.41, -10.31 	-0.57, 29.93, -7.12 	0.00, -0.00 	11,25,27,354		1.98,1.42	1000,1 	0
2637    	17.17, -4.42, -10.31 	-0.56, 29.93, -7.12 	0.00, -0.00 	11,25,27,364		1.49,1.00	1000,1 	0
2646    	17.16, -4.42, -10.31 	-0.55, 29.93, -7.12 	0.00, -0.00 	11,25,27,374		1.14,1.11	1000,1 	0
2655    	17.13, -4.43, -10.30 	-0.55, 29.92, -7.13 	0.00, -0.00 	11,25,27,384		3.56,1.27	1000,1 	0
2663    	17.14, -4.43, -10.30 	-0.55, 29.91, -7.13 	0.00, -0.00 	11,25,27,393		1.14,1.27	1000,1 	0
2672    	17.13, -4.42, -10.30 	-0.54, 29.91, -7.13 	0.00, -0.00 	11,25,27,403		1.76,1.11	1000,1 	0
2681    	17.14, -4.43, -10.30 	-0.53, 29.91, -7.13 	0.00, -0.00 	11,25,27,413		1.76,1.11	1000,1 	0
2689    	17.12, -4.46, -10.29 	-0.52, 29.93, -7.13 	0.00, -0.00 	11,25,27,422		2.98,2.46	1000,1 	0
2698    	17.10, -4.48, -10.28 	-0.52, 29.92, -7.13 	0.00, -0.00 	11,25,27,432		3.31,1.27	1000,1 	0
2707    	17.11, -4.49, -10.27 	-0.51, 29.93, -7.13 	0.00, -0.00 	11,25,27,442		1.76,1.66	1000,1 	0
2715    	17.10, -4.49, -10.28 	-0.51, 29.92, -7.13 	0.00, -0.00 	11,25,27,451		1.14,1.27	1000,1 	0
2724    	17.10, -4.50, -10.28 	-0.49, 29.92, -7.13 	0.00, -0.00 	11,25,27,461		1.15,1.99	1000,1 	0
2733    	17.09, -4.50, -10.27 	-0.50, 29.92, -7.13 	0.00, -0.00 	11,25,27,471		1.14,1.11	1000,1 	0
2741    	17.08, -4.50, -10.28 	-0.50, 29.92, -7.13 	0.00, -0.00 	11,25,27,480		1.14,0.00	1000,1 	0
2750    	17.09, -4.50, -10.28 	-0.49, 29.92, -7.13 	0.00, -0.00 	11,25,27,490		1.02,1.00	1000,1 	0
2759    	17.07, -4.50, -10.28 	-0.49, 29.92, -7.13 	0.00, -0.00 	11,25,27,500		2.27,0.00	1000,1 	0
2767    	17.08, -4.50, -10.28 	-0.49, 29.92, -7.13 	0.00, -0.00 	11,25,27,509		1.14,0.00	1000,1 	0
2776    	17.06, -4.50, -10.28 	-0.49, 29.91, -7.13 	0.00, -0.00 	11,25,27,519		2.04,1.14	1000,1 	0
2785    	17.06, -4.50, -10.28 	-0.50, 29.89, -7.12 	0.00, -0.00 	11,25,27,529		0.00,2.73	1000,1 	0
2793    	17.07, -4.51, -10.28 	-0.48, 29.83, -7.10 	0.00, -0.00 	11,25,27,538		1.76,6.76	1000,1 	0
2802    	17.06, -4.52, -10.28 	-0.45, 29.66, -7.07 	0.00, -0.00 	11,25,27,548		1.49,17.42	1000,1 	0
2812    	17.07, -4.53, -10.28 	-0.48, 29.43, -7.03 	0.00, -0.00 	11,25,27,559		1.59,22.89	1000,1 	0
2819    	17.09, -4.56, -10.30 	-0.51, 29.21, -7.00 	0.00, -0.00 	11,25,27,567		3.53,24.18	1000,1 	0
2828    	17.10, -4.59, -10.31 	-0.53, 28.93, -6.97 	0.00, -0.00 	11,25,27,577		3.14,25.90	1000,1 	0
2837    	17.15, -4.64, -10.31 	-0.55, 28.60, -6.93 	0.00, -0.00 	11,25,27,587		7.09,33.03	1000,1 	0
2846    	17.18, -4.69, -10.33 	-0.56, 28.20, -6.89 	0.00, -0.00 	11,25,27,597		5.69,39.84	1000,1 	0
2854    	17.23, -4.75, -10.34 	-0.57, 27.74, -6.86 	0.00, -0.00 	11,25,27,606		7.93,46.68	1000,1 	0
2863    	17.28, -4.82, -10.35 	-0.59, 27.19, -6.85 	0.00, -0.00 	11,25,27,616		8.84,54.65	1000,1 	0
2872    	17.37, -4.89, -10.35 	-0.65, 26.63, -6.90 	0.00, -0.00 	11,25,27,626		11.03,55.96	1000,1 	0
2880    	17.46, -5.00, -10.36 	-0.77, 26.10, -7.01 	0.00, -0.00 	11,25,27,635		14.28,54.52	1000,1 	0
2889    	17.59, -5.13, -10.37 	-0.92, 25.60, -7.17 	0.00, -0.00 	11,25,27,645		18.92,51.89	1000,1 	0
2898    	17.78, -5.32, -10.37 	-1.08, 25.16, -7.34 	0.00, -0.00 	11,25,27,655		26.83,46.77	1000,1 	0
2906    	18.02, -5.53, -10.38 	-1.26, 24.70, -7.51 	0.00, -0.00 	11,25,27,664		31.51,49.55	1000,1 	0
2915    	18.31, -5.85, -10.36 	-1.42, 24.24, -7.69 	0.00, -0.00 	11,25,27,674		39.58,44.47	1000,1 	0
2924    	18.65, -6.19, -10.33 	-1.56, 23.77, -7.88 	0.00, -0.00 	11,25,27,684		47.33,49.71	1000,1 	0
2932    	19.00, -6.57, -10.32 	-1.69, 23.25, -8.06 	0.00, -0.00 	11,25,27,693		52.19,53.61	1000,1 	0
2941    	19.26, -7.02, -10.31 	-1.81, 22.70, -8.25 	0.00, -0.00 	11,25,27,703		47.28,50.57	0,0 	0
2952    	19.47, -7.54, -10.30 	-1.92, 22.15, -8.45 	0.00, -0.00 	11,25,27,715		55.34,56.57	0,0 	0
2959    	19.64, -7.96, -10.27 	-2.00, 21.59, -8.66 	0.00, -0.00 	11,25,27,722		56.84,70.19	0,0 	0
2968    	19.80, -8.37, -10.26 	-2.04, 21.01, -8.87 	0.00, -0.00 	11,25,27,732		43.97,58.11	0,0 	0
2978    	19.98, -8.70, -10.24 	-2.14, 20.43, -9.09 	0.00, -0.00 	11,25,27,743		41.72,65.17	0,0 	0
2985    	20.13, -9.04, -10.21 	-2.17, 19.83, -9.30 	0.00, -0.00 	11,25,27,751		46.40,75.44	0,0 	0
2994    	20.27, -9.39, -10.22 	-2.20, 19.21, -9.49 	0.00, -0.00 	11,25,27,761		37.75,62.63	0,0 	0
3003    	20.47, -9.65, -10.23 	-2.21, 18.61, -9.69 	0.00, -0.00 	11,25,27,771		37.24,65.78	0,0 	0
3011    	20.71, -9.95, -10.27 	-2.21, 18.00, -9.90 	0.00, -0.00 	11,25,27,780		42.53,68.33	0,0 	0
3020    	20.89, -10.22, -10.27 	-2.18, 17.36, -10.05 	0.00, -0.00 	11,25,27,790		32.56,63.93	0,0 	0
3029    	21.09, -10.56, -10.23 	-2.18, 16.77, -10.21 	0.00, -0.00 	11,25,27,800		44.05,65.80	0,0 	0
3037    	21.29, -10.88, -10.16 	-2.13, 16.15, -10.38 	0.00, -0.00 	11,25,27,809		41.84,68.71	0,0 	0
3046    	21.45, -11.26, -10.11 	-1.99, 15.62, -10.52 	0.00, -0.00 	11,25,27,819		40.76,54.58	0,0 	0
3055    	21.60, -11.65, -10.08 	-1.92, 15.00, -10.67 	0.00, -0.00 	11,25,27,829		47.20,70.24	0,0 	0
3064    	21.75, -12.06, -10.05 	-1.89, 14.23, -10.73 	0.00, -0.00 	11,25,27,839		48.41,84.94	0,0 	0
3072    	21.97, -12.38, -10.03 	-1.86, 13.59, -10.82 	0.00, -0.00 	11,25,27,848		38.85,63.93	0,0 	0
3081    	22.15, -12.71, -10.01 	-1.71, 12.94, -10.92 	0.00, -0.00 	11,25,27,858		41.72,74.45	0,0 	0
3090    	22.33, -13.11, -9.94 	-1.50, 12.40, -11.03 	0.00, -0.00 	11,25,27,868		48.65,64.44	0,0 	0
3098    	22.44, -13.51, -9.87 	-1.40, 11.79, -11.09 	0.00, -0.00 	11,25,27,877		45.60,68.27	0,0 	0
3107    	22.58, -13.90, -9.81 	-1.34, 11.24, -11.13 	0.00, -0.00 	11,25,27,887		42.09,55.30	0,0 	0
3116    	22.76, -14.30, -9.73 	-1.22, 10.69, -11.10 	0.00, -0.00 	11,25,27,897		48.65,62.53	0,0 	0
3124    	22.88, -14.69, -9.65 	-1.07, 10.09, -11.11 	0.00, -0.00 	11,25,27,906		44.74,69.53	0,0 	0
3133    	23.09, -15.09, -9.56 	-0.88, 9.63, -11.08 	0.00, -0.00 	11,25,27,916		44.75,49.80	0,0 	0
3142    	23.25, -15.47, -9.47 	-0.75, 9.26, -11.05 	0.00, -0.00 	11,25,27,926		46.47,43.34	0,0 	0
3150    	23.40, -15.76, -9.44 	-0.67, 8.75, -11.00 	0.00, -0.00 	11,25,27,935		36.01,56.62	0,0 	0
3159    	23.55, -16.07, -9.36 	-0.58, 8.23, -10.94 	0.00, -0.00 	11,25,27,945		35.01,53.39	0,0 	0
3169    	23.70, -16.42, -9.26 	-0.42, 7.84, -10.88 	0.00, -0.00 	11,25,27,956		42.42,46.97	0,0 	0
3176    	23.77, -16.78, -9.16 	-0.24, 7.42, -10.81 	0.00, -0.00 	11,25,27,964		45.70,56.49	0,0 	0
3185    	23.84, -17.21, -9.06 	-0.13, 6.96, -10.71 	0.00, -0.00 	11,25,27,974		43.38,47.14	0,0 	0
3194    	23.95, -17.57, -8.97 	-0.08, 6.51, -10.61 	0.00, -0.00 	11,25,27,984		41.90,51.07	0,0 	0
3202    	23.95, -17.95, -8.89 	-0.03, 6.14, -10.50 	0.00, -0.00 	11,25,27,993		42.17,41.02	0,0 	0
3211    	24.10, -18.26, -8.79 	0.01, 5.76, -10.37 	0.00, -0.00 	11,25,28,3		33.96,37.90	0,0 	0
3220    	24.20, -18.61, -8.70 	0.07, 5.41, -10.23 	0.00, -0.00 	11,25,28,13		40.30,39.96	0,0 	0
3229    	24.23, -19.01, -8.62 	0.08, 5.04, -10.06 	0.00, -0.00 	11,25,28,23		44.93,40.54	0,0 	0
3237    	24.30, -19.38, -8.55 	0.06, 4.66, -9.86 	0.00, -0.00 	11,25,28,32		41.88,43.02	0,0 	0
3246    	24.35, -19.64, -8.47 	0.03, 4.26, -9.65 	0.00, -0.00 	11,25,28,42		29.03,44.32	0,0 	0
3255    	24.46, -19.88, -8.38 	-0.03, 3.82, -9.47 	0.00, -0.00 	11,25,28,52		29.80,49.61	0,0 	0
3263    	24.53, -20.07, -8.30 	-0.15, 3.41, -9.31 	0.00, -0.00 	11,25,28,61		22.40,47.09	0,0 	0
3272    	24.60, -20.26, -8.22 	-0.24, 3.04, -9.14 	0.00, -0.00 	11,25,28,71		19.76,38.39	0,0 	0
3281    	24.66, -20.40, -8.15 	-0.32, 2.73, -9.01 	0.00, -0.00 	11,25,28,81		17.17,35.05	0,0 	0
3289    	24.70, -20.60, -8.03 	-0.40, 2.46, -8.91 	0.00, -0.00 	11,25,28,90		23.47,31.40	0,0 	0
3298    	24.72, -20.80, -7.94 	-0.51, 2.17, -8.81 	0.00, -0.00 	11,25,28,100		19.79,31.28	0,0 	0
3307    	24.74, -21.00, -7.84 	-0.54, 1.91, -8.69 	0.00, -0.00 	11,25,28,110		21.83,29.20	0,0 	0
3315    	24.68, -21.25, -7.77 	-0.64, 1.60, -8.56 	0.00, -0.00 	11,25,28,119		28.51,35.62	0,0 	0
3324    	24.62, -21.57, -7.73 	-0.75, 1.32, -8.41 	0.00, -0.00 	11,25,28,129		32.40,30.22	0,0 	0
3333    	24.66, -21.73, -7.70 	-0.83, 1.08, -8.28 	0.00, -0.00 	11,25,28,139		18.42,27.77	0,0 	0
3341    	24.70, -21.85, -7.73 	-0.93, 0.86, -8.20 	0.00, -0.00 	11,25,28,148		13.83,27.34	0,0 	0
3350    	24.79, -21.97, -7.71 	-1.02, 0.69, -8.11 	0.00, -0.00 	11,25,28,158		15.18,19.07	0,0 	0
3360    	24.85, -22.06, -7.69 	-1.08, 0.47, -8.02 	0.00, -0.00 	11,25,28,169		12.00,24.76	0,0 	0
3367    	24.87, -22.19, -7.66 	-1.15, 0.28, -7.96 	0.00, -0.00 	11,25,28,177		16.18,25.49	0,0 	0
3376    	24.78, -22.31, -7.62 	-1.19, 0.09, -7.88 	0.00, -0.00 	11,25,28,187		15.17,19.86	0,0 	0
3385    	24.76, -22.39, -7.56 	-1.26, -0.08, -7.82 	0.00, -0.00 	11,25,28,197		27.27,60.90	0,0 	0
3393    	24.73, -22.50, -7.52 	-1.30, -0.26, -7.82 	0.00, -0.00 	11,25,28,206		39.05,61.81	0,0 	0
3402    	24.76, -22.65, -7.48 	-1.38, -0.37, -7.80 	0.00, -0.00 	11,25,28,216		50.73,45.71	0,0 	0
3411    	24.81, -22.72, -7.44 	-1.40, -0.54, -7.78 	0.00, -0.00 	11,25,28,226		29.48,57.14	0,0 	0
3419    	24.82, -22.84, -7.40 	-1.47, -0.65, -7.73 	0.00, -0.00 	11,25,28,235		38.71,43.95	0,0 	0
3428    	24.77, -22.92, -7.38 	-1.44, -0.78, -7.72 	0.00, -0.00 	11,25,28,245		30.87,43.19	0,0 	0
3437    	24.88, -23.03, -7.31 	-1.44, -0.86, -7.71 	0.00, -0.00 	11,25,28,255		50.00,26.57	0,0 	0
3446    	24.82, -23.14, -7.28 	-1.47, -1.00, -7.66 	0.00, -0.00 	11,25,28,265		42.30,46.36	0,0 	0
3454    	24.83, -23.24, -7.26 	-1.46, -1.12, -7.63 	0.00, -0.00 	11,25,28,274		52.33,62.97	0,0 	0
3463    	24.82, -23.33, -7.24 	-1.38, -1.26, -7.58 	0.00, -0.00 	11,25,28,284		30.65,53.35	0,0 	0
3472    	24.75, -23.42, -7.23 	-1.36, -1.48, -7.52 	0.00, -0.00 	11,25,28,294		37.65,72.61	0,0 	0
3480    	24.84, -23.53, -7.21 	-1.29, -1.61, -7.45 	0.00, -0.00 	11,25,28,303		47.59,51.70	0,0 	0
3489    	24.82, -23.66, -7.17 	-1.26, -1.83, -7.39 	0.00, -0.00 	11,25,28,313		42.76,73.08	0,0 	0
3498    	24.83, -23.77, -7.15 	-1.18, -2.01, -7.35 	0.00, -0.00 	11,25,28,323		38.71,63.48	0,0 	0
3506    	24.91, -23.83, -7.11 	-0.98, -2.14, -7.32 	0.00, -0.00 	11,25,28,332		34.30,82.19	0,0 	0
3515    	24.95, -23.88, -7.14 	-0.84, -2.29, -7.24 	0.00, -0.00 	11,25,28,342		21.15,68.69	0,0 	0
3524    	25.11, -23.97, -7.13 	-0.68, -2.39, -7.22 	0.00, -0.00 	11,25,28,352		59.21,63.90	0,0 	0
3532    	25.18, -24.10, -7.14 	-0.48, -2.47, -7.20 	0.00, -0.00 	11,25,28,361		49.75,70.73	0,0 	0
3541    	25.31, -24.23, -7.12 	-0.33, -2.54, -7.14 	0.00, -0.00 	11,25,28,371		60.57,55.29	0,0 	0
3551    	25.39, -24.37, -7.11 	-0.21, -2.64, -7.10 	0.00, -0.00 	11,25,28,382		54.94,50.73	0,0 	0
3558    	25.48, -24.49, -7.11 	-0.14, -2.75, -7.04 	0.00, -0.00 	11,25,28,390		75.88,67.56	0,0 	0
3567    	25.60, -24.55, -7.09 	-0.07, -2.83, -6.99 	0.00, -0.00 	11,25,28,400		43.16,35.77	0,0 	0
3576    	25.56, -24.72, -7.07 	0.01, -2.86, -6.98 	0.00, -0.00 	11,25,28,410		58.26,27.80	0,0 	0
3584    	25.57, -24.83, -7.02 	0.04, -2.88, -6.97 	0.00, -0.00 	11,25,28,419		34.89,12.68	0,0 	0
3593    	25.58, -24.97, -7.00 	0.14, -2.91, -6.95 	0.00, -0.00 	11,25,28,429		46.35,34.23	0,0 	0
3602    	25.64, -25.08, -6.95 	0.20, -2.89, -6.96 	0.00, -0.00 	11,25,28,439		42.93,21.10	0,0 	0
3610    	25.62, -25.22, -6.93 	0.36, -2.87, -7.00 	0.00, -0.00 	11,25,28,448		46.08,53.40	0,0 	0
3619    	25.63, -25.30, -6.91 	0.49, -2.83, -7.03 	0.00, -0.00 	11,25,28,458		27.27,45.32	0,0 	0
3628    	25.65, -25.43, -6.90 	0.52, -2.77, -7.02 	0.00, -0.00 	11,25,28,468		43.14,21.19	0,0 	0
3637    	25.66, -25.51, -6.91 	0.64, -2.64, -7.04 	0.00, -0.00 	11,25,28,478		26.84,59.66	0,0 	0
3645    	25.67, -25.65, -6.89 	0.84, -2.52, -7.06 	0.00, -0.00 	11,25,28,487		69.52,120.33	0,0 	0
3654    	25.62, -25.66, -6.87 	1.01, -2.34, -7.10 	0.00, -0.00 	11,25,28,497		17.23,81.73	0,0 	0
3663    	25.69, -25.69, -6.87 	1.24, -2.15, -7.13 	0.00, -0.00 	11,25,28,507		27.13,98.55	0,0 	0
3671    	25.70, -25.77, -6.87 	1.32, -1.94, -7.15 	0.00, -0.00 	11,25,28,516		27.27,76.16	0,0 	0
3680    	25.74, -25.76, -6.86 	1.41, -1.73, -7.20 	0.00, -0.00 	11,25,28,526		10.44,55.36	0,0 	0
3689    	25.70, -25.75, -6.87 	1.43, -1.62, -7.23 	0.00, -0.00 	11,25,28,536		10.79,28.77	0,0 	0
3697    	25.74, -25.76, -6.88 	1.44, -1.58, -7.24 	0.00, -0.00 	11,25,28,545		10.79,11.59	0,0 	0
3706    	25.77, -25.77, -6.86 	1.40, -1.52, -7.23 	0.00, -0.00 	11,25,28,555		7.67,17.59	0,0 	0
3715    	25.73, -25.80, -6.87 	1.46, -1.46, -7.22 	0.00, -0.00 	11,25,28,565		12.95,20.34	0,0 	0
3723    	25.70, -25.83, -6.87 	1.45, -1.41, -7.17 	0.00, -0.00 	11,25,28,574		11.17,14.52	0,0 	0
3732    	25.68, -25.87, -6.87 	1.45, -1.37, -7.18 	0.00, -0.00 	11,25,28,584		9.75,8.54	0,0 	0
3742    	25.68, -25.88, -6.87 	1.41, -1.32, -7.13 	0.00, -0.00 	11,25,28,595		2.88,15.33	0,0 	0
3749    	25.67, -25.88, -6.87 	1.48, -1.28, -7.13 	0.00, -0.00 	11,25,28,603		3.41,27.39	0,0 	0
3758    	25.67, -25.87, -6.86 	1.45, -1.23, -7.11 	0.00, -0.00 	11,25,28,613		2.88,13.79	0,0 	0
3767    	25.66, -25.89, -6.83 	1.44, -1.20, -7.09 	0.00, -0.00 	11,25,28,623		6.14,8.96	0,0 	0
3775    	25.66, -25.90, -6.85 	1.45, -1.17, -7.09 	0.00, -0.00 	11,25,28,632		2.88,8.83	0,0 	0
3785    	25.65, -25.90, -6.85 	1.45, -1.16, -7.07 	0.00, -0.00 	11,25,28,642		2.56,2.85	0,0 	0
3794    	25.65, -25.90, -6.85 	1.46, -1.13, -7.07 	0.00, -0.00 	11,25,28,652		0.00,8.20	0,0 	0
3803    	25.63, -25.91, -6.85 	1.42, -1.10, -7.06 	0.00, -0.00 	11,25,28,662		7.61,17.72	0,0 	0
3811    	25.63, -25.94, -6.85 	1.36, -1.07, -7.04 	0.00, -0.00 	11,25,28,671		17.25,32.24	0,0 	0
3820    	25.63, -25.93, -6.85 	1.40, -1.03, -7.03 	0.00, -0.00 	11,25,28,681		3.83,19.89	0,0 	0
3829    	25.62, -25.94, -6.86 	1.40, -1.03, -7.00 	0.00, -0.00 	11,25,28,691		4.97,0.00	0,0 	0
3837    	25.63, -25.94, -6.86 	1.40, -1.02, -7.01 	0.00, -0.00 	11,25,28,700		5.11,5.69	0,0 	0
3847    	25.62, -25.94, -6.85 	1.39, -0.97, -7.01 	0.00, -0.00 	11,25,28,711		3.41,15.63	0,0 	0
3856    	25.61, -25.93, -6.86 	1.41, -0.97, -7.00 	0.00, -0.00 	11,25,28,720		7.93,9.95	0,0 	0
3864    	25.63, -25.94, -6.86 	1.42, -0.96, -7.00 	0.00, -0.00 	11,25,28,729		12.04,7.46	0,0 	0
3873    	25.59, -25.95, -6.86 	1.44, -0.96, -7.03 	0.00, -0.00 	11,25,28,739		20.89,9.95	0,0 	0
3882    	25.59, -25.98, -6.86 	1.42, -0.96, -7.02 	0.00, -0.00 	11,25,28,749		7.67,6.63	0,0 	0
3890    	25.58, -25.98, -6.86 	1.41, -0.97, -7.02 	0.00, -0.00 	11,25,28,758		5.11,7.46	0,0 	0
3899    	25.61, -25.95, -6.87 	1.42, -0.99, -7.01 	0.00, -0.00 	11,25,28,768		18.58,12.55	0,0 	0
3908    	25.55, -25.95, -6.87 	1.40, -0.98, -7.01 	0.00, -0.00 	11,25,28,778		30.67,11.60	0,0 	0
3916    	25.57, -25.95, -6.86 	1.40, -0.99, -7.00 	0.00, -0.00 	11,25,28,787		10.22,5.69	0,0 	0
3925    	25.57, -25.93, -6.86 	1.39, -0.98, -7.00 	0.00, -0.00 	11,25,28,797		11.50,7.66	0,0 	0
3935    	25.59, -25.97, -6.85 	1.38, -1.01, -6.98 	0.00, -0.00 	11,25,28,808		20.60,12.30	0,0 	0
3942    	25.59, -25.97, -6.85 	1.38, -1.03, -6.99 	0.00, -0.00 	11,25,28,816		0.00,22.78	0,0 	0
3951    	25.53, -25.99, -6.86 	1.37, -1.02, -7.00 	0.00, -0.00 	11,25,28,826		32.07,7.66	0,0 	0
3960    	25.51, -26.00, -6.84 	1.36, -1.06, -6.98 	0.00, -0.00 	11,25,28,836		11.41,23.18	0,0 	0
3968    	25.51, -26.01, -6.84 	1.28, -1.07, -7.00 	0.00, -0.00 	11,25,28,845		5.75,40.05	0,0 	0
3977    	25.47, -26.02, -6.82 	1.27, -1.07, -6.97 	0.00, -0.00 	11,25,28,855		20.89,4.98	0,0 	0
3986    	25.49, -26.02, -6.82 	1.26, -1.06, -6.97 	0.00, -0.00 	11,25,28,865		10.22,7.66	0,0 	0
3994    	25.51, -26.02, -6.84 	1.21, -1.09, -6.96 	0.00, -0.00 	11,25,28,874		10.22,29.79	0,0 	0
4003    	25.51, -26.02, -6.84 	1.17, -1.11, -6.97 	0.00, -0.00 	11,25,28,884		0.00,22.65	0,0 	0
4012    	25.56, -26.01, -6.84 	1.13, -1.11, -6.97 	0.00, -0.00 	11,25,28,894		25.84,19.90	0,0 	0
4021    	25.52, -26.01, -6.84 	1.08, -1.08, -6.97 	0.00, -0.00 	11,25,28,904		20.44,30.56	0,0 	0
4029    	25.51, -26.01, -6.84 	1.07, -1.09, -6.95 	0.00, -0.00 	11,25,28,913		0.00,0.00	0,0 	0
4038    	25.48, -26.02, -6.84 	1.09, -1.09, -6.97 	0.00, -0.00 	11,25,28,923		0.00,0.00	0,0 	0
4047    	25.50, -26.03, -6.83 	1.05, -1.11, -6.97 	0.00, -0.00 	11,25,28,933		0.00,0.00	0,0 	0
4056    	25.48, -26.04, -6.82 	1.03, -1.11, -6.96 	0.00, -0.00 	11,25,28,942		0.00,0.00	0,0 	0
4065    	25.49, -26.03, -6.82 	1.06, -1.11, -6.97 	0.00, -0.00 	11,25,28,952		0.00,0.00	0,0 	0
4074    	25.47, -26.02, -6.82 	0.96, -1.13, -6.98 	0.00, -0.00 	11,25,28,962		0.00,0.00	0,0 	0
4082    	25.49, -26.05, -6.82 	0.98, -1.12, -6.97 	0.00, -0.00 	11,25,28,971		0.00,0.00	0,0 	0
4091    	25.49, -26.01, -6.84 	0.98, -1.07, -6.98 	0.00, -0.00 	11,25,28,981		0.00,0.00	0,0 	0
4100    	25.53, -26.01, -6.84 	0.94, -1.06, -6.98 	0.00, -0.00 	11,25,28,991		0.00,0.00	0,0 	0
4108    	25.42, -26.01, -6.86 	0.96, -1.03, -6.97 	0.00, -0.00 	11,25,29,0		0.00,0.00	0,0 	0
4117    	25.43, -26.03, -6.84 	0.95, -1.06, -6.97 	0.00, -0.00 	11,25,29,10		0.00,0.00	0,0 	0
4127    	25.44, -26.00, -6.85 	0.90, -1.04, -6.96 	0.00, -0.00 	11,25,29,21		0.00,0.00	0,0 	0
4134    	25.46, -26.02, -6.85 	0.86, -1.01, -6.96 	0.00, -0.00 	11,25,29,29		0.00,0.00	0,0 	0
4143    	25.45, -25.98, -6.87 	0.82, -0.99, -6.95 	0.00, -0.00 	11,25,29,39		0.00,0.00	0,0 	0
4152    	25.43, -25.97, -6.90 	0.78, -0.94, -6.98 	0.00, -0.00 	11,25,29,49		0.00,0.00	0,0 	0
4160    	25.41, -25.95, -6.90 	0.73, -0.92, -6.98 	0.00, -0.00 	11,25,29,58		0.00,0.00	0,0 	0
4169    	25.37, -25.91, -6.90 	0.68, -0.80, -6.96 	0.00, -0.00 	11,25,29,68		0.00,0.00	0,0 	0
4178    	25.35, -25.85, -6.91 	0.53, -0.78, -6.94 	0.00, -0.00 	11,25,29,78		0.00,0.00	0,0 	0
4186    	25.29, -25.74, -6.94 	0.45, -0.67, -6.94 	0.00, -0.00 	11,25,29,87		0.00,0.00	0,0 	0
4195    	25.26, -25.66, -6.93 	0.34, -0.57, -6.91 	0.00, -0.00 	11,25,29,97		0.00,0.00	0,0 	0
