#Time 	Sensor1         Sensor2         Target          Time            Vel             
#================================================================

11      	24.18, -25.68, -7.32 	0.28, -1.57, -6.75 	0.00, 30.00 	11,26,14,499		0.00,0.00	0,0 	0
14      	24.17, -25.68, -7.32 	0.27, -1.56, -6.76 	0.00, 30.00 	11,26,14,508		3.41,5.11	0,0 	0
23      	24.16, -25.68, -7.32 	0.28, -1.56, -6.75 	0.00, 30.00 	11,26,14,518		1.14,1.11	0,0 	0
32      	24.16, -25.68, -7.32 	0.25, -1.55, -6.75 	0.00, 30.00 	11,26,14,528		0.00,3.32	0,0 	0
40      	24.18, -25.68, -7.31 	0.27, -1.56, -6.76 	0.00, 30.00 	11,26,14,537		2.56,2.49	0,0 	0
49      	24.16, -25.68, -7.33 	0.32, -1.57, -6.75 	0.00, 30.00 	11,26,14,547		2.27,5.70	0,0 	0
58      	24.17, -25.67, -7.33 	0.32, -1.57, -6.75 	0.00, 30.00 	11,26,14,556		1.66,0.00	0,0 	0
66      	24.13, -25.65, -7.32 	0.29, -1.57, -6.75 	0.00, 30.00 	11,26,14,566		6.02,3.73	0,0 	0
75      	24.16, -25.66, -7.32 	0.28, -1.56, -6.77 	0.00, 30.00 	11,26,14,575		3.71,1.70	0,0 	0
84      	24.17, -25.66, -7.32 	0.28, -1.58, -6.74 	0.00, 30.00 	11,26,14,585		1.14,2.53	0,0 	0
93      	24.17, -25.65, -7.31 	0.33, -1.59, -6.75 	0.00, 30.00 	11,26,14,595		1.28,5.70	0,0 	0
101     	24.17, -25.65, -7.31 	0.33, -1.60, -6.74 	0.00, 30.00 	11,26,14,605		0.00,1.42	0,0 	0
110     	24.20, -25.66, -7.30 	0.32, -1.57, -6.75 	0.00, 30.00 	11,26,14,615		3.71,3.98	0,0 	0
119     	24.20, -25.66, -7.30 	0.28, -1.56, -6.77 	0.00, 30.00 	11,26,14,624		0.00,4.63	0,0 	0
127     	24.21, -25.65, -7.31 	0.31, -1.56, -6.76 	0.00, 30.00 	11,26,14,633		1.86,3.73	0,0 	0
136     	24.19, -25.59, -7.31 	0.27, -1.54, -6.78 	0.00, 30.00 	11,26,14,643		6.92,4.63	0,0 	0
145     	24.21, -25.57, -7.32 	0.29, -1.56, -6.76 	0.00, 30.00 	11,26,14,653		3.31,2.58	0,0 	0
153     	24.23, -25.56, -7.31 	0.34, -1.55, -6.75 	0.00, 30.00 	11,26,14,663		2.85,6.34	0,0 	0
162     	24.24, -25.58, -7.30 	0.32, -1.55, -6.75 	0.00, 30.00 	11,26,14,672		2.86,2.21	0,0 	0
171     	24.24, -25.58, -7.30 	0.28, -1.54, -6.74 	0.00, 30.00 	11,26,14,683		0.00,4.42	0,0 	0
179     	24.21, -25.60, -7.30 	0.28, -1.52, -6.80 	0.00, 30.00 	11,26,14,691		4.64,2.85	0,0 	0
188     	24.23, -25.61, -7.29 	0.28, -1.54, -6.75 	0.00, 30.00 	11,26,14,701		2.27,2.53	0,0 	0
197     	24.21, -25.60, -7.30 	0.32, -1.53, -6.79 	0.00, 30.00 	11,26,14,711		2.27,4.57	0,0 	0
205     	24.22, -25.60, -7.29 	0.35, -1.53, -6.77 	0.00, 30.00 	11,26,14,720		1.28,3.73	0,0 	0
214     	24.22, -25.59, -7.29 	0.30, -1.53, -6.75 	0.00, 30.00 	11,26,14,730		1.28,5.53	0,0 	0
223     	24.24, -25.58, -7.31 	0.30, -1.50, -6.79 	0.00, 30.00 	11,26,14,740		2.54,3.80	0,0 	0
231     	24.20, -25.58, -7.31 	0.29, -1.53, -6.75 	0.00, 30.00 	11,26,14,749		5.11,4.42	0,0 	0
240     	24.22, -25.57, -7.31 	0.29, -1.51, -6.78 	0.00, 30.00 	11,26,14,759		2.54,2.53	0,0 	0
249     	24.22, -25.57, -7.30 	0.28, -1.51, -6.76 	0.00, 30.00 	11,26,14,769		0.00,1.11	0,0 	0
257     	24.26, -25.56, -7.29 	0.27, -1.51, -6.79 	0.00, 30.00 	11,26,14,778		5.22,1.24	0,0 	0
267     	24.30, -25.53, -7.29 	0.27, -1.52, -6.75 	0.00, 30.00 	11,26,14,789		5.18,1.14	0,0 	0
275     	24.29, -25.52, -7.29 	0.29, -1.53, -6.75 	0.00, 30.00 	11,26,14,798		1.98,2.90	0,0 	0
284     	24.31, -25.52, -7.29 	0.29, -1.52, -6.74 	0.00, 30.00 	11,26,14,808		2.27,1.27	0,0 	0
292     	24.33, -25.46, -7.29 	0.29, -1.53, -6.75 	0.00, 30.00 	11,26,14,817		7.48,1.42	0,0 	0
301     	24.34, -25.47, -7.27 	0.29, -1.50, -6.76 	0.00, 30.00 	11,26,14,827		1.76,3.80	0,0 	0
310     	24.33, -25.47, -7.27 	0.28, -1.50, -6.76 	0.00, 30.00 	11,26,14,837		1.14,1.11	0,0 	0
318     	24.34, -25.46, -7.26 	0.33, -1.50, -6.76 	0.00, 30.00 	11,26,14,846		1.86,6.22	0,0 	0
327     	24.32, -25.47, -7.26 	0.32, -1.52, -6.76 	0.00, 30.00 	11,26,14,856		2.54,2.73	0,0 	0
336     	24.32, -25.47, -7.27 	0.32, -1.51, -6.76 	0.00, 30.00 	11,26,14,867		0.00,1.27	0,0 	0
344     	24.32, -25.46, -7.27 	0.31, -1.52, -6.76 	0.00, 30.00 	11,26,14,875		1.44,1.86	0,0 	0
353     	24.30, -25.47, -7.27 	0.31, -1.52, -6.76 	0.00, 30.00 	11,26,14,885		2.54,0.00	0,0 	0
362     	24.32, -25.46, -7.27 	0.30, -1.52, -6.75 	0.00, 30.00 	11,26,14,895		2.54,1.11	0,0 	0
370     	24.32, -25.46, -7.27 	0.29, -1.54, -6.75 	0.00, 30.00 	11,26,14,904		0.00,3.08	0,0 	0
379     	24.34, -25.47, -7.26 	0.27, -1.54, -6.75 	0.00, 30.00 	11,26,14,914		2.68,2.21	0,0 	0
388     	24.34, -25.48, -7.26 	0.32, -1.55, -6.75 	0.00, 30.00 	11,26,14,924		1.28,5.53	0,0 	0
396     	24.34, -25.48, -7.26 	0.32, -1.55, -6.76 	0.00, 30.00 	11,26,14,933		0.00,0.00	0,0 	0
405     	24.35, -25.51, -7.28 	0.33, -1.55, -6.76 	0.00, 30.00 	11,26,14,943		2.86,1.11	0,0 	0
414     	24.33, -25.51, -7.28 	0.32, -1.56, -6.75 	0.00, 30.00 	11,26,14,953		2.27,1.66	0,0 	0
422     	24.37, -25.47, -7.26 	0.32, -1.55, -6.75 	0.00, 30.00 	11,26,14,962		6.48,1.42	0,0 	0
431     	24.38, -25.47, -7.26 	0.29, -1.54, -6.75 	0.00, 30.00 	11,26,14,972		1.14,3.32	0,0 	0
440     	24.33, -25.50, -7.26 	0.29, -1.54, -6.74 	0.00, 30.00 	11,26,14,983		6.08,0.00	0,0 	0
448     	24.33, -25.51, -7.26 	0.32, -1.56, -6.74 	0.00, 30.00 	11,26,14,991		1.44,4.03	0,0 	0
457     	24.29, -25.49, -7.26 	0.32, -1.56, -6.74 	0.00, 30.00 	11,26,15,1		4.80,0.00	0,0 	0
466     	24.29, -25.50, -7.26 	0.31, -1.57, -6.73 	0.00, 30.00 	11,26,15,11		1.28,1.66	0,0 	0
475     	24.29, -25.53, -7.25 	0.32, -1.57, -6.73 	0.00, 30.00 	11,26,15,21		2.56,1.11	0,0 	0
483     	24.26, -25.54, -7.26 	0.31, -1.57, -6.74 	0.00, 30.00 	11,26,15,30		4.01,1.24	0,0 	0
492     	24.28, -25.53, -7.26 	0.32, -1.58, -6.74 	0.00, 30.00 	11,26,15,40		2.54,1.70	0,0 	0
501     	24.28, -25.54, -7.26 	0.29, -1.54, -6.75 	0.00, 30.00 	11,26,15,50		1.28,5.11	0,0 	0
509     	24.31, -25.54, -7.26 	0.26, -1.52, -6.74 	0.00, 30.00 	11,26,15,59		3.83,4.76	0,0 	0
518     	24.31, -25.55, -7.26 	0.26, -1.53, -6.74 	0.00, 30.00 	11,26,15,69		1.28,1.27	0,0 	0
527     	24.31, -25.56, -7.26 	0.26, -1.52, -6.73 	0.00, 30.00 	11,26,15,79		1.28,1.27	0,0 	0
535     	24.32, -25.55, -7.25 	0.25, -1.54, -6.74 	0.00, 30.00 	11,26,15,88		1.86,3.08	0,0 	0
544     	24.32, -25.54, -7.25 	0.25, -1.55, -6.75 	0.00, 30.00 	11,26,15,98		1.28,1.27	0,0 	0
553     	24.33, -25.54, -7.24 	0.24, -1.55, -6.74 	0.00, 30.00 	11,26,15,108		1.14,1.11	0,0 	0
561     	24.32, -25.54, -7.24 	0.24, -1.57, -6.75 	0.00, 30.00 	11,26,15,117		1.28,1.42	0,0 	0
570     	24.33, -25.54, -7.23 	0.26, -1.57, -6.74 	0.00, 30.00 	11,26,15,127		1.14,2.21	0,0 	0
579     	24.31, -25.52, -7.24 	0.25, -1.58, -6.73 	0.00, 30.00 	11,26,15,137		3.53,1.66	0,0 	0
587     	24.27, -25.53, -7.23 	0.28, -1.58, -6.73 	0.00, 30.00 	11,26,15,146		5.22,3.73	0,0 	0
596     	24.29, -25.54, -7.23 	0.28, -1.57, -6.73 	0.00, 30.00 	11,26,15,156		2.68,1.27	0,0 	0
605     	24.28, -25.53, -7.25 	0.29, -1.57, -6.73 	0.00, 30.00 	11,26,15,166		1.76,1.11	0,0 	0
613     	24.29, -25.50, -7.25 	0.26, -1.58, -6.75 	0.00, 30.00 	11,26,15,175		3.07,3.96	0,0 	0
622     	24.31, -25.54, -7.23 	0.25, -1.59, -6.74 	0.00, 30.00 	11,26,15,185		4.58,1.66	0,0 	0
631     	24.30, -25.51, -7.25 	0.30, -1.57, -6.74 	0.00, 30.00 	11,26,15,195		4.07,6.02	0,0 	0
639     	24.32, -25.52, -7.26 	0.30, -1.57, -6.74 	0.00, 30.00 	11,26,15,204		3.01,0.00	0,0 	0
648     	24.33, -25.52, -7.26 	0.30, -1.57, -6.74 	0.00, 30.00 	11,26,15,214		1.14,0.00	0,0 	0
657     	24.33, -25.52, -7.25 	0.30, -1.57, -6.73 	0.00, 30.00 	11,26,15,224		0.00,0.00	0,0 	0
666     	24.34, -25.52, -7.24 	0.27, -1.54, -6.75 	0.00, 30.00 	11,26,15,234		1.14,4.23	0,0 	0
674     	24.35, -25.51, -7.24 	0.27, -1.54, -6.74 	0.00, 30.00 	11,26,15,243		1.86,0.00	0,0 	0
683     	24.33, -25.48, -7.22 	0.30, -1.53, -6.74 	0.00, 30.00 	11,26,15,253		3.53,3.52	0,0 	0
692     	24.33, -25.51, -7.22 	0.31, -1.55, -6.75 	0.00, 30.00 	11,26,15,263		2.56,1.70	0,0 	0
700     	24.33, -25.50, -7.22 	0.31, -1.56, -6.76 	0.00, 30.00 	11,26,15,272		1.44,1.42	0,0 	0
709     	24.36, -25.48, -7.22 	0.28, -1.54, -6.76 	0.00, 30.00 	11,26,15,282		3.56,3.58	0,0 	0
718     	24.35, -25.47, -7.24 	0.27, -1.56, -6.75 	0.00, 30.00 	11,26,15,292		1.76,1.66	0,0 	0
726     	24.36, -25.48, -7.23 	0.24, -1.54, -6.75 	0.00, 30.00 	11,26,15,301		1.98,4.03	0,0 	0
735     	24.36, -25.47, -7.23 	0.27, -1.54, -6.75 	0.00, 30.00 	11,26,15,311		1.28,3.32	0,0 	0
744     	24.36, -25.50, -7.22 	0.26, -1.56, -6.75 	0.00, 30.00 	11,26,15,321		2.56,1.66	0,0 	0
752     	24.35, -25.50, -7.22 	0.30, -1.56, -6.75 	0.00, 30.00 	11,26,15,330		1.28,4.98	0,0 	0
761     	24.37, -25.47, -7.22 	0.30, -1.56, -6.75 	0.00, 30.00 	11,26,15,340		3.31,0.00	0,0 	0
770     	24.36, -25.48, -7.22 	0.30, -1.56, -6.75 	0.00, 30.00 	11,26,15,350		1.66,0.00	0,0 	0
778     	24.35, -25.50, -7.22 	0.28, -1.56, -6.75 	0.00, 30.00 	11,26,15,359		1.86,2.49	0,0 	0
787     	24.35, -25.48, -7.22 	0.29, -1.53, -6.75 	0.00, 30.00 	11,26,15,369		1.28,2.73	0,0 	0
796     	24.37, -25.45, -7.22 	0.29, -1.53, -6.75 	0.00, 30.00 	11,26,15,379		4.33,0.00	0,0 	0
804     	24.36, -25.45, -7.24 	0.29, -1.53, -6.75 	0.00, 30.00 	11,26,15,388		1.28,0.00	0,0 	0
813     	24.37, -25.43, -7.23 	0.28, -1.54, -6.74 	0.00, 30.00 	11,26,15,398		2.73,1.66	0,0 	0
822     	24.38, -25.46, -7.24 	0.28, -1.54, -6.75 	0.00, 30.00 	11,26,15,408		4.07,0.00	0,0 	0
831     	24.39, -25.43, -7.23 	0.29, -1.54, -6.75 	0.00, 30.00 	11,26,15,418		3.93,1.11	0,0 	0
839     	24.36, -25.43, -7.23 	0.32, -1.53, -6.75 	0.00, 30.00 	11,26,15,427		3.83,3.96	0,0 	0
848     	24.35, -25.46, -7.22 	0.32, -1.53, -6.75 	0.00, 30.00 	11,26,15,437		3.93,0.00	0,0 	0
857     	24.34, -25.47, -7.22 	0.32, -1.53, -6.75 	0.00, 30.00 	11,26,15,447		1.66,0.00	0,0 	0
865     	24.34, -25.47, -7.21 	0.32, -1.55, -6.74 	0.00, 30.00 	11,26,15,456		0.00,1.42	0,0 	0
874     	24.36, -25.47, -7.21 	0.32, -1.55, -6.74 	0.00, 30.00 	11,26,15,466		2.27,0.00	0,0 	0
883     	24.36, -25.45, -7.20 	0.32, -1.55, -6.74 	0.00, 30.00 	11,26,15,476		2.56,0.00	0,0 	0
891     	24.36, -25.46, -7.20 	0.32, -1.55, -6.74 	0.00, 30.00 	11,26,15,485		1.44,0.00	0,0 	0
900     	24.34, -25.48, -7.19 	0.32, -1.53, -6.74 	0.00, 30.00 	11,26,15,495		3.31,1.27	0,0 	0
909     	24.34, -25.48, -7.19 	0.32, -1.55, -6.75 	0.00, 30.00 	11,26,15,505		0.00,1.27	0,0 	0
917     	24.34, -25.50, -7.18 	0.32, -1.53, -6.75 	0.00, 30.00 	11,26,15,514		1.44,1.42	0,0 	0
926     	24.35, -25.48, -7.17 	0.29, -1.54, -6.74 	0.00, 30.00 	11,26,15,524		1.66,3.52	0,0 	0
936     	24.34, -25.46, -7.21 	0.28, -1.54, -6.74 	0.00, 30.00 	11,26,15,535		2.58,1.00	0,0 	0
944     	24.36, -25.45, -7.21 	0.29, -1.54, -6.74 	0.00, 30.00 	11,26,15,543		2.85,1.24	0,0 	0
953     	24.35, -25.45, -7.21 	0.28, -1.53, -6.74 	0.00, 30.00 	11,26,15,553		1.14,1.70	0,0 	0
962     	24.37, -25.44, -7.21 	0.29, -1.53, -6.74 	0.00, 30.00 	11,26,15,563		2.54,1.11	0,0 	0
970     	24.36, -25.45, -7.20 	0.29, -1.54, -6.73 	0.00, 30.00 	11,26,15,572		1.86,1.42	0,0 	0
979     	24.34, -25.47, -7.20 	0.29, -1.54, -6.73 	0.00, 30.00 	11,26,15,582		3.31,0.00	0,0 	0
988     	24.41, -25.46, -7.20 	0.26, -1.51, -6.75 	0.00, 30.00 	11,26,15,592		7.97,5.11	0,0 	0
996     	24.38, -25.45, -7.21 	0.26, -1.51, -6.75 	0.00, 30.00 	11,26,15,601		4.18,0.00	0,0 	0
1006    	24.38, -25.45, -7.21 	0.29, -1.51, -6.75 	0.00, 30.00 	11,26,15,612		0.00,2.99	1000,1 	0
1014    	24.38, -25.46, -7.23 	0.26, -1.51, -6.75 	0.00, 30.00 	11,26,15,621		1.44,3.73	1000,1 	0
1022    	24.34, -25.46, -7.23 	0.23, -1.52, -6.75 	0.00, 30.00 	11,26,15,630		5.11,3.96	1000,1 	0
1031    	24.33, -25.47, -7.23 	0.29, -1.53, -6.75 	0.00, 30.00 	11,26,15,640		1.66,6.79	1000,1 	0
1040    	24.37, -25.42, -7.23 	0.26, -1.52, -6.75 	0.00, 30.00 	11,26,15,650		7.60,3.58	1000,1 	0
1049    	24.40, -25.44, -7.26 	0.23, -1.54, -6.75 	0.00, 30.00 	11,26,15,660		4.39,4.12	1000,1 	0
1057    	24.42, -25.43, -7.28 	0.25, -1.59, -6.73 	0.00, 30.00 	11,26,15,669		2.85,6.28	1000,1 	0
1066    	24.47, -25.36, -7.33 	0.24, -1.59, -6.71 	0.00, 30.00 	11,26,15,679		9.25,1.11	1000,1 	0
1075    	24.46, -25.36, -7.33 	0.22, -1.57, -6.71 	0.00, 30.00 	11,26,15,689		1.14,3.41	1000,1 	0
1083    	24.47, -25.31, -7.39 	0.20, -1.54, -6.69 	0.00, 30.00 	11,26,15,698		7.22,3.83	1000,1 	0
1092    	24.53, -25.23, -7.46 	0.15, -1.50, -6.69 	0.00, 30.00 	11,26,15,708		10.90,7.60	1000,1 	0
1101    	24.57, -25.10, -7.52 	0.12, -1.43, -6.70 	0.00, 30.00 	11,26,15,718		14.50,8.37	1000,1 	0
1109    	24.68, -25.00, -7.56 	0.10, -1.36, -6.70 	0.00, 30.00 	11,26,15,727		18.49,8.96	1000,1 	0
1118    	24.74, -24.84, -7.64 	0.08, -1.24, -6.71 	0.00, 30.00 	11,26,15,737		19.94,12.91	1000,1 	0
1127    	24.73, -24.70, -7.72 	0.07, -1.13, -6.77 	0.00, 30.00 	11,26,15,747		15.34,12.73	1000,1 	0
1135    	24.75, -24.55, -7.79 	0.14, -1.01, -6.80 	0.00, 30.00 	11,26,15,756		18.70,17.71	1000,1 	0
1144    	24.71, -24.37, -7.83 	0.15, -0.89, -6.82 	0.00, 30.00 	11,26,15,766		19.98,12.67	1000,1 	0
1153    	24.77, -24.16, -7.82 	0.15, -0.79, -6.80 	0.00, 30.00 	11,26,15,776		25.07,11.39	1000,1 	0
1161    	24.85, -23.98, -7.87 	0.12, -0.64, -6.81 	0.00, 30.00 	11,26,15,785		24.58,18.98	1000,1 	0
1170    	24.88, -23.76, -7.96 	0.12, -0.44, -6.81 	0.00, 30.00 	11,26,15,795		24.31,22.78	1000,1 	0
1179    	24.96, -23.47, -8.10 	0.14, -0.21, -6.82 	0.00, 30.00 	11,26,15,805		34.14,25.34	1000,1 	0
1187    	25.01, -23.17, -8.20 	0.12, 0.07, -6.86 	0.00, 30.00 	11,26,15,814		37.53,34.32	1000,1 	0
1196    	25.02, -22.94, -8.29 	0.21, 0.46, -6.86 	0.00, 30.00 	11,26,15,824		25.51,45.12	1000,1 	0
1205    	25.00, -22.66, -8.37 	0.24, 0.92, -6.91 	0.00, 30.00 	11,26,15,834		30.77,50.63	1000,1 	0
1213    	24.93, -22.48, -8.42 	0.36, 1.41, -6.91 	0.00, 30.00 	11,26,15,843		25.20,63.99	1000,1 	0
1223    	24.88, -22.21, -8.50 	0.38, 2.01, -6.95 	0.00, 30.00 	11,26,15,854		27.02,59.20	1000,1 	0
1231    	24.89, -21.89, -8.56 	0.45, 2.53, -7.00 	0.00, 30.00 	11,26,15,863		40.18,65.82	1000,1 	0
1240    	24.87, -21.53, -8.64 	0.43, 2.97, -7.01 	0.00, 30.00 	11,26,15,873		39.83,49.46	1000,1 	0
1248    	24.91, -21.19, -8.72 	0.44, 3.45, -7.06 	0.00, 30.00 	11,26,15,882		43.20,59.77	1000,1 	0
1257    	24.86, -20.85, -8.82 	0.48, 4.00, -7.08 	0.00, 30.00 	11,26,15,892		37.85,60.78	1000,1 	0
1266    	24.82, -20.54, -8.90 	0.50, 4.57, -7.11 	0.00, 30.00 	11,26,15,902		34.89,63.25	1000,1 	0
1274    	24.70, -20.20, -8.99 	0.50, 5.09, -7.12 	0.00, 30.00 	11,26,15,911		44.83,65.48	1000,1 	0
1283    	24.64, -19.81, -9.08 	0.48, 5.56, -7.13 	0.00, 30.00 	11,26,15,921		44.18,51.99	1000,1 	0
1292    	24.54, -19.44, -9.17 	0.53, 6.04, -7.17 	0.00, 30.00 	11,26,15,931		42.78,54.54	1000,1 	0
1300    	24.49, -18.99, -9.31 	0.57, 6.57, -7.21 	0.00, 30.00 	11,26,15,940		56.63,65.54	1000,1 	0
1309    	24.43, -18.56, -9.42 	0.57, 7.08, -7.22 	0.00, 30.00 	11,26,15,950		48.20,56.94	1000,1 	0
1318    	24.39, -18.14, -9.56 	0.58, 7.64, -7.25 	0.00, 30.00 	11,26,15,960		46.35,61.98	1000,1 	0
1326    	24.33, -17.72, -9.69 	0.58, 8.18, -7.27 	0.00, 30.00 	11,26,15,969		53.98,68.33	1000,1 	0
1335    	24.19, -17.28, -9.80 	0.62, 8.76, -7.31 	0.00, 30.00 	11,26,15,979		50.42,64.56	1000,1 	0
1344    	24.10, -16.83, -9.89 	0.71, 9.39, -7.37 	0.00, 30.00 	11,26,15,989		51.23,70.03	1000,1 	0
1352    	23.93, -16.35, -9.98 	0.81, 10.03, -7.44 	0.00, 30.00 	11,26,15,998		63.60,81.75	1000,1 	0
1361    	23.83, -15.94, -10.03 	0.89, 10.69, -7.51 	0.00, 30.00 	11,26,16,8		47.76,73.68	1000,1 	0
1370    	23.64, -15.48, -10.14 	0.96, 11.41, -7.56 	0.00, 30.00 	11,26,16,18		54.58,79.88	1000,1 	0
1378    	23.46, -15.11, -10.26 	1.03, 12.11, -7.62 	0.00, 30.00 	11,26,16,27		50.80,88.45	1000,1 	0
1387    	23.38, -14.67, -10.36 	1.09, 12.81, -7.66 	0.00, 30.00 	11,26,16,37		49.70,77.29	1000,1 	0
1396    	23.26, -14.21, -10.49 	1.15, 13.50, -7.70 	0.00, 30.00 	11,26,16,47		53.39,77.29	1000,1 	0
1404    	23.12, -13.77, -10.57 	1.23, 14.17, -7.75 	0.00, 30.00 	11,26,16,56		58.10,84.30	1000,1 	0
1413    	22.87, -13.45, -10.62 	1.28, 14.84, -7.80 	0.00, 30.00 	11,26,16,66		45.30,74.71	1000,1 	0
1422    	22.62, -13.09, -10.64 	1.32, 15.49, -7.84 	0.00, 30.00 	11,26,16,76		48.43,72.14	1000,1 	0
1431    	22.48, -12.72, -10.68 	1.34, 16.09, -7.89 	0.00, 30.00 	11,26,16,86		44.35,67.04	1000,1 	0
1439    	22.38, -12.34, -10.71 	1.41, 16.71, -7.97 	0.00, 30.00 	11,26,16,95		48.12,78.54	1000,1 	0
1448    	22.28, -11.98, -10.75 	1.44, 17.34, -8.08 	0.00, 30.00 	11,26,16,105		41.54,69.58	1000,1 	0
1457    	22.13, -11.61, -10.82 	1.41, 17.91, -8.16 	0.00, 30.00 	11,26,16,115		44.80,63.45	1000,1 	0
1465    	22.05, -11.28, -10.88 	1.35, 18.40, -8.17 	0.00, 30.00 	11,26,16,124		42.16,61.87	1000,1 	0
1474    	21.93, -11.00, -10.91 	1.30, 18.88, -8.16 	0.00, 30.00 	11,26,16,134		33.84,53.58	1000,1 	0
1483    	21.83, -10.69, -10.96 	1.34, 19.39, -8.14 	0.00, 30.00 	11,26,16,144		36.60,56.99	1000,1 	0
1491    	21.73, -10.35, -10.99 	1.30, 19.86, -8.14 	0.00, 30.00 	11,26,16,153		43.95,58.71	1000,1 	0
1500    	21.56, -10.05, -11.01 	1.22, 20.27, -8.15 	0.00, 30.00 	11,26,16,163		37.74,46.64	1000,1 	0
1509    	21.43, -9.78, -11.03 	1.11, 20.64, -8.17 	0.00, 30.00 	11,26,16,173		33.72,42.60	1000,1 	0
1517    	21.28, -9.52, -11.06 	1.04, 21.02, -8.25 	0.00, 30.00 	11,26,16,182		37.31,48.01	1000,1 	0
1526    	21.13, -9.24, -11.09 	0.96, 21.42, -8.37 	0.00, 30.00 	11,26,16,192		35.43,45.40	1000,1 	0
1535    	21.02, -9.01, -11.10 	0.87, 21.83, -8.48 	0.00, 30.00 	11,26,16,202		28.62,46.89	1000,1 	0
1543    	20.90, -8.74, -11.12 	0.76, 22.22, -8.58 	0.00, 30.00 	11,26,16,211		37.32,50.66	1000,1 	0
1552    	20.79, -8.51, -11.13 	0.66, 22.59, -8.64 	0.00, 30.00 	11,26,16,221		27.45,42.27	1000,1 	0
1561    	20.62, -8.25, -11.14 	0.52, 22.93, -8.69 	0.00, 30.00 	11,26,16,231		34.43,41.39	1000,1 	0
1569    	20.50, -7.97, -11.18 	0.40, 23.29, -8.72 	0.00, 30.00 	11,26,16,240		38.07,46.97	1000,1 	0
1578    	20.39, -7.67, -11.23 	0.29, 23.64, -8.74 	0.00, 30.00 	11,26,16,250		36.23,40.56	1000,1 	0
1587    	20.29, -7.45, -11.26 	0.16, 23.98, -8.76 	0.00, 30.00 	11,26,16,260		26.93,40.96	1000,1 	0
1595    	20.19, -7.25, -11.30 	0.04, 24.34, -8.75 	0.00, 30.00 	11,26,16,269		28.29,46.97	1000,1 	0
1604    	20.06, -7.06, -11.32 	-0.05, 24.65, -8.71 	0.00, 30.00 	11,26,16,279		25.28,35.85	1000,1 	0
1613    	19.93, -6.90, -11.34 	-0.11, 24.98, -8.68 	0.00, 30.00 	11,26,16,289		22.14,37.47	1000,1 	0
1622    	19.77, -6.72, -11.32 	-0.15, 25.34, -8.66 	0.00, 30.00 	11,26,16,299		27.24,40.85	1000,1 	0
1630    	19.65, -6.51, -11.35 	-0.17, 25.72, -8.65 	0.00, 30.00 	11,26,16,308		30.22,47.11	1000,1 	0
1639    	19.50, -6.32, -11.36 	-0.16, 26.11, -8.65 	0.00, 30.00 	11,26,16,318		26.68,43.01	1000,1 	0
1648    	19.36, -6.08, -11.37 	-0.18, 26.43, -8.61 	0.00, 30.00 	11,26,16,328		30.94,35.56	1000,1 	0
1656    	19.24, -5.87, -11.39 	-0.22, 26.77, -8.56 	0.00, 30.00 	11,26,16,337		30.22,43.13	1000,1 	0
1665    	19.11, -5.65, -11.40 	-0.22, 27.11, -8.51 	0.00, 30.00 	11,26,16,347		28.59,37.96	1000,1 	0
1674    	19.01, -5.44, -11.41 	-0.21, 27.44, -8.46 	0.00, 30.00 	11,26,16,357		26.29,36.68	1000,1 	0
1682    	18.90, -5.26, -11.43 	-0.19, 27.77, -8.40 	0.00, 30.00 	11,26,16,366		25.75,41.29	1000,1 	0
1691    	18.79, -5.12, -11.42 	-0.17, 28.09, -8.31 	0.00, 30.00 	11,26,16,376		20.38,35.44	1000,1 	0
1700    	18.68, -4.98, -11.41 	-0.14, 28.40, -8.22 	0.00, 30.00 	11,26,16,386		18.62,34.23	1000,1 	0
1708    	18.60, -4.83, -11.40 	-0.11, 28.65, -8.12 	0.00, 30.00 	11,26,16,395		21.86,31.44	1000,1 	0
1717    	18.51, -4.66, -11.40 	-0.08, 28.91, -8.01 	0.00, 30.00 	11,26,16,405		21.73,29.20	1000,1 	0
1726    	18.44, -4.48, -11.40 	-0.06, 29.12, -7.89 	0.00, 30.00 	11,26,16,415		21.21,24.08	1000,1 	0
1734    	18.39, -4.33, -11.39 	-0.01, 29.33, -7.77 	0.00, 30.00 	11,26,16,424		20.13,26.20	1000,1 	0
1743    	18.28, -4.17, -11.37 	0.03, 29.48, -7.65 	0.00, 30.00 	11,26,16,434		20.71,18.14	1000,1 	0
1752    	18.18, -4.04, -11.33 	0.07, 29.62, -7.52 	0.00, 30.00 	11,26,16,444		18.62,15.70	1000,1 	0
1760    	18.06, -3.93, -11.30 	0.13, 29.76, -7.40 	0.00, 30.00 	11,26,16,453		19.70,18.45	1000,1 	0
1770    	17.97, -3.84, -11.28 	0.19, 29.82, -7.28 	0.00, 30.00 	11,26,16,464		13.42,8.95	1000,1 	0
1778    	17.93, -3.74, -11.28 	0.21, 29.87, -7.20 	0.00, 30.00 	11,26,16,473		12.88,6.15	1000,1 	0
1786    	17.84, -3.68, -11.25 	0.20, 29.91, -7.16 	0.00, 30.00 	11,26,16,482		12.86,5.86	1000,1 	0
1795    	17.79, -3.59, -11.22 	0.19, 29.99, -7.15 	0.00, 30.00 	11,26,16,492		12.00,8.96	1000,1 	0
1804    	17.74, -3.53, -11.20 	0.19, 30.08, -7.16 	0.00, 30.00 	11,26,16,502		8.81,10.12	1000,1 	0
1813    	17.70, -3.46, -11.17 	0.17, 30.16, -7.18 	0.00, 30.00 	11,26,16,512		9.16,9.19	1000,1 	0
1821    	17.69, -3.40, -11.15 	0.15, 30.23, -7.18 	0.00, 30.00 	11,26,16,521		7.38,8.96	1000,1 	0
1830    	17.67, -3.39, -11.14 	0.11, 30.33, -7.19 	0.00, 30.00 	11,26,16,531		1.76,11.16	1000,1 	0
1839    	17.64, -3.38, -11.13 	0.08, 30.38, -7.20 	0.00, 30.00 	11,26,16,541		3.71,7.22	1000,1 	0
1847    	17.62, -3.34, -11.12 	0.04, 30.44, -7.20 	0.00, 30.00 	11,26,16,550		5.15,8.80	1000,1 	0
1856    	17.62, -3.34, -11.11 	0.01, 30.51, -7.22 	0.00, 30.00 	11,26,16,560		0.00,8.37	1000,1 	0
1865    	17.63, -3.36, -11.10 	-0.00, 30.56, -7.24 	0.00, 30.00 	11,26,16,570		2.86,5.21	1000,1 	0
1873    	17.63, -3.34, -11.10 	-0.03, 30.64, -7.26 	0.00, 30.00 	11,26,16,579		2.88,10.74	1000,1 	0
1882    	17.62, -3.34, -11.10 	-0.02, 30.68, -7.28 	0.00, 30.00 	11,26,16,589		1.14,5.15	1000,1 	0
1891    	17.61, -3.34, -11.09 	-0.03, 30.74, -7.30 	0.00, 30.00 	11,26,16,599		1.14,6.45	1000,1 	0
1899    	17.62, -3.33, -11.10 	-0.04, 30.80, -7.31 	0.00, 30.00 	11,26,16,608		1.86,7.26	1000,1 	0
1908    	17.61, -3.32, -11.10 	-0.05, 30.83, -7.32 	0.00, 30.00 	11,26,16,618		1.76,3.98	1000,1 	0
1917    	17.61, -3.33, -11.08 	-0.06, 30.85, -7.31 	0.00, 30.00 	11,26,16,628		1.28,2.79	1000,1 	0
1925    	17.60, -3.30, -11.10 	-0.06, 30.86, -7.29 	0.00, 30.00 	11,26,16,637		3.22,1.42	1000,1 	0
1934    	17.61, -3.29, -11.11 	-0.06, 30.84, -7.28 	0.00, 30.00 	11,26,16,647		1.66,2.53	1000,1 	0
1943    	17.62, -3.28, -11.11 	-0.06, 30.82, -7.27 	0.00, 30.00 	11,26,16,657		1.66,2.53	1000,1 	0
1951    	17.63, -3.31, -11.12 	-0.07, 30.82, -7.27 	0.00, 30.00 	11,26,16,666		3.22,1.24	1000,1 	0
1961    	17.61, -3.31, -11.12 	-0.06, 30.81, -7.26 	0.00, 30.00 	11,26,16,677		2.04,1.53	1000,1 	0
1969    	17.63, -3.29, -11.12 	-0.06, 30.72, -7.22 	0.00, 30.00 	11,26,16,686		2.85,11.39	1000,1 	0
1977    	17.63, -3.31, -11.13 	-0.04, 30.51, -7.14 	0.00, 30.00 	11,26,16,695		1.44,25.81	1000,1 	0
1986    	17.63, -3.31, -11.13 	-0.05, 30.41, -7.12 	0.00, 30.00 	11,26,16,705		0.00,11.41	1000,1 	0
1995    	17.63, -3.31, -11.13 	-0.08, 30.32, -7.11 	0.00, 30.00 	11,26,16,715		0.00,10.57	1000,1 	0
2004    	17.63, -3.31, -11.13 	-0.10, 30.24, -7.11 	0.00, 30.00 	11,26,16,725		0.00,9.07	1000,1 	0
2012    	17.62, -3.33, -11.14 	-0.11, 30.17, -7.11 	0.00, 30.00 	11,26,16,734		3.07,8.60	1000,1 	0
2021    	17.62, -3.33, -11.13 	-0.14, 30.12, -7.11 	0.00, 30.00 	11,26,16,744		0.00,7.06	1000,1 	0
2030    	17.64, -3.33, -11.13 	-0.17, 30.05, -7.09 	0.00, 30.00 	11,26,16,754		2.27,8.20	1000,1 	0
2038    	17.62, -3.39, -11.12 	-0.20, 29.97, -7.09 	0.00, 30.00 	11,26,16,763		7.48,10.54	1000,1 	0
2047    	17.66, -3.39, -11.11 	-0.24, 29.88, -7.09 	0.00, 30.00 	11,26,16,773		4.54,10.93	1000,1 	0
2056    	17.62, -3.40, -11.11 	-0.26, 29.81, -7.09 	0.00, 30.00 	11,26,16,783		4.64,7.85	1000,1 	0
2064    	17.63, -3.43, -11.10 	-0.28, 29.73, -7.09 	0.00, 30.00 	11,26,16,792		4.58,10.20	1000,1 	0
2073    	17.64, -3.44, -11.10 	-0.31, 29.66, -7.08 	0.00, 30.00 	11,26,16,802		1.28,8.20	1000,1 	0
2082    	17.65, -3.46, -11.09 	-0.35, 29.59, -7.08 	0.00, 30.00 	11,26,16,812		1.76,9.79	1000,1 	0
2090    	17.66, -3.51, -11.08 	-0.37, 29.54, -7.08 	0.00, 30.00 	11,26,16,821		7.38,6.15	1000,1 	0
2099    	17.66, -3.51, -11.07 	-0.38, 29.53, -7.10 	0.00, 30.00 	11,26,16,831		0.00,1.66	1000,1 	0
2108    	17.66, -3.56, -11.06 	-0.38, 29.52, -7.11 	0.00, 30.00 	11,26,16,841		5.11,1.27	1000,1 	0
2116    	17.65, -3.59, -11.04 	-0.37, 29.52, -7.12 	0.00, 30.00 	11,26,16,850		4.42,1.24	1000,1 	0
2125    	17.64, -3.64, -11.04 	-0.36, 29.51, -7.11 	0.00, 30.00 	11,26,16,860		5.17,1.70	1000,1 	0
2134    	17.63, -3.69, -11.03 	-0.37, 29.51, -7.11 	0.00, 30.00 	11,26,16,870		5.17,1.11	1000,1 	0
2142    	17.61, -3.71, -11.03 	-0.37, 29.51, -7.10 	0.00, 30.00 	11,26,16,879		3.72,0.00	1000,1 	0
2152    	17.57, -3.76, -11.03 	-0.39, 29.53, -7.10 	0.00, 30.00 	11,26,16,890		6.84,3.07	1000,1 	0
2160    	17.56, -3.79, -11.03 	-0.40, 29.53, -7.09 	0.00, 30.00 	11,26,16,899		3.07,1.24	1000,1 	0
2168    	17.53, -3.81, -11.03 	-0.41, 29.54, -7.09 	0.00, 30.00 	11,26,16,908		4.64,1.92	1000,1 	0
2177    	17.50, -3.83, -11.03 	-0.42, 29.54, -7.08 	0.00, 30.00 	11,26,16,918		4.13,1.11	1000,1 	0
2186    	17.49, -3.84, -11.04 	-0.42, 29.54, -7.08 	0.00, 30.00 	11,26,16,928		1.66,0.00	1000,1 	0
2195    	17.46, -3.86, -11.04 	-0.43, 29.57, -7.08 	0.00, 30.00 	11,26,16,938		4.13,2.79	1000,1 	0
2203    	17.46, -3.87, -11.04 	-0.41, 29.56, -7.08 	0.00, 30.00 	11,26,16,947		1.44,2.49	1000,1 	0
2212    	17.44, -3.87, -11.04 	-0.41, 29.56, -7.08 	0.00, 30.00 	11,26,16,957		2.27,0.00	1000,1 	0
2221    	17.42, -3.88, -11.06 	-0.41, 29.56, -7.08 	0.00, 30.00 	11,26,16,967		2.54,0.00	1000,1 	0
2229    	17.39, -3.89, -11.07 	-0.42, 29.57, -7.08 	0.00, 30.00 	11,26,16,976		4.01,1.24	1000,1 	0
2238    	17.37, -3.89, -11.07 	-0.43, 29.57, -7.08 	0.00, 30.00 	11,26,16,986		2.27,1.11	1000,1 	0
2247    	17.34, -3.89, -11.08 	-0.44, 29.57, -7.08 	0.00, 30.00 	11,26,16,996		3.41,1.11	1000,1 	0
2255    	17.29, -3.90, -11.09 	-0.44, 29.57, -7.09 	0.00, 30.00 	11,26,17,5		6.46,0.00	1000,1 	0
2264    	17.26, -3.91, -11.10 	-0.43, 29.55, -7.08 	0.00, 30.00 	11,26,17,15		3.56,1.70	1000,1 	0
2273    	17.22, -3.93, -11.10 	-0.44, 29.55, -7.09 	0.00, 30.00 	11,26,17,25		5.07,1.11	1000,1 	0
2281    	17.20, -3.94, -11.10 	-0.43, 29.55, -7.09 	0.00, 30.00 	11,26,17,34		2.85,1.24	1000,1 	0
2290    	17.12, -3.97, -11.10 	-0.44, 29.57, -7.10 	0.00, 30.00 	11,26,17,44		8.61,1.70	1000,1 	0
2299    	17.08, -3.96, -11.12 	-0.43, 29.57, -7.10 	0.00, 30.00 	11,26,17,54		4.80,1.11	1000,1 	0
2307    	17.05, -3.99, -11.11 	-0.43, 29.57, -7.10 	0.00, 30.00 	11,26,17,63		5.59,0.00	1000,1 	0
2316    	17.03, -3.99, -11.14 	-0.44, 29.54, -7.11 	0.00, 30.00 	11,26,17,73		2.27,2.73	1000,1 	0
2325    	17.00, -3.98, -11.14 	-0.45, 29.54, -7.11 	0.00, 30.00 	11,26,17,83		3.71,1.11	1000,1 	0
2333    	16.97, -3.99, -11.15 	-0.45, 29.54, -7.11 	0.00, 30.00 	11,26,17,92		4.01,0.00	1000,1 	0
2343    	16.94, -3.99, -11.16 	-0.45, 29.54, -7.11 	0.00, 30.00 	11,26,17,103		3.07,0.00	1000,1 	0
2351    	16.93, -4.01, -11.16 	-0.46, 29.54, -7.11 	0.00, 30.00 	11,26,17,112		3.07,1.24	1000,1 	0
2359    	16.87, -4.01, -11.16 	-0.46, 29.55, -7.11 	0.00, 30.00 	11,26,17,121		7.67,1.42	1000,1 	0
2368    	16.87, -4.01, -11.17 	-0.45, 29.55, -7.11 	0.00, 30.00 	11,26,17,131		0.00,1.11	1000,1 	0
2377    	16.84, -4.03, -11.16 	-0.47, 29.54, -7.11 	0.00, 30.00 	11,26,17,141		4.13,2.52	1000,1 	0
2386    	16.83, -4.04, -11.16 	-0.47, 29.54, -7.11 	0.00, 30.00 	11,26,17,151		1.66,0.00	1000,1 	0
2394    	16.81, -4.04, -11.15 	-0.47, 29.54, -7.11 	0.00, 30.00 	11,26,17,160		2.56,0.00	1000,1 	0
2403    	16.82, -4.07, -11.14 	-0.47, 29.53, -7.11 	0.00, 30.00 	11,26,17,170		4.07,1.27	1000,1 	0
2412    	16.81, -4.10, -11.13 	-0.46, 29.52, -7.11 	0.00, 30.00 	11,26,17,180		2.73,1.70	1000,1 	0
2420    	16.77, -4.14, -11.13 	-0.47, 29.52, -7.11 	0.00, 30.00 	11,26,17,189		7.45,1.24	1000,1 	0
2429    	16.77, -4.15, -11.12 	-0.45, 29.53, -7.12 	0.00, 30.00 	11,26,17,199		1.28,2.52	1000,1 	0
2438    	16.78, -4.19, -11.11 	-0.44, 29.52, -7.12 	0.00, 30.00 	11,26,17,209		4.07,1.70	1000,1 	0
2446    	16.76, -4.21, -11.10 	-0.44, 29.53, -7.13 	0.00, 30.00 	11,26,17,218		3.72,1.42	1000,1 	0
2455    	16.75, -4.22, -11.10 	-0.44, 29.52, -7.12 	0.00, 30.00 	11,26,17,228		1.66,1.27	1000,1 	0
2464    	16.76, -4.28, -11.09 	-0.43, 29.52, -7.12 	0.00, 30.00 	11,26,17,238		6.56,1.11	1000,1 	0
2473    	16.74, -4.36, -11.07 	-0.44, 29.52, -7.12 	0.00, -0.00 	11,26,17,257		10.23,1.24	1000,1 	0
2482    	16.75, -4.40, -11.06 	-0.46, 29.53, -7.11 	0.00, -0.00 	11,26,17,267		4.78,2.32	1000,1 	0
2490    	16.74, -4.45, -11.04 	-0.46, 29.52, -7.11 	0.00, -0.00 	11,26,17,276		5.46,1.27	1000,1 	0
2499    	16.76, -4.47, -11.03 	-0.46, 29.52, -7.11 	0.00, -0.00 	11,26,17,286		3.17,0.00	1000,1 	0
2508    	16.71, -4.53, -11.03 	-0.46, 29.53, -7.11 	0.00, -0.00 	11,26,17,296		7.45,1.14	1000,1 	0
2516    	16.71, -4.56, -11.02 	-0.45, 29.54, -7.11 	0.00, -0.00 	11,26,17,305		3.45,1.49	1000,1 	0
2526    	16.71, -4.61, -11.01 	-0.46, 29.53, -7.11 	0.00, -0.00 	11,26,17,316		4.18,1.36	1000,1 	0
2534    	16.71, -4.62, -11.01 	-0.46, 29.54, -7.10 	0.00, -0.00 	11,26,17,325		1.28,1.27	1000,1 	0
2542    	16.67, -4.65, -10.99 	-0.47, 29.54, -7.09 	0.00, -0.00 	11,26,17,334		5.18,1.00	1000,1 	0
2551    	16.66, -4.68, -10.98 	-0.46, 29.55, -7.09 	0.00, -0.00 	11,26,17,344		2.46,1.49	1000,1 	0
2560    	16.62, -4.70, -10.97 	-0.45, 29.57, -7.10 	0.00, -0.00 	11,26,17,354		4.56,1.49	1000,1 	0
2568    	16.62, -4.70, -10.97 	-0.43, 29.58, -7.10 	0.00, -0.00 	11,26,17,363		0.00,2.27	1000,1 	0
2577    	16.60, -4.71, -10.97 	-0.41, 29.59, -7.10 	0.00, -0.00 	11,26,17,373		2.28,2.27	1000,1 	0
2586    	16.57, -4.73, -10.98 	-0.41, 29.60, -7.10 	0.00, -0.00 	11,26,17,383		3.72,1.14	1000,1 	0
2595    	16.57, -4.75, -10.97 	-0.39, 29.60, -7.10 	0.00, -0.00 	11,26,17,393		2.30,1.99	1000,1 	0
2603    	16.54, -4.75, -10.97 	-0.38, 29.61, -7.12 	0.00, -0.00 	11,26,17,402		3.41,1.66	1000,1 	0
2612    	16.53, -4.75, -10.97 	-0.33, 29.64, -7.15 	0.00, -0.00 	11,26,17,412		1.02,5.96	1000,1 	0
2621    	16.53, -4.77, -10.98 	-0.30, 29.69, -7.18 	0.00, -0.00 	11,26,17,422		2.30,5.38	1000,1 	0
2629    	16.52, -4.77, -10.97 	-0.27, 29.75, -7.18 	0.00, -0.00 	11,26,17,431		1.14,8.20	1000,1 	0
2638    	16.51, -4.78, -10.98 	-0.22, 29.80, -7.16 	0.00, -0.00 	11,26,17,441		1.49,6.65	1000,1 	0
2647    	16.49, -4.79, -10.98 	-0.20, 29.86, -7.15 	0.00, -0.00 	11,26,17,451		2.28,5.98	1000,1 	0
2655    	16.46, -4.79, -10.98 	-0.18, 29.87, -7.14 	0.00, -0.00 	11,26,17,460		3.41,2.52	1000,1 	0
2664    	16.46, -4.80, -10.98 	-0.17, 29.88, -7.14 	0.00, -0.00 	11,26,17,470		1.15,1.49	1000,1 	0
2673    	16.45, -4.82, -10.98 	-0.19, 29.89, -7.14 	0.00, -0.00 	11,26,17,480		1.49,2.32	1000,1 	0
2681    	16.45, -4.82, -10.99 	-0.19, 29.88, -7.13 	0.00, -0.00 	11,26,17,489		0.00,1.27	1000,1 	0
2690    	16.43, -4.82, -10.99 	-0.19, 29.88, -7.13 	0.00, -0.00 	11,26,17,499		2.04,0.00	1000,1 	0
2699    	16.41, -4.84, -10.99 	-0.19, 29.89, -7.14 	0.00, -0.00 	11,26,17,509		2.98,1.14	1000,1 	0
2707    	16.42, -4.84, -11.00 	-0.19, 29.88, -7.13 	0.00, -0.00 	11,26,17,518		1.14,1.27	1000,1 	0
2717    	16.38, -4.84, -11.00 	-0.20, 29.87, -7.13 	0.00, -0.00 	11,26,17,529		3.72,1.36	1000,1 	0
2725    	16.38, -4.85, -11.00 	-0.21, 29.86, -7.14 	0.00, -0.00 	11,26,17,538		1.28,1.66	1000,1 	0
2733    	16.37, -4.87, -11.00 	-0.20, 29.86, -7.14 	0.00, -0.00 	11,26,17,547		2.46,1.00	1000,1 	0
2743    	16.38, -4.87, -11.00 	-0.22, 29.86, -7.15 	0.00, -0.00 	11,26,17,558		1.02,1.99	1000,1 	0
2751    	16.37, -4.87, -11.01 	-0.21, 29.83, -7.15 	0.00, -0.00 	11,26,17,567		1.14,2.79	1000,1 	0
2760    	16.38, -4.87, -11.02 	-0.21, 29.81, -7.15 	0.00, -0.00 	11,26,17,577		1.02,2.28	1000,1 	0
2768    	16.37, -4.90, -11.01 	-0.15, 29.75, -7.14 	0.00, -0.00 	11,26,17,586		3.93,9.29	1000,1 	0
2777    	16.37, -4.95, -11.01 	-0.05, 29.67, -7.11 	0.00, -0.00 	11,26,17,596		4.60,12.92	1000,1 	0
2786    	16.38, -4.97, -11.02 	0.05, 29.54, -7.10 	0.00, -0.00 	11,26,17,606		2.58,16.21	1000,1 	0
2794    	16.40, -4.99, -11.02 	0.16, 29.37, -7.07 	0.00, -0.00 	11,26,17,615		2.68,22.82	1000,1 	0
2803    	16.47, -5.06, -11.04 	0.25, 29.16, -7.05 	0.00, -0.00 	11,26,17,625		10.25,23.03	1000,1 	0
2812    	16.51, -5.13, -11.04 	0.32, 28.90, -7.02 	0.00, -0.00 	11,26,17,635		8.24,27.29	1000,1 	0
2820    	16.59, -5.22, -11.04 	0.38, 28.60, -6.98 	0.00, -0.00 	11,26,17,644		13.34,33.74	1000,1 	0
2829    	16.70, -5.37, -11.04 	0.41, 28.21, -6.94 	0.00, -0.00 	11,26,17,654		18.35,38.92	1000,1 	0
2838    	16.85, -5.51, -11.03 	0.43, 27.83, -6.93 	0.00, -0.00 	11,26,17,664		20.50,37.69	1000,1 	0
2846    	16.98, -5.77, -11.02 	0.45, 27.40, -6.93 	0.00, -0.00 	11,26,17,673		32.57,48.20	1000,1 	0
2855    	17.18, -6.06, -11.02 	0.47, 26.98, -6.97 	0.00, -0.00 	11,26,17,683		34.74,42.24	1000,1 	0
2864    	17.39, -6.40, -11.00 	0.49, 26.59, -7.03 	0.00, -0.00 	11,26,17,693		40.21,38.83	1000,1 	0
2872    	17.62, -6.72, -10.97 	0.50, 26.24, -7.09 	0.00, -0.00 	11,26,17,702		43.86,39.27	1000,1 	0
2881    	17.89, -7.10, -10.93 	0.53, 25.89, -7.14 	0.00, -0.00 	11,26,17,712		46.11,34.38	1000,1 	0
2890    	18.08, -7.50, -10.88 	0.58, 25.53, -7.17 	0.00, -0.00 	11,26,17,722		44.26,36.92	1000,1 	0
2898    	18.31, -7.90, -10.84 	0.63, 25.13, -7.17 	0.00, -0.00 	11,26,17,731		46.33,40.30	1000,1 	0
2907    	18.48, -8.26, -10.78 	0.70, 24.69, -7.18 	0.00, -0.00 	11,26,17,741		40.16,44.02	1000,1 	0
2916    	18.68, -8.62, -10.71 	0.73, 24.24, -7.22 	0.00, -0.00 	11,26,17,751		40.65,45.73	1000,1 	0
2924    	18.88, -8.92, -10.68 	0.74, 23.74, -7.27 	0.00, -0.00 	11,26,17,760		36.67,50.15	1000,1 	0
2933    	19.05, -9.24, -10.63 	0.70, 23.25, -7.36 	0.00, -0.00 	11,26,17,770		32.73,44.57	0,0 	0
2942    	19.30, -9.52, -10.60 	0.67, 22.76, -7.46 	0.00, -0.00 	11,26,17,780		37.20,48.98	0,0 	0
2951    	19.57, -9.80, -10.54 	0.58, 22.27, -7.55 	0.00, -0.00 	11,26,17,790		39.51,49.54	0,0 	0
2959    	19.82, -10.11, -10.48 	0.54, 21.75, -7.62 	0.00, -0.00 	11,26,17,799		39.86,52.43	0,0 	0
2968    	20.04, -10.53, -10.40 	0.52, 21.21, -7.69 	0.00, -0.00 	11,26,17,809		42.55,48.64	0,0 	0
2977    	20.33, -10.95, -10.32 	0.54, 20.70, -7.74 	0.00, -0.00 	11,26,17,819		51.19,51.34	0,0 	0
2985    	20.58, -11.45, -10.23 	0.64, 20.13, -7.77 	0.00, -0.00 	11,26,17,828		55.55,58.07	0,0 	0
2994    	20.81, -12.02, -10.12 	0.71, 19.52, -7.78 	0.00, -0.00 	11,26,17,838		61.99,60.95	0,0 	0
3003    	21.07, -12.56, -10.07 	0.84, 18.95, -7.80 	0.00, -0.00 	11,26,17,848		59.71,58.74	0,0 	0
3011    	21.30, -13.02, -10.01 	1.02, 18.35, -7.80 	0.00, -0.00 	11,26,17,857		51.43,62.34	0,0 	0
3020    	21.53, -13.37, -9.94 	1.20, 17.78, -7.80 	0.00, -0.00 	11,26,17,867		42.36,60.16	0,0 	0
3029    	21.74, -13.76, -9.90 	1.39, 17.16, -7.78 	0.00, -0.00 	11,26,17,877		44.23,64.83	0,0 	0
3037    	21.97, -14.17, -9.87 	1.54, 16.56, -7.78 	0.00, -0.00 	11,26,17,886		46.80,61.47	0,0 	0
3046    	22.23, -14.67, -9.81 	1.64, 15.96, -7.76 	0.00, -0.00 	11,26,17,896		56.06,61.44	0,0 	0
3055    	22.46, -15.14, -9.76 	1.78, 15.33, -7.72 	0.00, -0.00 	11,26,17,906		52.47,64.54	0,0 	0
3063    	22.74, -15.59, -9.72 	1.83, 14.77, -7.68 	0.00, -0.00 	11,26,17,915		52.57,56.16	0,0 	0
3072    	23.03, -15.91, -9.72 	1.91, 14.18, -7.65 	0.00, -0.00 	11,26,17,925		43.54,58.84	0,0 	0
3081    	23.24, -16.27, -9.65 	1.99, 13.67, -7.63 	0.00, -0.00 	11,26,17,935		41.20,52.08	0,0 	0
3089    	23.37, -16.64, -9.54 	2.04, 13.13, -7.59 	0.00, -0.00 	11,26,17,944		39.52,53.89	0,0 	0
3098    	23.49, -17.01, -9.44 	2.13, 12.51, -7.54 	0.00, -0.00 	11,26,17,954		39.16,62.39	0,0 	0
3107    	23.70, -17.42, -9.37 	2.24, 11.94, -7.48 	0.00, -0.00 	11,26,17,964		46.29,58.28	0,0 	0
3115    	23.88, -17.87, -9.31 	2.32, 11.34, -7.43 	0.00, -0.00 	11,26,17,973		48.04,61.10	0,0 	0
3124    	24.04, -18.36, -9.25 	2.46, 10.76, -7.37 	0.00, -0.00 	11,26,17,983		46.91,53.87	0,0 	0
3133    	24.15, -18.79, -9.17 	2.63, 10.20, -7.37 	0.00, -0.00 	11,26,17,993		44.39,58.76	0,0 	0
3142    	24.19, -19.19, -9.11 	2.68, 9.65, -7.37 	0.00, -0.00 	11,26,18,3		40.57,55.03	0,0 	0
3150    	24.24, -19.60, -9.05 	2.65, 9.16, -7.40 	0.00, -0.00 	11,26,18,12		20.36,24.49	0,0 	0
3159    	24.42, -19.89, -9.04 	2.62, 8.60, -7.39 	0.00, -0.00 	11,26,18,22		17.26,28.47	0,0 	0
3168    	24.59, -20.13, -9.07 	2.52, 8.14, -7.37 	0.00, -0.00 	11,26,18,32		14.53,23.18	0,0 	0
3176    	24.84, -20.37, -9.04 	2.47, 7.63, -7.32 	0.00, -0.00 	11,26,18,41		17.34,25.68	0,0 	0
3185    	24.99, -20.64, -8.92 	2.45, 7.10, -7.29 	0.00, -0.00 	11,26,18,51		14.95,25.48	0,0 	0
3194    	25.02, -20.95, -8.80 	2.47, 6.58, -7.22 	0.00, -0.00 	11,26,18,61		15.63,25.67	0,0 	0
3202    	25.03, -21.25, -8.67 	2.43, 6.07, -7.19 	0.00, -0.00 	11,26,18,70		14.95,25.68	0,0 	0
3211    	25.01, -21.47, -8.58 	2.37, 5.57, -7.18 	0.00, -0.00 	11,26,18,80		10.91,25.15	0,0 	0
3220    	25.02, -21.67, -8.54 	2.27, 5.10, -7.15 	0.00, -0.00 	11,26,18,90		9.82,24.29	0,0 	0
3228    	24.98, -21.88, -8.51 	2.15, 4.67, -7.08 	0.00, -0.00 	11,26,18,99		11.06,22.29	0,0 	0
3237    	24.98, -22.19, -8.49 	2.09, 4.18, -7.00 	0.00, -0.00 	11,26,18,109		15.53,24.58	0,0 	0
3246    	25.08, -22.48, -8.44 	1.88, 3.79, -6.94 	0.00, -0.00 	11,26,18,119		15.37,22.25	0,0 	0
3254    	25.18, -22.66, -8.38 	1.72, 3.42, -6.86 	0.00, -0.00 	11,26,18,128		10.30,20.20	0,0 	0
3263    	25.21, -22.81, -8.35 	1.63, 3.13, -6.86 	0.00, -0.00 	11,26,18,138		7.61,14.80	0,0 	0
3272    	25.17, -23.06, -8.30 	1.55, 2.88, -6.86 	0.00, -0.00 	11,26,18,148		12.69,13.04	0,0 	0
3280    	25.16, -23.20, -8.21 	1.39, 2.50, -6.80 	0.00, -0.00 	11,26,18,157		6.89,20.73	0,0 	0
3290    	25.15, -23.33, -8.15 	1.16, 2.11, -6.73 	0.00, -0.00 	11,26,18,168		6.04,21.62	0,0 	0
3298    	25.20, -23.40, -8.13 	0.87, 1.78, -6.64 	0.00, -0.00 	11,26,18,177		4.42,22.05	0,0 	0
3306    	25.29, -23.35, -8.11 	0.59, 1.53, -6.62 	0.00, -0.00 	11,26,18,186		11.14,41.88	0,0 	0
3315    	25.31, -23.38, -8.09 	0.39, 1.29, -6.60 	0.00, -0.00 	11,26,18,196		3.17,31.56	0,0 	0
3324    	25.33, -23.40, -8.09 	0.28, 1.06, -6.55 	0.00, -0.00 	11,26,18,206		3.53,27.77	0,0 	0
3333    	25.28, -23.43, -8.09 	0.21, 0.97, -6.63 	0.00, -0.00 	11,26,18,216		6.65,12.57	0,0 	0
3341    	25.19, -23.57, -8.03 	0.07, 0.77, -6.66 	0.00, -0.00 	11,26,18,225		17.89,27.18	0,0 	0
3350    	25.09, -23.68, -7.98 	-0.06, 0.59, -6.70 	0.00, -0.00 	11,26,18,235		16.55,24.50	0,0 	0
