#Time 	Sensor1         Sensor2         Target          Time            Vel             
#================================================================

10      	24.57, -25.61, -7.58 	0.43, -0.43, -6.75 	0.00, 30.00 	11,26,51,626		0.00,0.00	0,0 	0
17      	24.58, -25.60, -7.56 	0.43, -0.43, -6.75 	0.00, 30.00 	11,26,51,634		2.13,0.00	0,0 	0
25      	24.56, -25.62, -7.56 	0.42, -0.44, -6.76 	0.00, 30.00 	11,26,51,643		3.72,1.86	0,0 	0
35      	24.56, -25.63, -7.55 	0.46, -0.44, -6.75 	0.00, 30.00 	11,26,51,654		1.15,3.98	0,0 	0
43      	24.52, -25.64, -7.55 	0.43, -0.44, -6.75 	0.00, 30.00 	11,26,51,663		5.22,3.73	0,0 	0
52      	24.53, -25.64, -7.53 	0.45, -0.44, -6.74 	0.00, 30.00 	11,26,51,673		1.14,2.21	0,0 	0
61      	24.54, -25.63, -7.54 	0.45, -0.44, -6.76 	0.00, 30.00 	11,26,51,683		1.66,0.00	0,0 	0
69      	24.56, -25.65, -7.52 	0.44, -0.44, -6.76 	0.00, 30.00 	11,26,51,692		3.97,1.24	0,0 	0
78      	24.56, -25.65, -7.52 	0.46, -0.46, -6.75 	0.00, 30.00 	11,26,51,702		0.00,2.58	0,0 	0
87      	24.56, -25.67, -7.51 	0.44, -0.46, -6.75 	0.00, 30.00 	11,26,51,712		1.28,2.21	0,0 	0
95      	24.56, -25.67, -7.51 	0.48, -0.46, -6.75 	0.00, 30.00 	11,26,51,721		0.00,4.98	0,0 	0
104     	24.55, -25.67, -7.53 	0.46, -0.44, -6.75 	0.00, 30.00 	11,26,51,731		1.14,2.58	0,0 	0
113     	24.54, -25.65, -7.52 	0.44, -0.44, -6.75 	0.00, 30.00 	11,26,51,741		1.76,2.21	0,0 	0
121     	24.57, -25.63, -7.53 	0.48, -0.45, -6.75 	0.00, 30.00 	11,26,51,750		4.64,4.98	0,0 	0
130     	24.57, -25.64, -7.51 	0.44, -0.43, -6.75 	0.00, 30.00 	11,26,51,760		1.28,4.63	0,0 	0
139     	24.59, -25.66, -7.51 	0.44, -0.43, -6.75 	0.00, 30.00 	11,26,51,770		2.68,0.00	0,0 	0
147     	24.60, -25.63, -7.52 	0.42, -0.43, -6.76 	0.00, 30.00 	11,26,51,779		3.07,2.49	0,0 	0
156     	24.60, -25.62, -7.51 	0.45, -0.44, -6.75 	0.00, 30.00 	11,26,51,789		1.28,3.58	0,0 	0
165     	24.57, -25.63, -7.51 	0.43, -0.44, -6.76 	0.00, 30.00 	11,26,51,799		3.56,2.21	0,0 	0
174     	24.58, -25.63, -7.48 	0.44, -0.44, -6.75 	0.00, 30.00 	11,26,51,809		1.14,1.11	0,0 	0
182     	24.57, -25.60, -7.48 	0.44, -0.43, -6.74 	0.00, 30.00 	11,26,51,818		4.58,1.42	0,0 	0
191     	24.55, -25.61, -7.47 	0.44, -0.43, -6.74 	0.00, 30.00 	11,26,51,828		2.54,0.00	0,0 	0
200     	24.55, -25.60, -7.47 	0.46, -0.43, -6.73 	0.00, 30.00 	11,26,51,838		1.28,2.21	0,0 	0
208     	24.56, -25.63, -7.47 	0.44, -0.42, -6.74 	0.00, 30.00 	11,26,51,847		4.58,2.90	0,0 	0
216     	24.57, -25.62, -7.48 	0.44, -0.42, -6.75 	0.00, 30.00 	11,26,51,856		1.86,0.00	0,0 	0
226     	24.57, -25.62, -7.48 	0.45, -0.43, -6.74 	0.00, 30.00 	11,26,51,867		0.00,1.53	0,0 	0
234     	24.56, -25.64, -7.47 	0.45, -0.43, -6.75 	0.00, 30.00 	11,26,51,876		3.07,0.00	0,0 	0
243     	24.56, -25.65, -7.47 	0.45, -0.43, -6.75 	0.00, 30.00 	11,26,51,886		1.28,0.00	0,0 	0
252     	24.54, -25.68, -7.47 	0.44, -0.42, -6.76 	0.00, 30.00 	11,26,51,896		3.31,1.70	0,0 	0
260     	24.52, -25.69, -7.47 	0.43, -0.42, -6.76 	0.00, 30.00 	11,26,51,905		2.85,1.24	0,0 	0
269     	24.52, -25.68, -7.47 	0.43, -0.42, -6.75 	0.00, 30.00 	11,26,51,915		1.28,0.00	0,0 	0
278     	24.55, -25.69, -7.47 	0.43, -0.44, -6.74 	0.00, 30.00 	11,26,51,925		3.71,2.53	0,0 	0
286     	24.53, -25.69, -7.47 	0.47, -0.44, -6.74 	0.00, 30.00 	11,26,51,934		2.56,4.98	0,0 	0
295     	24.52, -25.71, -7.46 	0.46, -0.44, -6.74 	0.00, 30.00 	11,26,51,944		2.73,1.11	0,0 	0
304     	24.51, -25.71, -7.43 	0.42, -0.43, -6.74 	0.00, 30.00 	11,26,51,954		1.14,4.63	0,0 	0
312     	24.52, -25.71, -7.40 	0.46, -0.42, -6.73 	0.00, 30.00 	11,26,51,963		1.28,5.14	0,0 	0
321     	24.52, -25.71, -7.40 	0.46, -0.43, -6.75 	0.00, 30.00 	11,26,51,973		0.00,1.27	0,0 	0
330     	24.52, -25.71, -7.40 	0.46, -0.43, -6.74 	0.00, 30.00 	11,26,51,983		0.00,0.00	0,0 	0
338     	24.50, -25.71, -7.39 	0.46, -0.42, -6.73 	0.00, 30.00 	11,26,51,992		2.56,1.42	0,0 	0
347     	24.50, -25.69, -7.39 	0.45, -0.44, -6.74 	0.00, 30.00 	11,26,52,2		2.56,2.73	0,0 	0
356     	24.50, -25.69, -7.39 	0.44, -0.44, -6.75 	0.00, 30.00 	11,26,52,12		0.00,1.11	0,0 	0
365     	24.48, -25.71, -7.39 	0.44, -0.44, -6.75 	0.00, 30.00 	11,26,52,22		3.31,0.00	0,0 	0
373     	24.49, -25.70, -7.37 	0.44, -0.44, -6.75 	0.00, 30.00 	11,26,52,31		1.86,0.00	0,0 	0
382     	24.49, -25.69, -7.37 	0.48, -0.45, -6.76 	0.00, 30.00 	11,26,52,41		1.28,4.42	0,0 	0
391     	24.49, -25.71, -7.36 	0.48, -0.45, -6.76 	0.00, 30.00 	11,26,52,51		2.56,0.00	0,0 	0
399     	24.47, -25.73, -7.37 	0.45, -0.43, -6.75 	0.00, 30.00 	11,26,52,60		3.72,4.03	0,0 	0
407     	24.47, -25.74, -7.35 	0.46, -0.43, -6.75 	0.00, 30.00 	11,26,52,69		1.44,1.24	0,0 	0
417     	24.47, -25.78, -7.34 	0.47, -0.43, -6.75 	0.00, 30.00 	11,26,52,80		3.45,1.00	0,0 	0
426     	24.47, -25.78, -7.33 	0.47, -0.44, -6.75 	0.00, 30.00 	11,26,52,89		0.00,1.27	0,0 	0
435     	24.48, -25.79, -7.35 	0.49, -0.45, -6.75 	0.00, 30.00 	11,26,52,99		1.76,2.21	0,0 	0
445     	24.50, -25.80, -7.35 	0.45, -0.43, -6.76 	0.00, 30.00 	11,26,52,109		2.41,4.17	0,0 	0
453     	24.50, -25.79, -7.35 	0.45, -0.43, -6.76 	0.00, 30.00 	11,26,52,118		1.44,0.00	0,0 	0
462     	24.49, -25.78, -7.35 	0.44, -0.46, -6.76 	0.00, 30.00 	11,26,52,128		1.76,2.73	0,0 	0
471     	24.49, -25.78, -7.35 	0.46, -0.46, -6.76 	0.00, 30.00 	11,26,52,138		0.00,2.21	0,0 	0
479     	24.49, -25.81, -7.34 	0.46, -0.46, -6.75 	0.00, 30.00 	11,26,52,147		4.31,0.00	0,0 	0
488     	24.49, -25.80, -7.34 	0.45, -0.46, -6.75 	0.00, 30.00 	11,26,52,157		1.28,1.11	0,0 	0
497     	24.49, -25.80, -7.34 	0.44, -0.44, -6.74 	0.00, 30.00 	11,26,52,167		0.00,1.70	0,0 	0
505     	24.49, -25.79, -7.34 	0.44, -0.44, -6.75 	0.00, 30.00 	11,26,52,176		1.44,0.00	0,0 	0
514     	24.51, -25.81, -7.33 	0.44, -0.44, -6.75 	0.00, 30.00 	11,26,52,186		3.53,0.00	0,0 	0
523     	24.52, -25.79, -7.33 	0.44, -0.44, -6.75 	0.00, 30.00 	11,26,52,196		2.73,0.00	0,0 	0
531     	24.50, -25.81, -7.34 	0.45, -0.43, -6.75 	0.00, 30.00 	11,26,52,205		3.72,1.86	0,0 	0
540     	24.49, -25.80, -7.33 	0.44, -0.43, -6.75 	0.00, 30.00 	11,26,52,215		1.76,1.11	0,0 	0
549     	24.50, -25.81, -7.33 	0.40, -0.42, -6.75 	0.00, 30.00 	11,26,52,225		1.76,4.63	0,0 	0
558     	24.51, -25.81, -7.33 	0.47, -0.40, -6.74 	0.00, 30.00 	11,26,52,235		1.14,8.08	0,0 	0
566     	24.51, -25.81, -7.33 	0.42, -0.42, -6.74 	0.00, 30.00 	11,26,52,244		0.00,6.77	0,0 	0
575     	24.51, -25.81, -7.33 	0.42, -0.42, -6.74 	0.00, 30.00 	11,26,52,254		0.00,0.00	0,0 	0
584     	24.52, -25.84, -7.33 	0.42, -0.42, -6.74 	0.00, 30.00 	11,26,52,264		2.86,0.00	0,0 	0
592     	24.52, -25.84, -7.33 	0.44, -0.42, -6.74 	0.00, 30.00 	11,26,52,273		0.00,2.49	0,0 	0
600     	24.52, -25.85, -7.31 	0.43, -0.44, -6.74 	0.00, 30.00 	11,26,52,282		1.44,3.08	0,0 	0
610     	24.52, -25.85, -7.30 	0.43, -0.44, -6.74 	0.00, 30.00 	11,26,52,293		0.00,0.00	0,0 	0
618     	24.52, -25.86, -7.33 	0.43, -0.44, -6.74 	0.00, 30.00 	11,26,52,302		1.44,0.00	0,0 	0
627     	24.50, -25.85, -7.33 	0.43, -0.44, -6.74 	0.00, 30.00 	11,26,52,312		2.68,0.00	0,0 	0
636     	24.50, -25.85, -7.34 	0.43, -0.43, -6.73 	0.00, 30.00 	11,26,52,322		0.00,1.27	0,0 	0
644     	24.50, -25.85, -7.33 	0.43, -0.43, -6.75 	0.00, 30.00 	11,26,52,331		0.00,0.00	0,0 	0
653     	24.51, -25.88, -7.31 	0.43, -0.43, -6.75 	0.00, 30.00 	11,26,52,341		4.07,0.00	0,0 	0
662     	24.50, -25.88, -7.29 	0.43, -0.43, -6.75 	0.00, 30.00 	11,26,52,351		1.14,0.00	0,0 	0
670     	24.50, -25.90, -7.29 	0.43, -0.43, -6.75 	0.00, 30.00 	11,26,52,360		2.88,0.00	0,0 	0
679     	24.50, -25.88, -7.32 	0.44, -0.43, -6.75 	0.00, 30.00 	11,26,52,370		2.56,1.11	0,0 	0
688     	24.46, -25.89, -7.32 	0.44, -0.43, -6.75 	0.00, 30.00 	11,26,52,380		4.64,0.00	0,0 	0
696     	24.46, -25.89, -7.32 	0.44, -0.43, -6.75 	0.00, 30.00 	11,26,52,389		0.00,0.00	0,0 	0
705     	24.50, -25.87, -7.31 	0.44, -0.43, -6.75 	0.00, 30.00 	11,26,52,399		5.07,0.00	0,0 	0
714     	24.52, -25.88, -7.32 	0.44, -0.43, -6.75 	0.00, 30.00 	11,26,52,409		2.68,0.00	0,0 	0
722     	24.52, -25.89, -7.33 	0.44, -0.43, -6.75 	0.00, 30.00 	11,26,52,418		1.44,0.00	0,0 	0
732     	24.52, -25.87, -7.33 	0.45, -0.43, -6.75 	0.00, 30.00 	11,26,52,428		2.30,1.00	0,0 	0
741     	24.52, -25.87, -7.33 	0.43, -0.43, -6.75 	0.00, 30.00 	11,26,52,438		0.00,2.21	0,0 	0
750     	24.57, -25.84, -7.33 	0.42, -0.43, -6.75 	0.00, 30.00 	11,26,52,448		6.65,1.11	0,0 	0
758     	24.53, -25.88, -7.33 	0.43, -0.43, -6.74 	0.00, 30.00 	11,26,52,457		7.45,1.24	0,0 	0
767     	24.53, -25.86, -7.34 	0.41, -0.43, -6.74 	0.00, 30.00 	11,26,52,467		2.56,2.21	0,0 	0
776     	24.53, -25.89, -7.35 	0.41, -0.43, -6.74 	0.00, 30.00 	11,26,52,477		3.83,0.00	0,0 	0
784     	24.52, -25.87, -7.34 	0.42, -0.41, -6.74 	0.00, 30.00 	11,26,52,486		3.22,3.08	0,0 	0
792     	24.50, -25.88, -7.33 	0.40, -0.41, -6.74 	0.00, 30.00 	11,26,52,495		2.85,2.49	0,0 	0
802     	24.50, -25.89, -7.34 	0.47, -0.40, -6.74 	0.00, 30.00 	11,26,52,506		1.15,7.03	0,0 	0
810     	24.52, -25.88, -7.34 	0.40, -0.42, -6.74 	0.00, 30.00 	11,26,52,515		2.85,9.09	0,0 	0
819     	24.49, -25.87, -7.34 	0.39, -0.43, -6.74 	0.00, 30.00 	11,26,52,525		3.71,1.66	0,0 	0
828     	24.49, -25.88, -7.35 	0.45, -0.42, -6.75 	0.00, 30.00 	11,26,52,535		1.28,6.72	0,0 	0
836     	24.53, -25.87, -7.35 	0.40, -0.43, -6.75 	0.00, 30.00 	11,26,52,544		5.22,6.34	0,0 	0
845     	24.52, -25.86, -7.37 	0.44, -0.42, -6.74 	0.00, 30.00 	11,26,52,554		1.76,4.57	0,0 	0
854     	24.53, -25.85, -7.37 	0.40, -0.43, -6.75 	0.00, 30.00 	11,26,52,564		1.66,4.57	0,0 	0
862     	24.53, -25.85, -7.37 	0.45, -0.42, -6.74 	0.00, 30.00 	11,26,52,573		0.00,6.34	0,0 	0
871     	24.53, -25.85, -7.36 	0.44, -0.44, -6.75 	0.00, 30.00 	11,26,52,583		0.00,2.73	0,0 	0
880     	24.53, -25.88, -7.37 	0.44, -0.44, -6.75 	0.00, 30.00 	11,26,52,593		3.83,0.00	0,0 	0
888     	24.51, -25.88, -7.37 	0.44, -0.44, -6.75 	0.00, 30.00 	11,26,52,602		2.56,0.00	0,0 	0
897     	24.51, -25.87, -7.38 	0.44, -0.44, -6.75 	0.00, 30.00 	11,26,52,612		1.28,0.00	0,0 	0
906     	24.53, -25.84, -7.37 	0.42, -0.44, -6.75 	0.00, 30.00 	11,26,52,622		4.33,2.21	0,0 	0
914     	24.52, -25.85, -7.37 	0.45, -0.44, -6.75 	0.00, 30.00 	11,26,52,631		1.86,3.73	0,0 	0
923     	24.52, -25.85, -7.37 	0.45, -0.44, -6.75 	0.00, 30.00 	11,26,52,641		0.00,0.00	0,0 	0
932     	24.52, -25.87, -7.37 	0.45, -0.44, -6.75 	0.00, 30.00 	11,26,52,651		2.56,0.00	0,0 	0
942     	24.51, -25.87, -7.37 	0.45, -0.44, -6.75 	0.00, 30.00 	11,26,52,662		1.02,0.00	0,0 	0
950     	24.50, -25.90, -7.37 	0.45, -0.44, -6.75 	0.00, 30.00 	11,26,52,670		4.42,0.00	0,0 	0
959     	24.50, -25.92, -7.38 	0.41, -0.43, -6.75 	0.00, 30.00 	11,26,52,680		1.28,4.63	0,0 	0
968     	24.53, -25.91, -7.39 	0.42, -0.44, -6.75 	0.00, 30.00 	11,26,52,690		3.56,1.70	0,0 	0
976     	24.50, -25.93, -7.38 	0.42, -0.43, -6.75 	0.00, 30.00 	11,26,52,699		4.64,1.42	0,0 	0
985     	24.50, -25.94, -7.38 	0.42, -0.43, -6.75 	0.00, 30.00 	11,26,52,709		1.28,0.00	0,0 	0
994     	24.51, -25.91, -7.38 	0.42, -0.43, -6.75 	0.00, 30.00 	11,26,52,719		3.93,0.00	0,0 	0
1002    	24.50, -25.90, -7.37 	0.42, -0.43, -6.75 	0.00, 30.00 	11,26,52,728		1.28,0.00	1000,1 	0
1011    	24.50, -25.93, -7.37 	0.42, -0.43, -6.75 	0.00, 30.00 	11,26,52,738		2.56,0.00	1000,1 	0
1020    	24.49, -25.90, -7.37 	0.42, -0.43, -6.75 	0.00, 30.00 	11,26,52,748		2.86,0.00	1000,1 	0
1028    	24.47, -25.89, -7.37 	0.42, -0.43, -6.75 	0.00, 30.00 	11,26,52,757		3.01,0.00	1000,1 	0
1037    	24.46, -25.90, -7.37 	0.42, -0.43, -6.75 	0.00, 30.00 	11,26,52,767		1.66,0.00	1000,1 	0
1046    	24.47, -25.88, -7.37 	0.44, -0.44, -6.75 	0.00, 30.00 	11,26,52,777		2.73,2.58	1000,1 	0
1054    	24.47, -25.87, -7.37 	0.44, -0.43, -6.75 	0.00, 30.00 	11,26,52,786		1.44,1.42	1000,1 	0
1063    	24.50, -25.88, -7.36 	0.42, -0.43, -6.75 	0.00, 30.00 	11,26,52,796		3.71,2.21	1000,1 	0
1072    	24.54, -25.88, -7.36 	0.42, -0.43, -6.75 	0.00, 30.00 	11,26,52,806		4.54,0.00	1000,1 	0
1080    	24.53, -25.88, -7.35 	0.42, -0.43, -6.75 	0.00, 30.00 	11,26,52,815		1.28,0.00	1000,1 	0
1089    	24.51, -25.86, -7.37 	0.44, -0.43, -6.74 	0.00, 30.00 	11,26,52,825		3.53,2.21	1000,1 	0
1098    	24.50, -25.88, -7.37 	0.44, -0.43, -6.74 	0.00, 30.00 	11,26,52,835		2.73,0.00	1000,1 	0
1106    	24.53, -25.86, -7.36 	0.46, -0.46, -6.72 	0.00, 30.00 	11,26,52,844		4.64,3.83	1000,1 	0
1115    	24.53, -25.89, -7.35 	0.45, -0.46, -6.74 	0.00, 30.00 	11,26,52,854		3.83,1.11	1000,1 	0
1124    	24.51, -25.89, -7.34 	0.42, -0.47, -6.74 	0.00, 30.00 	11,26,52,864		2.27,3.52	1000,1 	0
1133    	24.53, -25.87, -7.37 	0.43, -0.47, -6.74 	0.00, 30.00 	11,26,52,874		3.31,1.11	1000,1 	0
1141    	24.54, -25.88, -7.36 	0.43, -0.49, -6.73 	0.00, 30.00 	11,26,52,883		1.98,2.85	1000,1 	0
1150    	24.50, -25.86, -7.38 	0.43, -0.52, -6.74 	0.00, 30.00 	11,26,52,893		5.35,3.80	1000,1 	0
1159    	24.53, -25.85, -7.37 	0.37, -0.59, -6.75 	0.00, 30.00 	11,26,52,903		3.56,9.94	1000,1 	0
1167    	24.51, -25.82, -7.37 	0.47, -0.64, -6.74 	0.00, 30.00 	11,26,52,912		3.97,13.82	1000,1 	0
1175    	24.51, -25.79, -7.38 	0.38, -0.75, -6.75 	0.00, 30.00 	11,26,52,921		4.31,17.87	1000,1 	0
1185    	24.57, -25.79, -7.38 	0.43, -0.83, -6.77 	0.00, 30.00 	11,26,52,932		6.13,9.51	1000,1 	0
1193    	24.58, -25.77, -7.39 	0.36, -0.89, -6.78 	0.00, 30.00 	11,26,52,941		3.07,11.09	1000,1 	0
1202    	24.55, -25.78, -7.40 	0.43, -0.89, -6.78 	0.00, 30.00 	11,26,52,951		3.56,7.74	1000,1 	0
1211    	24.56, -25.80, -7.39 	0.31, -0.91, -6.78 	0.00, 30.00 	11,26,52,961		2.86,13.44	1000,1 	0
1219    	24.55, -25.78, -7.38 	0.38, -0.89, -6.77 	0.00, 30.00 	11,26,52,970		3.22,9.09	1000,1 	0
1228    	24.56, -25.80, -7.39 	0.37, -0.91, -6.76 	0.00, 30.00 	11,26,52,980		2.86,2.73	1000,1 	0
1237    	24.55, -25.80, -7.38 	0.36, -0.91, -6.75 	0.00, 30.00 	11,26,52,990		1.14,1.11	1000,1 	0
1245    	24.58, -25.78, -7.40 	0.34, -0.91, -6.73 	0.00, 30.00 	11,26,52,999		4.64,2.49	1000,1 	0
1254    	24.57, -25.79, -7.41 	0.34, -0.91, -6.74 	0.00, 30.00 	11,26,53,9		1.66,0.00	1000,1 	0
1263    	24.56, -25.78, -7.44 	0.33, -0.90, -6.76 	0.00, 30.00 	11,26,53,19		1.76,1.70	1000,1 	0
1272    	24.58, -25.74, -7.42 	0.35, -0.90, -6.75 	0.00, 30.00 	11,26,53,28		5.46,2.21	1000,1 	0
1281    	24.55, -25.72, -7.42 	0.30, -0.91, -6.73 	0.00, 30.00 	11,26,53,38		3.71,5.64	1000,1 	0
1290    	24.59, -25.70, -7.44 	0.28, -0.94, -6.73 	0.00, 30.00 	11,26,53,48		5.07,4.34	1000,1 	0
1298    	24.62, -25.65, -7.46 	0.34, -0.92, -6.72 	0.00, 30.00 	11,26,53,57		7.93,7.91	1000,1 	0
1307    	24.64, -25.58, -7.49 	0.31, -0.92, -6.73 	0.00, 30.00 	11,26,53,67		7.86,3.32	1000,1 	0
1316    	24.64, -25.55, -7.50 	0.33, -0.87, -6.77 	0.00, 30.00 	11,26,53,77		2.56,5.47	1000,1 	0
1325    	24.59, -25.52, -7.53 	0.38, -0.78, -6.80 	0.00, 30.00 	11,26,53,87		6.13,11.40	1000,1 	0
1333    	24.72, -25.41, -7.59 	0.36, -0.66, -6.84 	0.00, 30.00 	11,26,53,96		20.35,15.92	1000,1 	0
1342    	24.70, -25.35, -7.64 	0.33, -0.57, -6.86 	0.00, 30.00 	11,26,53,106		6.56,10.74	1000,1 	0
1351    	24.74, -25.20, -7.76 	0.38, -0.47, -6.89 	0.00, 30.00 	11,26,53,116		16.95,12.52	1000,1 	0
1359    	24.76, -25.03, -7.88 	0.33, -0.27, -6.93 	0.00, 30.00 	11,26,53,125		21.56,25.15	1000,1 	0
1367    	24.81, -24.75, -8.06 	0.26, 0.05, -6.96 	0.00, 30.00 	11,26,53,134		36.11,41.03	1000,1 	0
1377    	24.79, -24.44, -8.23 	0.31, 0.79, -7.08 	0.00, 30.00 	11,26,53,145		31.14,74.05	1000,1 	0
1385    	24.69, -24.07, -8.37 	0.39, 1.87, -7.26 	0.00, 30.00 	11,26,53,154		46.73,135.33	1000,1 	0
1394    	24.66, -23.68, -8.52 	0.21, 2.38, -7.40 	0.00, 30.00 	11,26,53,164		43.66,59.64	1000,1 	0
1403    	24.70, -23.28, -8.67 	0.16, 2.83, -7.51 	0.00, 30.00 	11,26,53,174		44.68,51.07	1000,1 	0
1411    	24.75, -22.71, -8.87 	0.01, 3.27, -7.59 	0.00, 30.00 	11,26,53,183		71.81,57.71	1000,1 	0
1420    	24.75, -22.12, -9.00 	-0.11, 3.73, -7.69 	0.00, 30.00 	11,26,53,193		65.12,52.68	1000,1 	0
1429    	24.72, -21.65, -9.14 	-0.18, 4.25, -7.85 	0.00, 30.00 	11,26,53,203		52.59,58.93	1000,1 	0
1437    	24.71, -21.27, -9.31 	-0.21, 4.85, -8.07 	0.00, 30.00 	11,26,53,212		47.45,74.22	1000,1 	0
1446    	24.58, -20.89, -9.47 	-0.29, 5.41, -8.29 	0.00, 30.00 	11,26,53,222		45.13,62.87	1000,1 	0
1455    	24.54, -20.52, -9.62 	-0.35, 5.94, -8.51 	0.00, 30.00 	11,26,53,232		41.25,60.02	1000,1 	0
1463    	24.52, -20.15, -9.71 	-0.45, 6.44, -8.70 	0.00, 30.00 	11,26,53,241		46.24,62.80	1000,1 	0
1472    	24.44, -19.82, -9.80 	-0.59, 6.93, -8.85 	0.00, 30.00 	11,26,53,251		37.14,56.98	1000,1 	0
1481    	24.36, -19.51, -9.93 	-0.66, 7.51, -9.03 	0.00, 30.00 	11,26,53,261		35.90,65.21	1000,1 	0
1489    	24.33, -19.12, -10.07 	-0.69, 8.16, -9.21 	0.00, 30.00 	11,26,53,270		49.11,81.33	1000,1 	0
1498    	24.26, -18.66, -10.20 	-0.75, 8.81, -9.36 	0.00, 30.00 	11,26,53,280		52.00,72.61	1000,1 	0
1507    	24.20, -18.18, -10.31 	-0.82, 9.46, -9.51 	0.00, 30.00 	11,26,53,290		53.06,72.75	1000,1 	0
1516    	24.00, -17.75, -10.41 	-0.88, 10.17, -9.65 	0.00, 30.00 	11,26,53,300		53.20,78.92	1000,1 	0
1524    	23.74, -17.38, -10.47 	-0.93, 10.88, -9.80 	0.00, 30.00 	11,26,53,309		56.45,88.65	1000,1 	0
1532    	23.50, -16.94, -10.53 	-0.98, 11.60, -9.92 	0.00, 30.00 	11,26,53,318		62.38,90.07	1000,1 	0
1542    	23.34, -16.46, -10.62 	-0.94, 12.36, -10.03 	0.00, 30.00 	11,26,53,329		50.50,76.30	1000,1 	0
1550    	23.22, -15.98, -10.74 	-1.00, 13.08, -10.13 	0.00, 30.00 	11,26,53,338		62.51,90.20	1000,1 	0
1558    	22.97, -15.63, -10.85 	-1.00, 13.80, -10.20 	0.00, 30.00 	11,26,53,347		53.30,89.68	1000,1 	0
1568    	22.85, -15.34, -10.94 	-1.06, 14.55, -10.24 	0.00, 30.00 	11,26,53,358		31.97,75.56	1000,1 	0
1576    	22.74, -15.05, -10.98 	-1.10, 15.26, -10.27 	0.00, 30.00 	11,26,53,367		38.90,88.54	1000,1 	0
1585    	22.64, -14.63, -11.04 	-1.15, 15.93, -10.30 	0.00, 30.00 	11,26,53,377		47.76,75.01	1000,1 	0
1594    	22.50, -14.27, -11.10 	-1.20, 16.60, -10.31 	0.00, 30.00 	11,26,53,387		43.15,75.01	1000,1 	0
1602    	22.29, -13.88, -11.16 	-1.23, 17.22, -10.28 	0.00, 30.00 	11,26,53,396		55.29,77.06	1000,1 	0
1611    	22.11, -13.48, -11.21 	-1.26, 17.84, -10.23 	0.00, 30.00 	11,26,53,406		48.65,68.50	1000,1 	0
1620    	21.90, -12.99, -11.29 	-1.26, 18.50, -10.18 	0.00, 30.00 	11,26,53,416		59.10,73.39	1000,1 	0
1628    	21.70, -12.61, -11.33 	-1.23, 19.17, -10.12 	0.00, 30.00 	11,26,53,425		53.36,83.97	1000,1 	0
1637    	21.42, -12.27, -11.37 	-1.24, 19.76, -10.05 	0.00, 30.00 	11,26,53,435		49.57,65.84	1000,1 	0
1646    	21.15, -11.99, -11.40 	-1.20, 20.32, -9.99 	0.00, 30.00 	11,26,53,445		42.96,62.04	1000,1 	0
1654    	20.94, -11.66, -11.45 	-1.16, 20.85, -9.94 	0.00, 30.00 	11,26,53,454		49.03,66.95	1000,1 	0
1663    	20.73, -11.29, -11.53 	-1.15, 21.36, -9.88 	0.00, 30.00 	11,26,53,464		46.90,56.92	1000,1 	0
1672    	20.55, -10.96, -11.58 	-1.13, 21.84, -9.82 	0.00, 30.00 	11,26,53,474		41.72,53.13	1000,1 	0
1680    	20.32, -10.69, -11.61 	-1.12, 22.26, -9.74 	0.00, 30.00 	11,26,53,483		44.73,52.65	1000,1 	0
1689    	20.16, -10.38, -11.64 	-1.13, 22.67, -9.68 	0.00, 30.00 	11,26,53,493		38.29,45.60	1000,1 	0
1698    	20.02, -10.01, -11.66 	-1.16, 23.01, -9.62 	0.00, 30.00 	11,26,53,503		44.35,38.20	1000,1 	0
1707    	19.90, -9.64, -11.68 	-1.20, 23.38, -9.56 	0.00, 30.00 	11,26,53,513		43.51,40.85	1000,1 	0
1715    	19.74, -9.27, -11.68 	-1.20, 23.74, -9.50 	0.00, 30.00 	11,26,53,522		49.62,45.55	1000,1 	0
1724    	19.60, -8.94, -11.67 	-1.23, 24.11, -9.44 	0.00, 30.00 	11,26,53,532		39.56,40.72	1000,1 	0
1733    	19.43, -8.66, -11.67 	-1.23, 24.46, -9.38 	0.00, 30.00 	11,26,53,542		37.26,39.23	1000,1 	0
1741    	19.26, -8.39, -11.65 	-1.24, 24.79, -9.31 	0.00, 30.00 	11,26,53,551		39.96,41.34	1000,1 	0
1749    	19.11, -8.21, -11.65 	-1.25, 25.10, -9.24 	0.00, 30.00 	11,26,53,560		28.88,38.49	1000,1 	0
1759    	18.97, -8.01, -11.66 	-1.23, 25.41, -9.18 	0.00, 30.00 	11,26,53,571		24.33,30.76	1000,1 	0
1767    	18.88, -7.82, -11.65 	-1.18, 25.74, -9.13 	0.00, 30.00 	11,26,53,580		26.36,41.58	1000,1 	0
1776    	18.76, -7.64, -11.65 	-1.16, 26.04, -9.07 	0.00, 30.00 	11,26,53,590		23.53,34.18	1000,1 	0
1785    	18.65, -7.47, -11.65 	-1.13, 26.35, -9.02 	0.00, 30.00 	11,26,53,600		23.53,34.23	1000,1 	0
1793    	18.50, -7.25, -11.65 	-1.07, 26.66, -8.95 	0.00, 30.00 	11,26,53,609		32.38,38.95	1000,1 	0
1802    	18.37, -7.03, -11.66 	-1.02, 26.93, -8.88 	0.00, 30.00 	11,26,53,619		28.59,30.72	1000,1 	0
1811    	18.29, -6.83, -11.66 	-0.98, 27.20, -8.79 	0.00, 30.00 	11,26,53,629		24.07,30.57	1000,1 	0
1819    	18.14, -6.59, -11.66 	-0.96, 27.45, -8.72 	0.00, 30.00 	11,26,53,638		34.81,31.35	1000,1 	0
1828    	18.03, -6.39, -11.66 	-0.94, 27.67, -8.64 	0.00, 30.00 	11,26,53,648		25.74,24.08	1000,1 	0
1837    	17.93, -6.23, -11.65 	-0.91, 27.89, -8.56 	0.00, 30.00 	11,26,53,658		21.16,25.43	1000,1 	0
1845    	17.84, -6.07, -11.65 	-0.90, 28.09, -8.49 	0.00, 30.00 	11,26,53,667		22.56,24.20	1000,1 	0
1854    	17.78, -5.91, -11.63 	-0.87, 28.27, -8.42 	0.00, 30.00 	11,26,53,677		19.11,20.43	1000,1 	0
1863    	17.70, -5.77, -11.61 	-0.85, 28.42, -8.34 	0.00, 30.00 	11,26,53,687		18.31,16.54	1000,1 	0
1871    	17.63, -5.60, -11.59 	-0.84, 28.56, -8.25 	0.00, 30.00 	11,26,53,696		21.99,18.51	1000,1 	0
1880    	17.54, -5.46, -11.55 	-0.83, 28.69, -8.18 	0.00, 30.00 	11,26,53,706		18.96,13.93	1000,1 	0
1889    	17.46, -5.33, -11.51 	-0.80, 28.80, -8.09 	0.00, 30.00 	11,26,53,716		17.21,12.99	1000,1 	0
1898    	17.40, -5.18, -11.50 	-0.79, 28.91, -8.01 	0.00, 30.00 	11,26,53,726		17.89,12.67	1000,1 	0
1906    	17.40, -5.09, -11.47 	-0.77, 29.01, -7.92 	0.00, 30.00 	11,26,53,735		11.50,11.59	1000,1 	0
1915    	17.38, -4.98, -11.45 	-0.76, 29.10, -7.82 	0.00, 30.00 	11,26,53,745		11.86,10.15	1000,1 	0
1924    	17.39, -4.89, -11.42 	-0.75, 29.18, -7.72 	0.00, 30.00 	11,26,53,755		10.22,8.90	1000,1 	0
1932    	17.35, -4.79, -11.40 	-0.73, 29.23, -7.62 	0.00, 30.00 	11,26,53,764		13.73,7.47	1000,1 	0
1940    	17.30, -4.72, -11.36 	-0.73, 29.27, -7.52 	0.00, 30.00 	11,26,53,773		11.05,4.27	1000,1 	0
1950    	17.25, -4.64, -11.30 	-0.75, 29.29, -7.44 	0.00, 30.00 	11,26,53,784		8.84,3.07	1000,1 	0
1958    	17.20, -4.56, -11.27 	-0.78, 29.29, -7.37 	0.00, 30.00 	11,26,53,793		12.26,3.73	1000,1 	0
1967    	17.17, -4.43, -11.24 	-0.82, 29.29, -7.31 	0.00, 30.00 	11,26,53,803		14.38,4.42	1000,1 	0
1976    	17.15, -4.36, -11.20 	-0.88, 29.33, -7.29 	0.00, 30.00 	11,26,53,813		8.13,7.73	1000,1 	0
1984    	17.11, -4.29, -11.16 	-0.95, 29.37, -7.27 	0.00, 30.00 	11,26,53,822		10.30,10.53	1000,1 	0
1993    	17.08, -4.27, -11.14 	-0.99, 29.41, -7.26 	0.00, 30.00 	11,26,53,832		4.39,5.91	1000,1 	0
2002    	17.06, -4.23, -11.12 	-1.03, 29.46, -7.26 	0.00, 30.00 	11,26,53,842		4.58,6.81	1000,1 	0
2010    	17.04, -4.22, -11.10 	-1.06, 29.51, -7.25 	0.00, 30.00 	11,26,53,851		3.01,8.13	1000,1 	0
2019    	17.03, -4.19, -11.09 	-1.07, 29.56, -7.24 	0.00, 30.00 	11,26,53,861		4.07,5.21	1000,1 	0
2028    	16.99, -4.14, -11.07 	-1.08, 29.61, -7.25 	0.00, 30.00 	11,26,53,871		6.32,5.21	1000,1 	0
2036    	16.96, -4.12, -11.07 	-1.08, 29.64, -7.23 	0.00, 30.00 	11,26,53,880		4.94,4.27	1000,1 	0
2045    	16.93, -4.10, -11.06 	-1.08, 29.69, -7.22 	0.00, 30.00 	11,26,53,890		3.71,5.06	1000,1 	0
2054    	16.92, -4.08, -11.05 	-1.05, 29.71, -7.19 	0.00, 30.00 	11,26,53,900		2.86,4.12	1000,1 	0
2062    	16.91, -4.07, -11.03 	-1.00, 29.72, -7.16 	0.00, 30.00 	11,26,53,909		1.98,6.34	1000,1 	0
2071    	16.91, -4.04, -11.03 	-0.95, 29.69, -7.13 	0.00, 30.00 	11,26,53,919		2.56,6.14	1000,1 	0
2080    	16.89, -4.03, -11.02 	-0.92, 29.66, -7.11 	0.00, 30.00 	11,26,53,929		2.68,5.11	1000,1 	0
2089    	16.90, -4.02, -11.00 	-0.92, 29.64, -7.11 	0.00, 30.00 	11,26,53,939		1.66,2.53	1000,1 	0
2097    	16.89, -4.02, -11.00 	-0.92, 29.61, -7.11 	0.00, 30.00 	11,26,53,948		1.28,2.85	1000,1 	0
2106    	16.91, -4.01, -10.99 	-0.92, 29.61, -7.11 	0.00, 30.00 	11,26,53,958		2.54,0.00	1000,1 	0
2115    	16.92, -4.01, -10.98 	-0.93, 29.61, -7.11 	0.00, 30.00 	11,26,53,968		1.14,1.11	1000,1 	0
2123    	16.92, -4.01, -10.99 	-0.91, 29.60, -7.11 	0.00, 30.00 	11,26,53,977		0.00,2.90	1000,1 	0
2132    	16.93, -3.99, -10.97 	-0.92, 29.59, -7.11 	0.00, 30.00 	11,26,53,987		2.73,1.66	1000,1 	0
2141    	16.91, -3.99, -10.97 	-0.91, 29.57, -7.11 	0.00, 30.00 	11,26,53,997		2.27,2.79	1000,1 	0
2149    	16.90, -3.99, -10.96 	-0.90, 29.56, -7.11 	0.00, 30.00 	11,26,54,6		1.28,1.92	1000,1 	0
2158    	16.88, -3.98, -10.96 	-0.90, 29.56, -7.11 	0.00, 30.00 	11,26,54,16		2.27,0.00	1000,1 	0
2167    	16.89, -3.99, -10.94 	-0.89, 29.53, -7.10 	0.00, 30.00 	11,26,54,26		1.14,2.79	1000,1 	0
2175    	16.89, -3.99, -10.93 	-0.88, 29.51, -7.10 	0.00, 30.00 	11,26,54,35		0.00,3.14	1000,1 	0
2184    	16.89, -3.99, -10.93 	-0.86, 29.50, -7.10 	0.00, 30.00 	11,26,54,45		0.00,2.58	1000,1 	0
2193    	16.87, -4.01, -10.92 	-0.84, 29.47, -7.09 	0.00, 30.00 	11,26,54,55		3.31,3.41	1000,1 	0
2201    	16.88, -4.01, -10.92 	-0.80, 29.45, -7.08 	0.00, 30.00 	11,26,54,64		1.28,5.80	1000,1 	0
2210    	16.87, -4.01, -10.91 	-0.77, 29.42, -7.08 	0.00, 30.00 	11,26,54,74		1.14,5.11	1000,1 	0
2219    	16.85, -4.01, -10.90 	-0.73, 29.38, -7.08 	0.00, 30.00 	11,26,54,84		2.27,5.91	1000,1 	0
2227    	16.87, -4.02, -10.90 	-0.72, 29.35, -7.07 	0.00, 30.00 	11,26,54,93		3.01,4.48	1000,1 	0
2236    	16.87, -4.03, -10.89 	-0.71, 29.29, -7.07 	0.00, 30.00 	11,26,54,103		1.28,6.45	1000,1 	0
2245    	16.86, -4.05, -10.89 	-0.70, 29.23, -7.06 	0.00, 30.00 	11,26,54,113		2.73,6.45	1000,1 	0
2253    	16.85, -4.05, -10.87 	-0.68, 29.20, -7.05 	0.00, 30.00 	11,26,54,122		1.28,5.00	1000,1 	0
2262    	16.85, -4.06, -10.87 	-0.67, 29.15, -7.05 	0.00, 30.00 	11,26,54,132		1.28,5.21	1000,1 	0
2271    	16.85, -4.09, -10.86 	-0.65, 29.10, -7.05 	0.00, 30.00 	11,26,54,142		2.56,5.58	1000,1 	0
2280    	16.83, -4.12, -10.85 	-0.63, 29.05, -7.05 	0.00, 30.00 	11,26,54,152		4.33,6.76	1000,1 	0
2288    	16.83, -4.13, -10.85 	-0.62, 29.00, -7.06 	0.00, 30.00 	11,26,54,161		1.44,5.86	1000,1 	0
2296    	16.81, -4.13, -10.85 	-0.62, 28.97, -7.07 	0.00, 30.00 	11,26,54,170		2.56,4.27	1000,1 	0
2306    	16.79, -4.16, -10.84 	-0.60, 28.92, -7.07 	0.00, 30.00 	11,26,54,181		3.90,5.02	1000,1 	0
2314    	16.78, -4.14, -10.85 	-0.60, 28.88, -7.08 	0.00, 30.00 	11,26,54,190		3.22,5.69	1000,1 	0
2323    	16.75, -4.15, -10.85 	-0.60, 28.85, -7.08 	0.00, 30.00 	11,26,54,200		3.56,2.53	1000,1 	0
2332    	16.75, -4.15, -10.85 	-0.59, 28.84, -7.10 	0.00, 30.00 	11,26,54,210		0.00,1.70	1000,1 	0
2340    	16.72, -4.16, -10.84 	-0.59, 28.82, -7.11 	0.00, 30.00 	11,26,54,219		4.01,2.85	1000,1 	0
2349    	16.72, -4.17, -10.85 	-0.60, 28.81, -7.10 	0.00, 30.00 	11,26,54,229		1.28,1.66	1000,1 	0
2358    	16.71, -4.15, -10.85 	-0.60, 28.81, -7.10 	0.00, 30.00 	11,26,54,239		2.86,0.00	1000,1 	0
2366    	16.69, -4.16, -10.85 	-0.61, 28.80, -7.11 	0.00, 30.00 	11,26,54,248		2.85,1.86	1000,1 	0
2375    	16.69, -4.18, -10.85 	-0.61, 28.80, -7.11 	0.00, 30.00 	11,26,54,258		2.56,0.00	1000,1 	0
2384    	16.69, -4.18, -10.85 	-0.60, 28.80, -7.11 	0.00, 30.00 	11,26,54,268		0.00,1.11	1000,1 	0
2392    	16.69, -4.19, -10.86 	-0.61, 28.81, -7.11 	0.00, 30.00 	11,26,54,277		1.44,1.92	1000,1 	0
2401    	16.67, -4.18, -10.85 	-0.62, 28.81, -7.11 	0.00, 30.00 	11,26,54,287		2.68,1.11	1000,1 	0
2409    	16.65, -4.17, -10.86 	-0.61, 28.80, -7.10 	0.00, -0.00 	11,26,54,306		2.68,1.70	1000,1 	0
2418    	16.65, -4.17, -10.86 	-0.61, 28.81, -7.10 	0.00, -0.00 	11,26,54,316		0.00,1.63	1000,1 	0
2427    	16.66, -4.16, -10.86 	-0.61, 28.81, -7.09 	0.00, -0.00 	11,26,54,326		2.48,0.00	1000,1 	0
2435    	16.65, -4.18, -10.86 	-0.62, 28.82, -7.08 	0.00, -0.00 	11,26,54,335		4.10,2.55	1000,1 	0
2444    	16.66, -4.17, -10.86 	-0.60, 28.83, -7.08 	0.00, -0.00 	11,26,54,345		2.13,3.24	1000,1 	0
2453    	16.65, -4.18, -10.87 	-0.60, 28.84, -7.08 	0.00, -0.00 	11,26,54,355		2.48,1.90	1000,1 	0
2462    	16.63, -4.17, -10.86 	-0.60, 28.84, -7.08 	0.00, -0.00 	11,26,54,365		4.01,0.00	1000,1 	0
2470    	16.63, -4.17, -10.87 	-0.60, 28.84, -7.08 	0.00, -0.00 	11,26,54,374		0.00,0.00	1000,1 	0
2479    	16.63, -4.18, -10.86 	-0.60, 28.84, -7.08 	0.00, -0.00 	11,26,54,384		1.64,0.00	1000,1 	0
2488    	16.62, -4.16, -10.86 	-0.61, 28.84, -7.08 	0.00, -0.00 	11,26,54,394		4.29,1.66	1000,1 	0
2496    	16.63, -4.16, -10.86 	-0.59, 28.86, -7.08 	0.00, -0.00 	11,26,54,403		1.70,4.97	1000,1 	0
2504    	16.62, -4.16, -10.86 	-0.59, 28.88, -7.08 	0.00, -0.00 	11,26,54,412		1.46,1.63	1000,1 	0
2514    	16.61, -4.15, -10.87 	-0.58, 28.89, -7.08 	0.00, -0.00 	11,26,54,423		2.27,2.13	1000,1 	0
2522    	16.60, -4.16, -10.87 	-0.59, 28.88, -7.08 	0.00, -0.00 	11,26,54,432		2.48,2.49	1000,1 	0
2531    	16.58, -4.13, -10.88 	-0.58, 28.89, -7.08 	0.00, -0.00 	11,26,54,442		4.53,2.13	1000,1 	0
2540    	16.59, -4.12, -10.88 	-0.57, 28.89, -7.08 	0.00, -0.00 	11,26,54,452		2.48,1.66	1000,1 	0
2548    	16.56, -4.11, -10.88 	-0.57, 28.89, -7.09 	0.00, -0.00 	11,26,54,461		5.57,0.00	1000,1 	0
2557    	16.56, -4.11, -10.89 	-0.56, 28.90, -7.09 	0.00, -0.00 	11,26,54,471		0.00,2.13	1000,1 	0
2566    	16.52, -4.11, -10.90 	-0.55, 28.90, -7.09 	0.00, -0.00 	11,26,54,481		5.11,1.66	1000,1 	0
2574    	16.52, -4.10, -10.90 	-0.55, 28.91, -7.09 	0.00, -0.00 	11,26,54,490		1.92,1.90	1000,1 	0
2583    	16.49, -4.11, -10.90 	-0.55, 28.91, -7.10 	0.00, -0.00 	11,26,54,500		4.58,0.00	1000,1 	0
2592    	16.46, -4.08, -10.91 	-0.55, 28.90, -7.11 	0.00, -0.00 	11,26,54,510		6.58,1.90	1000,1 	0
2600    	16.44, -4.07, -10.92 	-0.56, 28.87, -7.11 	0.00, -0.00 	11,26,54,519		4.01,4.10	1000,1 	0
2609    	16.43, -4.05, -10.92 	-0.56, 28.87, -7.11 	0.00, -0.00 	11,26,54,529		3.68,0.00	1000,1 	0
2618    	16.41, -4.06, -10.92 	-0.56, 28.89, -7.11 	0.00, -0.00 	11,26,54,539		3.80,1.90	1000,1 	0
2626    	16.41, -4.04, -10.92 	-0.55, 28.87, -7.11 	0.00, -0.00 	11,26,54,548		1.92,2.55	1000,1 	0
2635    	16.40, -4.03, -10.94 	-0.55, 28.86, -7.11 	0.00, -0.00 	11,26,54,558		2.27,1.63	1000,1 	0
2644    	16.39, -4.03, -10.94 	-0.55, 28.85, -7.13 	0.00, -0.00 	11,26,54,568		1.70,1.90	1000,1 	0
2653    	16.40, -4.04, -10.95 	-0.54, 28.81, -7.13 	0.00, -0.00 	11,26,54,578		2.27,6.70	1000,1 	0
2661    	16.39, -4.06, -10.95 	-0.54, 28.73, -7.11 	0.00, -0.00 	11,26,54,587		2.13,11.39	1000,1 	0
2670    	16.39, -4.07, -10.95 	-0.50, 28.57, -7.06 	0.00, -0.00 	11,26,54,597		1.28,18.38	1000,1 	0
2679    	16.38, -4.07, -10.95 	-0.48, 28.35, -7.02 	0.00, -0.00 	11,26,54,607		1.28,27.23	1000,1 	0
2687    	16.39, -4.08, -10.95 	-0.45, 28.09, -6.98 	0.00, -0.00 	11,26,54,616		1.98,33.06	1000,1 	0
2695    	16.44, -4.09, -10.96 	-0.44, 27.77, -6.96 	0.00, -0.00 	11,26,54,625		6.64,39.91	1000,1 	0
2705    	16.44, -4.14, -10.95 	-0.45, 27.38, -6.93 	0.00, -0.00 	11,26,54,636		5.11,43.01	1000,1 	0
2713    	16.50, -4.19, -10.94 	-0.46, 26.96, -6.92 	0.00, -0.00 	11,26,54,645		8.86,52.65	1000,1 	0
2722    	16.56, -4.26, -10.93 	-0.46, 26.48, -6.93 	0.00, -0.00 	11,26,54,655		11.90,59.79	1000,1 	0
2731    	16.68, -4.40, -10.90 	-0.52, 26.00, -6.97 	0.00, -0.00 	11,26,54,665		23.79,60.05	1000,1 	0
2739    	16.83, -4.58, -10.87 	-0.59, 25.52, -7.03 	0.00, -0.00 	11,26,54,674		28.88,61.59	1000,1 	0
2748    	17.00, -4.89, -10.81 	-0.67, 25.05, -7.09 	0.00, -0.00 	11,26,54,684		43.72,58.94	1000,1 	0
2757    	17.28, -5.28, -10.74 	-0.75, 24.54, -7.16 	0.00, -0.00 	11,26,54,694		60.40,64.56	1000,1 	0
2765    	17.56, -5.74, -10.66 	-0.80, 24.04, -7.25 	0.00, -0.00 	11,26,54,703		66.96,62.77	1000,1 	0
2774    	17.93, -6.26, -10.58 	-0.87, 23.51, -7.34 	0.00, -0.00 	11,26,54,713		80.53,67.23	1000,1 	0
2783    	18.22, -6.83, -10.48 	-0.92, 23.00, -7.43 	0.00, -0.00 	11,26,54,723		79.08,64.19	1000,1 	0
2791    	18.48, -7.31, -10.38 	-0.97, 22.44, -7.51 	0.00, -0.00 	11,26,54,732		68.80,69.86	1000,1 	0
2800    	18.74, -7.70, -10.32 	-1.00, 21.91, -7.60 	0.00, -0.00 	11,26,54,742		58.85,66.91	1000,1 	0
2809    	19.00, -8.02, -10.25 	-1.02, 21.32, -7.69 	0.00, -0.00 	11,26,54,752		50.97,72.57	1000,1 	0
2817    	19.27, -8.29, -10.22 	-1.00, 20.75, -7.79 	0.00, -0.00 	11,26,54,761		47.30,71.29	1000,1 	0
2826    	19.53, -8.57, -10.19 	-1.04, 20.16, -7.88 	0.00, -0.00 	11,26,54,771		48.48,74.05	1000,1 	0
2835    	19.73, -8.81, -10.19 	-1.02, 19.59, -7.98 	0.00, -0.00 	11,26,54,781		39.66,71.29	1000,1 	0
2844    	19.94, -9.11, -10.15 	-1.03, 18.97, -8.07 	0.00, -0.00 	11,26,54,791		45.40,78.27	1000,1 	0
2852    	20.06, -9.50, -10.09 	-1.07, 18.37, -8.17 	0.00, -0.00 	11,26,54,800		51.71,75.48	1000,1 	0
2861    	20.22, -9.94, -10.04 	-1.08, 17.81, -8.27 	0.00, -0.00 	11,26,54,810		57.67,69.73	1000,1 	0
2874    	20.43, -10.35, -10.01 	-1.06, 17.21, -8.36 	0.00, -0.00 	11,26,54,823		65.41,84.73	1000,1 	0
2879    	20.60, -10.77, -9.96 	-1.06, 16.68, -8.48 	0.00, -0.00 	11,26,54,829		113.68,133.81	1000,1 	0
2888    	20.71, -11.23, -9.89 	-1.11, 16.10, -8.59 	0.00, -0.00 	11,26,54,839		68.22,83.08	1000,1 	0
2897    	20.79, -11.62, -9.84 	-1.14, 15.50, -8.69 	0.00, -0.00 	11,26,54,849		65.11,100.58	1000,1 	0
2905    	20.88, -11.95, -9.82 	-1.22, 14.93, -8.78 	0.00, -0.00 	11,26,54,858		50.22,81.83	1000,1 	0
2914    	21.01, -12.26, -9.82 	-1.22, 14.29, -8.87 	0.00, -0.00 	11,26,54,868		41.29,79.72	1000,1 	0
2923    	21.14, -12.53, -9.81 	-1.26, 13.64, -8.95 	0.00, -0.00 	11,26,54,878		37.32,81.16	1000,1 	0
2931    	21.25, -12.88, -9.77 	-1.29, 13.04, -9.02 	0.00, -0.00 	11,26,54,887		45.75,75.44	1000,1 	0
2940    	21.36, -13.22, -9.73 	-1.25, 12.41, -9.11 	0.00, -0.00 	11,26,54,897		44.37,78.59	0,0 	0
2949    	21.46, -13.63, -9.69 	-1.23, 11.80, -9.23 	0.00, -0.00 	11,26,54,907		53.73,76.98	0,0 	0
2957    	21.54, -14.03, -9.61 	-1.28, 11.20, -9.29 	0.00, -0.00 	11,26,54,916		50.25,75.53	0,0 	0
2966    	21.63, -14.46, -9.55 	-1.27, 10.58, -9.36 	0.00, -0.00 	11,26,54,926		55.13,76.92	0,0 	0
2975    	21.75, -14.82, -9.51 	-1.29, 9.99, -9.43 	0.00, -0.00 	11,26,54,936		47.57,74.00	0,0 	0
2983    	21.92, -15.22, -9.47 	-1.30, 9.43, -9.51 	0.00, -0.00 	11,26,54,945		54.16,69.73	0,0 	0
2992    	22.03, -15.64, -9.43 	-1.30, 8.89, -9.56 	0.00, -0.00 	11,26,54,955		54.09,68.33	0,0 	0
3001    	22.03, -16.13, -9.36 	-1.28, 8.24, -9.60 	0.00, -0.00 	11,26,54,965		61.76,81.25	0,0 	0
3009    	22.04, -16.51, -9.27 	-1.31, 7.69, -9.63 	0.00, -0.00 	11,26,54,974		47.45,68.37	0,0 	0
3018    	22.03, -16.89, -9.18 	-1.37, 7.09, -9.62 	0.00, -0.00 	11,26,54,984		47.35,75.61	0,0 	0
3027    	22.08, -17.20, -9.10 	-1.51, 6.49, -9.54 	0.00, -0.00 	11,26,54,994		39.74,76.96	0,0 	0
3036    	22.21, -17.48, -9.05 	-1.52, 6.01, -9.52 	0.00, -0.00 	11,26,55,4		38.63,59.77	0,0 	0
3044    	22.23, -17.90, -9.00 	-1.48, 5.56, -9.47 	0.00, -0.00 	11,26,55,13		51.86,55.88	0,0 	0
3053    	22.21, -18.32, -8.94 	-1.47, 5.15, -9.44 	0.00, -0.00 	11,26,55,23		53.09,51.30	0,0 	0
3062    	22.17, -18.76, -8.86 	-1.38, 4.74, -9.39 	0.00, -0.00 	11,26,55,33		54.55,52.76	0,0 	0
3070    	22.26, -19.11, -8.77 	-1.39, 4.46, -9.32 	0.00, -0.00 	11,26,55,42		44.95,35.58	0,0 	0
3079    	22.30, -19.45, -8.67 	-1.35, 4.06, -9.20 	0.00, -0.00 	11,26,55,52		43.54,50.21	0,0 	0
3088    	22.36, -19.71, -8.56 	-1.36, 3.77, -9.08 	0.00, -0.00 	11,26,55,62		33.01,35.58	0,0 	0
3096    	22.41, -20.00, -8.44 	-1.41, 3.42, -8.94 	0.00, -0.00 	11,26,55,71		36.62,44.40	0,0 	0
3105    	22.45, -20.32, -8.31 	-1.40, 2.99, -8.77 	0.00, -0.00 	11,26,55,81		40.68,54.14	0,0 	0
3114    	22.50, -20.61, -8.24 	-1.36, 2.58, -8.57 	0.00, -0.00 	11,26,55,91		36.90,51.63	0,0 	0
3122    	22.46, -20.94, -8.17 	-1.39, 2.24, -8.37 	0.00, -0.00 	11,26,55,100		41.78,42.77	0,0 	0
3131    	22.43, -21.26, -8.14 	-1.30, 1.94, -8.18 	0.00, -0.00 	11,26,55,110		40.20,38.96	0,0 	0
3140    	22.41, -21.50, -8.06 	-1.30, 1.71, -7.97 	0.00, -0.00 	11,26,55,120		30.20,28.47	0,0 	0
3148    	22.49, -21.71, -8.01 	-1.25, 1.49, -7.78 	0.00, -0.00 	11,26,55,129		28.42,27.92	0,0 	0
3157    	22.59, -21.87, -7.96 	-1.28, 1.21, -7.61 	0.00, -0.00 	11,26,55,139		20.05,31.72	0,0 	0
3166    	22.74, -22.01, -7.98 	-1.35, 0.95, -7.40 	0.00, -0.00 	11,26,55,149		23.63,29.91	0,0 	0
3174    	22.88, -22.12, -7.95 	-1.36, 0.68, -7.22 	0.00, -0.00 	11,26,55,158		19.28,30.36	0,0 	0
