#Time 	Sensor1         Sensor2         Target          Time            Vel             
#================================================================

17      	0.09, 0.26, -7.74 	201.44, -407.65, -13.94 	0.00, 30.00 	15,2,20,549		0.00,0.00	0,0 	0
26      	0.15, 0.53, -7.77 	201.98, -408.60, -13.97 	0.00, 30.00 	15,2,20,559		30.37,121.49	0,0 	0
35      	0.04, 0.84, -7.79 	201.32, -407.27, -14.03 	0.00, 30.00 	15,2,20,568		36.87,165.02	0,0 	0
44      	-0.04, 1.16, -7.79 	201.08, -406.82, -14.05 	0.00, 30.00 	15,2,20,578		37.11,56.65	0,0 	0
53      	-0.12, 1.47, -7.72 	201.93, -408.44, -14.05 	0.00, 30.00 	15,2,20,588		34.80,202.95	0,0 	0
62      	-0.26, 1.85, -7.72 	202.20, -408.97, -14.05 	0.00, 30.00 	15,2,20,597		45.52,66.01	0,0 	0
71      	-0.47, 2.31, -7.77 	203.29, -411.03, -14.02 	0.00, 30.00 	15,2,20,607		55.86,259.60	0,0 	0
80      	-0.51, 2.73, -7.77 	202.46, -409.33, -14.08 	0.00, 30.00 	15,2,20,617		47.04,210.52	0,0 	0
89      	-0.53, 3.10, -7.77 	201.99, -408.46, -14.10 	0.00, 30.00 	15,2,20,627		41.10,110.20	0,0 	0
98      	-0.51, 3.49, -7.80 	200.63, -405.86, -14.09 	0.00, 30.00 	15,2,20,636		43.61,325.60	0,0 	0
107     	-0.59, 3.88, -7.84 	201.72, -407.93, -14.08 	0.00, 30.00 	15,2,20,646		44.08,259.61	0,0 	0
116     	-0.55, 4.24, -7.82 	202.23, -408.91, -14.09 	0.00, 30.00 	15,2,20,656		40.41,122.64	0,0 	0
125     	-0.56, 4.54, -7.77 	201.48, -407.45, -14.18 	0.00, 30.00 	15,2,20,665		32.88,182.41	0,0 	0
134     	-0.62, 4.75, -7.73 	203.78, -411.79, -14.22 	0.00, 30.00 	15,2,20,675		25.30,545.98	0,0 	0
143     	-0.72, 5.05, -7.73 	203.00, -410.25, -14.25 	0.00, 30.00 	15,2,20,685		34.25,191.77	0,0 	0
152     	-0.80, 5.33, -7.76 	203.41, -411.08, -14.25 	0.00, 30.00 	15,2,20,694		32.49,102.13	0,0 	0
161     	-0.80, 5.60, -7.79 	204.33, -412.74, -14.34 	0.00, 30.00 	15,2,20,704		30.57,211.09	0,0 	0
170     	-0.85, 5.96, -7.88 	204.11, -412.37, -14.35 	0.00, 30.00 	15,2,20,714		40.09,47.36	0,0 	0
179     	-0.80, 6.41, -8.00 	204.20, -412.50, -14.37 	0.00, 30.00 	15,2,20,723		49.85,17.57	0,0 	0
188     	-0.75, 6.76, -8.06 	203.15, -410.40, -14.44 	0.00, 30.00 	15,2,20,733		39.48,260.90	0,0 	0
197     	-0.68, 7.12, -8.13 	204.94, -413.76, -14.46 	0.00, 30.00 	15,2,20,743		41.15,423.34	0,0 	0
206     	-0.61, 7.50, -8.18 	205.57, -414.95, -14.53 	0.00, 30.00 	15,2,20,752		42.01,149.41	0,0 	0
215     	-0.60, 7.87, -8.23 	205.79, -415.35, -14.59 	0.00, 30.00 	15,2,20,762		41.27,50.45	0,0 	0
224     	-0.61, 8.23, -8.25 	205.11, -413.97, -14.65 	0.00, 30.00 	15,2,20,772		39.93,171.26	0,0 	0
233     	-0.65, 8.60, -8.28 	204.27, -412.24, -14.71 	0.00, 30.00 	15,2,20,781		42.35,213.65	0,0 	0
242     	-0.71, 9.14, -8.39 	205.30, -414.11, -14.80 	0.00, 30.00 	15,2,20,791		60.04,237.86	0,0 	0
251     	-0.82, 9.68, -8.49 	205.20, -413.93, -14.81 	0.00, 30.00 	15,2,20,801		60.58,23.68	0,0 	0
260     	-0.87, 10.20, -8.56 	207.59, -418.57, -14.82 	0.00, 30.00 	15,2,20,810		58.79,580.23	0,0 	0
269     	-0.86, 10.66, -8.62 	206.28, -416.11, -14.85 	0.00, 30.00 	15,2,20,820		50.62,310.04	0,0 	0
278     	-0.85, 11.18, -8.69 	206.90, -417.47, -14.85 	0.00, 30.00 	15,2,20,830		57.64,166.47	0,0 	0
287     	-0.80, 11.75, -8.78 	207.36, -418.29, -14.89 	0.00, 30.00 	15,2,20,840		63.92,104.00	0,0 	0
296     	-0.62, 12.30, -8.85 	206.99, -417.43, -15.07 	0.00, 30.00 	15,2,20,849		64.14,103.68	0,0 	0
305     	-0.54, 12.85, -8.92 	206.47, -416.39, -15.25 	0.00, 30.00 	15,2,20,859		62.20,128.88	0,0 	0
314     	-0.59, 13.43, -8.96 	206.23, -415.94, -15.34 	0.00, 30.00 	15,2,20,869		64.66,56.65	0,0 	0
323     	-0.62, 13.96, -8.97 	204.68, -412.92, -15.50 	0.00, 30.00 	15,2,20,878		58.72,377.30	0,0 	0
332     	-0.60, 14.48, -8.98 	206.61, -416.54, -15.62 	0.00, 30.00 	15,2,20,888		57.72,456.33	0,0 	0
341     	-0.64, 15.02, -9.00 	210.92, -424.73, -15.70 	0.00, 30.00 	15,2,20,898		59.92,1027.21	0,0 	0
350     	-0.70, 15.60, -9.01 	217.51, -437.22, -15.79 	0.00, 30.00 	15,2,20,907		64.73,1570.07	0,0 	0
359     	-0.76, 16.14, -9.03 	222.14, -445.79, -15.93 	0.00, 30.00 	15,2,20,917		61.14,1081.42	0,0 	0
368     	-0.73, 16.68, -9.03 	225.24, -451.41, -16.14 	0.00, 30.00 	15,2,20,927		60.16,713.58	0,0 	0
377     	-0.72, 17.22, -9.03 	228.49, -457.18, -16.40 	0.00, 30.00 	15,2,20,936		59.98,736.15	0,0 	0
386     	-0.71, 17.75, -9.02 	231.80, -462.97, -16.68 	0.00, 30.00 	15,2,20,946		58.89,741.26	0,0 	0
395     	-0.65, 18.25, -8.97 	234.52, -467.54, -16.96 	0.00, 30.00 	15,2,20,956		55.81,591.02	0,0 	0
404     	-0.62, 18.76, -8.94 	237.98, -473.80, -17.20 	0.00, 30.00 	15,2,20,965		56.66,793.90	0,0 	0
413     	-0.63, 19.26, -8.90 	242.09, -481.53, -17.37 	0.00, 30.00 	15,2,20,975		55.23,972.43	0,0 	0
422     	-0.63, 19.77, -8.88 	245.66, -487.68, -17.43 	0.00, 30.00 	15,2,20,985		56.41,790.68	0,0 	0
431     	-0.63, 20.25, -8.84 	249.43, -493.84, -17.44 	0.00, 30.00 	15,2,20,994		54.06,802.30	0,0 	0
440     	-0.60, 20.73, -8.81 	253.57, -500.68, -17.45 	0.00, 30.00 	15,2,21,4		53.17,888.68	0,0 	0
449     	-0.58, 21.21, -8.79 	253.04, -498.68, -17.35 	0.00, 30.00 	15,2,21,14		53.05,229.49	0,0 	0
458     	-0.56, 21.68, -8.75 	251.99, -495.79, -17.23 	0.00, 30.00 	15,2,21,23		53.05,341.83	0,0 	0
467     	-0.52, 22.13, -8.71 	251.69, -494.50, -17.10 	0.00, 30.00 	15,2,21,33		49.68,147.32	0,0 	0
476     	-0.51, 22.59, -8.66 	252.90, -496.13, -16.99 	0.00, 30.00 	15,2,21,43		50.62,224.93	0,0 	0
485     	-0.45, 23.03, -8.61 	252.96, -495.52, -16.88 	0.00, 30.00 	15,2,21,52		50.26,67.36	0,0 	0
494     	-0.39, 23.48, -8.56 	252.72, -494.28, -16.79 	0.00, 30.00 	15,2,21,62		50.04,140.60	0,0 	0
503     	-0.32, 23.92, -8.50 	253.64, -495.29, -16.68 	0.00, 30.00 	15,2,21,72		49.12,151.69	0,0 	0
512     	-0.32, 24.35, -8.45 	253.72, -494.74, -16.54 	0.00, 30.00 	15,2,21,82		48.20,61.59	0,0 	0
521     	-0.36, 24.80, -8.40 	252.44, -491.60, -16.38 	0.00, 30.00 	15,2,21,91		50.57,377.21	0,0 	0
530     	-0.44, 25.24, -8.36 	251.01, -488.28, -16.13 	0.00, 30.00 	15,2,21,101		49.73,402.11	0,0 	0
539     	-0.48, 25.66, -8.32 	253.54, -492.39, -15.90 	0.00, 30.00 	15,2,21,111		45.87,536.62	0,0 	0
548     	-0.52, 26.05, -8.26 	256.47, -497.13, -15.67 	0.00, 30.00 	15,2,21,120		43.52,619.04	0,0 	0
557     	-0.58, 26.44, -8.23 	258.96, -500.93, -15.46 	0.00, 30.00 	15,2,21,130		44.90,505.27	0,0 	0
566     	-0.58, 26.83, -8.18 	259.66, -501.41, -15.22 	0.00, 30.00 	15,2,21,140		42.35,93.84	0,0 	0
575     	-0.54, 27.19, -8.14 	257.97, -497.30, -15.02 	0.00, 30.00 	15,2,21,149		40.41,493.48	0,0 	0
584     	-0.52, 27.58, -8.11 	256.75, -494.00, -14.83 	0.00, 30.00 	15,2,21,159		43.61,390.44	0,0 	0
593     	-0.53, 27.97, -8.07 	255.71, -491.14, -14.63 	0.00, 30.00 	15,2,21,169		43.47,338.66	0,0 	0
602     	-0.54, 28.32, -8.03 	255.41, -489.88, -14.39 	0.00, 30.00 	15,2,21,178		38.75,144.17	0,0 	0
611     	-0.63, 28.62, -7.97 	254.45, -487.43, -14.12 	0.00, 30.00 	15,2,21,188		35.07,292.50	0,0 	0
620     	-0.72, 28.92, -7.91 	253.31, -484.75, -13.84 	0.00, 30.00 	15,2,21,198		35.07,323.62	0,0 	0
629     	-0.84, 29.25, -7.85 	253.21, -484.11, -13.57 	0.00, 30.00 	15,2,21,207		38.38,71.76	0,0 	0
638     	-0.99, 29.56, -7.79 	253.70, -484.55, -13.32 	0.00, 30.00 	15,2,21,217		38.13,73.51	0,0 	0
647     	-1.10, 29.86, -7.73 	254.69, -485.95, -13.08 	0.00, 30.00 	15,2,21,227		35.74,190.23	0,0 	0
656     	-1.15, 30.13, -7.67 	254.51, -485.04, -12.90 	0.00, 30.00 	15,2,21,236		30.87,103.17	0,0 	0
665     	-1.11, 30.36, -7.65 	253.20, -482.13, -12.73 	0.00, 30.00 	15,2,21,246		25.26,354.93	0,0 	0
674     	-1.07, 30.56, -7.62 	251.12, -477.87, -12.54 	0.00, 30.00 	15,2,21,256		22.99,526.30	0,0 	0
683     	-1.02, 30.75, -7.61 	250.70, -476.82, -12.36 	0.00, 30.00 	15,2,21,265		22.20,125.73	0,0 	0
692     	-0.97, 30.90, -7.59 	250.70, -476.51, -12.20 	0.00, 30.00 	15,2,21,275		17.84,34.66	0,0 	0
701     	-0.86, 31.02, -7.57 	251.51, -477.68, -12.06 	0.00, 30.00 	15,2,21,285		17.61,158.11	0,0 	0
710     	-0.77, 31.09, -7.55 	252.88, -479.99, -11.92 	0.00, 30.00 	15,2,21,295		12.98,298.59	0,0 	0
719     	-0.65, 31.13, -7.54 	253.99, -481.94, -11.74 	0.00, 30.00 	15,2,21,304		13.92,249.15	0,0 	0
728     	-0.55, 31.16, -7.53 	254.67, -483.15, -11.58 	0.00, 30.00 	15,2,21,314		11.55,154.44	0,0 	0
737     	-0.43, 31.16, -7.52 	254.80, -483.25, -11.47 	0.00, 30.00 	15,2,21,324		13.65,17.98	0,0 	0
746     	-0.33, 31.15, -7.52 	254.83, -483.19, -11.38 	0.00, 30.00 	15,2,21,333		11.20,7.59	0,0 	0
755     	-0.24, 31.15, -7.52 	255.10, -483.57, -11.29 	0.00, 30.00 	15,2,21,343		9.97,52.71	0,0 	0
764     	-0.18, 31.15, -7.53 	254.90, -483.09, -11.19 	0.00, 30.00 	15,2,21,353		6.17,58.14	0,0 	0
773     	-0.17, 31.16, -7.53 	254.73, -482.69, -11.10 	0.00, 30.00 	15,2,21,362		1.68,48.69	0,0 	0
782     	-0.15, 31.15, -7.53 	254.78, -482.68, -11.04 	0.00, 30.00 	15,2,21,372		2.76,5.39	0,0 	0
791     	-0.15, 31.14, -7.52 	255.07, -483.15, -11.00 	0.00, 30.00 	15,2,21,382		1.17,61.82	0,0 	0
800     	-0.13, 31.15, -7.52 	255.25, -483.39, -10.98 	0.00, 30.00 	15,2,21,391		2.70,32.13	0,0 	0
809     	-0.13, 31.14, -7.52 	256.17, -485.08, -10.96 	0.00, 30.00 	15,2,21,401		1.17,214.19	0,0 	0
818     	-0.12, 31.13, -7.52 	257.52, -487.62, -10.92 	0.00, 30.00 	15,2,21,411		1.17,319.37	0,0 	0
827     	-0.12, 31.11, -7.52 	258.86, -490.16, -10.89 	0.00, 30.00 	15,2,21,420		2.35,319.37	0,0 	0
836     	-0.13, 31.08, -7.51 	259.85, -492.07, -10.83 	0.00, 30.00 	15,2,21,430		3.70,239.06	0,0 	0
845     	-0.13, 31.02, -7.51 	260.08, -492.46, -10.78 	0.00, 30.00 	15,2,21,440		5.87,50.45	0,0 	0
854     	-0.10, 30.96, -7.50 	260.40, -493.01, -10.75 	0.00, 30.00 	15,2,21,449		7.53,71.04	0,0 	0
863     	-0.07, 30.90, -7.50 	260.58, -493.27, -10.70 	0.00, 30.00 	15,2,21,459		7.53,35.13	0,0 	0
872     	-0.06, 30.85, -7.50 	261.17, -494.36, -10.69 	0.00, 30.00 	15,2,21,469		6.04,136.97	0,0 	0
881     	-0.06, 30.78, -7.50 	261.51, -494.96, -10.67 	0.00, 30.00 	15,2,21,478		7.05,77.22	0,0 	0
890     	-0.04, 30.73, -7.50 	262.34, -496.50, -10.64 	0.00, 30.00 	15,2,21,488		6.04,193.62	0,0 	0
899     	-0.05, 30.66, -7.49 	263.05, -497.82, -10.61 	0.00, 30.00 	15,2,21,498		8.28,166.85	0,0 	0
908     	-0.07, 30.61, -7.49 	264.01, -499.62, -10.60 	0.00, 30.00 	15,2,21,507		5.24,226.61	0,0 	0
917     	-0.07, 30.57, -7.50 	265.25, -502.00, -10.58 	0.00, 30.00 	15,2,21,517		4.82,298.83	0,0 	0
926     	-0.08, 30.52, -7.49 	266.51, -504.41, -10.54 	0.00, 30.00 	15,2,21,527		5.97,301.94	0,0 	0
935     	-0.08, 30.50, -7.50 	267.40, -506.16, -10.49 	0.00, 30.00 	15,2,21,537		2.35,218.53	0,0 	0
944     	-0.07, 30.51, -7.51 	268.40, -508.07, -10.46 	0.00, 30.00 	15,2,21,546		1.68,239.06	0,0 	0
953     	-0.07, 30.50, -7.51 	268.49, -508.20, -10.45 	0.00, 30.00 	15,2,21,556		1.17,17.57	0,0 	0
962     	-0.07, 30.51, -7.52 	268.95, -509.05, -10.42 	0.00, 30.00 	15,2,21,566		1.17,107.09	0,0 	0
971     	-0.06, 30.51, -7.52 	269.56, -510.18, -10.40 	0.00, 30.00 	15,2,21,575		1.23,143.19	0,0 	0
980     	-0.07, 30.51, -7.52 	270.06, -511.17, -10.38 	0.00, 30.00 	15,2,21,585		1.23,122.65	0,0 	0
989     	-0.07, 30.51, -7.52 	270.92, -512.81, -10.36 	0.00, 30.00 	15,2,21,595		0.00,206.06	0,0 	0
998     	-0.06, 30.52, -7.52 	271.94, -514.80, -10.34 	0.00, 30.00 	15,2,21,604		1.68,248.41	0,0 	0
1007    	-0.08, 30.52, -7.52 	273.05, -516.89, -10.34 	0.00, 30.00 	15,2,21,614		2.47,262.71	1000,1 	0
1016    	-0.08, 30.51, -7.52 	273.54, -517.81, -10.32 	0.00, 30.00 	15,2,21,624		1.17,116.43	1000,1 	0
1025    	-0.07, 30.52, -7.52 	274.75, -520.09, -10.31 	0.00, 30.00 	15,2,21,633		1.68,286.37	1000,1 	0
1034    	-0.07, 30.52, -7.52 	275.73, -521.97, -10.29 	0.00, 30.00 	15,2,21,643		0.00,235.95	1000,1 	0
1043    	-0.07, 30.51, -7.52 	275.72, -521.94, -10.28 	0.00, 30.00 	15,2,21,653		1.17,3.17	1000,1 	0
1052    	-0.07, 30.51, -7.52 	276.10, -522.66, -10.26 	0.00, 30.00 	15,2,21,662		0.00,89.65	1000,1 	0
1061    	-0.06, 30.52, -7.52 	276.11, -522.69, -10.23 	0.00, 30.00 	15,2,21,672		1.68,3.16	1000,1 	0
1070    	-0.06, 30.52, -7.53 	276.11, -522.71, -10.21 	0.00, 30.00 	15,2,21,682		0.00,3.17	1000,1 	0
1079    	-0.06, 30.52, -7.52 	276.23, -522.92, -10.22 	0.00, 30.00 	15,2,21,691		0.00,26.77	1000,1 	0
1088    	-0.07, 30.52, -7.53 	276.62, -523.69, -10.21 	0.00, 30.00 	15,2,21,701		1.23,95.89	1000,1 	0
1097    	-0.06, 30.52, -7.52 	276.86, -524.14, -10.20 	0.00, 30.00 	15,2,21,711		1.23,56.65	1000,1 	0
1106    	-0.06, 30.51, -7.52 	276.86, -524.14, -10.20 	0.00, 30.00 	15,2,21,720		1.17,0.00	1000,1 	0
1115    	-0.07, 30.51, -7.51 	277.11, -524.62, -10.21 	0.00, -0.00 	15,2,21,740		1.23,59.76	1000,1 	0
1124    	-0.08, 30.52, -7.52 	277.22, -524.81, -10.21 	0.00, -0.00 	15,2,21,750		1.73,23.68	1000,1 	0
1133    	-0.07, 30.52, -7.52 	277.21, -524.78, -10.20 	0.00, -0.00 	15,2,21,759		1.23,3.17	1000,1 	0
1142    	-0.08, 30.52, -7.52 	277.33, -525.02, -10.20 	0.00, -0.00 	15,2,21,769		1.23,29.88	1000,1 	0
1151    	-0.06, 30.53, -7.52 	277.08, -524.51, -10.20 	0.00, -0.00 	15,2,21,779		2.70,62.88	1000,1 	0
1160    	-0.07, 30.52, -7.52 	277.20, -524.75, -10.21 	0.00, -0.00 	15,2,21,788		1.68,29.88	1000,1 	0
1169    	-0.06, 30.52, -7.52 	277.32, -524.99, -10.20 	0.00, -0.00 	15,2,21,798		1.23,29.89	1000,1 	0
1178    	-0.06, 30.52, -7.52 	277.57, -525.47, -10.21 	0.00, -0.00 	15,2,21,808		0.00,59.76	1000,1 	0
1187    	-0.05, 30.52, -7.52 	277.44, -525.20, -10.21 	0.00, -0.00 	15,2,21,817		1.23,33.01	1000,1 	0
1196    	-0.06, 30.52, -7.51 	277.44, -525.20, -10.21 	0.00, -0.00 	15,2,21,827		1.23,0.00	1000,1 	0
1205    	-0.06, 30.52, -7.51 	277.32, -524.96, -10.20 	0.00, -0.00 	15,2,21,837		0.00,29.88	1000,1 	0
1214    	-0.06, 30.52, -7.51 	277.44, -525.20, -10.20 	0.00, -0.00 	15,2,21,846		0.00,29.88	1000,1 	0
1223    	-0.06, 30.52, -7.51 	277.45, -525.23, -10.20 	0.00, -0.00 	15,2,21,856		0.00,3.17	1000,1 	0
1232    	-0.06, 30.52, -7.51 	277.08, -524.51, -10.20 	0.00, -0.00 	15,2,21,866		0.00,89.64	1000,1 	0
1241    	-0.06, 30.52, -7.51 	277.19, -524.72, -10.21 	0.00, -0.00 	15,2,21,875		0.00,26.77	1000,1 	0
1250    	-0.06, 30.51, -7.51 	277.45, -525.23, -10.20 	0.00, -0.00 	15,2,21,885		1.17,62.88	1000,1 	0
1259    	-0.06, 30.52, -7.51 	277.32, -524.99, -10.20 	0.00, -0.00 	15,2,21,895		1.17,29.88	1000,1 	0
1268    	-0.06, 30.51, -7.51 	276.96, -524.30, -10.20 	0.00, -0.00 	15,2,21,904		1.17,86.53	1000,1 	0
1277    	-0.06, 30.52, -7.51 	276.83, -524.06, -10.20 	0.00, -0.00 	15,2,21,914		1.17,29.89	1000,1 	0
1286    	-0.06, 30.51, -7.51 	277.08, -524.51, -10.20 	0.00, -0.00 	15,2,21,924		1.17,56.66	1000,1 	0
1295    	-0.06, 30.52, -7.51 	277.20, -524.75, -10.20 	0.00, -0.00 	15,2,21,933		1.17,29.88	1000,1 	0
1304    	-0.06, 30.52, -7.51 	277.19, -524.72, -10.21 	0.00, -0.00 	15,2,21,943		0.00,3.16	1000,1 	0
1313    	-0.07, 30.51, -7.51 	277.07, -524.48, -10.22 	0.00, -0.00 	15,2,21,953		1.68,29.88	1000,1 	0
1322    	-0.06, 30.52, -7.51 	277.32, -524.99, -10.21 	0.00, -0.00 	15,2,21,962		1.68,62.89	1000,1 	0
1331    	-0.07, 30.52, -7.51 	277.44, -525.20, -10.22 	0.00, -0.00 	15,2,21,972		1.23,26.77	1000,1 	0
1340    	-0.07, 30.51, -7.51 	277.32, -524.96, -10.22 	0.00, -0.00 	15,2,21,982		1.17,29.88	1000,1 	0
1349    	-0.07, 30.51, -7.51 	277.45, -525.23, -10.21 	0.00, -0.00 	15,2,21,992		0.00,33.00	1000,1 	0
1358    	-0.07, 30.51, -7.51 	277.56, -525.44, -10.21 	0.00, -0.00 	15,2,21,1		0.00,26.77	1000,1 	0
1367    	-0.07, 30.51, -7.51 	277.33, -525.02, -10.21 	0.00, -0.00 	15,2,22,11		0.00,53.54	1000,1 	0
1376    	-0.07, 30.51, -7.51 	277.08, -524.54, -10.23 	0.00, -0.00 	15,2,22,21		0.00,59.76	1000,1 	0
1385    	-0.06, 30.52, -7.51 	277.09, -524.57, -10.22 	0.00, -0.00 	15,2,22,30		1.68,3.16	1000,1 	0
1394    	-0.06, 30.52, -7.51 	277.32, -524.99, -10.22 	0.00, -0.00 	15,2,22,40		0.00,53.55	1000,1 	0
1403    	-0.07, 30.51, -7.51 	277.32, -524.99, -10.23 	0.00, -0.00 	15,2,22,50		1.68,0.00	1000,1 	0
1412    	-0.07, 30.51, -7.51 	277.32, -524.99, -10.23 	0.00, -0.00 	15,2,22,59		0.00,0.00	1000,1 	0
1421    	-0.07, 30.52, -7.51 	276.95, -524.27, -10.23 	0.00, -0.00 	15,2,22,69		1.17,89.65	1000,1 	0
1430    	-0.07, 30.52, -7.51 	277.19, -524.72, -10.23 	0.00, -0.00 	15,2,22,79		0.00,56.65	1000,1 	0
1439    	-0.07, 30.51, -7.51 	276.95, -524.27, -10.24 	0.00, -0.00 	15,2,22,88		1.17,56.65	1000,1 	0
1448    	-0.07, 30.52, -7.51 	276.95, -524.27, -10.24 	0.00, -0.00 	15,2,22,98		1.17,0.00	1000,1 	0
1457    	-0.07, 30.52, -7.51 	276.98, -524.36, -10.24 	0.00, -0.00 	15,2,22,108		0.00,9.50	1000,1 	0
1466    	-0.07, 30.52, -7.51 	276.98, -524.36, -10.24 	0.00, -0.00 	15,2,22,117		0.00,0.00	1000,1 	0
1475    	-0.07, 30.52, -7.51 	277.10, -524.59, -10.26 	0.00, -0.00 	15,2,22,127		0.00,29.88	1000,1 	0
1484    	-0.07, 30.51, -7.51 	276.96, -524.30, -10.28 	0.00, -0.00 	15,2,22,137		1.17,36.13	1000,1 	0
1493    	-0.07, 30.52, -7.51 	276.98, -524.36, -10.28 	0.00, -0.00 	15,2,22,146		1.17,6.33	1000,1 	0
1502    	-0.07, 30.52, -7.51 	276.75, -523.96, -10.29 	0.00, -0.00 	15,2,22,156		0.00,50.45	1000,1 	0
1511    	-0.07, 30.52, -7.51 	276.90, -524.28, -10.31 	0.00, -0.00 	15,2,22,166		0.00,39.27	1000,1 	0
1520    	-0.07, 30.52, -7.51 	276.79, -524.07, -10.31 	0.00, -0.00 	15,2,22,175		0.00,26.77	1000,1 	0
1529    	-0.07, 30.51, -7.51 	276.44, -523.44, -10.33 	0.00, -0.00 	15,2,22,185		1.17,80.32	1000,1 	0
1538    	-0.06, 30.52, -7.51 	276.21, -523.01, -10.35 	0.00, -0.00 	15,2,22,195		1.68,53.55	1000,1 	0
1547    	-0.07, 30.52, -7.51 	275.74, -522.14, -10.37 	0.00, -0.00 	15,2,22,205		1.23,110.20	1000,1 	0
1556    	-0.07, 30.51, -7.51 	275.39, -521.51, -10.41 	0.00, -0.00 	15,2,22,214		1.17,80.32	1000,1 	0
1565    	-0.07, 30.52, -7.51 	275.17, -521.14, -10.43 	0.00, -0.00 	15,2,22,224		1.17,47.36	1000,1 	0
1574    	-0.06, 30.52, -7.51 	275.25, -521.38, -10.46 	0.00, -0.00 	15,2,22,234		1.23,28.49	1000,1 	0
1583    	-0.06, 30.52, -7.51 	275.51, -521.91, -10.49 	0.00, -0.00 	15,2,22,243		0.00,66.01	1000,1 	0
1592    	-0.07, 30.52, -7.51 	274.45, -519.96, -10.52 	0.00, -0.00 	15,2,22,253		1.23,247.17	1000,1 	0
1601    	-0.06, 30.52, -7.51 	274.89, -520.86, -10.55 	0.00, -0.00 	15,2,22,263		1.23,111.52	1000,1 	0
1610    	-0.06, 30.52, -7.51 	274.36, -519.97, -10.59 	0.00, -0.00 	15,2,22,272		0.00,115.32	1000,1 	0
1619    	-0.06, 30.52, -7.51 	273.96, -519.34, -10.63 	0.00, -0.00 	15,2,22,282		0.00,82.43	1000,1 	0
1628    	-0.07, 30.53, -7.51 	273.19, -518.00, -10.69 	0.00, -0.00 	15,2,22,292		1.73,171.93	1000,1 	0
1637    	-0.07, 30.53, -7.51 	272.45, -516.74, -10.76 	0.00, -0.00 	15,2,22,301		0.00,162.68	1000,1 	0
1646    	-0.06, 30.53, -7.51 	272.05, -516.11, -10.85 	0.00, -0.00 	15,2,22,311		1.23,82.43	1000,1 	0
1655    	-0.06, 30.53, -7.51 	272.16, -516.47, -10.95 	0.00, -0.00 	15,2,22,321		0.00,41.15	1000,1 	0
1664    	-0.05, 30.52, -7.51 	272.85, -518.02, -11.06 	0.00, -0.00 	15,2,22,330		1.73,188.46	1000,1 	0
1673    	-0.05, 30.50, -7.51 	274.03, -520.52, -11.22 	0.00, -0.00 	15,2,22,340		2.35,307.84	1000,1 	0
1682    	-0.07, 30.36, -7.48 	275.48, -523.59, -11.41 	0.00, -0.00 	15,2,22,350		15.61,376.97	1000,1 	0
1691    	-0.12, 30.09, -7.44 	276.29, -525.52, -11.61 	0.00, -0.00 	15,2,22,359		30.08,232.56	1000,1 	0
1700    	-0.15, 29.90, -7.43 	276.96, -527.36, -11.77 	0.00, -0.00 	15,2,22,369		21.58,217.34	1000,1 	0
1709    	-0.18, 29.73, -7.43 	277.19, -528.43, -11.96 	0.00, -0.00 	15,2,22,379		19.30,122.08	1000,1 	0
1718    	-0.18, 29.50, -7.43 	277.62, -529.79, -12.17 	0.00, -0.00 	15,2,22,388		25.89,158.27	1000,1 	0
1727    	-0.21, 29.22, -7.41 	277.82, -530.76, -12.43 	0.00, -0.00 	15,2,22,398		30.80,109.48	1000,1 	0
1736    	-0.23, 28.90, -7.42 	277.90, -531.51, -12.71 	0.00, -0.00 	15,2,22,408		35.45,84.24	1000,1 	0
1745    	-0.26, 28.56, -7.43 	279.17, -534.46, -12.97 	0.00, -0.00 	15,2,22,417		37.92,356.56	1000,1 	0
1754    	-0.24, 28.23, -7.45 	281.70, -539.85, -13.22 	0.00, -0.00 	15,2,22,427		37.59,661.21	1000,1 	0
1763    	-0.21, 27.82, -7.47 	284.37, -545.52, -13.42 	0.00, -0.00 	15,2,22,437		45.82,697.34	1000,1 	0
1772    	-0.17, 27.38, -7.49 	287.14, -551.36, -13.67 	0.00, -0.00 	15,2,22,447		48.17,717.80	1000,1 	0
1781    	-0.12, 26.92, -7.52 	290.39, -558.27, -13.93 	0.00, -0.00 	15,2,22,456		51.82,848.13	1000,1 	0
1790    	-0.08, 26.41, -7.55 	292.11, -562.32, -14.16 	0.00, -0.00 	15,2,22,466		56.39,488.58	1000,1 	0
1799    	0.00, 25.88, -7.59 	292.21, -563.29, -14.41 	0.00, -0.00 	15,2,22,476		60.26,109.21	1000,1 	0
1808    	0.11, 25.32, -7.63 	290.19, -560.19, -14.70 	0.00, -0.00 	15,2,22,485		62.91,411.38	1000,1 	0
1817    	0.23, 24.72, -7.69 	288.92, -558.35, -15.04 	0.00, -0.00 	15,2,22,495		67.76,248.97	1000,1 	0
1826    	0.40, 24.09, -7.73 	289.33, -559.99, -15.33 	0.00, -0.00 	15,2,22,505		73.32,188.39	1000,1 	0
1835    	0.55, 23.39, -7.77 	290.30, -562.81, -15.62 	0.00, -0.00 	15,2,22,514		78.64,331.22	1000,1 	0
1844    	0.70, 22.69, -7.79 	293.55, -569.69, -15.86 	0.00, -0.00 	15,2,22,524		79.81,844.98	1000,1 	0
1853    	0.79, 21.93, -7.82 	295.89, -574.79, -16.05 	0.00, -0.00 	15,2,22,534		84.77,623.47	1000,1 	0
1862    	0.87, 21.18, -7.87 	297.93, -579.56, -16.23 	0.00, -0.00 	15,2,22,543		84.69,576.51	1000,1 	0
1871    	0.99, 20.43, -7.91 	299.47, -583.38, -16.40 	0.00, -0.00 	15,2,22,553		83.95,457.43	1000,1 	0
1880    	1.04, 19.70, -7.98 	297.69, -580.89, -16.61 	0.00, -0.00 	15,2,22,563		81.06,339.32	1000,1 	0
1889    	1.17, 19.01, -8.07 	294.86, -576.31, -16.77 	0.00, -0.00 	15,2,22,572		78.26,598.44	1000,1 	0
1898    	1.28, 18.28, -8.11 	292.93, -573.48, -16.86 	0.00, -0.00 	15,2,22,582		82.64,381.01	1000,1 	0
1907    	1.38, 17.51, -8.13 	290.16, -568.94, -16.98 	0.00, -0.00 	15,2,22,592		86.05,590.10	1000,1 	0
1916    	1.41, 16.75, -8.18 	285.83, -561.30, -17.13 	0.00, -0.00 	15,2,22,601		84.55,976.02	1000,1 	0
1925    	1.42, 16.01, -8.20 	283.07, -556.63, -17.38 	0.00, -0.00 	15,2,22,611		82.24,603.33	1000,1 	0
1934    	1.49, 15.21, -8.21 	279.11, -549.73, -17.58 	0.00, -0.00 	15,2,22,621		89.33,883.34	1000,1 	0
1943    	1.47, 14.45, -8.20 	278.60, -549.37, -17.66 	0.00, -0.00 	15,2,22,630		83.61,69.39	1000,1 	0
1952    	1.38, 13.67, -8.19 	279.93, -552.68, -17.67 	0.00, -0.00 	15,2,22,640		87.95,396.14	1000,1 	0
1961    	1.25, 12.90, -8.21 	279.43, -552.18, -17.57 	0.00, -0.00 	15,2,22,650		86.56,79.04	1000,1 	0
1970    	1.16, 12.07, -8.17 	276.34, -546.61, -17.39 	0.00, -0.00 	15,2,22,660		92.76,707.38	1000,1 	0
1979    	1.10, 11.26, -8.17 	272.78, -540.17, -17.27 	0.00, -0.00 	15,2,22,669		89.78,817.57	1000,1 	0
1988    	1.15, 10.49, -8.23 	269.51, -534.18, -17.24 	0.00, -0.00 	15,2,22,679		85.74,758.97	1000,1 	0
1997    	1.29, 9.67, -8.27 	265.13, -525.92, -17.25 	0.00, -0.00 	15,2,22,689		92.29,1038.42	1000,1 	0
2006    	1.39, 8.80, -8.28 	260.63, -517.42, -17.22 	0.00, -0.00 	15,2,22,698		97.78,1068.30	1000,1 	0
2015    	1.45, 7.99, -8.30 	258.20, -512.82, -17.20 	0.00, -0.00 	15,2,22,708		90.46,578.98	1000,1 	0
2024    	1.38, 7.21, -8.31 	254.09, -504.95, -17.19 	0.00, -0.00 	15,2,22,718		86.61,986.12	1000,1 	0
2033    	1.33, 6.47, -8.31 	252.86, -502.62, -17.13 	0.00, -0.00 	15,2,22,727		82.67,292.60	1000,1 	0
2042    	1.19, 5.67, -8.27 	250.65, -498.41, -17.05 	0.00, -0.00 	15,2,22,737		90.25,528.54	1000,1 	0
2051    	1.09, 4.87, -8.27 	247.93, -493.36, -16.90 	0.00, -0.00 	15,2,22,747		89.30,637.53	1000,1 	0
2060    	0.94, 4.15, -8.27 	245.90, -489.57, -16.78 	0.00, -0.00 	15,2,22,756		82.30,476.89	1000,1 	0
2069    	0.84, 3.42, -8.25 	244.07, -486.28, -16.64 	0.00, -0.00 	15,2,22,766		81.25,419.07	1000,1 	0
2078    	0.84, 2.82, -8.25 	243.50, -485.27, -16.57 	0.00, -0.00 	15,2,22,776		67.00,127.67	1000,1 	0
2087    	0.72, 2.24, -8.28 	241.81, -482.07, -16.50 	0.00, -0.00 	15,2,22,785		65.57,402.79	1000,1 	0
2096    	0.64, 1.75, -8.34 	238.87, -476.51, -16.47 	0.00, -0.00 	15,2,22,795		55.09,698.50	1000,1 	0
2105    	0.75, 1.27, -8.35 	236.32, -471.70, -16.40 	0.00, -0.00 	15,2,22,805		54.97,605.74	1000,1 	0
2114    	0.95, 0.77, -8.27 	235.33, -469.98, -16.27 	0.00, -0.00 	15,2,22,814		59.45,219.29	1000,1 	0
2123    	1.11, 0.35, -8.24 	234.15, -467.79, -16.23 	0.00, -0.00 	15,2,22,824		50.80,277.05	1000,1 	0
2132    	1.00, 0.08, -8.23 	232.62, -464.79, -16.13 	0.00, -0.00 	15,2,22,834		32.51,374.18	1000,1 	0
2141    	0.78, -0.23, -8.09 	232.76, -465.11, -16.06 	0.00, -0.00 	15,2,22,843		41.28,39.26	1000,1 	0
2150    	0.48, -0.43, -7.98 	232.22, -464.17, -15.94 	0.00, -0.00 	15,2,22,853		41.03,121.48	1000,1 	0
