#Time 	Sensor1         Sensor2         Target          Time            Vel             
#================================================================

17      	-58.70, 24.15, 0.36 	0.39, 0.31, -6.50 	0.00, 10.00 	11,45,4,379		0.00,0.00	0,0 	0
26      	-58.69, 24.16, 0.36 	0.39, 0.34, -6.52 	0.00, 10.00 	11,45,4,388		1.70,2.62	0,0 	0
35      	-58.69, 24.13, 0.36 	0.39, 0.34, -6.53 	0.00, 10.00 	11,45,4,398		3.62,0.00	0,0 	0
44      	-58.70, 24.12, 0.35 	0.42, 0.34, -6.53 	0.00, 10.00 	11,45,4,408		1.21,2.45	0,0 	0
53      	-58.70, 24.14, 0.35 	0.42, 0.32, -6.53 	0.00, 10.00 	11,45,4,418		1.21,2.35	0,0 	0
62      	-58.70, 24.12, 0.35 	0.43, 0.31, -6.52 	0.00, 10.00 	11,45,4,427		1.21,1.73	0,0 	0
71      	-58.67, 24.12, 0.35 	0.45, 0.32, -6.52 	0.00, 10.00 	11,45,4,437		2.73,2.69	0,0 	0
80      	-58.70, 24.14, 0.34 	0.41, 0.29, -6.51 	0.00, 10.00 	11,45,4,447		3.45,5.38	0,0 	0
89      	-58.70, 24.15, 0.36 	0.41, 0.29, -6.51 	0.00, 10.00 	11,45,4,456		1.21,0.00	0,0 	0
98      	-58.69, 24.14, 0.36 	0.42, 0.31, -6.53 	0.00, 10.00 	11,45,4,466		1.72,1.67	0,0 	0
107     	-58.70, 24.14, 0.36 	0.42, 0.33, -6.51 	0.00, 10.00 	11,45,4,476		1.21,2.35	0,0 	0
116     	-58.70, 24.14, 0.36 	0.43, 0.33, -6.51 	0.00, 10.00 	11,45,4,485		0.00,1.23	0,0 	0
125     	-58.70, 24.14, 0.35 	0.49, 0.33, -6.53 	0.00, 10.00 	11,45,4,495		0.00,7.36	0,0 	0
134     	-58.69, 24.15, 0.35 	0.51, 0.36, -6.54 	0.00, 10.00 	11,45,4,505		1.70,3.35	0,0 	0
143     	-58.70, 24.11, 0.35 	0.52, 0.33, -6.52 	0.00, 10.00 	11,45,4,514		3.80,3.53	0,0 	0
152     	-58.69, 24.13, 0.34 	0.45, 0.36, -6.53 	0.00, 10.00 	11,45,4,524		1.70,8.86	0,0 	0
161     	-58.70, 24.15, 0.35 	0.46, 0.36, -6.54 	0.00, 10.00 	11,45,4,534		2.72,1.23	0,0 	0
170     	-58.70, 24.14, 0.35 	0.53, 0.35, -6.53 	0.00, 10.00 	11,45,4,543		1.21,7.80	0,0 	0
179     	-58.70, 24.14, 0.35 	0.45, 0.36, -6.54 	0.00, 10.00 	11,45,4,553		0.00,8.98	0,0 	0
188     	-58.70, 24.14, 0.35 	0.52, 0.35, -6.53 	0.00, 10.00 	11,45,4,563		0.00,7.80	0,0 	0
197     	-58.70, 24.14, 0.36 	0.47, 0.35, -6.54 	0.00, 10.00 	11,45,4,572		0.00,5.08	0,0 	0
206     	-58.69, 24.15, 0.36 	0.47, 0.34, -6.54 	0.00, 10.00 	11,45,4,582		1.70,1.18	0,0 	0
215     	-58.67, 24.13, 0.36 	0.51, 0.37, -6.55 	0.00, 10.00 	11,45,4,592		2.72,5.38	0,0 	0
224     	-58.70, 24.12, 0.35 	0.45, 0.35, -6.53 	0.00, 10.00 	11,45,4,601		2.43,7.42	0,0 	0
233     	-58.70, 24.12, 0.35 	0.48, 0.35, -6.55 	0.00, 10.00 	11,45,4,611		0.00,3.68	0,0 	0
242     	-58.68, 24.11, 0.36 	0.48, 0.35, -6.55 	0.00, 10.00 	11,45,4,621		1.72,0.00	0,0 	0
251     	-58.69, 24.13, 0.35 	0.50, 0.37, -6.55 	0.00, 10.00 	11,45,4,630		1.21,2.69	0,0 	0
260     	-58.69, 24.13, 0.35 	0.52, 0.38, -6.54 	0.00, 10.00 	11,45,4,640		0.00,2.69	0,0 	0
269     	-58.69, 24.14, 0.36 	0.48, 0.37, -6.54 	0.00, 10.00 	11,45,4,650		1.21,5.01	0,0 	0
278     	-58.69, 24.13, 0.36 	0.52, 0.35, -6.54 	0.00, 10.00 	11,45,4,660		1.21,4.43	0,0 	0
287     	-58.68, 24.15, 0.36 	0.48, 0.33, -6.54 	0.00, 10.00 	11,45,4,669		2.69,3.83	0,0 	0
296     	-58.69, 24.16, 0.35 	0.49, 0.36, -6.55 	0.00, 10.00 	11,45,4,679		1.72,2.62	0,0 	0
305     	-58.69, 24.14, 0.35 	0.50, 0.36, -6.54 	0.00, 10.00 	11,45,4,689		2.41,1.23	0,0 	0
314     	-58.69, 24.15, 0.36 	0.50, 0.37, -6.56 	0.00, 10.00 	11,45,4,698		1.21,1.18	0,0 	0
323     	-58.69, 24.14, 0.36 	0.50, 0.37, -6.55 	0.00, 10.00 	11,45,4,708		1.21,0.00	0,0 	0
332     	-58.68, 24.14, 0.35 	0.47, 0.37, -6.55 	0.00, 10.00 	11,45,4,718		1.21,3.90	0,0 	0
341     	-58.66, 24.13, 0.35 	0.42, 0.37, -6.55 	0.00, 10.00 	11,45,4,727		1.72,4.91	0,0 	0
350     	-58.66, 24.13, 0.36 	0.45, 0.39, -6.55 	0.00, 10.00 	11,45,4,737		0.00,4.31	0,0 	0
359     	-58.66, 24.14, 0.35 	0.49, 0.39, -6.54 	0.00, 10.00 	11,45,4,747		1.21,3.90	0,0 	0
368     	-58.68, 24.14, 0.35 	0.47, 0.39, -6.54 	0.00, 10.00 	11,45,4,756		1.21,2.45	0,0 	0
377     	-58.67, 24.15, 0.36 	0.46, 0.37, -6.54 	0.00, 10.00 	11,45,4,766		1.70,1.67	0,0 	0
386     	-58.66, 24.14, 0.36 	0.48, 0.38, -6.54 	0.00, 10.00 	11,45,4,776		1.21,2.45	0,0 	0
395     	-58.68, 24.16, 0.36 	0.48, 0.38, -6.54 	0.00, 10.00 	11,45,4,785		2.72,0.00	0,0 	0
404     	-58.69, 24.17, 0.36 	0.50, 0.39, -6.53 	0.00, 10.00 	11,45,4,795		1.72,2.69	0,0 	0
413     	-58.67, 24.13, 0.35 	0.50, 0.39, -6.53 	0.00, 10.00 	11,45,4,805		4.99,0.00	0,0 	0
422     	-58.68, 24.14, 0.36 	0.50, 0.39, -6.53 	0.00, 10.00 	11,45,4,814		1.21,0.00	0,0 	0
431     	-58.67, 24.13, 0.36 	0.44, 0.38, -6.53 	0.00, 10.00 	11,45,4,824		1.21,6.14	0,0 	0
440     	-58.68, 24.14, 0.36 	0.48, 0.39, -6.55 	0.00, 10.00 	11,45,4,834		1.21,3.68	0,0 	0
449     	-58.68, 24.14, 0.36 	0.49, 0.38, -6.55 	0.00, 10.00 	11,45,4,843		0.00,1.73	0,0 	0
458     	-58.68, 24.14, 0.36 	0.43, 0.37, -6.55 	0.00, 10.00 	11,45,4,853		0.00,6.14	0,0 	0
467     	-58.69, 24.15, 0.36 	0.43, 0.37, -6.55 	0.00, 10.00 	11,45,4,863		1.72,0.00	0,0 	0
476     	-58.69, 24.16, 0.36 	0.43, 0.38, -6.55 	0.00, 10.00 	11,45,4,873		1.21,1.18	0,0 	0
485     	-58.69, 24.14, 0.36 	0.47, 0.39, -6.55 	0.00, 10.00 	11,45,4,882		2.41,3.68	0,0 	0
494     	-58.68, 24.16, 0.36 	0.47, 0.39, -6.55 	0.00, 10.00 	11,45,4,892		2.69,0.00	0,0 	0
503     	-58.69, 24.16, 0.35 	0.47, 0.39, -6.55 	0.00, 10.00 	11,45,4,902		1.21,0.00	0,0 	0
512     	-58.69, 24.16, 0.36 	0.47, 0.39, -6.55 	0.00, 10.00 	11,45,4,911		0.00,0.00	0,0 	0
521     	-58.69, 24.15, 0.36 	0.41, 0.38, -6.54 	0.00, 10.00 	11,45,4,921		1.21,6.14	0,0 	0
530     	-58.67, 24.13, 0.36 	0.41, 0.38, -6.54 	0.00, 10.00 	11,45,4,931		2.72,0.00	0,0 	0
539     	-58.68, 24.15, 0.35 	0.41, 0.38, -6.54 	0.00, 10.00 	11,45,4,940		2.41,0.00	0,0 	0
548     	-58.68, 24.15, 0.36 	0.44, 0.36, -6.52 	0.00, 10.00 	11,45,4,950		0.00,3.45	0,0 	0
557     	-58.68, 24.15, 0.36 	0.44, 0.35, -6.52 	0.00, 10.00 	11,45,4,960		0.00,1.18	0,0 	0
566     	-58.68, 24.15, 0.36 	0.44, 0.35, -6.52 	0.00, 10.00 	11,45,4,969		0.00,0.00	0,0 	0
575     	-58.68, 24.16, 0.36 	0.45, 0.37, -6.54 	0.00, 10.00 	11,45,4,979		1.21,2.62	0,0 	0
584     	-58.68, 24.16, 0.36 	0.44, 0.38, -6.55 	0.00, 10.00 	11,45,4,989		0.00,1.18	0,0 	0
593     	-58.69, 24.15, 0.36 	0.44, 0.38, -6.55 	0.00, 10.00 	11,45,4,998		1.70,0.00	0,0 	0
602     	-58.69, 24.15, 0.36 	0.45, 0.36, -6.56 	0.00, 10.00 	11,45,5,8		0.00,2.35	0,0 	0
611     	-58.69, 24.15, 0.36 	0.47, 0.34, -6.53 	0.00, 10.00 	11,45,5,18		0.00,3.45	0,0 	0
620     	-58.69, 24.15, 0.36 	0.48, 0.34, -6.53 	0.00, 10.00 	11,45,5,27		0.00,1.23	0,0 	0
629     	-58.69, 24.15, 0.36 	0.48, 0.34, -6.53 	0.00, 10.00 	11,45,5,37		0.00,0.00	0,0 	0
638     	-58.69, 24.15, 0.35 	0.48, 0.34, -6.53 	0.00, 10.00 	11,45,5,47		0.00,0.00	0,0 	0
647     	-58.69, 24.16, 0.35 	0.48, 0.33, -6.53 	0.00, 10.00 	11,45,5,56		1.21,1.18	0,0 	0
656     	-58.70, 24.16, 0.36 	0.48, 0.33, -6.53 	0.00, 10.00 	11,45,5,66		1.21,0.00	0,0 	0
665     	-58.69, 24.17, 0.36 	0.48, 0.33, -6.53 	0.00, 10.00 	11,45,5,76		1.70,0.00	0,0 	0
674     	-58.69, 24.16, 0.36 	0.48, 0.33, -6.53 	0.00, 10.00 	11,45,5,86		1.21,0.00	0,0 	0
683     	-58.70, 24.18, 0.36 	0.48, 0.33, -6.53 	0.00, 10.00 	11,45,5,95		2.72,0.00	0,0 	0
692     	-58.69, 24.16, 0.36 	0.48, 0.33, -6.53 	0.00, 10.00 	11,45,5,105		2.72,0.00	0,0 	0
701     	-58.69, 24.14, 0.36 	0.48, 0.33, -6.53 	0.00, 10.00 	11,45,5,115		2.41,0.00	0,0 	0
710     	-58.69, 24.15, 0.35 	0.50, 0.35, -6.53 	0.00, 10.00 	11,45,5,124		1.21,2.69	0,0 	0
719     	-58.69, 24.16, 0.35 	0.52, 0.34, -6.54 	0.00, 10.00 	11,45,5,134		1.21,1.73	0,0 	0
728     	-58.69, 24.15, 0.36 	0.52, 0.34, -6.54 	0.00, 10.00 	11,45,5,144		1.21,0.00	0,0 	0
737     	-58.68, 24.15, 0.36 	0.46, 0.33, -6.54 	0.00, 10.00 	11,45,5,153		1.21,6.14	0,0 	0
746     	-58.68, 24.15, 0.36 	0.46, 0.33, -6.53 	0.00, 10.00 	11,45,5,163		0.00,0.00	0,0 	0
755     	-58.68, 24.16, 0.36 	0.46, 0.33, -6.54 	0.00, 10.00 	11,45,5,173		1.21,0.00	0,0 	0
764     	-58.69, 24.16, 0.37 	0.46, 0.33, -6.54 	0.00, 10.00 	11,45,5,182		1.21,0.00	0,0 	0
773     	-58.69, 24.14, 0.36 	0.46, 0.33, -6.54 	0.00, 10.00 	11,45,5,192		2.41,0.00	0,0 	0
782     	-58.70, 24.16, 0.36 	0.48, 0.33, -6.54 	0.00, 10.00 	11,45,5,202		2.72,2.45	0,0 	0
791     	-58.70, 24.17, 0.36 	0.48, 0.33, -6.54 	0.00, 10.00 	11,45,5,211		1.21,0.00	0,0 	0
800     	-58.70, 24.14, 0.36 	0.48, 0.33, -6.54 	0.00, 10.00 	11,45,5,221		3.62,0.00	0,0 	0
809     	-58.70, 24.14, 0.36 	0.48, 0.33, -6.54 	0.00, 10.00 	11,45,5,231		0.00,0.00	0,0 	0
818     	-58.69, 24.15, 0.35 	0.49, 0.33, -6.54 	0.00, 10.00 	11,45,5,240		1.70,1.23	0,0 	0
827     	-58.69, 24.15, 0.36 	0.49, 0.33, -6.54 	0.00, 10.00 	11,45,5,250		0.00,0.00	0,0 	0
836     	-58.69, 24.14, 0.36 	0.45, 0.34, -6.54 	0.00, 10.00 	11,45,5,260		1.21,5.08	0,0 	0
845     	-58.69, 24.15, 0.36 	0.45, 0.34, -6.54 	0.00, 10.00 	11,45,5,269		1.21,0.00	0,0 	0
854     	-58.70, 24.16, 0.36 	0.45, 0.33, -6.53 	0.00, 10.00 	11,45,5,279		1.72,1.18	0,0 	0
863     	-58.69, 24.17, 0.36 	0.45, 0.33, -6.53 	0.00, 10.00 	11,45,5,289		1.70,0.00	0,0 	0
872     	-58.70, 24.15, 0.36 	0.53, 0.34, -6.52 	0.00, 10.00 	11,45,5,298		2.69,8.59	0,0 	0
881     	-58.70, 24.15, 0.37 	0.53, 0.34, -6.53 	0.00, 10.00 	11,45,5,308		0.00,0.00	0,0 	0
890     	-58.70, 24.15, 0.36 	0.47, 0.33, -6.53 	0.00, 10.00 	11,45,5,318		0.00,6.14	0,0 	0
899     	-58.69, 24.14, 0.36 	0.45, 0.33, -6.53 	0.00, 10.00 	11,45,5,328		1.72,2.45	0,0 	0
908     	-58.69, 24.14, 0.36 	0.46, 0.33, -6.53 	0.00, 10.00 	11,45,5,337		0.00,1.23	0,0 	0
917     	-58.68, 24.14, 0.36 	0.45, 0.34, -6.52 	0.00, 10.00 	11,45,5,347		1.21,1.73	0,0 	0
926     	-58.69, 24.15, 0.36 	0.46, 0.33, -6.52 	0.00, 10.00 	11,45,5,357		1.72,1.73	0,0 	0
935     	-58.70, 24.15, 0.35 	0.46, 0.33, -6.52 	0.00, 10.00 	11,45,5,366		1.21,0.00	0,0 	0
944     	-58.71, 24.15, 0.36 	0.49, 0.33, -6.52 	0.00, 10.00 	11,45,5,376		1.21,3.68	0,0 	0
953     	-58.69, 24.16, 0.36 	0.49, 0.33, -6.52 	0.00, 10.00 	11,45,5,386		2.70,0.00	0,0 	0
962     	-58.70, 24.17, 0.36 	0.49, 0.33, -6.52 	0.00, 10.00 	11,45,5,395		1.72,0.00	0,0 	0
971     	-58.70, 24.16, 0.36 	0.49, 0.33, -6.52 	0.00, 10.00 	11,45,5,405		1.21,0.00	0,0 	0
980     	-58.69, 24.16, 0.36 	0.49, 0.33, -6.52 	0.00, 10.00 	11,45,5,415		1.21,0.00	0,0 	0
989     	-58.69, 24.15, 0.36 	0.49, 0.33, -6.52 	0.00, 10.00 	11,45,5,424		1.21,0.00	0,0 	0
998     	-58.69, 24.15, 0.36 	0.49, 0.33, -6.52 	0.00, 10.00 	11,45,5,434		0.00,0.00	0,0 	0
1007    	-58.69, 24.15, 0.36 	0.44, 0.33, -6.52 	0.00, 10.00 	11,45,5,444		0.00,6.14	1000,1 	0
1016    	-58.68, 24.14, 0.36 	0.44, 0.32, -6.51 	0.00, 10.00 	11,45,5,453		1.72,1.18	1000,1 	0
1025    	-58.68, 24.15, 0.36 	0.47, 0.33, -6.51 	0.00, 10.00 	11,45,5,463		1.21,3.83	1000,1 	0
1034    	-58.70, 24.15, 0.36 	0.47, 0.33, -6.51 	0.00, 10.00 	11,45,5,473		2.43,0.00	1000,1 	0
1043    	-58.70, 24.14, 0.36 	0.47, 0.34, -6.52 	0.00, 10.00 	11,45,5,482		1.21,1.18	1000,1 	0
1052    	-58.69, 24.15, 0.37 	0.47, 0.34, -6.52 	0.00, 10.00 	11,45,5,492		1.70,0.00	1000,1 	0
1061    	-58.69, 24.14, 0.37 	0.47, 0.34, -6.52 	0.00, 10.00 	11,45,5,502		1.21,0.00	1000,1 	0
1070    	-58.69, 24.14, 0.37 	0.52, 0.34, -6.53 	0.00, 10.00 	11,45,5,511		0.00,5.08	1000,1 	0
1079    	-58.69, 24.13, 0.37 	0.52, 0.34, -6.53 	0.00, 10.00 	11,45,5,521		1.21,0.00	1000,1 	0
1088    	-58.69, 24.13, 0.36 	0.46, 0.34, -6.53 	0.00, 10.00 	11,45,5,531		0.00,6.28	1000,1 	0
1097    	-58.68, 24.10, 0.36 	0.46, 0.34, -6.53 	0.00, 10.00 	11,45,5,541		2.41,0.00	1000,1 	0
1106    	-58.69, 24.13, 0.37 	0.46, 0.34, -6.53 	0.00, 10.00 	11,45,5,550		2.41,0.00	1000,1 	0
1115    	-58.69, 24.13, 0.37 	0.46, 0.34, -6.52 	0.00, 10.00 	11,45,5,560		0.00,0.00	1000,1 	0
1124    	-58.69, 24.14, 0.36 	0.42, 0.33, -6.52 	0.00, 10.00 	11,45,5,570		1.21,5.01	1000,1 	0
1133    	-58.70, 24.15, 0.36 	0.42, 0.33, -6.53 	0.00, 10.00 	11,45,5,579		1.72,0.00	1000,1 	0
1142    	-58.71, 24.13, 0.36 	0.46, 0.34, -6.52 	0.00, 10.00 	11,45,5,589		1.70,5.01	1000,1 	0
1151    	-58.71, 24.15, 0.37 	0.47, 0.34, -6.52 	0.00, 10.00 	11,45,5,599		1.21,1.23	1000,1 	0
1160    	-58.70, 24.14, 0.36 	0.45, 0.34, -6.52 	0.00, 10.00 	11,45,5,608		1.72,2.45	1000,1 	0
1169    	-58.71, 24.15, 0.36 	0.43, 0.37, -6.52 	0.00, 10.00 	11,45,5,618		1.72,3.77	1000,1 	0
1178    	-58.71, 24.15, 0.36 	0.47, 0.36, -6.52 	0.00, 10.00 	11,45,5,628		0.00,3.90	1000,1 	0
1187    	-58.69, 24.14, 0.36 	0.47, 0.36, -6.52 	0.00, 10.00 	11,45,5,637		2.73,0.00	1000,1 	0
1196    	-58.69, 24.13, 0.36 	0.46, 0.37, -6.53 	0.00, 10.00 	11,45,5,647		1.21,1.73	1000,1 	0
1205    	-58.71, 24.15, 0.35 	0.46, 0.37, -6.53 	0.00, 10.00 	11,45,5,657		3.45,0.00	1000,1 	0
1214    	-58.71, 24.15, 0.36 	0.46, 0.35, -6.53 	0.00, 10.00 	11,45,5,666		0.00,2.35	1000,1 	0
1223    	-58.70, 24.15, 0.36 	0.44, 0.35, -6.53 	0.00, 10.00 	11,45,5,676		1.21,2.45	1000,1 	0
1232    	-58.71, 24.15, 0.36 	0.43, 0.35, -6.53 	0.00, 10.00 	11,45,5,686		1.21,1.23	1000,1 	0
1241    	-58.70, 24.14, 0.35 	0.46, 0.37, -6.54 	0.00, 10.00 	11,45,5,695		1.72,4.31	1000,1 	0
1250    	-58.71, 24.15, 0.36 	0.46, 0.38, -6.53 	0.00, 10.00 	11,45,5,705		1.72,1.18	1000,1 	0
1259    	-58.71, 24.15, 0.35 	0.50, 0.40, -6.55 	0.00, 10.00 	11,45,5,715		0.00,5.01	1000,1 	0
1268    	-58.71, 24.15, 0.34 	0.50, 0.40, -6.55 	0.00, 10.00 	11,45,5,724		0.00,0.00	1000,1 	0
1277    	-58.71, 24.15, 0.34 	0.42, 0.36, -6.53 	0.00, 10.00 	11,45,5,734		0.00,9.18	1000,1 	0
1286    	-58.70, 24.16, 0.35 	0.44, 0.39, -6.53 	0.00, 10.00 	11,45,5,744		1.70,4.23	1000,1 	0
1295    	-58.70, 24.16, 0.34 	0.40, 0.36, -6.50 	0.00, 10.00 	11,45,5,753		0.00,5.95	1000,1 	0
1304    	-58.71, 24.17, 0.34 	0.42, 0.36, -6.52 	0.00, 10.00 	11,45,5,763		1.72,2.45	1000,1 	0
1313    	-58.71, 24.17, 0.34 	0.41, 0.36, -6.51 	0.00, 10.00 	11,45,5,773		0.00,1.23	1000,1 	0
1322    	-58.70, 24.17, 0.34 	0.41, 0.36, -6.53 	0.00, 10.00 	11,45,5,783		1.21,0.00	1000,1 	0
1331    	-58.71, 24.18, 0.35 	0.41, 0.37, -6.53 	0.00, 10.00 	11,45,5,792		1.72,1.18	1000,1 	0
1340    	-58.70, 24.18, 0.34 	0.41, 0.37, -6.53 	0.00, 10.00 	11,45,5,802		1.21,0.00	1000,1 	0
1349    	-58.71, 24.18, 0.34 	0.41, 0.37, -6.53 	0.00, 10.00 	11,45,5,812		1.21,0.00	1000,1 	0
1358    	-58.71, 24.16, 0.34 	0.40, 0.37, -6.54 	0.00, 10.00 	11,45,5,821		2.41,1.23	1000,1 	0
1367    	-58.70, 24.14, 0.34 	0.39, 0.36, -6.52 	0.00, 10.00 	11,45,5,831		2.72,1.67	1000,1 	0
1376    	-58.70, 24.15, 0.34 	0.40, 0.36, -6.52 	0.00, 10.00 	11,45,5,841		1.21,1.23	1000,1 	0
1385    	-58.70, 24.16, 0.34 	0.40, 0.36, -6.52 	0.00, 10.00 	11,45,5,850		1.21,0.00	1000,1 	0
1394    	-58.70, 24.16, 0.34 	0.42, 0.37, -6.52 	0.00, 10.00 	11,45,5,860		0.00,2.69	1000,1 	0
1403    	-58.70, 24.16, 0.34 	0.42, 0.38, -6.53 	0.00, 10.00 	11,45,5,870		0.00,1.18	1000,1 	0
1412    	-58.71, 24.17, 0.34 	0.42, 0.38, -6.53 	0.00, 10.00 	11,45,5,879		1.72,0.00	1000,1 	0
1421    	-58.71, 24.18, 0.34 	0.42, 0.37, -6.53 	0.00, 10.00 	11,45,5,889		1.21,1.18	1000,1 	0
1430    	-58.71, 24.17, 0.35 	0.42, 0.37, -6.53 	0.00, 10.00 	11,45,5,899		1.21,0.00	1000,1 	0
1439    	-58.71, 24.18, 0.35 	0.42, 0.37, -6.53 	0.00, 10.00 	11,45,5,908		1.21,0.00	1000,1 	0
1448    	-58.71, 24.18, 0.34 	0.42, 0.37, -6.53 	0.00, 10.00 	11,45,5,918		0.00,0.00	1000,1 	0
1457    	-58.71, 24.17, 0.34 	0.42, 0.37, -6.53 	0.00, 10.00 	11,45,5,928		1.21,0.00	1000,1 	0
1466    	-58.70, 24.17, 0.34 	0.42, 0.37, -6.53 	0.00, 10.00 	11,45,5,937		1.21,0.00	1000,1 	0
1475    	-58.71, 24.17, 0.34 	0.45, 0.37, -6.50 	0.00, 10.00 	11,45,5,947		1.21,2.45	1000,1 	0
1484    	-58.70, 24.16, 0.34 	0.43, 0.37, -6.50 	0.00, 10.00 	11,45,5,957		1.72,1.23	1000,1 	0
1493    	-58.70, 24.16, 0.34 	0.44, 0.35, -6.50 	0.00, 10.00 	11,45,5,966		0.00,2.35	1000,1 	0
1502    	-58.70, 24.16, 0.35 	0.44, 0.35, -6.50 	0.00, 10.00 	11,45,5,976		0.00,0.00	1000,1 	0
1511    	-58.70, 24.17, 0.35 	0.44, 0.36, -6.51 	0.00, 10.00 	11,45,5,986		1.21,1.18	1000,1 	0
1520    	-58.71, 24.17, 0.35 	0.44, 0.36, -6.51 	0.00, 10.00 	11,45,5,996		1.21,0.00	1000,1 	0
1529    	-58.71, 24.17, 0.36 	0.46, 0.38, -6.53 	0.00, 10.00 	11,45,6,5		0.00,3.35	1000,1 	0
1538    	-58.70, 24.15, 0.36 	0.47, 0.37, -6.52 	0.00, 10.00 	11,45,6,15		2.72,1.73	1000,1 	0
1547    	-58.71, 24.16, 0.35 	0.45, 0.41, -6.52 	0.00, 10.00 	11,45,6,25		1.72,3.77	1000,1 	0
1556    	-58.71, 24.15, 0.35 	0.43, 0.42, -6.54 	0.00, 10.00 	11,45,6,34		1.21,3.45	1000,1 	0
1565    	-58.71, 24.17, 0.35 	0.32, 0.50, -6.50 	0.00, 10.00 	11,45,6,44		2.41,14.73	1000,1 	0
1574    	-58.71, 24.15, 0.35 	0.15, 0.74, -6.53 	0.00, 10.00 	11,45,6,54		2.41,32.24	1000,1 	0
1583    	-58.70, 24.16, 0.34 	-0.05, 1.28, -6.63 	0.00, 10.00 	11,45,6,63		1.70,64.48	1000,1 	0
1592    	-58.71, 24.17, 0.34 	-0.04, 1.65, -6.76 	0.00, 10.00 	11,45,6,73		1.72,41.41	1000,1 	0
1601    	-58.70, 24.16, 0.35 	0.04, 1.99, -6.88 	0.00, 10.00 	11,45,6,83		1.72,38.47	1000,1 	0
1610    	-58.70, 24.15, 0.35 	0.06, 2.35, -6.98 	0.00, 10.00 	11,45,6,92		1.21,40.42	1000,1 	0
1619    	-58.71, 24.17, 0.35 	0.12, 2.71, -7.06 	0.00, 10.00 	11,45,6,102		2.72,40.32	1000,1 	0
1628    	-58.71, 24.17, 0.35 	0.11, 3.05, -7.16 	0.00, 10.00 	11,45,6,112		0.00,37.69	1000,1 	0
1637    	-58.71, 24.17, 0.35 	0.07, 3.49, -7.24 	0.00, 10.00 	11,45,6,121		0.00,49.36	1000,1 	0
1646    	-58.71, 24.15, 0.34 	-0.11, 3.91, -7.35 	0.00, 10.00 	11,45,6,131		2.41,50.47	1000,1 	0
1655    	-58.71, 24.15, 0.34 	-0.15, 4.20, -7.37 	0.00, 10.00 	11,45,6,141		0.00,32.98	1000,1 	0
1664    	-58.71, 24.15, 0.34 	-0.20, 4.53, -7.41 	0.00, 10.00 	11,45,6,150		0.00,36.45	1000,1 	0
1673    	-58.70, 24.16, 0.35 	-0.23, 4.93, -7.49 	0.00, 10.00 	11,45,6,160		1.70,44.67	1000,1 	0
1682    	-58.70, 24.16, 0.34 	-0.17, 5.37, -7.53 	0.00, 10.00 	11,45,6,170		0.00,49.37	1000,1 	0
1691    	-58.70, 24.16, 0.33 	-0.14, 5.72, -7.55 	0.00, 10.00 	11,45,6,179		0.00,39.47	1000,1 	0
1700    	-58.71, 24.18, 0.36 	-0.06, 6.08, -7.59 	0.00, 10.00 	11,45,6,189		2.72,40.68	1000,1 	0
1709    	-58.71, 24.16, 0.35 	-0.09, 6.50, -7.60 	0.00, 10.00 	11,45,6,199		2.41,47.02	1000,1 	0
1718    	-58.71, 24.17, 0.35 	-0.10, 6.93, -7.56 	0.00, 10.00 	11,45,6,208		1.21,47.13	1000,1 	0
1727    	-58.71, 24.16, 0.35 	-0.14, 7.32, -7.50 	0.00, 10.00 	11,45,6,218		1.21,43.48	1000,1 	0
1736    	-58.71, 24.15, 0.34 	-0.19, 7.69, -7.40 	0.00, 10.00 	11,45,6,228		1.21,41.15	1000,1 	0
1745    	-58.71, 24.15, 0.35 	-0.27, 8.06, -7.29 	0.00, 10.00 	11,45,6,238		0.00,42.60	1000,1 	0
1754    	-58.71, 24.15, 0.34 	-0.36, 8.41, -7.15 	0.00, 10.00 	11,45,6,247		0.00,40.43	1000,1 	0
1763    	-58.71, 24.16, 0.34 	-0.43, 8.73, -7.04 	0.00, 10.00 	11,45,6,257		1.21,36.75	1000,1 	0
1772    	-58.71, 24.16, 0.34 	-0.41, 9.06, -6.97 	0.00, 10.00 	11,45,6,267		0.00,35.80	1000,1 	0
1781    	-58.71, 24.16, 0.35 	-0.31, 9.31, -6.92 	0.00, 10.00 	11,45,6,276		0.00,30.38	1000,1 	0
1790    	-58.71, 24.15, 0.34 	-0.18, 9.52, -6.89 	0.00, 10.00 	11,45,6,286		1.21,27.75	1000,1 	0
1799    	-58.71, 24.17, 0.34 	-0.03, 9.71, -6.84 	0.00, 10.00 	11,45,6,296		2.41,25.90	1000,1 	0
1808    	-58.71, 24.16, 0.35 	0.02, 9.86, -6.81 	0.00, 10.00 	11,45,6,305		1.21,18.33	1000,1 	0
1817    	-58.71, 24.15, 0.35 	0.07, 9.99, -6.77 	0.00, 10.00 	11,45,6,315		1.21,15.71	1000,1 	0
1826    	-58.72, 24.16, 0.35 	0.08, 10.04, -6.71 	0.00, 10.00 	11,45,6,325		1.72,4.82	1000,1 	0
1835    	-58.72, 24.16, 0.35 	0.04, 10.07, -6.67 	0.00, 10.00 	11,45,6,334		0.00,5.18	1000,1 	0
1844    	-58.71, 24.15, 0.35 	0.04, 10.13, -6.67 	0.00, 10.00 	11,45,6,344		1.72,7.05	1000,1 	0
1853    	-58.71, 24.16, 0.35 	0.02, 10.14, -6.68 	0.00, 10.00 	11,45,6,354		1.21,1.73	1000,1 	0
1862    	-58.71, 24.15, 0.34 	-0.01, 10.16, -6.67 	0.00, 10.00 	11,45,6,363		1.21,4.43	1000,1 	0
1871    	-58.71, 24.15, 0.34 	-0.08, 10.16, -6.65 	0.00, 10.00 	11,45,6,373		0.00,7.49	1000,1 	0
1880    	-58.71, 24.15, 0.35 	-0.10, 10.16, -6.66 	0.00, 10.00 	11,45,6,383		0.00,2.45	1000,1 	0
1889    	-58.71, 24.15, 0.35 	-0.10, 10.15, -6.66 	0.00, 10.00 	11,45,6,392		0.00,1.18	1000,1 	0
1898    	-58.71, 24.16, 0.35 	-0.10, 10.16, -6.66 	0.00, 10.00 	11,45,6,402		1.21,1.18	1000,1 	0
1907    	-58.71, 24.17, 0.35 	-0.07, 10.18, -6.67 	0.00, 10.00 	11,45,6,412		1.21,4.31	1000,1 	0
1916    	-58.71, 24.15, 0.35 	-0.08, 10.18, -6.66 	0.00, 10.00 	11,45,6,421		2.41,1.23	1000,1 	0
1925    	-58.71, 24.15, 0.35 	-0.08, 10.18, -6.67 	0.00, 10.00 	11,45,6,431		0.00,0.00	1000,1 	0
1934    	-58.71, 24.15, 0.35 	-0.08, 10.18, -6.66 	0.00, 10.00 	11,45,6,441		0.00,0.00	1000,1 	0
1943    	-58.71, 24.15, 0.35 	-0.07, 10.18, -6.66 	0.00, 10.00 	11,45,6,451		0.00,1.23	1000,1 	0
1952    	-58.71, 24.13, 0.35 	-0.07, 10.17, -6.66 	0.00, 10.00 	11,45,6,460		1.21,1.18	1000,1 	0
1961    	-58.71, 24.13, 0.35 	-0.05, 10.17, -6.66 	0.00, 10.00 	11,45,6,470		0.00,2.45	1000,1 	0
1970    	-58.71, 24.15, 0.35 	-0.04, 10.19, -6.66 	0.00, 10.00 	11,45,6,480		1.21,1.67	1000,1 	0
1979    	-58.71, 24.15, 0.35 	-0.04, 10.18, -6.65 	0.00, 10.00 	11,45,6,489		0.00,1.18	1000,1 	0
1988    	-58.71, 24.15, 0.36 	-0.06, 10.17, -6.67 	0.00, 10.00 	11,45,6,499		0.00,2.45	1000,1 	0
1997    	-58.71, 24.17, 0.35 	-0.05, 10.17, -6.67 	0.00, 10.00 	11,45,6,509		2.41,1.23	1000,1 	0
2006    	-58.71, 24.16, 0.34 	-0.02, 10.19, -6.68 	0.00, 10.00 	11,45,6,518		1.21,3.83	1000,1 	0
2015    	-58.71, 24.16, 0.34 	0.01, 10.17, -6.66 	0.00, 10.00 	11,45,6,528		0.00,3.45	1000,1 	0
2024    	-58.70, 24.16, 0.34 	0.03, 10.17, -6.67 	0.00, 10.00 	11,45,6,538		1.21,2.45	1000,1 	0
2033    	-58.71, 24.13, 0.33 	0.04, 10.16, -6.68 	0.00, 10.00 	11,45,6,547		2.69,1.73	1000,1 	0
2042    	-58.71, 24.13, 0.33 	0.07, 10.15, -6.67 	0.00, 10.00 	11,45,6,557		0.00,2.75	1000,1 	0
2051    	-58.71, 24.15, 0.33 	0.05, 10.10, -6.66 	0.00, 10.00 	11,45,6,567		1.21,6.30	1000,1 	0
2060    	-58.70, 24.15, 0.33 	0.03, 10.08, -6.66 	0.00, 10.00 	11,45,6,576		1.21,3.35	1000,1 	0
2069    	-58.69, 24.13, 0.33 	0.01, 10.07, -6.66 	0.00, 10.00 	11,45,6,586		2.72,2.45	1000,1 	0
2078    	-58.70, 24.15, 0.33 	0.09, 10.07, -6.68 	0.00, 10.00 	11,45,6,596		2.72,8.71	1000,1 	0
2087    	-58.70, 24.16, 0.34 	0.14, 10.05, -6.67 	0.00, 10.00 	11,45,6,605		1.21,6.64	1000,1 	0
2096    	-58.70, 24.16, 0.34 	0.19, 10.06, -6.66 	0.00, 10.00 	11,45,6,615		0.00,4.91	1000,1 	0
2105    	-58.70, 24.14, 0.34 	0.19, 10.05, -6.64 	0.00, 10.00 	11,45,6,625		2.41,1.18	1000,1 	0
2114    	-58.71, 24.15, 0.33 	0.19, 10.03, -6.64 	0.00, 10.00 	11,45,6,634		1.72,2.35	1000,1 	0
2123    	-58.70, 24.16, 0.33 	0.17, 10.01, -6.61 	0.00, 10.00 	11,45,6,644		1.70,2.69	1000,1 	0
2132    	-58.70, 24.16, 0.33 	0.19, 9.99, -6.61 	0.00, 10.00 	11,45,6,654		0.00,2.69	1000,1 	0
2141    	-58.70, 24.16, 0.33 	0.18, 10.01, -6.62 	0.00, 10.00 	11,45,6,663		0.00,1.18	1000,1 	0
2150    	-58.70, 24.16, 0.32 	0.17, 10.00, -6.62 	0.00, 10.00 	11,45,6,673		0.00,1.23	1000,1 	0
2159    	-58.71, 24.17, 0.34 	0.17, 9.99, -6.63 	0.00, 10.00 	11,45,6,683		1.72,1.18	1000,1 	0
2168    	-58.70, 24.16, 0.34 	0.21, 10.01, -6.63 	0.00, 10.00 	11,45,6,693		1.72,3.83	1000,1 	0
2177    	-58.70, 24.17, 0.34 	0.21, 10.01, -6.64 	0.00, 10.00 	11,45,6,702		1.21,0.00	1000,1 	0
2186    	-58.70, 24.18, 0.33 	0.21, 10.00, -6.64 	0.00, 10.00 	11,45,6,712		1.21,1.18	1000,1 	0
2195    	-58.71, 24.17, 0.34 	0.23, 10.01, -6.64 	0.00, 10.00 	11,45,6,722		1.70,2.69	1000,1 	0
2204    	-58.70, 24.16, 0.34 	0.21, 10.01, -6.64 	0.00, 10.00 	11,45,6,731		1.72,2.45	1000,1 	0
2213    	-58.70, 24.16, 0.34 	0.22, 9.99, -6.64 	0.00, 10.00 	11,45,6,741		0.00,2.69	1000,1 	0
2222    	-58.71, 24.15, 0.33 	0.25, 9.99, -6.64 	0.00, 10.00 	11,45,6,751		1.70,3.68	1000,1 	0
2231    	-58.70, 24.16, 0.34 	0.22, 9.98, -6.62 	0.00, 10.00 	11,45,6,760		1.70,3.83	1000,1 	0
2240    	-58.70, 24.16, 0.34 	0.26, 9.97, -6.63 	0.00, 10.00 	11,45,6,770		0.00,3.90	1000,1 	0
2249    	-58.71, 24.15, 0.33 	0.18, 9.97, -6.62 	0.00, 10.00 	11,45,6,780		1.70,8.71	1000,1 	0
2258    	-58.71, 24.15, 0.34 	0.19, 9.95, -6.62 	0.00, 10.00 	11,45,6,789		0.00,2.69	1000,1 	0
2267    	-58.71, 24.17, 0.35 	0.21, 10.01, -6.69 	0.00, -0.00 	11,45,6,809		2.41,6.30	1000,1 	0
2276    	-58.71, 24.15, 0.35 	0.25, 10.01, -6.68 	0.00, -0.00 	11,45,6,818		2.41,4.91	1000,1 	0
2285    	-58.71, 24.16, 0.35 	0.26, 10.00, -6.68 	0.00, -0.00 	11,45,6,828		1.21,1.73	1000,1 	0
2294    	-58.72, 24.16, 0.35 	0.30, 9.97, -6.68 	0.00, -0.00 	11,45,6,838		1.21,5.18	1000,1 	0
2303    	-58.70, 24.14, 0.34 	0.27, 9.97, -6.66 	0.00, -0.00 	11,45,6,847		3.45,3.68	1000,1 	0
2312    	-58.70, 24.14, 0.35 	0.25, 9.98, -6.67 	0.00, -0.00 	11,45,6,857		0.00,1.73	1000,1 	0
2321    	-58.70, 24.14, 0.35 	0.26, 9.97, -6.66 	0.00, -0.00 	11,45,6,867		0.00,1.18	1000,1 	0
2330    	-58.70, 24.14, 0.35 	0.24, 9.96, -6.65 	0.00, -0.00 	11,45,6,876		0.00,2.69	1000,1 	0
2339    	-58.70, 24.14, 0.34 	0.26, 9.94, -6.65 	0.00, -0.00 	11,45,6,886		0.00,3.45	1000,1 	0
2348    	-58.70, 24.15, 0.34 	0.24, 9.94, -6.64 	0.00, -0.00 	11,45,6,896		1.21,2.45	1000,1 	0
2357    	-58.71, 24.17, 0.35 	0.25, 9.94, -6.65 	0.00, -0.00 	11,45,6,906		2.72,1.23	1000,1 	0
2366    	-58.71, 24.16, 0.34 	0.27, 9.94, -6.65 	0.00, -0.00 	11,45,6,915		1.21,2.45	1000,1 	0
2375    	-58.70, 24.11, 0.34 	0.25, 9.95, -6.65 	0.00, -0.00 	11,45,6,925		4.99,2.75	1000,1 	0
2384    	-58.70, 24.16, 0.34 	0.27, 9.95, -6.65 	0.00, -0.00 	11,45,6,935		4.83,2.45	1000,1 	0
2393    	-58.70, 24.16, 0.34 	0.26, 9.95, -6.65 	0.00, -0.00 	11,45,6,944		0.00,1.23	1000,1 	0
2402    	-58.69, 24.13, 0.34 	0.28, 9.96, -6.64 	0.00, -0.00 	11,45,6,954		3.83,2.69	1000,1 	0
2411    	-58.68, 24.11, 0.34 	0.28, 9.96, -6.64 	0.00, -0.00 	11,45,6,964		1.21,0.00	1000,1 	0
2420    	-58.69, 24.13, 0.34 	0.25, 9.95, -6.64 	0.00, -0.00 	11,45,6,973		1.21,3.83	1000,1 	0
2429    	-58.71, 24.13, 0.34 	0.23, 9.98, -6.65 	0.00, -0.00 	11,45,6,983		2.73,3.77	1000,1 	0
2438    	-58.70, 24.14, 0.34 	0.21, 9.97, -6.65 	0.00, -0.00 	11,45,6,993		1.21,2.69	1000,1 	0
2447    	-58.70, 24.16, 0.34 	0.20, 9.96, -6.64 	0.00, -0.00 	11,45,6,2		2.41,1.23	1000,1 	0
2456    	-58.70, 24.15, 0.34 	0.20, 9.96, -6.64 	0.00, -0.00 	11,45,7,12		1.21,0.00	1000,1 	0
2465    	-58.70, 24.15, 0.35 	0.20, 9.94, -6.64 	0.00, -0.00 	11,45,7,22		0.00,2.35	0,0 	0
2474    	-58.70, 24.14, 0.35 	0.25, 9.96, -6.65 	0.00, -0.00 	11,45,7,31		1.21,5.01	0,0 	0
2483    	-58.70, 24.14, 0.34 	0.25, 9.91, -6.66 	0.00, -0.00 	11,45,7,41		0.00,5.88	0,0 	0
2492    	-58.69, 24.14, 0.34 	0.26, 9.85, -6.68 	0.00, -0.00 	11,45,7,51		1.21,5.88	0,0 	0
2501    	-58.70, 24.14, 0.34 	0.26, 9.73, -6.71 	0.00, -0.00 	11,45,7,60		1.21,14.12	0,0 	0
2510    	-58.69, 24.13, 0.34 	0.28, 9.55, -6.75 	0.00, -0.00 	11,45,7,70		1.72,19.99	0,0 	0
2519    	-58.69, 24.13, 0.34 	0.29, 9.27, -6.83 	0.00, -0.00 	11,45,7,80		0.00,30.59	0,0 	0
2528    	-58.70, 24.14, 0.34 	0.44, 8.85, -6.90 	0.00, -0.00 	11,45,7,89		1.72,49.79	0,0 	0
2537    	-58.70, 24.14, 0.35 	0.59, 8.50, -6.96 	0.00, -0.00 	11,45,7,99		0.00,41.80	0,0 	0
2546    	-58.70, 24.14, 0.35 	0.79, 8.12, -7.00 	0.00, -0.00 	11,45,7,109		0.00,48.37	0,0 	0
2555    	-58.70, 24.14, 0.34 	1.03, 7.66, -7.01 	0.00, -0.00 	11,45,7,118		0.00,57.01	0,0 	0
2564    	-58.70, 24.15, 0.35 	1.22, 7.15, -7.02 	0.00, -0.00 	11,45,7,128		1.21,60.73	0,0 	0
2573    	-58.70, 24.15, 0.35 	1.32, 6.52, -7.00 	0.00, -0.00 	11,45,7,138		0.00,70.66	0,0 	0
2582    	-58.68, 24.11, 0.35 	1.25, 5.91, -6.93 	0.00, -0.00 	11,45,7,148		3.83,68.40	0,0 	0
2591    	-58.70, 24.14, 0.34 	1.15, 5.23, -6.88 	0.00, -0.00 	11,45,7,157		2.72,76.32	0,0 	0
2600    	-58.69, 24.13, 0.34 	1.07, 4.58, -6.83 	0.00, -0.00 	11,45,7,167		1.72,73.48	0,0 	0
2609    	-58.69, 24.13, 0.34 	0.92, 3.98, -6.82 	0.00, -0.00 	11,45,7,177		0.00,68.44	0,0 	0
2618    	-58.69, 24.13, 0.35 	0.81, 3.46, -6.86 	0.00, -0.00 	11,45,7,186		0.00,59.17	0,0 	0
2627    	-58.69, 24.13, 0.35 	0.70, 3.00, -6.88 	0.00, -0.00 	11,45,7,196		0.00,52.16	0,0 	0
2636    	-58.70, 24.15, 0.35 	0.58, 2.64, -6.88 	0.00, -0.00 	11,45,7,206		2.72,42.42	0,0 	0
2645    	-58.69, 24.13, 0.35 	0.46, 2.32, -6.91 	0.00, -0.00 	11,45,7,215		2.72,37.70	0,0 	0
2654    	-58.70, 24.15, 0.35 	0.38, 2.06, -6.90 	0.00, -0.00 	11,45,7,225		2.72,30.90	0,0 	0
2663    	-58.69, 24.15, 0.35 	0.28, 1.88, -6.90 	0.00, -0.00 	11,45,7,235		1.21,22.81	0,0 	0
2672    	-58.69, 24.15, 0.35 	0.17, 1.68, -6.86 	0.00, -0.00 	11,45,7,244		0.00,24.45	0,0 	0
2681    	-58.69, 24.13, 0.36 	-0.06, 1.48, -6.79 	0.00, -0.00 	11,45,7,254		2.41,34.07	0,0 	0
