#Time 	Sensor1         Sensor2         Target          Time            Vel             
#================================================================

17      	-58.68, 24.11, 0.36 	-0.83, -0.28, -6.48 	0.00, 10.00 	11,44,15,278		0.00,0.00	0,0 	0
26      	-58.69, 24.13, 0.36 	-0.83, -0.28, -6.48 	0.00, 10.00 	11,44,15,288		1.21,0.00	0,0 	0
35      	-58.69, 24.13, 0.36 	-0.83, -0.28, -6.48 	0.00, 10.00 	11,44,15,298		0.00,0.00	0,0 	0
44      	-58.69, 24.15, 0.36 	-0.83, -0.28, -6.48 	0.00, 10.00 	11,44,15,307		2.41,0.00	0,0 	0
53      	-58.69, 24.15, 0.36 	-0.83, -0.28, -6.48 	0.00, 10.00 	11,44,15,317		0.00,0.00	0,0 	0
62      	-58.69, 24.15, 0.37 	-0.82, -0.30, -6.47 	0.00, 10.00 	11,44,15,327		0.00,2.69	0,0 	0
71      	-58.70, 24.16, 0.36 	-0.84, -0.30, -6.49 	0.00, 10.00 	11,44,15,336		1.72,2.45	0,0 	0
80      	-58.70, 24.16, 0.36 	-0.84, -0.30, -6.49 	0.00, 10.00 	11,44,15,346		0.00,0.00	0,0 	0
89      	-58.68, 24.11, 0.36 	-0.84, -0.30, -6.49 	0.00, 10.00 	11,44,15,356		4.99,0.00	0,0 	0
98      	-58.69, 24.13, 0.36 	-0.85, -0.28, -6.48 	0.00, 10.00 	11,44,15,365		1.21,2.69	0,0 	0
107     	-58.69, 24.13, 0.36 	-0.84, -0.28, -6.48 	0.00, 10.00 	11,44,15,375		0.00,1.23	0,0 	0
116     	-58.69, 24.16, 0.36 	-0.85, -0.28, -6.48 	0.00, 10.00 	11,44,15,385		3.62,1.23	0,0 	0
125     	-58.69, 24.16, 0.36 	-0.85, -0.28, -6.48 	0.00, 10.00 	11,44,15,395		0.00,0.00	0,0 	0
134     	-58.69, 24.16, 0.36 	-0.89, -0.29, -6.48 	0.00, 10.00 	11,44,15,404		0.00,4.91	0,0 	0
143     	-58.70, 24.16, 0.36 	-0.88, -0.30, -6.48 	0.00, 10.00 	11,44,15,414		1.21,1.73	0,0 	0
152     	-58.70, 24.17, 0.36 	-0.88, -0.30, -6.48 	0.00, 10.00 	11,44,15,424		1.21,0.00	0,0 	0
161     	-58.69, 24.16, 0.36 	-0.88, -0.30, -6.48 	0.00, 10.00 	11,44,15,433		1.72,0.00	0,0 	0
170     	-58.68, 24.15, 0.36 	-0.88, -0.30, -6.48 	0.00, 10.00 	11,44,15,443		1.72,0.00	0,0 	0
179     	-58.69, 24.15, 0.36 	-0.88, -0.29, -6.50 	0.00, 10.00 	11,44,15,453		1.21,1.18	0,0 	0
188     	-58.69, 24.15, 0.36 	-0.88, -0.29, -6.49 	0.00, 10.00 	11,44,15,462		0.00,0.00	0,0 	0
197     	-58.67, 24.13, 0.35 	-0.88, -0.29, -6.49 	0.00, 10.00 	11,44,15,472		2.72,0.00	0,0 	0
206     	-58.68, 24.14, 0.35 	-0.88, -0.29, -6.49 	0.00, 10.00 	11,44,15,482		1.21,0.00	0,0 	0
215     	-58.69, 24.17, 0.35 	-0.88, -0.29, -6.49 	0.00, 10.00 	11,44,15,491		3.83,0.00	0,0 	0
224     	-58.69, 24.17, 0.36 	-0.88, -0.29, -6.49 	0.00, 10.00 	11,44,15,501		0.00,0.00	0,0 	0
233     	-58.70, 24.15, 0.36 	-0.88, -0.29, -6.49 	0.00, 10.00 	11,44,15,511		2.69,0.00	0,0 	0
242     	-58.69, 24.17, 0.36 	-0.88, -0.29, -6.49 	0.00, 10.00 	11,44,15,520		2.69,0.00	0,0 	0
251     	-58.70, 24.16, 0.36 	-0.88, -0.29, -6.49 	0.00, 10.00 	11,44,15,530		1.70,0.00	0,0 	0
260     	-58.69, 24.16, 0.36 	-0.88, -0.29, -6.49 	0.00, 10.00 	11,44,15,540		1.21,0.00	0,0 	0
269     	-58.68, 24.15, 0.36 	-0.88, -0.29, -6.49 	0.00, 10.00 	11,44,15,549		1.72,0.00	0,0 	0
278     	-58.69, 24.15, 0.36 	-0.88, -0.29, -6.49 	0.00, 10.00 	11,44,15,559		1.21,0.00	0,0 	0
287     	-58.69, 24.14, 0.36 	-0.88, -0.29, -6.49 	0.00, 10.00 	11,44,15,569		1.21,0.00	0,0 	0
296     	-58.69, 24.15, 0.36 	-0.88, -0.29, -6.49 	0.00, 10.00 	11,44,15,578		1.21,0.00	0,0 	0
305     	-58.68, 24.14, 0.36 	-0.88, -0.29, -6.49 	0.00, 10.00 	11,44,15,588		1.72,0.00	0,0 	0
314     	-58.68, 24.16, 0.35 	-0.88, -0.29, -6.49 	0.00, 10.00 	11,44,15,598		2.41,0.00	0,0 	0
323     	-58.70, 24.18, 0.36 	-0.89, -0.28, -6.48 	0.00, 10.00 	11,44,15,608		3.45,1.18	0,0 	0
332     	-58.70, 24.16, 0.36 	-0.89, -0.28, -6.50 	0.00, 10.00 	11,44,15,617		2.41,0.00	0,0 	0
341     	-58.70, 24.17, 0.36 	-0.89, -0.28, -6.50 	0.00, 10.00 	11,44,15,627		1.21,0.00	0,0 	0
350     	-58.70, 24.16, 0.36 	-0.85, -0.27, -6.50 	0.00, 10.00 	11,44,15,637		1.21,3.68	0,0 	0
359     	-58.70, 24.17, 0.35 	-0.85, -0.27, -6.50 	0.00, 10.00 	11,44,15,646		1.21,0.00	0,0 	0
368     	-58.70, 24.15, 0.35 	-0.85, -0.27, -6.50 	0.00, 10.00 	11,44,15,656		2.41,0.00	0,0 	0
377     	-58.69, 24.14, 0.35 	-0.84, -0.28, -6.49 	0.00, 10.00 	11,44,15,666		1.72,1.73	0,0 	0
386     	-58.69, 24.15, 0.34 	-0.85, -0.29, -6.49 	0.00, 10.00 	11,44,15,675		1.21,1.67	0,0 	0
395     	-58.70, 24.17, 0.34 	-0.86, -0.29, -6.48 	0.00, 10.00 	11,44,15,685		2.72,1.23	0,0 	0
404     	-58.70, 24.16, 0.35 	-0.86, -0.29, -6.49 	0.00, 10.00 	11,44,15,695		1.21,0.00	0,0 	0
413     	-58.70, 24.16, 0.35 	-0.84, -0.30, -6.49 	0.00, 10.00 	11,44,15,704		0.00,2.75	0,0 	0
422     	-58.71, 24.19, 0.34 	-0.85, -0.30, -6.49 	0.00, 10.00 	11,44,15,714		3.83,1.23	0,0 	0
431     	-58.71, 24.17, 0.35 	-0.84, -0.30, -6.49 	0.00, 10.00 	11,44,15,724		2.41,1.23	0,0 	0
440     	-58.71, 24.17, 0.35 	-0.85, -0.30, -6.49 	0.00, 10.00 	11,44,15,733		0.00,1.23	0,0 	0
449     	-58.70, 24.14, 0.34 	-0.84, -0.30, -6.49 	0.00, 10.00 	11,44,15,743		3.83,1.23	0,0 	0
458     	-58.71, 24.17, 0.34 	-0.85, -0.30, -6.49 	0.00, 10.00 	11,44,15,753		3.83,1.23	0,0 	0
467     	-58.70, 24.17, 0.34 	-0.84, -0.30, -6.49 	0.00, 10.00 	11,44,15,762		1.21,1.23	0,0 	0
476     	-58.70, 24.14, 0.34 	-0.85, -0.30, -6.49 	0.00, 10.00 	11,44,15,772		3.62,1.23	0,0 	0
485     	-58.70, 24.14, 0.34 	-0.84, -0.30, -6.49 	0.00, 10.00 	11,44,15,782		0.00,1.23	0,0 	0
494     	-58.71, 24.16, 0.34 	-0.86, -0.30, -6.49 	0.00, 10.00 	11,44,15,791		2.72,2.45	0,0 	0
503     	-58.71, 24.16, 0.34 	-0.86, -0.29, -6.49 	0.00, 10.00 	11,44,15,801		0.00,1.18	0,0 	0
512     	-58.71, 24.16, 0.35 	-0.87, -0.31, -6.49 	0.00, 10.00 	11,44,15,811		0.00,1.67	0,0 	0
521     	-58.71, 24.17, 0.35 	-0.87, -0.31, -6.49 	0.00, 10.00 	11,44,15,820		1.21,0.00	0,0 	0
530     	-58.73, 24.17, 0.35 	-0.86, -0.30, -6.49 	0.00, 10.00 	11,44,15,830		2.43,1.23	0,0 	0
539     	-58.71, 24.17, 0.35 	-0.86, -0.29, -6.49 	0.00, 10.00 	11,44,15,840		2.43,1.18	0,0 	0
548     	-58.72, 24.16, 0.34 	-0.86, -0.30, -6.48 	0.00, 10.00 	11,44,15,850		1.70,1.18	0,0 	0
557     	-58.71, 24.16, 0.34 	-0.88, -0.26, -6.50 	0.00, 10.00 	11,44,15,859		1.21,4.90	0,0 	0
566     	-58.71, 24.16, 0.34 	-0.85, -0.31, -6.47 	0.00, 10.00 	11,44,15,869		0.00,6.44	0,0 	0
575     	-58.71, 24.15, 0.34 	-0.86, -0.32, -6.47 	0.00, 10.00 	11,44,15,879		1.21,1.23	0,0 	0
584     	-58.71, 24.15, 0.34 	-0.85, -0.31, -6.47 	0.00, 10.00 	11,44,15,888		0.00,1.23	0,0 	0
593     	-58.71, 24.15, 0.33 	-0.86, -0.32, -6.47 	0.00, 10.00 	11,44,15,898		0.00,1.23	0,0 	0
602     	-58.72, 24.17, 0.35 	-0.82, -0.31, -6.47 	0.00, 10.00 	11,44,15,908		2.72,3.68	0,0 	0
611     	-58.71, 24.17, 0.35 	-0.82, -0.31, -6.47 	0.00, 10.00 	11,44,15,917		1.21,0.00	0,0 	0
620     	-58.70, 24.15, 0.35 	-0.85, -0.27, -6.49 	0.00, 10.00 	11,44,15,927		2.72,5.37	0,0 	0
629     	-58.72, 24.17, 0.35 	-0.86, -0.28, -6.48 	0.00, 10.00 	11,44,15,937		3.45,1.67	0,0 	0
638     	-58.72, 24.17, 0.35 	-0.86, -0.27, -6.49 	0.00, 10.00 	11,44,15,946		0.00,1.18	0,0 	0
647     	-58.71, 24.15, 0.35 	-0.83, -0.28, -6.47 	0.00, 10.00 	11,44,15,956		2.72,3.90	0,0 	0
656     	-58.71, 24.15, 0.34 	-0.86, -0.28, -6.47 	0.00, 10.00 	11,44,15,966		0.00,3.68	0,0 	0
665     	-58.72, 24.14, 0.33 	-0.85, -0.27, -6.50 	0.00, 10.00 	11,44,15,975		1.21,1.67	0,0 	0
674     	-58.72, 24.16, 0.33 	-0.86, -0.34, -6.47 	0.00, 10.00 	11,44,15,985		1.21,7.12	0,0 	0
683     	-58.72, 24.14, 0.34 	-1.02, -0.34, -6.46 	0.00, 10.00 	11,44,15,995		1.21,18.48	0,0 	0
692     	-58.71, 24.16, 0.35 	-1.07, -0.31, -6.50 	0.00, 10.00 	11,44,16,4		1.70,6.13	0,0 	0
701     	-58.72, 24.17, 0.34 	-1.07, -0.30, -6.52 	0.00, 10.00 	11,44,16,14		1.72,1.18	0,0 	0
710     	-58.72, 24.19, 0.34 	-1.00, -0.24, -6.52 	0.00, 10.00 	11,44,16,24		2.41,10.26	0,0 	0
719     	-58.71, 24.17, 0.35 	-0.97, -0.21, -6.51 	0.00, 10.00 	11,44,16,33		2.72,5.02	0,0 	0
728     	-58.72, 24.17, 0.34 	-0.93, -0.17, -6.53 	0.00, 10.00 	11,44,16,43		1.21,5.95	0,0 	0
737     	-58.71, 24.17, 0.33 	-0.91, -0.17, -6.52 	0.00, 10.00 	11,44,16,53		1.21,2.45	0,0 	0
746     	-58.72, 24.17, 0.33 	-0.89, -0.15, -6.51 	0.00, 10.00 	11,44,16,63		1.21,3.35	0,0 	0
755     	-58.71, 24.17, 0.33 	-0.81, -0.15, -6.49 	0.00, 10.00 	11,44,16,72		1.21,8.71	0,0 	0
764     	-58.70, 24.15, 0.33 	-0.83, -0.16, -6.48 	0.00, 10.00 	11,44,16,82		2.72,2.69	0,0 	0
773     	-58.72, 24.17, 0.34 	-0.95, -0.15, -6.46 	0.00, 10.00 	11,44,16,92		3.45,12.57	0,0 	0
782     	-58.72, 24.17, 0.34 	-0.91, -0.16, -6.50 	0.00, 10.00 	11,44,16,101		0.00,3.90	0,0 	0
791     	-58.70, 24.17, 0.35 	-0.92, -0.18, -6.49 	0.00, 10.00 	11,44,16,111		2.43,2.62	0,0 	0
800     	-58.71, 24.16, 0.34 	-0.86, -0.16, -6.50 	0.00, 10.00 	11,44,16,121		1.70,7.66	0,0 	0
809     	-58.72, 24.18, 0.34 	-0.87, -0.09, -6.51 	0.00, 10.00 	11,44,16,130		2.72,7.20	0,0 	0
818     	-58.72, 24.18, 0.34 	-0.83, -0.12, -6.50 	0.00, 10.00 	11,44,16,140		0.00,6.13	0,0 	0
827     	-58.70, 24.15, 0.35 	-0.79, -0.08, -6.51 	0.00, 10.00 	11,44,16,150		4.39,6.69	0,0 	0
836     	-58.72, 24.14, 0.33 	-0.79, -0.06, -6.53 	0.00, 10.00 	11,44,16,159		2.43,1.18	0,0 	0
845     	-58.71, 24.16, 0.34 	-0.84, -0.10, -6.48 	0.00, 10.00 	11,44,16,169		1.70,6.98	0,0 	0
854     	-58.71, 24.15, 0.34 	-0.83, -0.12, -6.48 	0.00, 10.00 	11,44,16,179		1.21,2.69	0,0 	0
863     	-58.70, 24.14, 0.34 	-0.83, -0.09, -6.49 	0.00, 10.00 	11,44,16,188		1.72,3.53	0,0 	0
872     	-58.71, 24.15, 0.33 	-0.83, -0.07, -6.49 	0.00, 10.00 	11,44,16,198		1.72,2.35	0,0 	0
881     	-58.72, 24.17, 0.33 	-0.81, -0.07, -6.50 	0.00, 10.00 	11,44,16,208		2.72,2.45	0,0 	0
890     	-58.72, 24.17, 0.34 	-0.80, -0.06, -6.52 	0.00, 10.00 	11,44,16,217		0.00,1.67	0,0 	0
899     	-58.70, 24.15, 0.34 	-0.78, -0.02, -6.55 	0.00, 10.00 	11,44,16,227		3.45,4.23	0,0 	0
908     	-58.72, 24.17, 0.34 	-0.72, -0.00, -6.54 	0.00, 10.00 	11,44,16,237		3.45,7.42	0,0 	0
917     	-58.72, 24.16, 0.34 	-0.69, 0.01, -6.56 	0.00, 10.00 	11,44,16,246		1.21,3.83	0,0 	0
926     	-58.72, 24.17, 0.34 	-0.68, -0.00, -6.54 	0.00, 10.00 	11,44,16,256		1.21,1.73	0,0 	0
935     	-58.72, 24.14, 0.34 	-0.68, 0.02, -6.56 	0.00, 10.00 	11,44,16,266		2.41,2.35	0,0 	0
944     	-58.72, 24.16, 0.33 	-0.65, 0.01, -6.53 	0.00, 10.00 	11,44,16,275		1.21,2.75	0,0 	0
953     	-58.72, 24.18, 0.33 	-0.65, 0.01, -6.53 	0.00, 10.00 	11,44,16,285		2.41,0.00	0,0 	0
962     	-58.72, 24.17, 0.33 	-0.66, 0.00, -6.54 	0.00, 10.00 	11,44,16,295		1.21,1.67	0,0 	0
971     	-58.72, 24.17, 0.33 	-0.65, -0.01, -6.54 	0.00, 10.00 	11,44,16,305		0.00,1.73	0,0 	0
980     	-58.71, 24.17, 0.33 	-0.70, -0.00, -6.54 	0.00, 10.00 	11,44,16,314		1.21,5.08	0,0 	0
989     	-58.72, 24.18, 0.33 	-0.71, -0.01, -6.54 	0.00, 10.00 	11,44,16,324		1.72,1.67	0,0 	0
998     	-58.73, 24.18, 0.34 	-0.70, -0.01, -6.53 	0.00, 10.00 	11,44,16,334		1.21,1.23	0,0 	0
1007    	-58.72, 24.17, 0.34 	-0.70, -0.01, -6.53 	0.00, 10.00 	11,44,16,343		1.72,0.00	1000,1 	0
1016    	-58.72, 24.18, 0.34 	-0.71, -0.02, -6.53 	0.00, 10.00 	11,44,16,353		1.21,1.67	1000,1 	0
1025    	-58.72, 24.18, 0.34 	-0.71, -0.02, -6.53 	0.00, 10.00 	11,44,16,363		0.00,0.00	1000,1 	0
1034    	-58.71, 24.17, 0.34 	-0.69, -0.02, -6.52 	0.00, 10.00 	11,44,16,372		1.72,1.23	1000,1 	0
1043    	-58.72, 24.16, 0.34 	-0.75, -0.03, -6.53 	0.00, 10.00 	11,44,16,382		1.70,6.14	1000,1 	0
1052    	-58.70, 24.16, 0.33 	-0.75, -0.04, -6.53 	0.00, 10.00 	11,44,16,392		2.43,1.18	1000,1 	0
1061    	-58.71, 24.17, 0.34 	-0.77, -0.01, -6.51 	0.00, 10.00 	11,44,16,401		1.72,4.36	1000,1 	0
1070    	-58.71, 24.17, 0.33 	-0.75, -0.03, -6.50 	0.00, 10.00 	11,44,16,411		0.00,3.45	1000,1 	0
1079    	-58.71, 24.18, 0.34 	-0.70, 0.01, -6.52 	0.00, 10.00 	11,44,16,421		1.21,6.98	1000,1 	0
1088    	-58.72, 24.19, 0.34 	-0.77, 0.03, -6.51 	0.00, 10.00 	11,44,16,430		1.72,8.26	1000,1 	0
1097    	-58.74, 24.20, 0.34 	-0.72, 0.04, -6.53 	0.00, 10.00 	11,44,16,440		1.72,4.91	1000,1 	0
1106    	-58.72, 24.18, 0.34 	-0.75, 0.06, -6.54 	0.00, 10.00 	11,44,16,450		2.72,3.45	1000,1 	0
1115    	-58.71, 24.16, 0.34 	-0.81, 0.06, -6.53 	0.00, 10.00 	11,44,16,459		2.72,6.28	1000,1 	0
1124    	-58.73, 24.18, 0.34 	-0.76, 0.09, -6.55 	0.00, 10.00 	11,44,16,469		3.45,5.38	1000,1 	0
1133    	-58.73, 24.18, 0.33 	-0.75, 0.07, -6.53 	0.00, 10.00 	11,44,16,479		0.00,2.69	1000,1 	0
1142    	-58.71, 24.17, 0.34 	-0.80, 0.08, -6.52 	0.00, 10.00 	11,44,16,488		2.73,5.51	1000,1 	0
1151    	-58.72, 24.17, 0.34 	-0.86, 0.09, -6.54 	0.00, 10.00 	11,44,16,498		1.21,7.49	1000,1 	0
1160    	-58.73, 24.20, 0.34 	-0.87, 0.06, -6.55 	0.00, 10.00 	11,44,16,508		3.62,3.70	1000,1 	0
1169    	-58.72, 24.19, 0.34 	-0.90, 0.08, -6.55 	0.00, 10.00 	11,44,16,518		1.21,4.36	1000,1 	0
1178    	-58.72, 24.18, 0.34 	-0.96, 0.13, -6.57 	0.00, 10.00 	11,44,16,527		1.21,8.63	1000,1 	0
1187    	-58.73, 24.20, 0.33 	-0.91, 0.21, -6.56 	0.00, 10.00 	11,44,16,537		2.41,10.11	1000,1 	0
1196    	-58.72, 24.19, 0.33 	-0.79, 0.25, -6.59 	0.00, 10.00 	11,44,16,547		1.21,15.04	1000,1 	0
1205    	-58.72, 24.19, 0.33 	-0.70, 0.26, -6.61 	0.00, 10.00 	11,44,16,556		0.00,9.82	1000,1 	0
1214    	-58.71, 24.13, 0.34 	-0.70, 0.28, -6.64 	0.00, 10.00 	11,44,16,566		6.17,2.35	1000,1 	0
1223    	-58.71, 24.17, 0.33 	-0.74, 0.25, -6.60 	0.00, 10.00 	11,44,16,576		3.62,5.95	1000,1 	0
1232    	-58.71, 24.15, 0.33 	-0.75, 0.22, -6.59 	0.00, 10.00 	11,44,16,585		2.41,3.70	1000,1 	0
1241    	-58.70, 24.17, 0.33 	-0.81, 0.17, -6.55 	0.00, 10.00 	11,44,16,595		2.69,8.61	1000,1 	0
1250    	-58.70, 24.17, 0.33 	-0.86, 0.14, -6.53 	0.00, 10.00 	11,44,16,605		0.00,6.50	1000,1 	0
1259    	-58.71, 24.18, 0.33 	-0.90, 0.12, -6.51 	0.00, 10.00 	11,44,16,614		1.72,5.38	1000,1 	0
1268    	-58.71, 24.18, 0.33 	-0.91, 0.17, -6.51 	0.00, 10.00 	11,44,16,624		0.00,5.88	1000,1 	0
1277    	-58.71, 24.18, 0.33 	-0.91, 0.18, -6.51 	0.00, 10.00 	11,44,16,634		0.00,1.18	1000,1 	0
1286    	-58.70, 24.17, 0.33 	-0.91, 0.19, -6.51 	0.00, 10.00 	11,44,16,643		1.72,1.18	1000,1 	0
1295    	-58.72, 24.17, 0.33 	-0.84, 0.21, -6.51 	0.00, 10.00 	11,44,16,653		2.43,8.63	1000,1 	0
1304    	-58.72, 24.17, 0.33 	-0.84, 0.22, -6.50 	0.00, 10.00 	11,44,16,663		0.00,1.18	1000,1 	0
1313    	-58.72, 24.17, 0.33 	-0.86, 0.22, -6.50 	0.00, 10.00 	11,44,16,672		0.00,2.45	1000,1 	0
1322    	-58.70, 24.16, 0.33 	-0.86, 0.22, -6.51 	0.00, 10.00 	11,44,16,682		2.73,0.00	1000,1 	0
1331    	-58.72, 24.17, 0.33 	-0.90, 0.21, -6.51 	0.00, 10.00 	11,44,16,692		2.73,4.91	1000,1 	0
1340    	-58.72, 24.17, 0.33 	-0.90, 0.21, -6.51 	0.00, 10.00 	11,44,16,701		0.00,0.00	1000,1 	0
1349    	-58.70, 24.17, 0.34 	-0.90, 0.21, -6.51 	0.00, 10.00 	11,44,16,711		2.43,0.00	1000,1 	0
1358    	-58.71, 24.17, 0.34 	-0.87, 0.20, -6.52 	0.00, 10.00 	11,44,16,721		1.21,3.90	1000,1 	0
1367    	-58.72, 24.19, 0.34 	-0.87, 0.21, -6.53 	0.00, 10.00 	11,44,16,731		2.72,1.18	1000,1 	0
1376    	-58.72, 24.19, 0.33 	-0.87, 0.21, -6.53 	0.00, 10.00 	11,44,16,740		0.00,0.00	1000,1 	0
1385    	-58.71, 24.17, 0.34 	-0.87, 0.20, -6.52 	0.00, 10.00 	11,44,16,750		2.72,1.18	1000,1 	0
1394    	-58.70, 24.18, 0.33 	-0.89, 0.21, -6.51 	0.00, 10.00 	11,44,16,760		1.70,2.75	1000,1 	0
1403    	-58.71, 24.18, 0.33 	-0.86, 0.23, -6.53 	0.00, 10.00 	11,44,16,769		1.21,3.83	1000,1 	0
1412    	-58.71, 24.19, 0.33 	-0.86, 0.23, -6.52 	0.00, 10.00 	11,44,16,779		1.21,0.00	1000,1 	0
1421    	-58.69, 24.17, 0.33 	-0.90, 0.22, -6.52 	0.00, 10.00 	11,44,16,789		3.45,4.91	1000,1 	0
1430    	-58.69, 24.17, 0.33 	-0.89, 0.23, -6.52 	0.00, 10.00 	11,44,16,798		0.00,1.67	1000,1 	0
1439    	-58.70, 24.18, 0.33 	-0.87, 0.23, -6.52 	0.00, 10.00 	11,44,16,808		1.72,2.75	1000,1 	0
1448    	-58.71, 24.18, 0.33 	-0.92, 0.23, -6.53 	0.00, 10.00 	11,44,16,818		1.21,5.08	1000,1 	0
1457    	-58.71, 24.18, 0.34 	-0.92, 0.23, -6.51 	0.00, 10.00 	11,44,16,827		0.00,0.00	1000,1 	0
1466    	-58.71, 24.19, 0.33 	-0.89, 0.20, -6.51 	0.00, 10.00 	11,44,16,837		1.21,4.36	1000,1 	0
1475    	-58.70, 24.19, 0.33 	-0.84, 0.22, -6.54 	0.00, 10.00 	11,44,16,847		1.21,6.21	1000,1 	0
1484    	-58.71, 24.17, 0.34 	-0.79, 0.25, -6.61 	0.00, 10.00 	11,44,16,856		2.69,6.98	1000,1 	0
1493    	-58.70, 24.17, 0.34 	-0.60, 0.39, -6.83 	0.00, 10.00 	11,44,16,866		1.21,25.25	1000,1 	0
1502    	-58.70, 24.17, 0.33 	-0.26, 0.41, -7.10 	0.00, 10.00 	11,44,16,876		0.00,38.10	1000,1 	0
1511    	-58.70, 24.18, 0.33 	-0.32, 0.33, -7.23 	0.00, 10.00 	11,44,16,885		1.21,10.87	1000,1 	0
1520    	-58.68, 24.16, 0.33 	-0.65, 0.25, -7.25 	0.00, 10.00 	11,44,16,895		3.45,38.31	1000,1 	0
1529    	-58.68, 24.16, 0.33 	-1.21, 0.15, -7.07 	0.00, 10.00 	11,44,16,905		0.00,62.62	1000,1 	0
1538    	-58.69, 24.17, 0.33 	-1.39, 0.17, -6.95 	0.00, 10.00 	11,44,16,914		1.72,20.06	1000,1 	0
1547    	-58.72, 24.19, 0.34 	-1.28, 0.25, -6.93 	0.00, 10.00 	11,44,16,924		4.40,15.59	1000,1 	0
1556    	-58.70, 24.18, 0.34 	-1.10, 0.35, -7.02 	0.00, 10.00 	11,44,16,934		2.73,22.61	1000,1 	0
1565    	-58.70, 24.19, 0.34 	-1.14, 0.41, -7.07 	0.00, 10.00 	11,44,16,943		1.21,8.06	1000,1 	0
1574    	-58.71, 24.19, 0.34 	-1.21, 0.33, -7.10 	0.00, 10.00 	11,44,16,953		1.21,11.71	1000,1 	0
1583    	-58.71, 24.19, 0.34 	-1.40, 0.36, -7.11 	0.00, 10.00 	11,44,16,963		0.00,21.53	1000,1 	0
1592    	-58.69, 24.18, 0.34 	-1.52, 0.41, -7.12 	0.00, 10.00 	11,44,16,973		2.73,14.35	1000,1 	0
1601    	-58.69, 24.15, 0.34 	-1.68, 0.62, -7.18 	0.00, 10.00 	11,44,16,982		3.62,29.14	1000,1 	0
1610    	-58.69, 24.15, 0.34 	-1.78, 0.90, -7.29 	0.00, 10.00 	11,44,16,992		0.00,33.96	1000,1 	0
1619    	-58.70, 24.17, 0.34 	-1.75, 1.28, -7.44 	0.00, 10.00 	11,44,16,2		2.72,41.77	1000,1 	0
1628    	-58.70, 24.17, 0.35 	-1.83, 1.68, -7.54 	0.00, 10.00 	11,44,17,11		0.00,46.00	1000,1 	0
1637    	-58.69, 24.17, 0.34 	-1.85, 1.98, -7.59 	0.00, 10.00 	11,44,17,21		1.21,32.90	1000,1 	0
1646    	-58.71, 24.19, 0.34 	-1.81, 2.26, -7.63 	0.00, 10.00 	11,44,17,31		3.45,31.49	1000,1 	0
1655    	-58.71, 24.18, 0.34 	-1.72, 2.51, -7.62 	0.00, 10.00 	11,44,17,40		1.21,29.84	1000,1 	0
1664    	-58.70, 24.16, 0.34 	-1.73, 2.79, -7.58 	0.00, 10.00 	11,44,17,50		2.72,30.59	1000,1 	0
1673    	-58.70, 24.16, 0.34 	-1.64, 3.00, -7.51 	0.00, 10.00 	11,44,17,60		0.00,25.74	1000,1 	0
1682    	-58.70, 24.17, 0.34 	-1.58, 3.25, -7.48 	0.00, 10.00 	11,44,17,69		1.21,28.48	1000,1 	0
1691    	-58.71, 24.17, 0.34 	-1.52, 3.47, -7.44 	0.00, 10.00 	11,44,17,79		1.21,25.20	1000,1 	0
1700    	-58.69, 24.15, 0.34 	-1.40, 3.73, -7.41 	0.00, 10.00 	11,44,17,89		3.45,32.57	1000,1 	0
1709    	-58.68, 24.16, 0.33 	-1.30, 4.00, -7.42 	0.00, 10.00 	11,44,17,98		1.70,31.42	1000,1 	0
1718    	-58.70, 24.17, 0.33 	-1.13, 4.23, -7.42 	0.00, 10.00 	11,44,17,108		2.73,31.75	1000,1 	0
1727    	-58.70, 24.17, 0.33 	-1.04, 4.53, -7.44 	0.00, 10.00 	11,44,17,118		0.00,35.19	1000,1 	0
1736    	-58.70, 24.17, 0.34 	-0.92, 4.70, -7.41 	0.00, 10.00 	11,44,17,127		0.00,23.41	1000,1 	0
1745    	-58.70, 24.18, 0.34 	-0.80, 4.95, -7.39 	0.00, 10.00 	11,44,17,137		1.21,30.60	1000,1 	0
1754    	-58.70, 24.18, 0.34 	-0.63, 5.13, -7.36 	0.00, 10.00 	11,44,17,147		0.00,26.89	1000,1 	0
1763    	-58.70, 24.18, 0.34 	-0.52, 5.38, -7.34 	0.00, 10.00 	11,44,17,156		0.00,30.96	1000,1 	0
1772    	-58.69, 24.16, 0.34 	-0.38, 5.65, -7.36 	0.00, 10.00 	11,44,17,166		2.72,33.20	1000,1 	0
1781    	-58.70, 24.17, 0.33 	-0.22, 5.85, -7.37 	0.00, 10.00 	11,44,17,176		1.72,29.25	1000,1 	0
1790    	-58.70, 24.17, 0.33 	-0.10, 6.10, -7.38 	0.00, 10.00 	11,44,17,186		0.00,30.60	1000,1 	0
1799    	-58.70, 24.17, 0.34 	-0.00, 6.41, -7.40 	0.00, 10.00 	11,44,17,195		0.00,35.64	1000,1 	0
1808    	-58.70, 24.16, 0.34 	0.07, 6.70, -7.44 	0.00, 10.00 	11,44,17,205		1.21,33.67	1000,1 	0
1817    	-58.70, 24.16, 0.34 	0.17, 6.99, -7.46 	0.00, 10.00 	11,44,17,215		0.00,33.51	1000,1 	0
1826    	-58.71, 24.17, 0.35 	0.15, 7.24, -7.48 	0.00, 10.00 	11,44,17,224		1.72,28.21	1000,1 	0
1835    	-58.71, 24.17, 0.35 	0.15, 7.57, -7.53 	0.00, 10.00 	11,44,17,234		0.00,36.62	1000,1 	0
1844    	-58.70, 24.18, 0.35 	0.18, 7.93, -7.58 	0.00, 10.00 	11,44,17,244		1.70,40.62	1000,1 	0
1853    	-58.70, 24.19, 0.35 	0.22, 8.21, -7.60 	0.00, 10.00 	11,44,17,253		1.21,31.49	1000,1 	0
1862    	-58.70, 24.18, 0.35 	0.18, 8.41, -7.58 	0.00, 10.00 	11,44,17,263		1.21,22.55	1000,1 	0
1871    	-58.69, 24.16, 0.35 	0.20, 8.61, -7.58 	0.00, 10.00 	11,44,17,273		2.72,22.72	1000,1 	0
1880    	-58.70, 24.15, 0.35 	0.23, 8.78, -7.53 	0.00, 10.00 	11,44,17,282		1.70,18.49	1000,1 	0
1889    	-58.70, 24.15, 0.34 	0.31, 8.93, -7.51 	0.00, 10.00 	11,44,17,292		0.00,19.53	1000,1 	0
1898    	-58.70, 24.16, 0.34 	0.32, 9.06, -7.47 	0.00, 10.00 	11,44,17,302		1.21,14.24	1000,1 	0
1907    	-58.70, 24.16, 0.34 	0.33, 9.23, -7.42 	0.00, 10.00 	11,44,17,311		0.00,19.05	1000,1 	0
1916    	-58.69, 24.17, 0.34 	0.35, 9.38, -7.39 	0.00, 10.00 	11,44,17,321		1.70,17.03	1000,1 	0
1925    	-58.70, 24.17, 0.34 	0.35, 9.50, -7.34 	0.00, 10.00 	11,44,17,331		1.21,12.95	1000,1 	0
1934    	-58.71, 24.19, 0.34 	0.33, 9.58, -7.27 	0.00, 10.00 	11,44,17,340		2.72,9.52	1000,1 	0
1943    	-58.70, 24.16, 0.36 	0.32, 9.60, -7.20 	0.00, 10.00 	11,44,17,350		3.83,2.35	1000,1 	0
1952    	-58.70, 24.16, 0.36 	0.35, 9.56, -7.09 	0.00, 10.00 	11,44,17,360		0.00,5.37	1000,1 	0
1961    	-58.71, 24.17, 0.34 	0.36, 9.51, -7.00 	0.00, 10.00 	11,44,17,369		1.72,5.88	1000,1 	0
1970    	-58.70, 24.16, 0.35 	0.40, 9.52, -6.96 	0.00, 10.00 	11,44,17,379		1.72,4.91	1000,1 	0
1979    	-58.70, 24.15, 0.35 	0.44, 9.46, -6.92 	0.00, 10.00 	11,44,17,389		1.21,8.06	1000,1 	0
1988    	-58.69, 24.16, 0.34 	0.42, 9.44, -6.87 	0.00, 10.00 	11,44,17,398		1.70,2.69	1000,1 	0
1997    	-58.69, 24.17, 0.34 	0.45, 9.41, -6.83 	0.00, 10.00 	11,44,17,408		1.21,4.36	1000,1 	0
2006    	-58.69, 24.18, 0.35 	0.41, 9.41, -6.78 	0.00, 10.00 	11,44,17,418		1.21,4.91	1000,1 	0
2015    	-58.69, 24.17, 0.35 	0.33, 9.42, -6.70 	0.00, 10.00 	11,44,17,428		1.21,8.98	1000,1 	0
2024    	-58.69, 24.18, 0.35 	0.30, 9.42, -6.62 	0.00, 10.00 	11,44,17,437		1.21,2.45	1000,1 	0
2033    	-58.70, 24.19, 0.35 	0.30, 9.38, -6.60 	0.00, 10.00 	11,44,17,447		1.72,4.82	1000,1 	0
2042    	-58.70, 24.19, 0.35 	0.21, 9.29, -6.51 	0.00, 10.00 	11,44,17,457		0.00,14.28	1000,1 	0
2051    	-58.71, 24.17, 0.35 	0.14, 9.23, -6.40 	0.00, 10.00 	11,44,17,466		2.69,10.26	1000,1 	0
2060    	-58.70, 24.16, 0.35 	0.14, 9.25, -6.31 	0.00, 10.00 	11,44,17,476		1.72,2.35	1000,1 	0
2069    	-58.70, 24.16, 0.34 	0.14, 9.33, -6.40 	0.00, 10.00 	11,44,17,486		0.00,9.45	1000,1 	0
2078    	-58.69, 24.15, 0.34 	-0.02, 9.38, -6.51 	0.00, 10.00 	11,44,17,495		1.72,18.78	1000,1 	0
2087    	-58.70, 24.15, 0.34 	-0.26, 9.40, -6.58 	0.00, 10.00 	11,44,17,505		1.21,26.34	1000,1 	0
2096    	-58.70, 24.17, 0.34 	-0.47, 9.45, -6.62 	0.00, 10.00 	11,44,17,515		2.41,23.81	1000,1 	0
2105    	-58.70, 24.16, 0.34 	-0.51, 9.51, -6.63 	0.00, 10.00 	11,44,17,524		1.21,8.06	1000,1 	0
2114    	-58.69, 24.17, 0.36 	-0.47, 9.59, -6.65 	0.00, 10.00 	11,44,17,534		1.70,9.45	1000,1 	0
2123    	-58.70, 24.17, 0.36 	-0.44, 9.68, -6.67 	0.00, 10.00 	11,44,17,544		1.21,10.47	1000,1 	0
2132    	-58.69, 24.16, 0.36 	-0.36, 9.69, -6.67 	0.00, 10.00 	11,44,17,553		1.72,8.59	1000,1 	0
2141    	-58.70, 24.16, 0.36 	-0.32, 9.68, -6.67 	0.00, 10.00 	11,44,17,563		1.21,5.08	1000,1 	0
2150    	-58.70, 24.16, 0.36 	-0.32, 9.65, -6.66 	0.00, 10.00 	11,44,17,573		0.00,3.53	1000,1 	0
2159    	-58.69, 24.15, 0.35 	-0.30, 9.65, -6.67 	0.00, 10.00 	11,44,17,582		1.72,1.23	1000,1 	0
2168    	-58.70, 24.15, 0.35 	-0.26, 9.65, -6.67 	0.00, 10.00 	11,44,17,592		1.21,4.91	1000,1 	0
2177    	-58.70, 24.17, 0.34 	-0.26, 9.64, -6.67 	0.00, 10.00 	11,44,17,602		2.41,1.18	1000,1 	0
2186    	-58.69, 24.16, 0.35 	-0.25, 9.65, -6.65 	0.00, 10.00 	11,44,17,611		1.72,1.23	1000,1 	0
2195    	-58.69, 24.16, 0.35 	-0.23, 9.65, -6.66 	0.00, 10.00 	11,44,17,621		0.00,2.45	1000,1 	0
2204    	-58.69, 24.18, 0.35 	-0.17, 9.65, -6.66 	0.00, 10.00 	11,44,17,631		2.41,6.14	1000,1 	0
2213    	-58.71, 24.19, 0.35 	-0.17, 9.65, -6.65 	0.00, 10.00 	11,44,17,640		2.73,0.00	1000,1 	0
2222    	-58.71, 24.17, 0.36 	-0.11, 9.68, -6.64 	0.00, 10.00 	11,44,17,650		2.41,7.66	1000,1 	0
2231    	-58.70, 24.16, 0.36 	-0.02, 9.70, -6.63 	0.00, 10.00 	11,44,17,660		1.72,9.85	1000,1 	0
2240    	-58.71, 24.17, 0.34 	0.01, 9.71, -6.60 	0.00, 10.00 	11,44,17,670		1.72,3.83	1000,1 	0
2249    	-58.70, 24.16, 0.34 	0.05, 9.72, -6.58 	0.00, 10.00 	11,44,17,679		1.72,4.91	1000,1 	0
2258    	-58.71, 24.16, 0.34 	0.05, 9.69, -6.56 	0.00, 10.00 	11,44,17,689		1.21,2.62	1000,1 	0
2267    	-58.70, 24.15, 0.34 	0.02, 9.65, -6.55 	0.00, 10.00 	11,44,17,699		1.72,5.88	1000,1 	0
2276    	-58.71, 24.18, 0.34 	-0.02, 9.66, -6.58 	0.00, 10.00 	11,44,17,708		3.83,3.90	1000,1 	0
2285    	-58.71, 24.17, 0.34 	-0.07, 9.65, -6.60 	0.00, 10.00 	11,44,17,718		1.21,6.14	1000,1 	0
2294    	-58.71, 24.17, 0.34 	-0.10, 9.67, -6.62 	0.00, 10.00 	11,44,17,728		0.00,3.45	1000,1 	0
2303    	-58.71, 24.17, 0.34 	-0.10, 9.69, -6.62 	0.00, 10.00 	11,44,17,737		0.00,2.35	1000,1 	0
2312    	-58.71, 24.19, 0.34 	-0.08, 9.70, -6.63 	0.00, 10.00 	11,44,17,747		2.41,2.69	1000,1 	0
2321    	-58.71, 24.17, 0.35 	-0.03, 9.72, -6.62 	0.00, 10.00 	11,44,17,757		2.41,5.01	1000,1 	0
2330    	-58.71, 24.16, 0.35 	-0.02, 9.74, -6.63 	0.00, 10.00 	11,44,17,766		1.21,3.35	1000,1 	0
2339    	-58.70, 24.17, 0.34 	-0.00, 9.73, -6.61 	0.00, 10.00 	11,44,17,776		1.70,1.73	1000,1 	0
2348    	-58.70, 24.16, 0.34 	-0.01, 9.72, -6.60 	0.00, 10.00 	11,44,17,786		1.21,1.67	1000,1 	0
2357    	-58.69, 24.14, 0.34 	0.02, 9.69, -6.57 	0.00, 10.00 	11,44,17,795		2.72,5.18	1000,1 	0
2366    	-58.69, 24.13, 0.34 	0.07, 9.70, -6.56 	0.00, 10.00 	11,44,17,805		1.21,4.91	1000,1 	0
2375    	-58.71, 24.17, 0.34 	0.01, 9.75, -6.56 	0.00, -0.00 	11,44,17,824		5.43,9.49	1000,1 	0
2384    	-58.70, 24.16, 0.34 	0.02, 9.79, -6.57 	0.00, -0.00 	11,44,17,834		1.72,4.23	1000,1 	0
2393    	-58.71, 24.18, 0.36 	0.12, 9.82, -6.59 	0.00, -0.00 	11,44,17,844		2.72,11.22	1000,1 	0
2402    	-58.70, 24.17, 0.35 	0.16, 9.86, -6.63 	0.00, -0.00 	11,44,17,853		1.72,6.69	1000,1 	0
2411    	-58.71, 24.17, 0.35 	0.21, 9.87, -6.64 	0.00, -0.00 	11,44,17,863		1.21,6.14	1000,1 	0
2420    	-58.71, 24.16, 0.35 	0.17, 9.84, -6.65 	0.00, -0.00 	11,44,17,873		1.21,5.38	1000,1 	0
2429    	-58.69, 24.16, 0.35 	0.16, 9.82, -6.65 	0.00, -0.00 	11,44,17,883		2.43,2.62	1000,1 	0
2438    	-58.69, 24.15, 0.34 	0.11, 9.79, -6.64 	0.00, -0.00 	11,44,17,892		1.21,6.98	1000,1 	0
2447    	-58.70, 24.16, 0.34 	0.08, 9.77, -6.64 	0.00, -0.00 	11,44,17,902		1.72,3.83	1000,1 	0
2456    	-58.69, 24.15, 0.34 	0.08, 9.75, -6.64 	0.00, -0.00 	11,44,17,912		1.72,2.35	1000,1 	0
2465    	-58.69, 24.15, 0.34 	0.08, 9.76, -6.65 	0.00, -0.00 	11,44,17,921		0.00,1.18	0,0 	0
2474    	-58.70, 24.18, 0.34 	0.08, 9.76, -6.65 	0.00, -0.00 	11,44,17,931		3.83,0.00	0,0 	0
2483    	-58.70, 24.18, 0.35 	0.09, 9.76, -6.65 	0.00, -0.00 	11,44,17,941		0.00,1.23	0,0 	0
2492    	-58.70, 24.18, 0.35 	0.10, 9.76, -6.65 	0.00, -0.00 	11,44,17,950		0.00,1.23	0,0 	0
2501    	-58.70, 24.16, 0.35 	0.09, 9.76, -6.65 	0.00, -0.00 	11,44,17,960		2.41,1.23	0,0 	0
2510    	-58.71, 24.17, 0.34 	0.09, 9.76, -6.65 	0.00, -0.00 	11,44,17,970		1.72,0.00	0,0 	0
2519    	-58.71, 24.17, 0.34 	0.13, 9.72, -6.66 	0.00, -0.00 	11,44,17,979		0.00,6.06	0,0 	0
2528    	-58.70, 24.17, 0.35 	0.16, 9.67, -6.68 	0.00, -0.00 	11,44,17,989		1.21,6.44	0,0 	0
2537    	-58.69, 24.15, 0.34 	0.11, 9.68, -6.68 	0.00, -0.00 	11,44,17,999		2.72,5.08	0,0 	0
2546    	-58.70, 24.15, 0.33 	0.14, 9.69, -6.68 	0.00, -0.00 	11,44,18,8		1.21,2.69	0,0 	0
2555    	-58.71, 24.18, 0.34 	0.16, 9.73, -6.68 	0.00, -0.00 	11,44,18,18		3.83,5.02	0,0 	0
2564    	-58.70, 24.16, 0.34 	0.18, 9.76, -6.69 	0.00, -0.00 	11,44,18,28		2.72,4.23	0,0 	0
2573    	-58.71, 24.17, 0.34 	0.20, 9.78, -6.69 	0.00, -0.00 	11,44,18,37		1.72,3.35	0,0 	0
2582    	-58.71, 24.18, 0.34 	0.25, 9.83, -6.68 	0.00, -0.00 	11,44,18,47		1.21,7.61	0,0 	0
2591    	-58.70, 24.17, 0.34 	0.28, 9.81, -6.66 	0.00, -0.00 	11,44,18,57		1.72,3.45	0,0 	0
2600    	-58.70, 24.16, 0.34 	0.30, 9.80, -6.65 	0.00, -0.00 	11,44,18,66		1.21,2.75	0,0 	0
2609    	-58.70, 24.16, 0.34 	0.31, 9.82, -6.64 	0.00, -0.00 	11,44,18,76		0.00,1.67	0,0 	0
2618    	-58.70, 24.16, 0.33 	0.34, 9.82, -6.64 	0.00, -0.00 	11,44,18,86		0.00,3.68	0,0 	0
2627    	-58.70, 24.17, 0.34 	0.33, 9.81, -6.64 	0.00, -0.00 	11,44,18,96		1.21,1.67	0,0 	0
2636    	-58.70, 24.16, 0.34 	0.32, 9.80, -6.64 	0.00, -0.00 	11,44,18,105		1.21,1.67	0,0 	0
2645    	-58.69, 24.15, 0.34 	0.31, 9.79, -6.64 	0.00, -0.00 	11,44,18,115		1.72,1.23	0,0 	0
2654    	-58.70, 24.16, 0.33 	0.31, 9.82, -6.64 	0.00, -0.00 	11,44,18,125		1.72,2.35	0,0 	0
2663    	-58.71, 24.16, 0.33 	0.32, 9.80, -6.64 	0.00, -0.00 	11,44,18,134		1.21,2.69	0,0 	0
2672    	-58.70, 24.16, 0.34 	0.30, 9.80, -6.65 	0.00, -0.00 	11,44,18,144		1.21,2.75	0,0 	0
2681    	-58.71, 24.18, 0.34 	0.31, 9.80, -6.65 	0.00, -0.00 	11,44,18,154		2.72,1.23	0,0 	0
2690    	-58.71, 24.18, 0.34 	0.29, 9.80, -6.65 	0.00, -0.00 	11,44,18,163		0.00,2.45	0,0 	0
2699    	-58.72, 24.17, 0.34 	0.31, 9.77, -6.64 	0.00, -0.00 	11,44,18,173		1.70,4.36	0,0 	0
2708    	-58.70, 24.15, 0.34 	0.31, 9.75, -6.64 	0.00, -0.00 	11,44,18,183		3.45,2.62	0,0 	0
2717    	-58.70, 24.16, 0.34 	0.29, 9.72, -6.63 	0.00, -0.00 	11,44,18,192		1.21,4.23	0,0 	0
2726    	-58.71, 24.16, 0.33 	0.31, 9.71, -6.63 	0.00, -0.00 	11,44,18,202		1.21,2.75	0,0 	0
2735    	-58.70, 24.16, 0.33 	0.27, 9.69, -6.62 	0.00, -0.00 	11,44,18,212		1.21,5.01	0,0 	0
2744    	-58.69, 24.15, 0.33 	0.23, 9.71, -6.63 	0.00, -0.00 	11,44,18,221		1.72,4.43	0,0 	0
2753    	-58.71, 24.17, 0.33 	0.22, 9.69, -6.62 	0.00, -0.00 	11,44,18,231		3.45,2.62	0,0 	0
2762    	-58.71, 24.17, 0.34 	0.22, 9.67, -6.61 	0.00, -0.00 	11,44,18,241		0.00,2.62	0,0 	0
2771    	-58.72, 24.18, 0.34 	0.20, 9.68, -6.62 	0.00, -0.00 	11,44,18,250		1.72,1.73	0,0 	0
2780    	-58.71, 24.13, 0.34 	0.25, 9.66, -6.61 	0.00, -0.00 	11,44,18,260		4.99,5.51	0,0 	0
2789    	-58.71, 24.15, 0.33 	0.25, 9.62, -6.63 	0.00, -0.00 	11,44,18,270		1.21,4.82	0,0 	0
2798    	-58.72, 24.16, 0.33 	0.34, 9.55, -6.66 	0.00, -0.00 	11,44,18,279		1.72,13.01	0,0 	0
2807    	-58.70, 24.11, 0.34 	0.48, 9.39, -6.72 	0.00, -0.00 	11,44,18,289		5.43,23.78	0,0 	0
2816    	-58.71, 24.12, 0.34 	0.58, 9.19, -6.83 	0.00, -0.00 	11,44,18,299		1.72,24.18	0,0 	0
2825    	-58.70, 24.14, 0.33 	0.78, 8.95, -6.99 	0.00, -0.00 	11,44,18,308		1.70,35.17	0,0 	0
2834    	-58.71, 24.18, 0.33 	0.87, 8.74, -7.13 	0.00, -0.00 	11,44,18,318		4.99,24.86	0,0 	0
2843    	-58.71, 24.17, 0.33 	0.96, 8.54, -7.24 	0.00, -0.00 	11,44,18,328		1.21,24.86	0,0 	0
2852    	-58.71, 24.17, 0.33 	1.02, 8.25, -7.31 	0.00, -0.00 	11,44,18,338		0.00,33.09	0,0 	0
2861    	-58.72, 24.18, 0.33 	1.06, 7.96, -7.37 	0.00, -0.00 	11,44,18,347		1.72,31.74	0,0 	0
2870    	-58.72, 24.19, 0.33 	1.10, 7.64, -7.41 	0.00, -0.00 	11,44,18,357		1.21,36.45	0,0 	0
2879    	-58.71, 24.17, 0.34 	1.12, 7.30, -7.43 	0.00, -0.00 	11,44,18,367		2.72,37.63	0,0 	0
2888    	-58.71, 24.17, 0.34 	1.10, 6.93, -7.46 	0.00, -0.00 	11,44,18,376		0.00,41.58	0,0 	0
2897    	-58.71, 24.17, 0.34 	1.12, 6.46, -7.49 	0.00, -0.00 	11,44,18,386		0.00,51.81	0,0 	0
2906    	-58.71, 24.17, 0.34 	1.11, 5.97, -7.53 	0.00, -0.00 	11,44,18,396		0.00,54.35	0,0 	0
2915    	-58.70, 24.16, 0.34 	1.07, 5.56, -7.60 	0.00, -0.00 	11,44,18,405		1.72,45.44	0,0 	0
2924    	-58.70, 24.16, 0.33 	0.90, 5.17, -7.66 	0.00, -0.00 	11,44,18,415		0.00,0.00	0,0 	0
2933    	-58.71, 24.17, 0.33 	0.79, 4.76, -7.73 	0.00, -0.00 	11,44,18,425		0.00,0.00	0,0 	0
2942    	-58.71, 24.18, 0.33 	0.67, 4.54, -7.84 	0.00, -0.00 	11,44,18,434		0.00,0.00	0,0 	0
2951    	-58.71, 24.17, 0.33 	0.61, 4.34, -7.92 	0.00, -0.00 	11,44,18,444		0.00,0.00	0,0 	0
2960    	-58.71, 24.17, 0.33 	0.66, 4.10, -7.98 	0.00, -0.00 	11,44,18,454		0.00,0.00	0,0 	0
2969    	-58.71, 24.19, 0.33 	0.61, 3.71, -8.02 	0.00, -0.00 	11,44,18,463		0.00,0.00	0,0 	0
2978    	-58.71, 24.18, 0.33 	0.44, 3.30, -7.97 	0.00, -0.00 	11,44,18,473		0.00,0.00	0,0 	0
2987    	-58.70, 24.15, 0.33 	0.14, 2.94, -7.89 	0.00, -0.00 	11,44,18,483		0.00,0.00	0,0 	0
2996    	-58.70, 24.12, 0.34 	-0.05, 2.60, -7.84 	0.00, -0.00 	11,44,18,492		0.00,0.00	0,0 	0
3005    	-58.71, 24.16, 0.34 	-0.12, 2.37, -7.79 	0.00, -0.00 	11,44,18,502		0.00,0.00	0,0 	0
3014    	-58.71, 24.15, 0.34 	-0.29, 2.10, -7.70 	0.00, -0.00 	11,44,18,512		0.00,0.00	0,0 	0
3023    	-58.69, 24.14, 0.34 	-0.43, 1.84, -7.56 	0.00, -0.00 	11,44,18,521		0.00,0.00	0,0 	0
3032    	-58.70, 24.17, 0.34 	-0.67, 1.65, -7.41 	0.00, -0.00 	11,44,18,531		0.00,0.00	0,0 	0
3041    	-58.72, 24.19, 0.34 	-0.76, 1.55, -7.26 	0.00, -0.00 	11,44,18,541		0.00,0.00	0,0 	0
3050    	-58.71, 24.17, 0.34 	-0.71, 1.55, -7.15 	0.00, -0.00 	11,44,18,551		0.00,0.00	0,0 	0
3059    	-58.71, 24.17, 0.34 	-0.61, 1.55, -7.05 	0.00, -0.00 	11,44,18,560		0.00,0.00	0,0 	0
3068    	-58.72, 24.17, 0.34 	-0.48, 1.36, -6.95 	0.00, -0.00 	11,44,18,570		0.00,0.00	0,0 	0
