#Time 	Sensor1         Sensor2         Target          Time            Vel             
#================================================================

17      	-0.56, -0.31, -7.66 	196.67, -404.26, -8.25 	-3.42, 9.40 	15,4,54,782		0.00,0.00	0,0 	0
26      	-0.55, -0.32, -7.66 	197.42, -405.69, -8.27 	-3.42, 9.40 	15,4,54,791		1.17,179.30	0,0 	0
35      	-0.55, -0.32, -7.66 	197.05, -405.00, -8.25 	-3.42, 9.40 	15,4,54,801		0.00,86.53	0,0 	0
44      	-0.55, -0.33, -7.65 	197.06, -405.03, -8.24 	-3.42, 9.40 	15,4,54,811		1.17,3.16	0,0 	0
53      	-0.55, -0.33, -7.65 	197.30, -405.45, -8.21 	-3.42, 9.40 	15,4,54,820		0.00,53.55	0,0 	0
62      	-0.57, -0.32, -7.66 	196.82, -404.58, -8.24 	-3.42, 9.40 	15,4,54,830		1.73,110.20	0,0 	0
71      	-0.55, -0.32, -7.66 	196.44, -403.84, -8.24 	-3.42, 9.40 	15,4,54,840		1.23,92.76	0,0 	0
80      	-0.57, -0.32, -7.65 	196.91, -404.71, -8.24 	-3.42, 9.40 	15,4,54,849		1.23,110.20	0,0 	0
89      	-0.54, -0.31, -7.65 	197.61, -405.98, -8.31 	-3.42, 9.40 	15,4,54,859		2.70,160.64	0,0 	0
98      	-0.56, -0.31, -7.65 	197.24, -405.26, -8.34 	-3.42, 9.40 	15,4,54,869		1.23,89.65	0,0 	0
107     	-0.54, -0.31, -7.65 	198.17, -406.98, -8.34 	-3.42, 9.40 	15,4,54,878		1.23,217.29	0,0 	0
116     	-0.55, -0.30, -7.66 	198.76, -408.06, -8.36 	-3.42, 9.40 	15,4,54,888		1.17,136.98	0,0 	0
125     	-0.55, -0.30, -7.66 	199.89, -410.24, -8.38 	-3.42, 9.40 	15,4,54,898		0.00,272.06	0,0 	0
134     	-0.53, -0.31, -7.65 	199.51, -409.52, -8.36 	-3.42, 9.40 	15,4,54,907		1.73,89.65	0,0 	0
143     	-0.53, -0.31, -7.66 	199.76, -410.00, -8.34 	-3.42, 9.40 	15,4,54,917		0.00,59.76	0,0 	0
152     	-0.56, -0.30, -7.65 	197.54, -405.76, -8.33 	-3.42, 9.40 	15,4,54,927		2.76,531.66	0,0 	0
161     	-0.56, -0.30, -7.65 	197.32, -405.37, -8.31 	-3.42, 9.40 	15,4,54,936		0.00,50.45	0,0 	0
170     	-0.58, -0.30, -7.66 	196.74, -404.31, -8.24 	-3.42, 9.40 	15,4,54,946		2.47,133.87	0,0 	0
179     	-0.58, -0.30, -7.66 	196.09, -403.04, -8.24 	-3.42, 9.40 	15,4,54,956		0.00,158.77	0,0 	0
188     	-0.57, -0.30, -7.67 	196.17, -403.14, -8.26 	-3.42, 9.40 	15,4,54,965		1.23,14.59	0,0 	0
197     	-0.55, -0.30, -7.67 	196.64, -403.98, -8.31 	-3.42, 9.40 	15,4,54,975		2.47,107.09	0,0 	0
206     	-0.57, -0.28, -7.68 	198.41, -407.26, -8.33 	-3.42, 9.40 	15,4,54,985		3.46,414.03	0,0 	0
215     	-0.56, -0.29, -7.68 	198.49, -407.36, -8.31 	-3.42, 9.40 	15,4,54,995		1.73,14.58	0,0 	0
224     	-0.59, -0.28, -7.67 	200.09, -410.41, -8.28 	-3.42, 9.40 	15,4,54,4		3.91,382.25	0,0 	0
233     	-0.56, -0.27, -7.67 	199.23, -408.77, -8.27 	-3.42, 9.40 	15,4,55,14		3.85,206.06	0,0 	0
242     	-0.58, -0.26, -7.68 	199.98, -410.20, -8.27 	-3.42, 9.40 	15,4,55,24		2.76,179.30	0,0 	0
251     	-0.57, -0.28, -7.68 	199.24, -408.79, -8.27 	-3.42, 9.40 	15,4,55,33		2.68,176.18	0,0 	0
260     	-0.62, -0.29, -7.67 	199.71, -409.67, -8.26 	-3.42, 9.40 	15,4,55,43		6.25,110.20	0,0 	0
269     	-0.62, -0.31, -7.65 	199.21, -408.71, -8.29 	-3.42, 9.40 	15,4,55,53		2.35,119.53	0,0 	0
278     	-0.65, -0.28, -7.66 	198.70, -407.70, -8.30 	-3.42, 9.40 	15,4,55,62		4.36,125.77	0,0 	0
287     	-0.67, -0.22, -7.67 	198.92, -408.10, -8.32 	-3.42, 9.40 	15,4,55,72		7.53,50.45	0,0 	0
296     	-0.63, -0.11, -7.70 	198.76, -407.75, -8.32 	-3.42, 9.40 	15,4,55,82		13.11,42.40	0,0 	0
305     	-0.58, 0.11, -7.75 	199.02, -408.26, -8.31 	-3.42, 9.40 	15,4,55,91		25.55,62.88	0,0 	0
314     	-0.69, 0.43, -7.80 	198.72, -407.62, -8.31 	-3.42, 9.40 	15,4,55,101		36.87,78.53	0,0 	0
323     	-1.00, 0.76, -7.85 	199.09, -408.33, -8.31 	-3.42, 9.40 	15,4,55,111		51.02,89.65	0,0 	0
332     	-1.37, 1.10, -7.91 	198.93, -407.96, -8.32 	-3.42, 9.40 	15,4,55,120		56.08,45.54	0,0 	0
341     	-1.69, 1.51, -7.98 	198.88, -407.79, -8.36 	-3.42, 9.40 	15,4,55,130		57.65,18.99	0,0 	0
350     	-1.88, 1.94, -8.05 	198.56, -407.10, -8.38 	-3.42, 9.40 	15,4,55,140		51.63,84.81	0,0 	0
359     	-1.94, 2.30, -8.05 	197.38, -404.76, -8.42 	-3.42, 9.40 	15,4,55,149		40.22,290.77	0,0 	0
368     	-1.87, 2.67, -8.05 	197.93, -405.57, -8.53 	-3.42, 9.40 	15,4,55,159		42.01,108.43	0,0 	0
377     	-1.86, 3.05, -8.06 	199.11, -407.57, -8.63 	-3.42, 9.40 	15,4,55,169		42.44,257.39	0,0 	0
386     	-1.89, 3.38, -8.06 	200.01, -409.03, -8.74 	-3.42, 9.40 	15,4,55,178		36.48,191.59	0,0 	0
395     	-1.86, 3.72, -8.08 	199.31, -407.42, -8.85 	-3.42, 9.40 	15,4,55,188		37.92,194.76	0,0 	0
404     	-1.96, 4.11, -8.16 	198.62, -405.85, -8.93 	-3.42, 9.40 	15,4,55,198		45.46,191.61	0,0 	0
413     	-2.21, 4.54, -8.21 	198.09, -404.61, -8.94 	-3.42, 9.40 	15,4,55,208		54.74,149.22	0,0 	0
422     	-2.62, 4.87, -8.19 	197.06, -402.45, -8.92 	-3.42, 9.40 	15,4,55,217		58.85,265.44	0,0 	0
431     	-2.95, 5.12, -8.13 	196.90, -401.94, -8.90 	-3.42, 9.40 	15,4,55,227		45.98,60.14	0,0 	0
440     	-3.05, 5.55, -8.20 	195.60, -399.22, -8.97 	-3.42, 9.40 	15,4,55,237		48.94,334.57	0,0 	0
449     	-3.08, 6.07, -8.31 	194.27, -396.22, -9.16 	-3.42, 9.40 	15,4,55,246		58.72,364.36	0,0 	0
458     	-3.09, 6.49, -8.35 	192.95, -393.11, -9.45 	-3.42, 9.40 	15,4,55,256		45.81,375.46	0,0 	0
467     	-3.06, 6.76, -8.34 	193.84, -394.36, -9.71 	-3.42, 9.40 	15,4,55,266		30.80,169.66	0,0 	0
476     	-3.04, 7.06, -8.35 	193.46, -393.30, -9.85 	-3.42, 9.40 	15,4,55,275		33.12,124.49	0,0 	0
485     	-3.07, 7.44, -8.37 	192.53, -391.27, -9.87 	-3.42, 9.40 	15,4,55,285		42.29,248.13	0,0 	0
494     	-3.13, 7.73, -8.32 	192.27, -390.46, -9.90 	-3.42, 9.40 	15,4,55,295		33.40,94.96	0,0 	0
503     	-3.28, 7.91, -8.21 	192.12, -389.80, -9.95 	-3.42, 9.40 	15,4,55,304		25.20,75.24	0,0 	0
512     	-3.53, 8.02, -8.09 	192.98, -391.13, -10.02 	-3.42, 9.40 	15,4,55,314		30.94,176.31	0,0 	0
521     	-3.81, 8.16, -7.99 	192.76, -390.42, -10.07 	-3.42, 9.40 	15,4,55,324		34.28,82.31	0,0 	0
530     	-3.96, 8.27, -7.92 	191.43, -387.59, -10.19 	-3.42, 9.40 	15,4,55,333		20.88,347.10	0,0 	0
539     	-4.03, 8.37, -7.87 	190.58, -385.67, -10.33 	-3.42, 9.40 	15,4,55,343		13.42,234.01	0,0 	0
548     	-4.08, 8.52, -7.85 	188.72, -381.78, -10.51 	-3.42, 9.40 	15,4,55,353		17.31,479.08	0,0 	0
557     	-4.11, 8.68, -7.83 	187.54, -379.13, -10.73 	-3.42, 9.40 	15,4,55,362		18.87,321.96	0,0 	0
566     	-4.10, 8.78, -7.74 	189.15, -381.89, -10.85 	-3.42, 9.40 	15,4,55,372		10.61,355.19	0,0 	0
575     	-4.15, 8.85, -7.63 	190.48, -384.21, -10.94 	-3.42, 9.40 	15,4,55,382		9.71,296.51	0,0 	0
584     	-4.16, 8.99, -7.60 	191.56, -386.08, -10.97 	-3.42, 9.40 	15,4,55,391		15.27,239.88	0,0 	0
593     	-4.15, 9.16, -7.62 	190.47, -383.87, -10.97 	-3.42, 9.40 	15,4,55,401		18.89,273.40	0,0 	0
602     	-4.18, 9.25, -7.62 	187.19, -377.51, -10.99 	-3.42, 9.40 	15,4,55,411		10.93,795.64	0,0 	0
611     	-4.23, 9.32, -7.60 	183.76, -371.02, -10.93 	-3.42, 9.40 	15,4,55,420		9.71,814.92	0,0 	0
620     	-4.28, 9.40, -7.58 	178.89, -361.81, -10.84 	-3.42, 9.40 	15,4,55,430		9.71,1157.95	0,0 	0
629     	-4.30, 9.46, -7.57 	175.27, -355.01, -10.80 	-3.42, 9.40 	15,4,55,440		7.19,856.02	0,0 	0
638     	-4.30, 9.50, -7.56 	171.80, -348.36, -10.78 	-3.42, 9.40 	15,4,55,450		4.70,833.60	0,0 	0
647     	-4.22, 9.53, -7.57 	171.25, -347.24, -10.80 	-3.42, 9.40 	15,4,55,459		8.88,138.26	0,0 	0
656     	-4.18, 9.57, -7.57 	171.66, -347.92, -10.86 	-3.42, 9.40 	15,4,55,469		6.72,88.56	0,0 	0
665     	-4.14, 9.60, -7.58 	171.63, -347.84, -10.86 	-3.42, 9.40 	15,4,55,479		5.98,9.50	0,0 	0
674     	-4.12, 9.60, -7.59 	171.57, -347.79, -10.81 	-3.42, 9.40 	15,4,55,488		2.47,8.99	0,0 	0
683     	-4.08, 9.62, -7.58 	171.59, -347.85, -10.74 	-3.42, 9.40 	15,4,55,498		3.85,6.33	0,0 	0
692     	-4.08, 9.62, -7.58 	171.49, -347.69, -10.68 	-3.42, 9.40 	15,4,55,508		0.00,20.61	0,0 	0
701     	-4.08, 9.61, -7.58 	171.89, -348.52, -10.63 	-3.42, 9.40 	15,4,55,517		1.17,102.13	0,0 	0
710     	-4.12, 9.60, -7.58 	171.51, -347.77, -10.61 	-3.42, 9.40 	15,4,55,527		3.70,92.76	0,0 	0
719     	-4.12, 9.60, -7.58 	171.02, -346.85, -10.60 	-3.42, 9.40 	15,4,55,537		0.00,116.42	0,0 	0
728     	-4.13, 9.60, -7.57 	171.24, -347.21, -10.60 	-3.42, 9.40 	15,4,55,546		1.23,47.36	0,0 	0
737     	-4.14, 9.60, -7.58 	170.61, -346.00, -10.61 	-3.42, 9.40 	15,4,55,556		1.23,152.53	0,0 	0
746     	-4.14, 9.60, -7.57 	171.08, -346.87, -10.62 	-3.42, 9.40 	15,4,55,566		0.00,110.20	0,0 	0
755     	-4.14, 9.60, -7.57 	171.00, -346.76, -10.60 	-3.42, 9.40 	15,4,55,575		0.00,14.59	0,0 	0
764     	-4.15, 9.61, -7.57 	170.63, -346.08, -10.60 	-3.42, 9.40 	15,4,55,585		1.73,86.54	0,0 	0
773     	-4.15, 9.61, -7.57 	170.87, -346.50, -10.58 	-3.42, 9.40 	15,4,55,595		0.00,53.55	0,0 	0
782     	-4.15, 9.61, -7.57 	171.10, -346.92, -10.59 	-3.42, 9.40 	15,4,55,604		0.00,53.55	0,0 	0
791     	-4.15, 9.60, -7.57 	172.05, -348.69, -10.60 	-3.42, 9.40 	15,4,55,614		1.17,223.50	0,0 	0
800     	-4.15, 9.61, -7.57 	172.30, -349.17, -10.60 	-3.42, 9.40 	15,4,55,624		1.17,59.76	0,0 	0
809     	-4.16, 9.61, -7.57 	172.16, -348.88, -10.62 	-3.42, 9.40 	15,4,55,633		1.23,36.13	0,0 	0
818     	-4.15, 9.61, -7.57 	172.17, -348.93, -10.60 	-3.42, 9.40 	15,4,55,643		1.23,6.33	0,0 	0
827     	-4.16, 9.60, -7.56 	172.16, -348.88, -10.60 	-3.42, 9.40 	15,4,55,653		1.68,6.33	0,0 	0
836     	-4.16, 9.60, -7.57 	172.32, -349.22, -10.59 	-3.42, 9.40 	15,4,55,663		0.00,42.41	0,0 	0
845     	-4.16, 9.61, -7.56 	172.28, -349.12, -10.59 	-3.42, 9.40 	15,4,55,672		1.17,12.66	0,0 	0
854     	-4.15, 9.60, -7.56 	172.42, -349.41, -10.57 	-3.42, 9.40 	15,4,55,682		1.73,36.13	0,0 	0
863     	-4.14, 9.61, -7.56 	172.17, -348.93, -10.57 	-3.42, 9.40 	15,4,55,692		1.68,59.76	0,0 	0
872     	-4.14, 9.61, -7.57 	172.07, -348.75, -10.57 	-3.42, 9.40 	15,4,55,701		0.00,23.68	0,0 	0
881     	-4.13, 9.63, -7.57 	171.69, -348.03, -10.56 	-3.42, 9.40 	15,4,55,711		1.68,89.65	0,0 	0
890     	-4.14, 9.60, -7.56 	171.70, -348.06, -10.56 	-3.42, 9.40 	15,4,55,720		2.62,3.16	0,0 	0
899     	-4.15, 9.61, -7.56 	171.95, -348.54, -10.56 	-3.42, 9.40 	15,4,55,730		1.73,59.76	0,0 	0
908     	-4.14, 9.60, -7.56 	171.96, -348.56, -10.55 	-3.42, 9.40 	15,4,55,740		1.73,3.16	0,0 	0
917     	-4.15, 9.60, -7.56 	171.84, -348.33, -10.55 	-3.42, 9.40 	15,4,55,750		1.23,29.88	0,0 	0
926     	-4.15, 9.60, -7.56 	171.83, -348.30, -10.54 	-3.42, 9.40 	15,4,55,759		0.00,3.16	0,0 	0
935     	-4.15, 9.60, -7.57 	171.70, -348.06, -10.55 	-3.42, 9.40 	15,4,55,769		0.00,29.88	0,0 	0
944     	-4.15, 9.61, -7.56 	171.44, -347.53, -10.55 	-3.42, 9.40 	15,4,55,779		1.17,66.01	0,0 	0
953     	-4.15, 9.61, -7.56 	171.58, -347.82, -10.56 	-3.42, 9.40 	15,4,55,788		0.00,36.13	0,0 	0
962     	-4.14, 9.61, -7.56 	171.82, -348.27, -10.56 	-3.42, 9.40 	15,4,55,798		1.23,56.65	0,0 	0
971     	-4.14, 9.60, -7.56 	171.31, -347.29, -10.56 	-3.42, 9.40 	15,4,55,808		1.17,122.64	0,0 	0
980     	-4.14, 9.60, -7.56 	171.20, -347.08, -10.54 	-3.42, 9.40 	15,4,55,817		0.00,26.78	0,0 	0
989     	-4.13, 9.60, -7.56 	171.46, -347.61, -10.53 	-3.42, 9.40 	15,4,55,827		1.23,66.00	0,0 	0
998     	-4.13, 9.61, -7.56 	171.11, -346.95, -10.52 	-3.42, 9.40 	15,4,55,837		1.17,83.43	0,0 	0
1007    	-4.14, 9.60, -7.56 	171.01, -346.79, -10.51 	-3.42, 9.40 	15,4,55,846		1.68,20.61	1000,1 	0
1016    	-4.14, 9.60, -7.56 	170.78, -346.37, -10.51 	-3.42, 9.40 	15,4,55,856		0.00,53.55	1000,1 	0
1025    	-4.14, 9.60, -7.56 	170.16, -345.20, -10.50 	0.00, -0.00 	15,4,55,875		0.00,146.30	1000,1 	0
1034    	-4.15, 9.60, -7.56 	171.03, -346.87, -10.49 	0.00, -0.00 	15,4,55,885		1.23,209.18	1000,1 	0
1043    	-4.15, 9.60, -7.56 	171.02, -346.82, -10.49 	0.00, -0.00 	15,4,55,895		0.00,6.33	1000,1 	0
1052    	-4.15, 9.60, -7.56 	171.62, -347.96, -10.49 	0.00, -0.00 	15,4,55,904		0.00,143.19	1000,1 	0
1061    	-4.14, 9.61, -7.56 	172.02, -348.75, -10.49 	0.00, -0.00 	15,4,55,914		1.68,99.01	1000,1 	0
1070    	-4.14, 9.60, -7.56 	172.52, -349.74, -10.45 	0.00, -0.00 	15,4,55,924		1.17,122.65	1000,1 	0
1079    	-4.14, 9.61, -7.56 	173.05, -350.77, -10.43 	0.00, -0.00 	15,4,55,934		1.17,128.89	1000,1 	0
1088    	-4.15, 9.60, -7.56 	172.67, -350.03, -10.41 	0.00, -0.00 	15,4,55,943		1.68,92.76	1000,1 	0
1097    	-4.13, 9.60, -7.56 	172.55, -349.82, -10.40 	0.00, -0.00 	15,4,55,953		2.47,26.78	1000,1 	0
1106    	-4.14, 9.61, -7.56 	172.06, -348.89, -10.42 	0.00, -0.00 	15,4,55,963		1.73,116.41	1000,1 	0
1115    	-4.15, 9.60, -7.55 	172.06, -348.89, -10.44 	0.00, -0.00 	15,4,55,972		1.68,0.00	1000,1 	0
1124    	-4.16, 9.61, -7.55 	171.80, -348.36, -10.44 	0.00, -0.00 	15,4,55,982		1.73,66.01	1000,1 	0
1133    	-4.15, 9.61, -7.56 	171.19, -347.22, -10.46 	0.00, -0.00 	15,4,55,992		1.23,143.18	1000,1 	0
1142    	-4.15, 9.61, -7.56 	171.33, -347.51, -10.45 	0.00, -0.00 	15,4,55,1		0.00,36.13	1000,1 	0
1151    	-4.15, 9.61, -7.56 	171.80, -348.39, -10.46 	0.00, -0.00 	15,4,56,11		0.00,110.20	1000,1 	0
1160    	-4.15, 9.61, -7.56 	171.31, -347.43, -10.45 	0.00, -0.00 	15,4,56,21		0.00,119.53	1000,1 	0
1169    	-4.15, 9.61, -7.56 	171.46, -347.75, -10.42 	0.00, -0.00 	15,4,56,30		0.00,39.26	1000,1 	0
1178    	-4.15, 9.62, -7.56 	171.34, -347.54, -10.43 	0.00, -0.00 	15,4,56,40		1.17,26.77	1000,1 	0
1187    	-4.15, 9.62, -7.56 	171.61, -348.10, -10.40 	0.00, -0.00 	15,4,56,50		0.00,69.13	1000,1 	0
1196    	-4.14, 9.62, -7.55 	170.89, -346.72, -10.40 	0.00, -0.00 	15,4,56,59		1.23,173.07	1000,1 	0
1205    	-4.14, 9.62, -7.55 	170.28, -345.59, -10.39 	0.00, -0.00 	15,4,56,69		0.00,143.18	1000,1 	0
1214    	-4.15, 9.61, -7.55 	171.03, -347.04, -10.40 	0.00, -0.00 	15,4,56,79		1.68,182.41	1000,1 	0
1223    	-4.15, 9.61, -7.55 	171.05, -347.10, -10.39 	0.00, -0.00 	15,4,56,88		0.00,6.33	1000,1 	0
1232    	-4.14, 9.61, -7.55 	171.67, -348.26, -10.41 	0.00, -0.00 	15,4,56,98		1.23,146.30	1000,1 	0
1241    	-4.14, 9.62, -7.55 	171.90, -348.69, -10.40 	0.00, -0.00 	15,4,56,108		1.17,53.55	1000,1 	0
1250    	-4.14, 9.61, -7.55 	172.63, -350.06, -10.41 	0.00, -0.00 	15,4,56,118		1.17,173.07	1000,1 	0
1259    	-4.14, 9.61, -7.55 	172.73, -350.25, -10.41 	0.00, -0.00 	15,4,56,127		0.00,23.68	1000,1 	0
1268    	-4.14, 9.61, -7.55 	172.97, -350.70, -10.39 	0.00, -0.00 	15,4,56,137		0.00,56.65	1000,1 	0
1277    	-4.13, 9.63, -7.55 	173.24, -351.23, -10.39 	0.00, -0.00 	15,4,56,147		1.68,66.00	1000,1 	0
1286    	-4.14, 9.62, -7.55 	173.00, -350.78, -10.39 	0.00, -0.00 	15,4,56,156		1.23,56.65	1000,1 	0
1295    	-4.14, 9.62, -7.55 	172.16, -349.22, -10.38 	0.00, -0.00 	15,4,56,166		0.00,196.73	1000,1 	0
1304    	-4.15, 9.61, -7.55 	172.16, -349.22, -10.39 	0.00, -0.00 	15,4,56,175		1.68,0.00	1000,1 	0
1313    	-4.14, 9.61, -7.55 	172.41, -349.69, -10.38 	0.00, -0.00 	15,4,56,185		1.23,59.76	1000,1 	0
1322    	-4.15, 9.62, -7.56 	172.39, -349.61, -10.38 	0.00, -0.00 	15,4,56,195		1.73,9.50	1000,1 	0
1331    	-4.15, 9.61, -7.55 	172.77, -350.35, -10.39 	0.00, -0.00 	15,4,56,205		1.17,92.76	1000,1 	0
1340    	-4.14, 9.61, -7.55 	172.74, -350.27, -10.39 	0.00, -0.00 	15,4,56,214		1.23,9.49	1000,1 	0
1349    	-4.15, 9.61, -7.55 	172.73, -350.25, -10.40 	0.00, -0.00 	15,4,56,224		1.23,3.16	1000,1 	0
1358    	-4.14, 9.61, -7.55 	172.84, -350.43, -10.42 	0.00, -0.00 	15,4,56,234		1.23,23.68	1000,1 	0
1367    	-4.15, 9.61, -7.55 	172.60, -349.98, -10.40 	0.00, -0.00 	15,4,56,243		1.23,56.65	1000,1 	0
1376    	-4.16, 9.62, -7.56 	172.97, -350.70, -10.40 	0.00, -0.00 	15,4,56,253		1.73,89.65	1000,1 	0
1385    	-4.15, 9.61, -7.55 	172.49, -349.80, -10.39 	0.00, -0.00 	15,4,56,263		1.73,113.31	1000,1 	0
1394    	-4.16, 9.62, -7.55 	172.97, -350.67, -10.41 	0.00, -0.00 	15,4,56,272		1.73,110.20	1000,1 	0
1403    	-4.16, 9.61, -7.55 	172.71, -350.16, -10.39 	0.00, -0.00 	15,4,56,282		1.17,62.88	1000,1 	0
1412    	-4.17, 9.62, -7.55 	172.82, -350.38, -10.42 	0.00, -0.00 	15,4,56,292		1.73,26.77	1000,1 	0
1421    	-4.17, 9.62, -7.55 	173.19, -351.06, -10.42 	0.00, -0.00 	15,4,56,301		0.00,86.54	1000,1 	0
1430    	-4.16, 9.63, -7.55 	173.32, -351.33, -10.43 	0.00, -0.00 	15,4,56,311		1.68,33.00	1000,1 	0
1439    	-4.16, 9.63, -7.55 	173.19, -351.06, -10.42 	0.00, -0.00 	15,4,56,321		0.00,33.00	1000,1 	0
1448    	-4.15, 9.62, -7.55 	173.69, -352.02, -10.40 	0.00, -0.00 	15,4,56,330		1.73,119.53	1000,1 	0
1457    	-4.14, 9.62, -7.55 	173.57, -351.81, -10.40 	0.00, -0.00 	15,4,56,340		1.23,26.78	1000,1 	0
1466    	-4.15, 9.62, -7.55 	173.82, -352.28, -10.41 	0.00, -0.00 	15,4,56,350		1.23,59.77	1000,1 	0
1475    	-4.15, 9.62, -7.55 	174.21, -353.05, -10.39 	0.00, -0.00 	15,4,56,359		0.00,95.88	1000,1 	0
1484    	-4.15, 9.62, -7.55 	173.73, -352.15, -10.38 	0.00, -0.00 	15,4,56,369		0.00,113.31	1000,1 	0
1493    	-4.15, 9.62, -7.55 	173.36, -351.44, -10.38 	0.00, -0.00 	15,4,56,379		0.00,89.65	1000,1 	0
1502    	-4.14, 9.62, -7.55 	173.02, -350.83, -10.36 	0.00, -0.00 	15,4,56,388		1.23,77.22	1000,1 	0
1511    	-4.14, 9.62, -7.55 	172.91, -350.65, -10.37 	0.00, -0.00 	15,4,56,398		0.00,23.68	1000,1 	0
1520    	-4.14, 9.62, -7.55 	172.89, -350.59, -10.38 	0.00, -0.00 	15,4,56,408		0.00,6.34	1000,1 	0
1529    	-4.15, 9.63, -7.55 	173.03, -350.86, -10.37 	0.00, -0.00 	15,4,56,417		1.73,33.01	1000,1 	0
1538    	-4.14, 9.62, -7.55 	172.67, -350.20, -10.34 	0.00, -0.00 	15,4,56,427		1.73,83.43	1000,1 	0
1547    	-4.14, 9.62, -7.55 	173.05, -350.94, -10.34 	0.00, -0.00 	15,4,56,437		0.00,92.77	1000,1 	0
1556    	-4.15, 9.62, -7.55 	173.18, -351.21, -10.34 	0.00, -0.00 	15,4,56,447		1.23,33.00	1000,1 	0
1565    	-4.15, 9.63, -7.55 	173.19, -351.23, -10.34 	0.00, -0.00 	15,4,56,456		1.17,3.17	1000,1 	0
1574    	-4.16, 9.62, -7.55 	173.07, -350.99, -10.35 	0.00, -0.00 	15,4,56,466		1.68,29.88	1000,1 	0
1583    	-4.15, 9.63, -7.55 	172.68, -350.22, -10.34 	0.00, -0.00 	15,4,56,476		1.68,95.88	1000,1 	0
1592    	-4.14, 9.62, -7.55 	172.21, -349.38, -10.32 	0.00, -0.00 	15,4,56,485		1.73,107.10	1000,1 	0
1601    	-4.11, 9.62, -7.55 	172.83, -350.54, -10.32 	0.00, -0.00 	15,4,56,495		3.91,146.30	1000,1 	0
1610    	-4.11, 9.63, -7.56 	173.45, -351.74, -10.32 	0.00, -0.00 	15,4,56,505		1.17,149.41	1000,1 	0
1619    	-4.06, 9.64, -7.56 	173.43, -351.68, -10.34 	0.00, -0.00 	15,4,56,514		5.04,6.33	1000,1 	0
1628    	-4.06, 9.64, -7.55 	173.56, -351.95, -10.33 	0.00, -0.00 	15,4,56,524		0.00,33.00	1000,1 	0
1637    	-4.06, 9.63, -7.54 	173.44, -351.71, -10.34 	0.00, -0.00 	15,4,56,534		1.17,29.88	1000,1 	0
1646    	-4.08, 9.61, -7.51 	172.60, -350.12, -10.34 	0.00, -0.00 	15,4,56,543		3.36,199.84	1000,1 	0
1655    	-4.06, 9.60, -7.51 	172.94, -350.76, -10.36 	0.00, -0.00 	15,4,56,553		2.76,80.32	1000,1 	0
1664    	-4.08, 9.57, -7.52 	171.63, -348.30, -10.34 	0.00, -0.00 	15,4,56,563		3.36,310.03	1000,1 	0
1673    	-4.05, 9.54, -7.55 	170.82, -346.84, -10.30 	0.00, -0.00 	15,4,56,572		5.18,184.32	1000,1 	0
1682    	-4.05, 9.47, -7.58 	170.38, -346.05, -10.30 	0.00, -0.00 	15,4,56,582		8.28,100.90	1000,1 	0
1691    	-3.98, 9.36, -7.65 	170.37, -346.03, -10.27 	0.00, -0.00 	15,4,56,592		15.08,3.17	1000,1 	0
1700    	-3.92, 9.19, -7.73 	171.59, -348.33, -10.31 	0.00, -0.00 	15,4,56,601		19.57,289.48	1000,1 	0
1709    	-3.76, 8.89, -7.82 	174.45, -353.67, -10.38 	0.00, -0.00 	15,4,56,611		37.53,673.62	1000,1 	0
1718    	-3.62, 8.46, -7.85 	177.23, -359.05, -10.36 	0.00, -0.00 	15,4,56,621		50.06,673.00	1000,1 	0
1727    	-3.58, 8.18, -7.91 	180.20, -364.89, -10.33 	0.00, -0.00 	15,4,56,630		31.89,727.83	1000,1 	0
1736    	-3.58, 7.95, -8.01 	181.20, -366.97, -10.26 	0.00, -0.00 	15,4,56,640		25.89,256.04	1000,1 	0
1745    	-3.56, 7.68, -8.09 	180.93, -366.58, -10.24 	0.00, -0.00 	15,4,56,650		29.37,52.70	1000,1 	0
1754    	-3.54, 7.29, -8.14 	181.10, -366.98, -10.25 	0.00, -0.00 	15,4,56,660		43.47,48.69	1000,1 	0
1763    	-3.55, 6.91, -8.19 	181.41, -367.65, -10.27 	0.00, -0.00 	15,4,56,669		42.44,81.66	1000,1 	0
1772    	-3.49, 6.54, -8.27 	181.95, -368.74, -10.30 	0.00, -0.00 	15,4,56,679		41.39,135.14	1000,1 	0
1781    	-3.30, 6.14, -8.32 	181.99, -368.87, -10.31 	0.00, -0.00 	15,4,56,689		49.90,15.83	1000,1 	0
1790    	-3.02, 5.62, -8.27 	182.32, -369.60, -10.30 	0.00, -0.00 	15,4,56,698		64.88,87.95	1000,1 	0
1799    	-2.93, 5.15, -8.23 	181.85, -368.72, -10.31 	0.00, -0.00 	15,4,56,708		53.40,110.20	1000,1 	0
1808    	-2.79, 4.75, -8.17 	181.31, -367.80, -10.34 	0.00, -0.00 	15,4,56,718		46.66,118.40	1000,1 	0
1817    	-2.57, 4.33, -8.11 	181.22, -367.84, -10.31 	0.00, -0.00 	15,4,56,727		53.08,10.72	1000,1 	0
1826    	-2.51, 3.85, -8.03 	180.79, -367.25, -10.23 	0.00, -0.00 	15,4,56,737		54.27,81.83	1000,1 	0
1835    	-2.56, 3.36, -7.93 	181.30, -368.57, -10.16 	0.00, -0.00 	15,4,56,747		54.66,157.31	1000,1 	0
1844    	-2.72, 2.88, -7.81 	181.86, -369.88, -10.09 	0.00, -0.00 	15,4,56,756		55.67,158.66	1000,1 	0
1853    	-2.56, 2.49, -7.73 	182.34, -371.12, -10.00 	0.00, -0.00 	15,4,56,766		47.43,147.83	1000,1 	0
1862    	-2.12, 2.29, -7.80 	181.18, -369.46, -9.81 	0.00, -0.00 	15,4,56,776		53.59,225.37	1000,1 	0
1871    	-1.83, 2.19, -7.91 	180.71, -369.24, -9.62 	0.00, -0.00 	15,4,56,785		34.47,57.70	1000,1 	0
1880    	-1.83, 1.97, -7.84 	180.67, -369.76, -9.42 	0.00, -0.00 	15,4,56,795		24.72,57.39	1000,1 	0
1889    	-1.89, 1.69, -7.69 	181.84, -372.41, -9.35 	0.00, -0.00 	15,4,56,805		31.50,321.95	1000,1 	0
1898    	-1.79, 1.45, -7.57 	184.87, -378.60, -9.20 	0.00, -0.00 	15,4,56,814		30.14,766.70	1000,1 	0
1907    	-1.64, 1.31, -7.55 	185.67, -380.51, -9.03 	0.00, -0.00 	15,4,56,824		21.57,229.40	1000,1 	0
1916    	-1.43, 1.21, -7.58 	186.62, -382.59, -8.87 	0.00, -0.00 	15,4,56,834		26.01,254.42	1000,1 	0
1925    	-1.36, 1.07, -7.59 	187.53, -384.57, -8.75 	0.00, -0.00 	15,4,56,843		17.16,241.85	1000,1 	0
1934    	-1.37, 0.90, -7.58 	189.01, -387.55, -8.61 	0.00, -0.00 	15,4,56,853		18.89,369.28	1000,1 	0
1943    	-1.48, 0.75, -7.58 	188.38, -386.50, -8.57 	0.00, -0.00 	15,4,56,863		21.02,135.92	1000,1 	0
1952    	-1.56, 0.64, -7.60 	187.84, -385.55, -8.50 	0.00, -0.00 	15,4,56,872		15.12,121.48	1000,1 	0
1961    	-1.58, 0.57, -7.61 	185.94, -382.03, -8.49 	0.00, -0.00 	15,4,56,882		8.52,443.90	1000,1 	0
1970    	-1.52, 0.54, -7.62 	183.98, -378.30, -8.50 	0.00, -0.00 	15,4,56,892		7.19,468.78	1000,1 	0
1979    	-1.49, 0.48, -7.62 	185.15, -380.61, -8.53 	0.00, -0.00 	15,4,56,902		6.44,287.65	1000,1 	0
1988    	-1.45, 0.52, -7.64 	186.25, -382.70, -8.56 	0.00, -0.00 	15,4,56,911		5.98,262.72	1000,1 	0
1997    	-1.44, 0.49, -7.63 	187.58, -385.21, -8.57 	0.00, -0.00 	15,4,56,921		3.77,316.25	1000,1 	0
2006    	-1.39, 0.49, -7.63 	187.85, -385.74, -8.56 	0.00, -0.00 	15,4,56,931		4.93,66.01	1000,1 	0
2015    	-1.39, 0.47, -7.63 	187.63, -385.38, -8.56 	0.00, -0.00 	15,4,56,940		2.35,47.36	1000,1 	0
2024    	-1.41, 0.47, -7.63 	188.37, -386.78, -8.53 	0.00, -0.00 	15,4,56,950		2.47,176.18	1000,1 	0
2033    	-1.44, 0.48, -7.63 	187.54, -385.25, -8.51 	0.00, -0.00 	15,4,56,960		2.76,193.63	1000,1 	0
2042    	-1.41, 0.48, -7.63 	187.80, -385.75, -8.49 	0.00, -0.00 	15,4,56,969		2.47,62.88	1000,1 	0
2051    	-1.39, 0.47, -7.63 	188.77, -387.58, -8.46 	0.00, -0.00 	15,4,56,979		2.49,206.75	1000,1 	0
2060    	-1.43, 0.46, -7.64 	188.94, -387.95, -8.45 	0.00, -0.00 	15,4,56,989		4.54,40.99	1000,1 	0
2069    	-1.38, 0.46, -7.65 	189.43, -388.88, -8.47 	0.00, -0.00 	15,4,56,998		5.55,104.77	1000,1 	0
2078    	-1.35, 0.47, -7.66 	190.44, -390.84, -8.50 	0.00, -0.00 	15,4,57,8		4.33,275.96	1000,1 	0
2087    	-1.34, 0.46, -7.66 	191.64, -393.09, -8.49 	0.00, -0.00 	15,4,57,18		1.94,318.67	1000,1 	0
