#Time 	Sensor1         Sensor2         Target          Time            Vel             
#================================================================

0       	-64.45, -13.52, 22.07 	-48.50, -9.96, -7.61 	0.00, 30.00 	14,37,49,468		0.00,0.00	0,0 	0
0       	-64.53, -13.56, 22.06 	-48.48, -9.96, -7.61 	0.00, 30.00 	14,37,49,468		inf,inf	0,0 	0
0       	-64.54, -13.66, 22.06 	-48.57, -9.91, -7.60 	0.00, 30.00 	14,37,49,469		inf,inf	0,0 	0
0       	-64.46, -13.78, 22.05 	-48.57, -9.91, -7.61 	0.00, 30.00 	14,37,49,469		inf,-nan	0,0 	0
0       	-64.38, -13.77, 22.06 	-48.57, -9.95, -7.61 	0.00, 30.00 	14,37,49,469		inf,inf	0,0 	0
0       	-64.39, -13.70, 22.06 	-48.57, -9.93, -7.61 	0.00, 30.00 	14,37,49,469		inf,inf	0,0 	0
0       	-64.41, -13.74, 22.07 	-48.59, -9.93, -7.60 	0.00, 30.00 	14,37,49,469		inf,inf	0,0 	0
0       	-64.40, -13.78, 22.07 	-48.48, -9.96, -7.60 	0.00, 30.00 	14,37,49,469		inf,inf	0,0 	0
0       	-64.46, -13.60, 22.09 	-48.50, -9.96, -7.60 	0.00, 30.00 	14,37,49,469		inf,inf	0,0 	0
0       	-64.54, -13.66, 22.06 	-48.50, -9.94, -7.60 	0.00, 30.00 	14,37,49,469		inf,inf	0,0 	0
0       	-64.60, -13.63, 22.05 	-48.55, -9.93, -7.61 	0.00, 30.00 	14,37,49,469		inf,inf	0,0 	0
0       	-64.57, -13.70, 22.03 	-48.55, -9.93, -7.62 	0.00, 30.00 	14,37,49,469		inf,-nan	0,0 	0
0       	-64.53, -13.71, 22.04 	-48.55, -9.93, -7.60 	0.00, 30.00 	14,37,49,469		inf,-nan	0,0 	0
0       	-64.54, -13.64, 22.03 	-48.53, -9.93, -7.61 	0.00, 30.00 	14,37,49,469		inf,inf	0,0 	0
0       	-64.49, -13.69, 22.06 	-48.50, -9.96, -7.62 	0.00, 30.00 	14,37,49,469		inf,inf	0,0 	0
0       	-64.50, -13.62, 22.06 	-48.52, -9.96, -7.61 	0.00, 30.00 	14,37,49,469		inf,inf	0,0 	0
0       	-64.40, -13.65, 22.06 	-48.48, -9.96, -7.60 	0.00, 30.00 	14,37,49,469		inf,inf	0,0 	0
0       	-64.42, -13.65, 22.06 	-48.46, -9.94, -7.61 	0.00, 30.00 	14,37,49,469		inf,inf	0,0 	0
0       	-64.39, -13.53, 22.06 	-48.51, -9.92, -7.61 	0.00, 30.00 	14,37,49,469		inf,inf	0,0 	0
0       	-64.42, -13.46, 22.08 	-48.48, -9.96, -7.61 	0.00, 30.00 	14,37,49,469		inf,inf	0,0 	0
0       	-64.51, -13.24, 22.11 	-48.50, -9.94, -7.62 	0.00, 30.00 	14,37,49,469		inf,inf	0,0 	0
0       	-64.55, -13.19, 22.11 	-48.57, -9.93, -7.62 	0.00, 30.00 	14,37,49,470		inf,inf	0,0 	0
0       	-64.53, -13.20, 22.10 	-48.50, -9.96, -7.62 	0.00, 30.00 	14,37,49,470		inf,inf	0,0 	0
0       	-64.50, -13.32, 22.08 	-48.52, -9.94, -7.61 	0.00, 30.00 	14,37,49,470		inf,inf	0,0 	0
0       	-64.45, -13.37, 22.08 	-48.57, -9.95, -7.62 	0.00, 30.00 	14,37,49,470		inf,inf	0,0 	0
0       	-64.38, -13.44, 22.07 	-48.52, -9.94, -7.62 	0.00, 30.00 	14,37,49,470		inf,inf	0,0 	0
0       	-64.35, -13.51, 22.06 	-48.49, -9.92, -7.62 	0.00, 30.00 	14,37,49,470		inf,inf	0,0 	0
0       	-64.33, -13.52, 22.05 	-48.49, -9.92, -7.62 	0.00, 30.00 	14,37,49,470		inf,-nan	0,0 	0
0       	-64.28, -13.45, 22.05 	-48.53, -9.93, -7.60 	0.00, 30.00 	14,37,49,470		inf,inf	0,0 	0
0       	-64.19, -13.48, 22.03 	-48.50, -9.96, -7.60 	0.00, 30.00 	14,37,49,470		inf,inf	0,0 	0
0       	-64.28, -13.47, 22.03 	-48.48, -9.97, -7.62 	0.00, 30.00 	14,37,49,470		inf,inf	0,0 	0
0       	-64.32, -13.42, 22.02 	-48.46, -9.96, -7.62 	0.00, 30.00 	14,37,49,470		inf,inf	0,0 	0
0       	-64.35, -13.37, 22.01 	-48.52, -9.98, -7.62 	0.00, 30.00 	14,37,49,470		inf,inf	0,0 	0
0       	-64.43, -13.35, 22.01 	-48.54, -9.96, -7.64 	0.00, 30.00 	14,37,49,470		inf,inf	0,0 	0
0       	-64.37, -13.37, 22.03 	-48.52, -9.98, -7.64 	0.00, 30.00 	14,37,49,470		inf,inf	0,0 	0
0       	-64.25, -13.38, 22.04 	-48.48, -9.97, -7.63 	0.00, 30.00 	14,37,49,470		inf,inf	0,0 	0
0       	-64.26, -13.43, 22.03 	-48.59, -9.95, -7.62 	0.00, 30.00 	14,37,49,470		inf,inf	0,0 	0
0       	-64.28, -13.43, 22.01 	-48.52, -9.94, -7.62 	0.00, 30.00 	14,37,49,470		inf,inf	0,0 	0
0       	-64.18, -13.44, 22.00 	-48.55, -9.93, -7.61 	0.00, 30.00 	14,37,49,470		inf,inf	0,0 	0
0       	-64.16, -13.41, 22.00 	-48.57, -9.95, -7.62 	0.00, 30.00 	14,37,49,470		inf,inf	0,0 	0
0       	-64.18, -13.27, 22.01 	-48.52, -9.96, -7.62 	0.00, 30.00 	14,37,49,470		inf,inf	0,0 	0
0       	-64.38, -13.12, 22.02 	-48.50, -9.98, -7.62 	0.00, 30.00 	14,37,49,470		inf,inf	0,0 	0
0       	-64.40, -13.07, 22.02 	-48.50, -9.98, -7.62 	0.00, 30.00 	14,37,49,470		inf,-nan	0,0 	0
0       	-64.40, -13.11, 22.03 	-48.55, -9.94, -7.62 	0.00, 30.00 	14,37,49,470		inf,inf	0,0 	0
0       	-64.52, -13.10, 22.03 	-48.54, -9.96, -7.62 	0.00, 30.00 	14,37,49,470		inf,inf	0,0 	0
0       	-64.44, -13.14, 22.05 	-48.52, -9.96, -7.63 	0.00, 30.00 	14,37,49,471		inf,inf	0,0 	0
0       	-64.44, -13.13, 22.08 	-48.52, -9.94, -7.62 	0.00, 30.00 	14,37,49,471		inf,inf	0,0 	0
0       	-64.44, -13.11, 22.09 	-48.54, -9.96, -7.62 	0.00, 30.00 	14,37,49,471		inf,inf	0,0 	0
0       	-64.44, -13.11, 22.09 	-48.52, -9.94, -7.63 	0.00, 30.00 	14,37,49,471		-nan,inf	0,0 	0
0       	-64.36, -13.12, 22.09 	-48.57, -9.95, -7.63 	0.00, 30.00 	14,37,49,471		inf,inf	0,0 	0
0       	-64.45, -13.04, 22.10 	-48.57, -9.95, -7.63 	0.00, 30.00 	14,37,49,471		inf,-nan	0,0 	0
0       	-64.58, -12.96, 22.07 	-48.55, -9.94, -7.63 	0.00, 30.00 	14,37,49,471		inf,inf	0,0 	0
0       	-64.57, -13.01, 22.07 	-48.55, -9.94, -7.63 	0.00, 30.00 	14,37,49,471		inf,-nan	0,0 	0
0       	-64.53, -13.06, 22.06 	-48.48, -9.97, -7.62 	0.00, 30.00 	14,37,49,471		inf,inf	0,0 	0
0       	-64.57, -13.06, 22.06 	-48.50, -9.94, -7.63 	0.00, 30.00 	14,37,49,471		inf,inf	0,0 	0
0       	-64.44, -13.13, 22.09 	-48.52, -9.96, -7.62 	0.00, 30.00 	14,37,49,471		inf,inf	0,0 	0
0       	-64.46, -13.15, 22.09 	-48.57, -9.95, -7.63 	0.00, 30.00 	14,37,49,471		inf,inf	0,0 	0
0       	-64.38, -13.10, 22.10 	-48.52, -9.96, -7.63 	0.00, 30.00 	14,37,49,471		inf,inf	0,0 	0
0       	-64.38, -13.09, 22.10 	-48.52, -9.98, -7.64 	0.00, 30.00 	14,37,49,471		inf,inf	0,0 	0
0       	-64.34, -13.07, 22.09 	-48.52, -9.98, -7.63 	0.00, 30.00 	14,37,49,471		inf,-nan	0,0 	0
0       	-64.33, -13.03, 22.09 	-48.52, -9.99, -7.62 	0.00, 30.00 	14,37,49,471		inf,inf	0,0 	0
0       	-64.39, -13.00, 22.08 	-48.52, -9.99, -7.62 	0.00, 30.00 	14,37,49,471		inf,-nan	0,0 	0
0       	-64.45, -13.02, 22.07 	-48.48, -9.99, -7.64 	0.00, 30.00 	14,37,49,471		inf,inf	0,0 	0
0       	-64.53, -13.03, 22.06 	-48.50, -9.99, -7.64 	0.00, 30.00 	14,37,49,471		inf,inf	0,0 	0
0       	-64.63, -13.07, 22.06 	-48.48, -9.99, -7.64 	0.00, 30.00 	14,37,49,471		inf,inf	0,0 	0
0       	-64.53, -13.17, 22.06 	-48.46, -9.99, -7.63 	0.00, 30.00 	14,37,49,471		inf,inf	0,0 	0
0       	-64.52, -13.11, 22.09 	-48.48, -9.97, -7.63 	0.00, 30.00 	14,37,49,471		inf,inf	0,0 	0
0       	-64.36, -13.10, 22.10 	-48.50, -9.98, -7.63 	0.00, 30.00 	14,37,49,471		inf,inf	0,0 	0
0       	-64.38, -13.07, 22.10 	-48.48, -9.96, -7.63 	0.00, 30.00 	14,37,49,472		inf,inf	0,0 	0
0       	-64.38, -13.12, 22.10 	-48.46, -9.97, -7.64 	0.00, 30.00 	14,37,49,472		inf,inf	0,0 	0
0       	-64.32, -13.05, 22.09 	-48.50, -9.98, -7.63 	0.00, 30.00 	14,37,49,472		inf,inf	0,0 	0
0       	-64.33, -13.03, 22.10 	-48.48, -9.96, -7.64 	0.00, 30.00 	14,37,49,472		inf,inf	0,0 	0
0       	-64.33, -13.01, 22.10 	-48.46, -9.97, -7.65 	0.00, 30.00 	14,37,49,472		inf,inf	0,0 	0
0       	-64.34, -13.07, 22.09 	-48.46, -10.01, -7.64 	0.00, 30.00 	14,37,49,472		inf,inf	0,0 	0
0       	-64.38, -13.09, 22.10 	-48.46, -9.99, -7.64 	0.00, 30.00 	14,37,49,472		inf,inf	0,0 	0
0       	-64.46, -13.08, 22.10 	-48.48, -9.97, -7.63 	0.00, 30.00 	14,37,49,472		inf,inf	0,0 	0
0       	-64.40, -13.14, 22.11 	-48.50, -9.96, -7.64 	0.00, 30.00 	14,37,49,472		inf,inf	0,0 	0
0       	-64.40, -13.14, 22.10 	-48.50, -9.96, -7.64 	0.00, 30.00 	14,37,49,472		-nan,-nan	0,0 	0
0       	-64.29, -13.15, 22.10 	-48.46, -9.97, -7.64 	0.00, 30.00 	14,37,49,472		inf,inf	0,0 	0
0       	-64.29, -13.13, 22.10 	-48.46, -9.97, -7.64 	0.00, 30.00 	14,37,49,472		inf,-nan	0,0 	0
0       	-64.29, -13.19, 22.10 	-48.41, -10.01, -7.64 	0.00, 30.00 	14,37,49,472		inf,inf	0,0 	0
0       	-64.35, -13.17, 22.09 	-48.41, -10.01, -7.64 	0.00, 30.00 	14,37,49,472		inf,-nan	0,0 	0
0       	-64.31, -13.14, 22.08 	-48.46, -10.01, -7.64 	0.00, 30.00 	14,37,49,472		inf,inf	0,0 	0
0       	-64.39, -13.05, 22.10 	-48.46, -10.01, -7.64 	0.00, 30.00 	14,37,49,472		inf,-nan	0,0 	0
0       	-64.47, -13.02, 22.10 	-48.48, -10.01, -7.64 	0.00, 30.00 	14,37,49,472		inf,inf	0,0 	0
0       	-64.44, -13.07, 22.10 	-48.41, -10.02, -7.64 	0.00, 30.00 	14,37,49,472		inf,inf	0,0 	0
0       	-64.42, -13.09, 22.12 	-48.41, -10.01, -7.63 	0.00, 30.00 	14,37,49,472		inf,inf	0,0 	0
0       	-64.42, -13.07, 22.13 	-48.41, -10.01, -7.63 	0.00, 30.00 	14,37,49,472		inf,-nan	0,0 	0
0       	-64.34, -13.07, 22.13 	-48.39, -10.00, -7.63 	0.00, 30.00 	14,37,49,473		inf,inf	0,0 	0
0       	-64.26, -13.10, 22.14 	-48.39, -10.00, -7.63 	0.00, 30.00 	14,37,49,473		inf,-nan	0,0 	0
0       	-64.18, -13.07, 22.14 	-48.39, -10.00, -7.63 	0.00, 30.00 	14,37,49,473		inf,-nan	0,0 	0
0       	-64.25, -13.01, 22.13 	-48.41, -10.02, -7.63 	0.00, 30.00 	14,37,49,473		inf,inf	0,0 	0
0       	-64.29, -12.82, 22.14 	-48.48, -10.01, -7.64 	0.00, 30.00 	14,37,49,473		inf,inf	0,0 	0
0       	-64.32, -12.75, 22.15 	-48.48, -10.01, -7.62 	0.00, 30.00 	14,37,49,473		inf,-nan	0,0 	0
0       	-64.35, -12.68, 22.16 	-48.46, -9.99, -7.63 	0.00, 30.00 	14,37,49,473		inf,inf	0,0 	0
0       	-64.45, -12.70, 22.17 	-48.46, -9.99, -7.63 	0.00, 30.00 	14,37,49,473		inf,-nan	0,0 	0
0       	-64.32, -12.92, 22.16 	-48.42, -9.99, -7.62 	0.00, 30.00 	14,37,49,473		inf,inf	0,0 	0
0       	-64.21, -12.97, 22.17 	-48.42, -9.99, -7.62 	0.00, 30.00 	14,37,49,473		inf,-nan	0,0 	0
0       	-64.31, -12.98, 22.17 	-48.44, -9.99, -7.62 	0.00, 30.00 	14,37,49,473		inf,inf	0,0 	0
0       	-64.15, -12.95, 22.19 	-48.43, -10.02, -7.62 	0.00, 30.00 	14,37,49,473		inf,inf	0,0 	0
0       	-64.20, -12.86, 22.18 	-48.45, -10.02, -7.63 	0.00, 30.00 	14,37,49,473		inf,inf	0,0 	0
0       	-64.14, -12.86, 22.17 	-48.46, -9.97, -7.63 	0.00, 30.00 	14,37,49,473		inf,inf	0,0 	0
0       	-64.21, -12.81, 22.16 	-48.52, -9.98, -7.64 	0.00, 30.00 	14,37,49,473		inf,inf	0,0 	0
0       	-64.24, -12.73, 22.18 	-48.46, -10.01, -7.64 	0.00, 30.00 	14,37,49,473		inf,inf	0,0 	0
0       	-64.32, -12.77, 22.17 	-48.46, -10.01, -7.64 	0.00, 30.00 	14,37,49,473		inf,-nan	0,0 	0
0       	-64.32, -12.73, 22.17 	-48.44, -10.01, -7.65 	0.00, 30.00 	14,37,49,473		inf,inf	0,0 	0
0       	-64.40, -12.79, 22.17 	-48.43, -10.02, -7.65 	0.00, 30.00 	14,37,49,473		inf,inf	0,0 	0
0       	-64.31, -12.80, 22.17 	-48.44, -10.01, -7.65 	0.00, 30.00 	14,37,49,473		inf,inf	0,0 	0
0       	-64.29, -12.82, 22.19 	-48.46, -9.99, -7.65 	0.00, 30.00 	14,37,49,473		inf,inf	0,0 	0
0       	-64.20, -12.90, 22.17 	-48.46, -9.99, -7.64 	0.00, 30.00 	14,37,49,473		inf,-nan	0,0 	0
0       	-64.20, -12.86, 22.18 	-48.45, -10.02, -7.65 	0.00, 30.00 	14,37,49,474		inf,inf	0,0 	0
0       	-64.22, -12.90, 22.17 	-48.46, -10.01, -7.65 	0.00, 30.00 	14,37,49,474		inf,inf	0,0 	0
0       	-64.19, -12.81, 22.17 	-48.48, -10.03, -7.65 	0.00, 30.00 	14,37,49,474		inf,inf	0,0 	0
0       	-64.26, -12.76, 22.16 	-48.41, -10.01, -7.65 	0.00, 30.00 	14,37,49,474		inf,inf	0,0 	0
0       	-64.39, -12.70, 22.16 	-48.47, -10.04, -7.63 	0.00, 30.00 	14,37,49,474		inf,inf	0,0 	0
0       	-64.37, -12.65, 22.17 	-48.43, -10.08, -7.63 	0.00, 30.00 	14,37,49,474		inf,inf	0,0 	0
0       	-64.36, -12.61, 22.19 	-48.43, -10.04, -7.64 	0.00, 30.00 	14,37,49,474		inf,inf	0,0 	0
0       	-64.29, -12.64, 22.19 	-48.47, -10.04, -7.64 	0.00, 30.00 	14,37,49,474		inf,inf	0,0 	0
0       	-64.27, -12.67, 22.21 	-48.47, -10.04, -7.64 	0.00, 30.00 	14,37,49,474		inf,-nan	0,0 	0
0       	-64.29, -12.68, 22.22 	-48.48, -10.03, -7.64 	0.00, 30.00 	14,37,49,474		inf,inf	0,0 	0
0       	-64.19, -12.67, 22.22 	-48.45, -10.04, -7.64 	0.00, 30.00 	14,37,49,474		inf,inf	0,0 	0
0       	-64.21, -12.65, 22.23 	-48.45, -10.02, -7.64 	0.00, 30.00 	14,37,49,474		inf,inf	0,0 	0
0       	-64.21, -12.62, 22.25 	-48.50, -10.03, -7.63 	0.00, 30.00 	14,37,49,474		inf,inf	0,0 	0
0       	-64.26, -12.53, 22.23 	-48.47, -10.06, -7.64 	0.00, 30.00 	14,37,49,474		inf,inf	0,0 	0
0       	-64.24, -12.58, 22.23 	-48.45, -10.06, -7.64 	0.00, 30.00 	14,37,49,474		inf,inf	0,0 	0
0       	-64.33, -12.68, 22.21 	-48.41, -10.07, -7.63 	0.00, 30.00 	14,37,49,474		inf,inf	0,0 	0
0       	-64.34, -12.78, 22.21 	-48.41, -10.07, -7.64 	0.00, 30.00 	14,37,49,474		inf,-nan	0,0 	0
0       	-64.36, -12.89, 22.20 	-48.41, -10.04, -7.64 	0.00, 30.00 	14,37,49,474		inf,inf	0,0 	0
0       	-64.26, -12.90, 22.21 	-48.45, -10.04, -7.65 	0.00, 30.00 	14,37,49,474		inf,inf	0,0 	0
0       	-64.24, -12.92, 22.23 	-48.43, -10.02, -7.65 	0.00, 30.00 	14,37,49,474		inf,inf	0,0 	0
0       	-64.23, -12.99, 22.22 	-48.45, -10.04, -7.64 	0.00, 30.00 	14,37,49,474		inf,inf	0,0 	0
0       	-64.21, -12.97, 22.22 	-48.45, -10.02, -7.64 	0.00, 30.00 	14,37,49,474		inf,inf	0,0 	0
0       	-64.18, -13.09, 22.20 	-48.48, -9.99, -7.64 	0.00, 30.00 	14,37,49,475		inf,inf	0,0 	0
0       	-64.16, -13.05, 22.19 	-48.52, -10.01, -7.63 	0.00, 30.00 	14,37,49,475		inf,inf	0,0 	0
0       	-64.17, -12.97, 22.20 	-48.48, -10.01, -7.65 	0.00, 30.00 	14,37,49,475		inf,inf	0,0 	0
0       	-64.27, -12.85, 22.22 	-48.52, -10.03, -7.65 	0.00, 30.00 	14,37,49,475		inf,inf	0,0 	0
0       	-64.33, -12.84, 22.21 	-48.48, -10.03, -7.64 	0.00, 30.00 	14,37,49,475		inf,inf	0,0 	0
0       	-64.34, -12.91, 22.21 	-48.48, -10.03, -7.64 	0.00, 30.00 	14,37,49,475		inf,-nan	0,0 	0
0       	-64.31, -12.99, 22.20 	-48.52, -10.01, -7.64 	0.00, 30.00 	14,37,49,475		inf,inf	0,0 	0
0       	-64.24, -13.11, 22.19 	-48.48, -10.03, -7.65 	0.00, 30.00 	14,37,49,475		inf,inf	0,0 	0
0       	-64.15, -13.16, 22.19 	-48.50, -10.01, -7.65 	0.00, 30.00 	14,37,49,475		inf,inf	0,0 	0
0       	-64.20, -13.11, 22.20 	-48.50, -10.01, -7.65 	0.00, 30.00 	14,37,49,475		inf,-nan	0,0 	0
0       	-64.18, -13.06, 22.20 	-48.56, -10.05, -7.63 	0.00, 30.00 	14,37,49,475		inf,inf	0,0 	0
0       	-64.15, -12.95, 22.20 	-48.45, -10.06, -7.63 	0.00, 30.00 	14,37,49,475		inf,inf	0,0 	0
0       	-64.23, -12.80, 22.21 	-48.45, -10.06, -7.63 	0.00, 30.00 	14,37,49,475		inf,-nan	0,0 	0
0       	-64.27, -12.62, 22.24 	-48.41, -10.09, -7.62 	0.00, 30.00 	14,37,49,475		inf,inf	0,0 	0
0       	-64.29, -12.66, 22.25 	-48.43, -10.04, -7.63 	0.00, 30.00 	14,37,49,475		inf,inf	0,0 	0
0       	-64.30, -12.75, 22.24 	-48.43, -10.08, -7.62 	0.00, 30.00 	14,37,49,475		inf,inf	0,0 	0
0       	-64.29, -12.83, 22.22 	-48.51, -10.06, -7.62 	0.00, 30.00 	14,37,49,475		inf,inf	0,0 	0
0       	-64.25, -12.97, 22.21 	-48.49, -10.08, -7.63 	0.00, 30.00 	14,37,49,475		inf,inf	0,0 	0
0       	-64.26, -13.06, 22.20 	-48.53, -10.06, -7.62 	0.00, 30.00 	14,37,49,475		inf,inf	0,0 	0
0       	-64.09, -13.12, 22.20 	-48.47, -10.04, -7.63 	0.00, 30.00 	14,37,49,475		inf,inf	0,0 	0
0       	-64.13, -13.11, 22.19 	-48.48, -10.03, -7.62 	0.00, 30.00 	14,37,49,475		inf,inf	0,0 	0
0       	-64.18, -13.09, 22.19 	-48.48, -10.03, -7.63 	0.00, 30.00 	14,37,49,475		inf,-nan	0,0 	0
0       	-64.15, -13.11, 22.17 	-48.52, -10.03, -7.63 	0.00, 30.00 	14,37,49,475		inf,inf	0,0 	0
0       	-64.20, -13.04, 22.17 	-48.50, -10.03, -7.63 	0.00, 30.00 	14,37,49,475		inf,inf	0,0 	0
0       	-64.21, -12.99, 22.17 	-48.43, -10.02, -7.63 	0.00, 30.00 	14,37,49,476		inf,inf	0,0 	0
0       	-64.25, -12.96, 22.15 	-48.43, -10.04, -7.63 	0.00, 30.00 	14,37,49,476		inf,inf	0,0 	0
0       	-64.29, -13.03, 22.18 	-48.45, -10.02, -7.63 	0.00, 30.00 	14,37,49,476		inf,inf	0,0 	0
0       	-64.17, -13.11, 22.15 	-48.46, -10.01, -7.63 	0.00, 30.00 	14,37,49,476		inf,inf	0,0 	0
0       	-64.13, -13.14, 22.15 	-48.50, -10.01, -7.62 	0.00, 30.00 	14,37,49,476		inf,inf	0,0 	0
0       	-64.20, -13.07, 22.17 	-48.48, -10.03, -7.63 	0.00, 30.00 	14,37,49,476		inf,inf	0,0 	0
0       	-64.21, -13.02, 22.18 	-48.46, -10.01, -7.63 	0.00, 30.00 	14,37,49,476		inf,inf	0,0 	0
0       	-64.12, -13.07, 22.17 	-48.41, -10.01, -7.64 	0.00, 30.00 	14,37,49,476		inf,inf	0,0 	0
0       	-64.22, -13.04, 22.14 	-48.46, -9.99, -7.63 	0.00, 30.00 	14,37,49,476		inf,inf	0,0 	0
0       	-64.28, -12.94, 22.16 	-48.48, -9.97, -7.64 	0.00, 30.00 	14,37,49,476		inf,inf	0,0 	0
0       	-64.30, -12.87, 22.18 	-48.46, -10.01, -7.63 	0.00, 30.00 	14,37,49,476		inf,inf	0,0 	0
0       	-64.36, -12.89, 22.16 	-48.44, -10.01, -7.64 	0.00, 30.00 	14,37,49,476		inf,inf	0,0 	0
0       	-64.35, -13.01, 22.14 	-48.45, -10.02, -7.64 	0.00, 30.00 	14,37,49,476		inf,inf	0,0 	0
0       	-64.35, -13.16, 22.13 	-48.45, -10.02, -7.62 	0.00, 30.00 	14,37,49,476		inf,-nan	0,0 	0
0       	-64.30, -13.24, 22.14 	-48.43, -10.02, -7.62 	0.00, 30.00 	14,37,49,476		inf,inf	0,0 	0
0       	-64.24, -13.25, 22.14 	-48.37, -10.05, -7.63 	0.00, 30.00 	14,37,49,476		inf,inf	0,0 	0
0       	-64.24, -13.29, 22.13 	-48.37, -10.05, -7.63 	0.00, 30.00 	14,37,49,476		inf,-nan	0,0 	0
0       	-64.14, -13.26, 22.13 	-48.38, -10.14, -7.63 	0.00, 30.00 	14,37,49,476		inf,inf	0,0 	0
0       	-64.19, -13.29, 22.10 	-48.36, -10.14, -7.64 	0.00, 30.00 	14,37,49,476		inf,inf	0,0 	0
0       	-64.23, -13.16, 22.12 	-48.31, -10.27, -7.63 	0.00, 30.00 	14,37,49,476		inf,inf	0,0 	0
0       	-64.24, -13.11, 22.14 	-48.31, -10.26, -7.64 	0.00, 30.00 	14,37,49,476		inf,inf	0,0 	0
0       	-64.29, -13.15, 22.11 	-48.29, -10.26, -7.64 	0.00, 30.00 	14,37,49,476		inf,inf	0,0 	0
0       	-64.27, -13.19, 22.10 	-48.29, -10.26, -7.63 	0.00, 30.00 	14,37,49,476		inf,-nan	0,0 	0
0       	-64.26, -13.10, 22.13 	-48.33, -10.26, -7.63 	0.00, 30.00 	14,37,49,476		inf,inf	0,0 	0
0       	-64.25, -13.03, 22.14 	-48.37, -10.30, -7.63 	0.00, 30.00 	14,37,49,476		inf,inf	0,0 	0
0       	-64.24, -13.08, 22.14 	-48.30, -10.31, -7.63 	0.00, 30.00 	14,37,49,477		inf,inf	0,0 	0
0       	-64.15, -13.16, 22.12 	-48.26, -10.32, -7.62 	0.00, 30.00 	14,37,49,477		inf,inf	0,0 	0
0       	-64.12, -13.19, 22.11 	-48.28, -10.34, -7.62 	0.00, 30.00 	14,37,49,477		inf,inf	0,0 	0
0       	-64.20, -13.25, 22.10 	-48.29, -10.39, -7.63 	0.00, 30.00 	14,37,49,477		inf,inf	0,0 	0
0       	-64.18, -13.27, 22.10 	-48.26, -10.48, -7.64 	0.00, 30.00 	14,37,49,477		inf,inf	0,0 	0
0       	-64.20, -13.22, 22.08 	-48.21, -10.56, -7.65 	0.00, 30.00 	14,37,49,477		inf,inf	0,0 	0
0       	-64.25, -13.17, 22.10 	-48.21, -10.61, -7.66 	0.00, 30.00 	14,37,49,477		inf,inf	0,0 	0
0       	-64.26, -13.22, 22.10 	-48.10, -10.71, -7.66 	0.00, 30.00 	14,37,49,477		inf,inf	0,0 	0
0       	-64.23, -13.31, 22.08 	-48.12, -10.73, -7.65 	0.00, 30.00 	14,37,49,477		inf,inf	0,0 	0
0       	-64.21, -13.29, 22.10 	-48.14, -10.71, -7.66 	0.00, 30.00 	14,37,49,477		inf,inf	0,0 	0
0       	-64.24, -13.22, 22.13 	-48.16, -10.73, -7.66 	0.00, 30.00 	14,37,49,477		inf,inf	0,0 	0
0       	-64.28, -13.26, 22.14 	-48.11, -10.74, -7.66 	0.00, 30.00 	14,37,49,477		inf,inf	0,0 	0
0       	-64.30, -13.26, 22.12 	-48.13, -10.75, -7.66 	0.00, 30.00 	14,37,49,477		inf,inf	0,0 	0
0       	-64.22, -13.25, 22.13 	-48.20, -10.72, -7.67 	0.00, 30.00 	14,37,49,477		inf,inf	0,0 	0
0       	-64.23, -13.20, 22.12 	-48.13, -10.80, -7.65 	0.00, 30.00 	14,37,49,477		inf,inf	0,0 	0
0       	-64.27, -13.17, 22.12 	-48.15, -10.78, -7.67 	0.00, 30.00 	14,37,49,477		inf,inf	0,0 	0
0       	-64.34, -13.08, 22.13 	-48.13, -10.80, -7.67 	0.00, 30.00 	14,37,49,477		inf,inf	0,0 	0
0       	-64.35, -13.16, 22.10 	-48.08, -10.83, -7.67 	0.00, 30.00 	14,37,49,477		inf,inf	0,0 	0
0       	-64.35, -13.16, 22.10 	-48.13, -10.83, -7.69 	0.00, 30.00 	14,37,49,477		-nan,inf	0,0 	0
0       	-64.34, -13.30, 22.08 	-48.15, -10.83, -7.68 	0.00, 30.00 	14,37,49,478		inf,inf	0,0 	0
0       	-64.25, -13.34, 22.08 	-48.15, -10.82, -7.68 	0.00, 30.00 	14,37,49,478		inf,inf	0,0 	0
0       	-64.27, -13.31, 22.07 	-48.06, -10.88, -7.69 	0.00, 30.00 	14,37,49,478		inf,inf	0,0 	0
0       	-64.26, -13.29, 22.09 	-48.03, -10.91, -7.70 	0.00, 30.00 	14,37,49,478		inf,inf	0,0 	0
0       	-64.19, -13.34, 22.10 	-48.01, -10.93, -7.73 	0.00, 30.00 	14,37,49,478		inf,inf	0,0 	0
0       	-64.29, -13.31, 22.09 	-47.93, -10.96, -7.73 	0.00, 30.00 	14,37,49,478		inf,inf	0,0 	0
0       	-64.26, -13.27, 22.09 	-47.80, -11.02, -7.75 	0.00, 30.00 	14,37,49,478		inf,inf	0,0 	0
0       	-64.37, -13.35, 22.06 	-47.75, -11.10, -7.76 	0.00, 30.00 	14,37,49,478		inf,inf	0,0 	0
0       	-64.39, -13.33, 22.07 	-47.55, -11.19, -7.79 	0.00, 30.00 	14,37,49,478		inf,inf	0,0 	0
0       	-64.39, -13.35, 22.06 	-47.57, -11.19, -7.79 	0.00, 30.00 	14,37,49,478		inf,inf	0,0 	0
0       	-64.35, -13.35, 22.06 	-47.52, -11.27, -7.82 	0.00, 30.00 	14,37,49,478		inf,inf	0,0 	0
0       	-64.29, -13.36, 22.08 	-47.52, -11.34, -7.85 	0.00, 30.00 	14,37,49,478		inf,inf	0,0 	0
0       	-64.26, -13.45, 22.06 	-47.46, -11.44, -7.88 	0.00, 30.00 	14,37,49,478		inf,inf	0,0 	0
0       	-64.24, -13.43, 22.05 	-47.40, -11.51, -7.90 	0.00, 30.00 	14,37,49,478		inf,inf	0,0 	0
0       	-64.22, -13.38, 22.06 	-47.39, -11.54, -7.91 	0.00, 30.00 	14,37,49,478		inf,inf	0,0 	0
0       	-64.23, -13.32, 22.07 	-47.31, -11.71, -7.92 	0.00, 30.00 	14,37,49,478		inf,inf	0,0 	0
0       	-64.19, -13.29, 22.06 	-47.19, -11.92, -7.95 	0.00, 30.00 	14,37,49,478		inf,inf	0,0 	0
0       	-64.30, -13.24, 22.06 	-47.09, -12.09, -7.96 	0.00, 30.00 	14,37,49,479		inf,inf	0,0 	0
0       	-64.24, -13.41, 22.06 	-46.97, -12.27, -7.98 	0.00, 30.00 	14,37,49,479		inf,inf	0,0 	0
0       	-64.24, -13.41, 22.06 	-46.85, -12.42, -8.03 	0.00, 30.00 	14,37,49,479		-nan,inf	0,0 	0
0       	-64.24, -13.41, 22.06 	-46.83, -12.42, -8.06 	0.00, 30.00 	14,37,49,479		-nan,inf	0,0 	0
0       	-62.01, -23.85, 20.77 	-46.83, -12.42, -8.06 	0.00, 30.00 	14,37,49,479		inf,-nan	0,0 	0
0       	-48.27, -38.41, 18.97 	-46.77, -12.79, -8.05 	0.00, 30.00 	14,37,49,479		inf,inf	0,0 	0
0       	-40.28, -35.96, 20.53 	-46.78, -12.90, -8.06 	0.00, 30.00 	14,37,49,479		inf,inf	0,0 	0
0       	-49.15, -37.49, 18.68 	-46.71, -12.98, -8.08 	0.00, 30.00 	14,37,49,479		inf,inf	0,0 	0
0       	-52.05, -33.46, 19.45 	-46.62, -13.03, -8.09 	0.00, 30.00 	14,37,49,479		inf,inf	0,0 	0
0       	-54.01, -31.41, 19.75 	-46.48, -13.03, -8.10 	0.00, 30.00 	14,37,49,479		inf,inf	0,0 	0
0       	-55.20, -30.08, 19.96 	-46.41, -13.05, -8.12 	0.00, 30.00 	14,37,49,479		inf,inf	0,0 	0
0       	-56.95, -28.07, 20.29 	-46.37, -13.04, -8.11 	0.00, 30.00 	14,37,49,479		inf,inf	0,0 	0
0       	-63.64, -20.23, 21.49 	-46.31, -13.04, -8.11 	0.00, 30.00 	14,37,49,479		inf,inf	0,0 	0
0       	-69.33, -11.56, 22.61 	-46.32, -12.95, -8.10 	0.00, 30.00 	14,37,49,479		inf,inf	0,0 	0
0       	-66.75, -12.03, 22.81 	-46.28, -12.93, -8.09 	0.00, 30.00 	14,37,49,479		inf,inf	0,0 	0
0       	-64.18, -14.43, 22.57 	-46.27, -12.86, -8.08 	0.00, 30.00 	14,37,49,479		inf,inf	0,0 	0
0       	-63.79, -15.02, 22.47 	-46.18, -12.89, -8.09 	0.00, 30.00 	14,37,49,479		inf,inf	0,0 	0
0       	-63.99, -14.88, 22.45 	-46.21, -12.84, -8.09 	0.00, 30.00 	14,37,49,479		inf,inf	0,0 	0
0       	-64.09, -14.65, 22.42 	-46.18, -12.88, -8.08 	0.00, 30.00 	14,37,49,479		inf,inf	0,0 	0
0       	-64.05, -14.70, 22.36 	-46.16, -12.87, -8.07 	0.00, 30.00 	14,37,49,479		inf,inf	0,0 	0
0       	-64.19, -15.05, 22.25 	-46.14, -12.86, -8.06 	0.00, 30.00 	14,37,49,480		inf,inf	0,0 	0
0       	-64.39, -15.26, 22.16 	-46.12, -12.87, -8.06 	0.00, 30.00 	14,37,49,480		inf,inf	0,0 	0
0       	-64.06, -15.60, 22.06 	-46.12, -12.85, -8.07 	0.00, 30.00 	14,37,49,480		inf,inf	0,0 	0
0       	-62.96, -16.66, 22.01 	-46.12, -12.85, -8.07 	0.00, 30.00 	14,37,49,480		inf,-nan	0,0 	0
0       	-61.89, -18.45, 21.98 	-46.12, -12.85, -8.07 	0.00, 30.00 	14,37,49,480		inf,-nan	0,0 	0
0       	-61.08, -19.52, 21.98 	-46.12, -12.84, -8.07 	0.00, 30.00 	14,37,49,480		inf,inf	0,0 	0
0       	-60.72, -19.41, 22.06 	-46.12, -12.84, -8.07 	0.00, 30.00 	14,37,49,480		inf,-nan	0,0 	0
0       	-61.11, -18.50, 22.23 	-46.13, -12.82, -8.07 	0.00, 30.00 	14,37,49,480		inf,inf	0,0 	0
0       	-61.86, -17.20, 22.27 	-46.08, -12.83, -8.08 	0.00, 30.00 	14,37,49,480		inf,inf	0,0 	0
0       	-62.69, -16.02, 22.09 	-46.08, -12.82, -8.08 	0.00, 30.00 	14,37,49,480		inf,inf	0,0 	0
0       	-62.69, -16.02, 22.09 	-46.06, -12.82, -8.08 	0.00, 30.00 	14,37,49,480		-nan,inf	0,0 	0
0       	-62.69, -16.02, 22.09 	-46.06, -12.82, -8.08 	0.00, 30.00 	14,37,49,480		-nan,-nan	0,0 	0
0       	-80.02, -44.61, 8.63 	-46.06, -12.82, -8.08 	0.00, 30.00 	14,37,49,480		inf,-nan	0,0 	0
0       	-84.69, -45.51, 0.88 	-46.06, -12.87, -8.09 	0.00, 30.00 	14,37,49,480		inf,inf	0,0 	0
0       	-67.02, -53.18, 3.09 	-46.16, -12.86, -8.12 	0.00, 30.00 	14,37,49,480		inf,inf	0,0 	0
0       	-66.22, -49.95, 7.37 	-46.12, -12.87, -8.13 	0.00, 30.00 	14,37,49,480		inf,inf	0,0 	0
0       	-66.04, -48.18, 8.06 	-46.16, -12.84, -8.14 	0.00, 30.00 	14,37,49,480		inf,inf	0,0 	0
0       	-65.17, -47.12, 8.57 	-46.13, -12.79, -8.14 	0.00, 30.00 	14,37,49,481		inf,inf	0,0 	0
0       	-64.92, -44.72, 9.37 	-46.11, -12.80, -8.13 	0.00, 30.00 	14,37,49,481		inf,inf	0,0 	0
0       	-66.33, -39.64, 10.73 	-46.13, -12.82, -8.13 	0.00, 30.00 	14,37,49,481		inf,inf	0,0 	0
0       	-67.97, -32.36, 12.84 	-46.11, -12.80, -8.13 	0.00, 30.00 	14,37,49,481		inf,inf	0,0 	0
0       	-63.88, -31.20, 14.85 	-46.17, -12.75, -8.14 	0.00, 30.00 	14,37,49,481		inf,inf	0,0 	0
0       	-63.51, -32.46, 15.71 	-46.18, -12.72, -8.13 	0.00, 30.00 	14,37,49,481		inf,inf	0,0 	0
0       	-65.35, -32.75, 15.96 	-46.14, -12.70, -8.14 	0.00, 30.00 	14,37,49,481		inf,inf	0,0 	0
0       	-66.04, -32.74, 15.78 	-46.22, -12.69, -8.13 	0.00, 30.00 	14,37,49,481		inf,inf	0,0 	0
0       	-67.33, -32.55, 15.33 	-46.22, -12.67, -8.12 	0.00, 30.00 	14,37,49,481		inf,inf	0,0 	0
0       	-68.04, -33.29, 14.68 	-46.16, -12.67, -8.12 	0.00, 30.00 	14,37,49,481		inf,inf	0,0 	0
0       	-67.31, -35.01, 13.86 	-46.25, -12.66, -8.12 	0.00, 30.00 	14,37,49,481		inf,inf	0,0 	0
0       	-65.71, -36.98, 13.04 	-46.25, -12.64, -8.12 	0.00, 30.00 	14,37,49,481		inf,inf	0,0 	0
0       	-65.82, -37.93, 12.35 	-46.29, -12.59, -8.13 	0.00, 30.00 	14,37,49,481		inf,inf	0,0 	0
0       	-67.40, -38.07, 11.97 	-46.27, -12.62, -8.12 	0.00, 30.00 	14,37,49,481		inf,inf	0,0 	0
0       	-69.90, -38.42, 11.72 	-46.38, -12.60, -8.15 	0.00, 30.00 	14,37,49,481		inf,inf	0,0 	0
0       	-72.22, -39.55, 11.29 	-46.75, -12.14, -8.15 	0.00, 30.00 	14,37,49,481		inf,inf	0,0 	0
0       	-74.01, -40.57, 10.49 	-47.17, -11.67, -8.14 	0.00, 30.00 	14,37,49,481		inf,inf	0,0 	0
0       	-75.06, -41.41, 9.44 	-47.65, -11.42, -8.14 	0.00, 30.00 	14,37,49,481		inf,inf	0,0 	0
0       	-73.68, -44.10, 8.00 	-48.29, -11.31, -8.10 	0.00, 30.00 	14,37,49,481		inf,inf	0,0 	0
0       	-71.34, -47.38, 6.18 	-48.71, -11.65, -8.06 	0.00, 30.00 	14,37,49,481		inf,inf	0,0 	0
0       	-70.60, -47.42, 5.12 	-48.32, -12.22, -8.12 	0.00, 30.00 	14,37,49,481		inf,inf	0,0 	0
0       	-71.59, -45.09, 5.59 	-47.30, -12.67, -8.24 	0.00, 30.00 	14,37,49,481		inf,inf	0,0 	0
0       	-72.10, -45.41, 6.16 	-46.63, -12.97, -8.32 	0.00, 30.00 	14,37,49,481		inf,inf	0,0 	0
0       	-71.72, -45.36, 5.93 	-46.48, -13.24, -8.31 	0.00, 30.00 	14,37,49,481		inf,inf	0,0 	0
0       	-71.73, -44.25, 5.69 	-46.44, -13.60, -8.27 	0.00, 30.00 	14,37,49,481		inf,inf	0,0 	0
0       	-73.46, -44.09, 5.81 	-46.45, -13.91, -8.25 	0.00, 30.00 	14,37,49,481		inf,inf	0,0 	0
0       	-75.37, -45.31, 5.48 	-46.48, -14.29, -8.28 	0.00, 30.00 	14,37,49,481		inf,inf	0,0 	0
0       	-75.42, -45.93, 4.59 	-46.50, -14.93, -8.32 	0.00, 30.00 	14,37,49,481		inf,inf	0,0 	0
0       	-74.34, -46.99, 3.85 	-46.60, -15.77, -8.43 	0.00, 30.00 	14,37,49,481		inf,inf	0,0 	0
0       	-72.73, -48.16, 3.34 	-46.62, -17.01, -8.57 	0.00, 30.00 	14,37,49,481		inf,inf	0,0 	0
0       	-71.02, -49.35, 2.83 	-46.45, -18.53, -8.78 	0.00, 30.00 	14,37,49,481		inf,inf	0,0 	0
0       	-70.78, -49.67, 2.27 	-46.31, -19.92, -8.89 	0.00, 30.00 	14,37,49,481		inf,inf	0,0 	0
0       	-70.55, -47.85, 1.85 	-46.41, -20.99, -8.87 	0.00, 30.00 	14,37,49,481		inf,inf	0,0 	0
0       	-70.84, -46.75, 1.61 	-46.56, -21.61, -8.92 	0.00, 30.00 	14,37,49,481		inf,inf	0,0 	0
0       	-71.26, -47.02, 1.06 	-46.53, -22.16, -8.96 	0.00, 30.00 	14,37,49,481		inf,inf	0,0 	0
0       	-71.41, -47.65, 0.08 	-46.57, -22.75, -9.02 	0.00, 30.00 	14,37,49,482		inf,inf	0,0 	0
0       	-72.37, -47.75, -0.77 	-46.25, -23.29, -9.18 	0.00, 30.00 	14,37,49,482		inf,inf	0,0 	0
0       	-75.33, -47.27, -1.21 	-45.62, -23.75, -9.57 	0.00, 30.00 	14,37,49,482		inf,inf	0,0 	0
0       	-78.67, -45.20, -1.31 	-44.62, -24.29, -10.18 	0.00, 30.00 	14,37,49,482		inf,inf	0,0 	0
0       	-81.51, -43.27, -1.71 	-43.35, -25.19, -10.60 	0.00, 30.00 	14,37,49,482		inf,inf	0,0 	0
0       	-83.17, -41.97, -2.41 	-42.63, -26.18, -10.75 	0.00, 30.00 	14,37,49,482		inf,inf	0,0 	0
0       	-83.61, -41.35, -3.14 	-42.47, -27.17, -10.70 	0.00, 30.00 	14,37,49,482		inf,inf	0,0 	0
0       	-83.10, -41.47, -3.59 	-42.48, -28.10, -10.58 	0.00, 30.00 	14,37,49,482		inf,inf	0,0 	0
0       	-82.00, -42.00, -3.99 	-42.52, -29.38, -10.47 	0.00, 30.00 	14,37,49,482		inf,inf	0,0 	0
0       	-80.59, -42.73, -4.39 	-42.48, -31.25, -10.50 	0.00, 30.00 	14,37,49,482		inf,inf	0,0 	0
0       	-78.80, -43.42, -5.15 	-42.16, -33.85, -10.79 	0.00, 30.00 	14,37,49,482		inf,inf	0,0 	0
0       	-77.20, -43.68, -6.16 	-42.32, -35.78, -10.90 	0.00, 30.00 	14,37,49,482		inf,inf	0,0 	0
0       	-75.83, -43.71, -7.03 	-41.41, -36.20, -10.63 	0.00, 30.00 	14,37,49,482		inf,inf	0,0 	0
0       	-74.18, -43.87, -7.85 	-39.91, -36.84, -10.74 	0.00, 30.00 	14,37,49,482		inf,inf	0,0 	0
0       	-71.92, -44.18, -8.80 	-38.49, -44.13, -13.06 	0.00, 30.00 	14,37,49,482		inf,inf	0,0 	0
0       	-69.98, -44.22, -9.65 	-39.36, -53.33, -12.83 	0.00, 30.00 	14,37,49,482		inf,inf	0,0 	0
0       	-68.99, -44.24, -10.01 	-40.46, -54.55, -11.65 	0.00, 30.00 	14,37,49,482		inf,inf	0,0 	0
0       	-68.89, -44.11, -10.14 	-40.11, -53.10, -12.81 	0.00, 30.00 	14,37,49,482		inf,inf	0,0 	0
0       	-69.46, -43.59, -10.28 	-36.24, -42.33, -10.95 	0.00, 30.00 	14,37,49,482		inf,inf	0,0 	0
0       	-69.80, -43.33, -10.32 	-33.35, -36.33, -10.02 	0.00, 30.00 	14,37,49,482		inf,inf	0,0 	0
0       	-68.55, -44.25, -10.17 	-32.33, -35.52, -10.09 	0.00, 30.00 	14,37,49,482		inf,inf	0,0 	0
0       	-65.75, -45.27, -10.58 	-32.60, -36.55, -10.44 	0.00, 30.00 	14,37,49,482		inf,inf	0,0 	0
0       	-64.13, -44.65, -11.59 	-32.99, -37.18, -10.71 	0.00, 30.00 	14,37,49,482		inf,inf	0,0 	0
0       	-63.39, -44.19, -12.08 	-32.86, -37.50, -10.92 	0.00, 30.00 	14,37,49,482		inf,inf	0,0 	0
0       	-62.03, -45.01, -11.91 	-32.39, -37.16, -11.09 	0.00, 30.00 	14,37,49,482		inf,inf	0,0 	0
0       	-60.18, -46.01, -11.99 	-31.24, -36.64, -11.24 	0.00, 30.00 	14,37,49,482		inf,inf	0,0 	0
0       	-59.37, -45.99, -12.26 	-30.18, -36.53, -11.37 	0.00, 30.00 	14,37,49,482		inf,inf	0,0 	0
0       	-59.20, -46.37, -12.08 	-29.43, -36.71, -11.56 	0.00, 30.00 	14,37,49,482		inf,inf	0,0 	0
0       	-58.36, -47.44, -11.68 	-28.90, -37.31, -11.77 	0.00, 30.00 	14,37,49,482		inf,inf	0,0 	0
0       	-56.79, -48.18, -11.69 	-28.24, -38.13, -11.90 	0.00, 30.00 	14,37,49,482		inf,inf	0,0 	0
0       	-54.97, -48.39, -12.12 	-24.18, -36.61, -12.28 	0.00, 30.00 	14,37,49,482		inf,inf	0,0 	0
0       	-52.58, -48.70, -12.60 	12.08, -23.55, -15.97 	0.00, 30.00 	14,37,49,482		inf,inf	0,0 	0
0       	-48.41, -47.92, -13.06 	79.54, -34.54, -13.08 	0.00, 30.00 	14,37,49,482		inf,inf	0,0 	0
0       	-43.62, -46.89, -13.85 	22.39, -63.21, 0.04 	0.00, 30.00 	14,37,49,482		inf,inf	0,0 	0
0       	-39.54, -45.69, -14.77 	-25.85, -50.96, 8.73 	0.00, 30.00 	14,37,49,482		inf,inf	0,0 	0
0       	-37.65, -45.35, -14.90 	-33.41, -54.11, 2.91 	0.00, 30.00 	14,37,49,482		inf,inf	0,0 	0
0       	-38.52, -45.52, -14.11 	-17.21, -63.61, -13.13 	0.00, 30.00 	14,37,49,482		inf,inf	0,0 	0
0       	-39.85, -44.95, -13.48 	-23.77, -46.77, -12.75 	0.00, 30.00 	14,37,49,482		inf,inf	0,0 	0
0       	-38.25, -44.21, -13.55 	-21.91, -44.63, -13.18 	0.00, 30.00 	14,37,49,482		inf,inf	0,0 	0
0       	-34.84, -44.24, -13.74 	-21.10, -44.89, -13.25 	0.00, 30.00 	14,37,49,483		inf,inf	0,0 	0
0       	-32.24, -44.34, -13.89 	-20.05, -44.18, -13.25 	0.00, 30.00 	14,37,49,483		inf,inf	0,0 	0
0       	-30.64, -43.72, -14.23 	-18.85, -42.67, -13.54 	0.00, 30.00 	14,37,49,483		inf,inf	0,0 	0
0       	-28.86, -42.93, -14.67 	-18.30, -42.10, -13.92 	0.00, 30.00 	14,37,49,483		inf,inf	0,0 	0
0       	-26.92, -42.92, -14.90 	-18.35, -42.50, -14.04 	0.00, 30.00 	14,37,49,483		inf,inf	0,0 	0
0       	-26.88, -43.94, -14.49 	-18.48, -43.02, -13.97 	0.00, 30.00 	14,37,49,483		inf,inf	0,0 	0
0       	-26.88, -43.94, -14.49 	-18.37, -43.16, -13.86 	0.00, 30.00 	14,37,49,483		-nan,inf	0,0 	0
0       	-26.88, -43.94, -14.49 	-17.71, -43.11, -13.86 	0.00, 30.00 	14,37,49,483		-nan,inf	0,0 	0
0       	-47.95, -54.96, -5.84 	-17.71, -43.11, -13.86 	0.00, 30.00 	14,37,49,483		inf,-nan	0,0 	0
0       	-51.55, -54.18, -2.65 	-15.59, -43.59, -13.61 	0.00, 30.00 	14,37,49,483		inf,inf	0,0 	0
0       	-38.17, -50.73, -7.91 	-13.25, -43.68, -13.43 	0.00, 30.00 	14,37,49,483		inf,inf	0,0 	0
0       	-26.48, -46.96, -11.78 	-9.86, -43.42, -13.67 	0.00, 30.00 	14,37,49,483		inf,inf	0,0 	0
0       	-22.14, -45.27, -13.11 	-7.57, -43.10, -14.04 	0.00, 30.00 	14,37,49,483		inf,inf	0,0 	0
0       	-18.67, -44.05, -13.99 	-6.75, -42.76, -14.25 	0.00, 30.00 	14,37,49,483		inf,inf	0,0 	0
0       	-15.88, -43.15, -14.50 	-6.65, -42.54, -14.33 	0.00, 30.00 	14,37,49,483		inf,inf	0,0 	0
0       	-14.87, -43.08, -14.55 	-6.07, -42.28, -14.37 	0.00, 30.00 	14,37,49,483		inf,inf	0,0 	0
0       	-14.89, -43.29, -14.41 	-5.15, -41.96, -14.44 	0.00, 30.00 	14,37,49,483		inf,inf	0,0 	0
0       	-14.63, -43.37, -14.33 	-4.58, -41.84, -14.48 	0.00, 30.00 	14,37,49,483		inf,inf	0,0 	0
0       	-13.34, -43.08, -14.30 	-4.24, -41.94, -14.43 	0.00, 30.00 	14,37,49,483		inf,inf	0,0 	0
0       	-10.11, -42.33, -14.32 	-3.82, -42.03, -14.34 	0.00, 30.00 	14,37,49,483		inf,inf	0,0 	0
0       	-6.37, -41.16, -14.62 	-3.02, -41.98, -14.29 	0.00, 30.00 	14,37,49,483		inf,inf	0,0 	0
0       	-6.57, -41.38, -14.60 	-1.89, -41.82, -14.38 	0.00, 30.00 	14,37,49,483		inf,inf	0,0 	0
0       	-7.08, -42.25, -14.23 	-0.77, -41.81, -14.44 	0.00, 30.00 	14,37,49,483		inf,inf	0,0 	0
0       	-5.55, -42.41, -14.09 	0.09, -41.75, -14.45 	0.00, 30.00 	14,37,49,483		inf,inf	0,0 	0
0       	-3.01, -41.79, -14.33 	0.69, -41.66, -14.45 	0.00, 30.00 	14,37,49,483		inf,inf	0,0 	0
0       	-1.31, -41.20, -14.53 	0.93, -41.60, -14.41 	0.00, 30.00 	14,37,49,483		inf,inf	0,0 	0
0       	-0.48, -41.27, -14.51 	1.07, -41.59, -14.36 	0.00, 30.00 	14,37,49,483		inf,inf	0,0 	0
0       	-0.37, -41.70, -14.32 	1.31, -41.73, -14.27 	0.00, 30.00 	14,37,49,483		inf,inf	0,0 	0
0       	-0.67, -42.11, -14.13 	1.43, -41.82, -14.18 	0.00, 30.00 	14,37,49,483		inf,inf	0,0 	0
0       	-1.19, -42.37, -13.94 	1.77, -41.90, -14.14 	0.00, 30.00 	14,37,49,483		inf,inf	0,0 	0
0       	-1.38, -42.53, -13.83 	2.31, -41.90, -14.12 	0.00, 30.00 	14,37,49,483		inf,inf	0,0 	0
0       	-1.39, -42.62, -13.72 	2.89, -41.95, -14.15 	0.00, 30.00 	14,37,49,483		inf,inf	0,0 	0
0       	-1.13, -42.51, -13.72 	3.24, -41.93, -14.11 	0.00, 30.00 	14,37,49,483		inf,inf	0,0 	0
0       	-0.87, -42.35, -13.76 	3.64, -42.00, -14.02 	0.00, 30.00 	14,37,49,483		inf,inf	0,0 	0
0       	-0.40, -42.34, -13.72 	4.03, -41.91, -13.99 	0.00, 30.00 	14,37,49,483		inf,inf	0,0 	0
0       	0.37, -42.48, -13.61 	4.32, -41.70, -14.04 	0.00, 30.00 	14,37,49,483		inf,inf	0,0 	0
0       	1.40, -42.69, -13.44 	4.62, -41.63, -14.12 	0.00, 30.00 	14,37,49,483		inf,inf	0,0 	0
0       	2.29, -42.84, -13.29 	4.49, -41.78, -14.22 	0.00, 30.00 	14,37,49,483		inf,inf	0,0 	0
0       	2.32, -43.45, -12.97 	4.17, -42.28, -14.22 	0.00, 30.00 	14,37,49,483		inf,inf	0,0 	0
0       	2.23, -44.71, -12.46 	3.64, -43.02, -14.15 	0.00, 30.00 	14,37,49,484		inf,inf	0,0 	0
0       	3.90, -45.28, -12.26 	3.37, -43.82, -14.08 	0.00, 30.00 	14,37,49,484		inf,inf	0,0 	0
0       	5.47, -44.86, -12.41 	3.76, -44.39, -14.13 	0.00, 30.00 	14,37,49,484		inf,inf	0,0 	0
0       	5.81, -44.52, -12.59 	5.46, -43.83, -14.23 	0.00, 30.00 	14,37,49,484		inf,inf	0,0 	0
0       	5.99, -44.45, -12.78 	6.26, -43.28, -14.03 	0.00, 30.00 	14,37,49,484		inf,inf	0,0 	0
0       	6.11, -44.43, -12.95 	5.41, -43.68, -13.75 	0.00, 30.00 	14,37,49,484		inf,inf	0,0 	0
0       	6.25, -44.40, -13.06 	5.03, -43.71, -13.69 	0.00, 30.00 	14,37,49,484		inf,inf	0,0 	0
0       	6.45, -44.42, -13.10 	5.00, -43.59, -13.75 	0.00, 30.00 	14,37,49,484		inf,inf	0,0 	0
0       	6.46, -44.49, -13.09 	4.97, -43.68, -13.78 	0.00, 30.00 	14,37,49,484		inf,inf	0,0 	0
0       	6.43, -44.53, -13.08 	4.90, -43.77, -13.76 	0.00, 30.00 	14,37,49,484		inf,inf	0,0 	0
0       	6.26, -44.66, -12.99 	4.81, -43.93, -13.73 	0.00, 30.00 	14,37,49,484		inf,inf	0,0 	0
0       	5.98, -45.04, -12.76 	4.91, -44.09, -13.71 	0.00, 30.00 	14,37,49,484		inf,inf	0,0 	0
0       	5.44, -45.83, -12.36 	5.21, -44.44, -13.72 	0.00, 30.00 	14,37,49,484		inf,inf	0,0 	0
0       	4.88, -46.66, -12.16 	5.64, -44.79, -13.75 	0.00, 30.00 	14,37,49,484		inf,inf	0,0 	0
0       	5.35, -46.81, -12.37 	6.31, -45.09, -13.75 	0.00, 30.00 	14,37,49,484		inf,inf	0,0 	0
0       	6.45, -46.45, -12.71 	6.78, -45.23, -13.66 	0.00, 30.00 	14,37,49,484		inf,inf	0,0 	0
0       	7.47, -45.80, -13.14 	6.81, -45.31, -13.52 	0.00, 30.00 	14,37,49,484		inf,inf	0,0 	0
0       	8.45, -45.46, -13.44 	6.91, -45.22, -13.43 	0.00, 30.00 	14,37,49,484		inf,inf	0,0 	0
0       	9.46, -45.38, -13.48 	7.01, -45.23, -13.43 	0.00, 30.00 	14,37,49,484		inf,inf	0,0 	0
0       	10.32, -45.58, -13.41 	7.50, -45.54, -13.46 	0.00, 30.00 	14,37,49,484		inf,inf	0,0 	0
0       	10.78, -45.66, -13.41 	8.62, -45.75, -13.54 	0.00, 30.00 	14,37,49,484		inf,inf	0,0 	0
0       	11.21, -45.50, -13.50 	9.97, -45.42, -13.62 	0.00, 30.00 	14,37,49,484		inf,inf	0,0 	0
0       	12.02, -45.25, -13.61 	11.03, -44.61, -13.73 	0.00, 30.00 	14,37,49,484		inf,inf	0,0 	0
0       	13.44, -45.02, -13.70 	12.00, -43.85, -13.97 	0.00, 30.00 	14,37,49,484		inf,inf	0,0 	0
0       	14.78, -44.31, -13.83 	13.47, -43.22, -14.36 	0.00, 30.00 	14,37,49,484		inf,inf	0,0 	0
0       	16.80, -42.90, -14.15 	15.29, -42.53, -14.59 	0.00, 30.00 	14,37,49,484		inf,inf	0,0 	0
0       	19.79, -41.66, -14.46 	17.27, -42.09, -14.63 	0.00, 30.00 	14,37,49,484		inf,inf	0,0 	0
0       	22.78, -40.55, -14.75 	19.19, -41.98, -14.64 	0.00, 30.00 	14,37,49,484		inf,inf	0,0 	0
0       	25.26, -39.43, -15.03 	21.10, -41.58, -14.80 	0.00, 30.00 	14,37,49,484		inf,inf	0,0 	0
0       	27.31, -38.71, -15.15 	23.44, -40.88, -15.04 	0.00, 30.00 	14,37,49,484		inf,inf	0,0 	0
0       	28.85, -38.74, -15.00 	26.46, -39.82, -15.31 	0.00, 30.00 	14,37,49,484		inf,inf	0,0 	0
0       	29.92, -39.06, -14.86 	29.69, -38.73, -15.50 	0.00, 30.00 	14,37,49,484		inf,inf	0,0 	0
0       	30.56, -39.12, -14.86 	32.56, -38.37, -15.54 	0.00, 30.00 	14,37,49,484		inf,inf	0,0 	0
0       	31.74, -38.86, -15.02 	34.60, -38.68, -15.58 	0.00, 30.00 	14,37,49,484		inf,inf	0,0 	0
0       	33.25, -38.76, -15.15 	36.61, -39.06, -15.65 	0.00, 30.00 	14,37,49,484		inf,inf	0,0 	0
0       	35.25, -38.71, -15.32 	38.51, -39.23, -15.72 	0.00, 30.00 	14,37,49,484		inf,inf	0,0 	0
0       	37.00, -38.54, -15.52 	40.14, -39.33, -15.79 	0.00, 30.00 	14,37,49,484		inf,inf	0,0 	0
0       	38.56, -38.31, -15.64 	41.33, -39.38, -15.92 	0.00, 30.00 	14,37,49,484		inf,inf	0,0 	0
0       	40.12, -38.18, -15.71 	42.22, -39.23, -16.07 	0.00, 30.00 	14,37,49,484		inf,inf	0,0 	0
0       	41.53, -37.87, -15.79 	43.26, -38.99, -16.19 	0.00, 30.00 	14,37,49,485		inf,inf	0,0 	0
0       	42.86, -37.52, -15.90 	44.16, -38.67, -16.33 	0.00, 30.00 	14,37,49,485		inf,inf	0,0 	0
0       	44.16, -37.48, -15.97 	45.28, -38.43, -16.40 	0.00, 30.00 	14,37,49,485		inf,inf	0,0 	0
0       	44.91, -37.98, -15.93 	46.33, -38.57, -16.43 	0.00, 30.00 	14,37,49,485		inf,inf	0,0 	0
0       	45.24, -38.52, -15.91 	47.21, -38.89, -16.42 	0.00, 30.00 	14,37,49,485		inf,inf	0,0 	0
0       	45.43, -38.77, -15.97 	48.22, -39.25, -16.46 	0.00, 30.00 	14,37,49,485		inf,inf	0,0 	0
0       	46.02, -38.73, -16.09 	49.13, -39.43, -16.55 	0.00, 30.00 	14,37,49,485		inf,inf	0,0 	0
0       	46.59, -38.58, -16.20 	49.68, -39.57, -16.68 	0.00, 30.00 	14,37,49,485		inf,inf	0,0 	0
0       	46.97, -38.36, -16.32 	50.19, -39.64, -16.79 	0.00, 30.00 	14,37,49,485		inf,inf	0,0 	0
0       	47.31, -38.25, -16.40 	50.32, -39.73, -16.90 	0.00, 30.00 	14,37,49,485		inf,inf	0,0 	0
0       	47.61, -38.28, -16.45 	50.45, -39.85, -16.96 	0.00, 30.00 	14,37,49,485		inf,inf	0,0 	0
0       	48.08, -38.39, -16.45 	50.67, -39.97, -17.00 	0.00, 30.00 	14,37,49,485		inf,inf	0,0 	0
0       	48.13, -38.71, -16.46 	50.52, -40.12, -17.01 	0.00, 30.00 	14,37,49,485		inf,inf	0,0 	0
0       	48.11, -39.03, -16.45 	50.53, -40.19, -17.03 	0.00, 30.00 	14,37,49,485		inf,inf	0,0 	0
0       	48.06, -39.28, -16.45 	50.69, -40.37, -17.04 	0.00, 30.00 	14,37,49,485		inf,inf	0,0 	0
0       	48.05, -39.36, -16.49 	50.85, -40.51, -17.05 	0.00, 30.00 	14,37,49,485		inf,inf	0,0 	0
0       	47.94, -39.53, -16.54 	51.13, -40.82, -17.03 	0.00, 30.00 	14,37,49,485		inf,inf	0,0 	0
0       	48.00, -39.63, -16.56 	51.33, -41.12, -17.02 	0.00, 30.00 	14,37,49,485		inf,inf	0,0 	0
0       	48.02, -39.86, -16.55 	51.50, -41.45, -17.04 	0.00, 30.00 	14,37,49,485		inf,inf	0,0 	0
0       	48.17, -40.08, -16.56 	51.63, -41.70, -17.02 	0.00, 30.00 	14,37,49,485		inf,inf	0,0 	0
0       	48.49, -40.20, -16.59 	51.64, -41.80, -17.03 	0.00, 30.00 	14,37,49,485		inf,inf	0,0 	0
0       	48.64, -40.26, -16.63 	51.77, -41.86, -17.07 	0.00, 30.00 	14,37,49,485		inf,inf	0,0 	0
0       	49.01, -40.43, -16.62 	51.98, -41.88, -17.11 	0.00, 30.00 	14,37,49,485		inf,inf	0,0 	0
0       	49.15, -40.91, -16.60 	52.13, -41.93, -17.17 	0.00, 30.00 	14,37,49,485		inf,inf	0,0 	0
0       	49.10, -41.41, -16.55 	52.21, -42.13, -17.18 	0.00, 30.00 	14,37,49,485		inf,inf	0,0 	0
0       	49.11, -41.97, -16.50 	52.47, -42.46, -17.16 	0.00, 30.00 	14,37,49,485		inf,inf	0,0 	0
0       	49.01, -42.56, -16.48 	52.65, -42.96, -17.11 	0.00, 30.00 	14,37,49,485		inf,inf	0,0 	0
0       	49.16, -42.90, -16.48 	52.88, -43.36, -17.03 	0.00, 30.00 	14,37,49,485		inf,inf	0,0 	0
0       	49.40, -42.92, -16.57 	53.04, -43.81, -17.01 	0.00, 30.00 	14,37,49,485		inf,inf	0,0 	0
0       	49.74, -42.81, -16.66 	53.47, -43.92, -17.01 	0.00, 30.00 	14,37,49,485		inf,inf	0,0 	0
0       	49.92, -42.83, -16.68 	53.47, -44.13, -17.00 	0.00, 30.00 	14,37,49,485		inf,inf	0,0 	0
0       	50.12, -42.94, -16.69 	53.49, -44.15, -17.02 	0.00, 30.00 	14,37,49,485		inf,inf	0,0 	0
0       	50.26, -43.07, -16.69 	53.32, -44.24, -17.07 	0.00, 30.00 	14,37,49,485		inf,inf	0,0 	0
0       	50.36, -43.24, -16.68 	53.41, -44.34, -17.11 	0.00, 30.00 	14,37,49,485		inf,inf	0,0 	0
0       	50.48, -43.43, -16.66 	53.50, -44.44, -17.17 	0.00, 30.00 	14,37,49,485		inf,inf	0,0 	0
0       	50.43, -43.69, -16.60 	53.57, -44.56, -17.18 	0.00, 30.00 	14,37,49,485		inf,inf	0,0 	0
0       	50.22, -43.94, -16.58 	53.74, -44.73, -17.15 	0.00, 30.00 	14,37,49,485		inf,inf	0,0 	0
0       	50.00, -44.20, -16.57 	53.78, -44.99, -17.10 	0.00, 30.00 	14,37,49,485		inf,inf	0,0 	0
0       	49.94, -44.34, -16.55 	53.78, -45.18, -17.06 	0.00, 30.00 	14,37,49,485		inf,inf	0,0 	0
0       	50.04, -44.36, -16.56 	53.88, -45.33, -17.04 	0.00, 30.00 	14,37,49,486		inf,inf	0,0 	0
0       	50.26, -44.29, -16.58 	54.10, -45.30, -17.02 	0.00, 30.00 	14,37,49,486		inf,inf	0,0 	0
0       	50.38, -44.24, -16.58 	54.16, -45.41, -16.98 	0.00, 30.00 	14,37,49,486		inf,inf	0,0 	0
0       	50.65, -44.14, -16.60 	54.26, -45.42, -16.98 	0.00, 30.00 	14,37,49,486		inf,inf	0,0 	0
0       	50.74, -44.25, -16.59 	54.33, -45.49, -16.96 	0.00, 30.00 	14,37,49,486		inf,inf	0,0 	0
0       	50.77, -44.32, -16.57 	54.35, -45.50, -16.98 	0.00, 30.00 	14,37,49,486		inf,inf	0,0 	0
0       	50.91, -44.47, -16.55 	54.44, -45.53, -17.01 	0.00, 30.00 	14,37,49,486		inf,inf	0,0 	0
0       	50.84, -44.53, -16.55 	54.51, -45.63, -17.02 	0.00, 30.00 	14,37,49,486		inf,inf	0,0 	0
0       	50.87, -44.60, -16.54 	54.71, -45.76, -16.98 	0.00, 30.00 	14,37,49,486		inf,inf	0,0 	0
0       	50.95, -44.63, -16.53 	54.74, -45.86, -16.98 	0.00, 30.00 	14,37,49,486		inf,inf	0,0 	0
0       	51.06, -44.66, -16.53 	54.98, -45.93, -16.95 	0.00, 30.00 	14,37,49,486		inf,inf	0,0 	0
0       	51.18, -44.65, -16.53 	55.10, -46.09, -16.92 	0.00, 30.00 	14,37,49,486		inf,inf	0,0 	0
0       	51.40, -44.63, -16.53 	55.19, -46.05, -16.91 	0.00, 30.00 	14,37,49,486		inf,inf	0,0 	0
0       	51.41, -44.58, -16.54 	55.27, -46.15, -16.88 	0.00, 30.00 	14,37,49,486		inf,inf	0,0 	0
0       	51.61, -44.53, -16.50 	55.39, -46.11, -16.87 	0.00, 30.00 	14,37,49,486		inf,inf	0,0 	0
0       	51.87, -44.48, -16.50 	55.33, -46.13, -16.86 	0.00, 30.00 	14,37,49,486		inf,inf	0,0 	0
0       	52.07, -44.39, -16.49 	55.53, -46.13, -16.84 	0.00, 30.00 	14,37,49,486		inf,inf	0,0 	0
0       	52.29, -44.39, -16.46 	55.54, -46.19, -16.84 	0.00, 30.00 	14,37,49,486		inf,inf	0,0 	0
0       	52.52, -44.45, -16.40 	55.62, -46.16, -16.83 	0.00, 30.00 	14,37,49,486		inf,inf	0,0 	0
0       	52.66, -44.56, -16.34 	55.89, -46.15, -16.82 	0.00, 30.00 	14,37,49,486		inf,inf	0,0 	0
0       	52.78, -44.54, -16.34 	56.15, -46.04, -16.79 	0.00, 30.00 	14,37,49,486		inf,inf	0,0 	0
0       	53.21, -44.26, -16.38 	56.49, -45.92, -16.77 	0.00, 30.00 	14,37,49,486		inf,inf	0,0 	0
0       	53.63, -44.00, -16.37 	56.61, -45.72, -16.77 	0.00, 30.00 	14,37,49,486		inf,inf	0,0 	0
0       	54.22, -43.61, -16.41 	56.92, -45.47, -16.75 	0.00, 30.00 	14,37,49,486		inf,inf	0,0 	0
0       	54.76, -43.19, -16.41 	57.17, -45.32, -16.73 	0.00, 30.00 	14,37,49,486		inf,inf	0,0 	0
0       	55.07, -42.86, -16.40 	57.55, -44.97, -16.76 	0.00, 30.00 	14,37,49,486		inf,inf	0,0 	0
0       	55.35, -42.69, -16.33 	57.95, -44.60, -16.76 	0.00, 30.00 	14,37,49,486		inf,inf	0,0 	0
0       	55.41, -42.47, -16.33 	58.18, -44.41, -16.73 	0.00, 30.00 	14,37,49,486		inf,inf	0,0 	0
0       	55.70, -42.17, -16.33 	58.46, -44.25, -16.68 	0.00, 30.00 	14,37,49,486		inf,inf	0,0 	0
0       	55.86, -41.95, -16.34 	58.61, -44.16, -16.64 	0.00, 30.00 	14,37,49,486		inf,inf	0,0 	0
0       	56.10, -41.63, -16.35 	58.98, -44.06, -16.60 	0.00, 30.00 	14,37,49,486		inf,inf	0,0 	0
0       	56.45, -41.27, -16.36 	59.51, -43.79, -16.59 	0.00, 30.00 	14,37,49,486		inf,inf	0,0 	0
0       	56.74, -40.79, -16.39 	59.70, -43.43, -16.59 	0.00, 30.00 	14,37,49,486		inf,inf	0,0 	0
0       	57.28, -40.23, -16.40 	60.22, -43.00, -16.58 	0.00, 30.00 	14,37,49,486		inf,inf	0,0 	0
0       	57.93, -39.66, -16.37 	60.73, -42.28, -16.61 	0.00, 30.00 	14,37,49,486		inf,inf	0,0 	0
0       	58.32, -39.15, -16.30 	61.35, -41.46, -16.60 	0.00, 30.00 	14,37,49,486		inf,inf	0,0 	0
0       	58.37, -38.55, -16.25 	61.76, -40.50, -16.65 	0.00, 30.00 	14,37,49,486		inf,inf	0,0 	0
0       	58.28, -37.78, -16.19 	62.05, -39.52, -16.66 	0.00, 30.00 	14,37,49,572		inf,inf	0,0 	0
0       	58.55, -36.62, -16.15 	62.18, -38.68, -16.59 	0.00, 30.00 	14,37,49,572		inf,inf	0,0 	0
0       	58.88, -34.90, -16.18 	62.22, -37.63, -16.57 	0.00, 30.00 	14,37,49,572		inf,inf	0,0 	0
0       	59.31, -32.32, -16.43 	62.74, -36.23, -16.57 	0.00, 30.00 	14,37,49,572		inf,inf	0,0 	0
0       	60.13, -28.88, -16.86 	63.28, -34.50, -16.62 	0.00, 30.00 	14,37,49,572		inf,inf	0,0 	0
0       	60.73, -26.56, -17.27 	63.54, -32.13, -16.71 	0.00, 30.00 	14,37,49,573		inf,inf	0,0 	0
0       	58.98, -27.23, -17.33 	63.15, -29.25, -16.89 	0.00, 30.00 	14,37,49,573		inf,inf	0,0 	0
0       	54.94, -30.73, -16.94 	61.76, -27.16, -17.07 	0.00, 30.00 	14,37,49,573		inf,inf	0,0 	0
0       	51.42, -32.70, -16.66 	60.14, -25.87, -17.12 	0.00, 30.00 	14,37,49,573		inf,inf	0,0 	0
0       	50.68, -30.55, -16.79 	59.98, -24.65, -17.09 	0.00, 30.00 	14,37,49,573		inf,inf	0,0 	0
0       	51.47, -27.02, -16.84 	60.40, -23.68, -17.09 	0.00, 30.00 	14,37,49,573		inf,inf	0,0 	0
0       	52.17, -24.17, -16.77 	60.50, -23.03, -17.13 	0.00, 30.00 	14,37,49,573		inf,inf	0,0 	0
0       	51.87, -21.92, -16.82 	60.12, -22.52, -17.17 	0.00, 30.00 	14,37,49,573		inf,inf	0,0 	0
0       	50.89, -20.33, -16.92 	59.47, -21.77, -17.22 	0.00, 30.00 	14,37,49,573		inf,inf	0,0 	0
0       	49.83, -19.36, -16.98 	58.47, -20.72, -17.25 	0.00, 30.00 	14,37,49,573		inf,inf	0,0 	0
0       	49.00, -18.65, -17.06 	57.28, -19.40, -17.31 	0.00, 30.00 	14,37,49,573		inf,inf	0,0 	0
0       	48.10, -17.65, -17.21 	55.66, -18.07, -17.43 	0.00, 30.00 	14,37,49,573		inf,inf	0,0 	0
0       	46.87, -16.73, -17.33 	53.87, -16.78, -17.63 	0.00, 30.00 	14,37,49,573		inf,inf	0,0 	0
0       	45.39, -16.27, -17.32 	52.48, -15.25, -17.90 	0.00, 30.00 	14,37,49,573		inf,inf	0,0 	0
0       	43.72, -16.14, -17.19 	51.29, -13.96, -18.10 	0.00, 30.00 	14,37,49,573		inf,inf	0,0 	0
0       	41.62, -16.07, -16.98 	49.53, -13.56, -18.15 	0.00, 30.00 	14,37,49,573		inf,inf	0,0 	0
0       	39.23, -16.04, -16.64 	47.19, -13.97, -18.05 	0.00, 30.00 	14,37,49,573		inf,inf	0,0 	0
0       	37.27, -15.84, -16.29 	44.71, -14.50, -17.86 	0.00, 30.00 	14,37,49,573		inf,inf	0,0 	0
0       	36.03, -15.06, -16.02 	42.29, -14.57, -17.61 	0.00, 30.00 	14,37,49,573		inf,inf	0,0 	0
0       	35.26, -14.07, -15.82 	40.05, -14.13, -17.36 	0.00, 30.00 	14,37,49,573		inf,inf	0,0 	0
0       	34.54, -13.30, -15.67 	38.03, -13.40, -17.12 	0.00, 30.00 	14,37,49,573		inf,inf	0,0 	0
0       	33.81, -12.82, -15.49 	36.43, -12.51, -16.91 	0.00, 30.00 	14,37,49,573		inf,inf	0,0 	0
0       	33.20, -12.12, -15.29 	34.91, -11.85, -16.69 	0.00, 30.00 	14,37,49,573		inf,inf	0,0 	0
0       	32.79, -11.39, -15.08 	33.53, -11.35, -16.46 	0.00, 30.00 	14,37,49,573		inf,inf	0,0 	0
0       	32.42, -10.87, -14.92 	32.30, -11.00, -16.21 	0.00, 30.00 	14,37,49,573		inf,inf	0,0 	0
0       	32.02, -10.77, -14.73 	31.45, -10.63, -15.98 	0.00, 30.00 	14,37,49,573		inf,inf	0,0 	0
0       	31.59, -10.61, -14.49 	30.92, -10.32, -15.79 	0.00, 30.00 	14,37,49,573		inf,inf	0,0 	0
0       	31.40, -10.20, -14.26 	30.81, -10.03, -15.66 	0.00, 30.00 	14,37,49,573		inf,inf	0,0 	0
0       	31.81, -9.69, -14.17 	31.06, -9.63, -15.62 	0.00, 30.00 	14,37,49,573		inf,inf	0,0 	0
0       	32.42, -9.28, -14.21 	31.39, -9.18, -15.59 	0.00, 30.00 	14,37,49,573		inf,inf	0,0 	0
0       	32.72, -9.05, -14.25 	31.26, -8.86, -15.49 	0.00, 30.00 	14,37,49,573		inf,inf	0,0 	0
0       	32.84, -8.87, -14.28 	30.99, -8.66, -15.36 	0.00, 30.00 	14,37,49,573		inf,inf	0,0 	0
0       	33.42, -8.67, -14.36 	31.17, -8.18, -15.32 	0.00, 30.00 	14,37,49,573		inf,inf	0,0 	0
0       	34.71, -8.12, -14.52 	31.99, -7.50, -15.36 	0.00, 30.00 	14,37,49,573		inf,inf	0,0 	0
0       	36.56, -7.08, -14.73 	33.28, -6.71, -15.46 	0.00, 30.00 	14,37,49,573		inf,inf	0,0 	0
0       	38.41, -6.12, -14.92 	34.97, -5.71, -15.62 	0.00, 30.00 	14,37,49,573		inf,inf	0,0 	0
0       	39.95, -5.75, -15.01 	36.95, -4.58, -15.83 	0.00, 30.00 	14,37,49,573		inf,inf	0,0 	0
0       	41.33, -5.64, -15.05 	38.64, -3.84, -15.96 	0.00, 30.00 	14,37,49,573		inf,inf	0,0 	0
0       	42.80, -5.35, -15.13 	40.09, -3.68, -16.01 	0.00, 30.00 	14,37,49,573		inf,inf	0,0 	0
0       	44.13, -5.17, -15.19 	41.54, -3.59, -16.04 	0.00, 30.00 	14,37,49,573		inf,inf	0,0 	0
0       	45.44, -5.22, -15.30 	42.78, -3.35, -16.10 	0.00, 30.00 	14,37,49,573		inf,inf	0,0 	0
0       	46.77, -5.13, -15.47 	43.79, -3.13, -16.11 	0.00, 30.00 	14,37,49,573		inf,inf	0,0 	0
0       	48.03, -4.55, -15.69 	44.77, -2.79, -16.16 	0.00, 30.00 	14,37,49,573		inf,inf	0,0 	0
0       	49.29, -3.84, -15.91 	45.96, -2.24, -16.27 	0.00, 30.00 	14,37,49,573		inf,inf	0,0 	0
0       	50.52, -3.49, -16.11 	47.17, -1.85, -16.38 	0.00, 30.00 	14,37,49,573		inf,inf	0,0 	0
0       	51.41, -3.45, -16.26 	48.27, -1.66, -16.53 	0.00, 30.00 	14,37,49,573		inf,inf	0,0 	0
0       	51.87, -3.58, -16.34 	49.38, -1.35, -16.75 	0.00, 30.00 	14,37,49,573		inf,inf	0,0 	0
0       	52.19, -3.82, -16.36 	50.48, -0.91, -16.98 	0.00, 30.00 	14,37,49,573		inf,inf	0,0 	0
0       	52.61, -3.95, -16.41 	51.40, -0.82, -17.13 	0.00, 30.00 	14,37,49,573		inf,inf	0,0 	0
0       	53.26, -3.78, -16.49 	51.93, -1.16, -17.14 	0.00, 30.00 	14,37,49,573		inf,inf	0,0 	0
0       	53.91, -3.37, -16.53 	52.25, -1.62, -17.09 	0.00, 30.00 	14,37,49,573		inf,inf	0,0 	0
0       	54.59, -2.93, -16.57 	52.47, -1.82, -17.05 	0.00, 30.00 	14,37,49,574		inf,inf	0,0 	0
0       	55.48, -2.52, -16.67 	52.92, -1.46, -17.04 	0.00, 30.00 	14,37,49,574		inf,inf	0,0 	0
0       	56.37, -2.14, -16.79 	53.69, -0.65, -17.10 	0.00, 30.00 	14,37,49,574		inf,inf	0,0 	0
0       	56.94, -1.91, -16.88 	54.47, 0.04, -17.19 	0.00, 30.00 	14,37,49,574		inf,inf	0,0 	0
0       	57.15, -1.84, -16.98 	55.12, 0.36, -17.28 	0.00, 30.00 	14,37,49,574		inf,inf	0,0 	0
0       	57.16, -1.89, -17.12 	55.58, 0.34, -17.37 	0.00, 30.00 	14,37,49,574		inf,inf	0,0 	0
0       	57.13, -2.00, -17.18 	55.72, 0.00, -17.44 	0.00, 30.00 	14,37,49,574		inf,inf	0,0 	0
0       	56.98, -2.08, -17.20 	55.70, -0.43, -17.53 	0.00, 30.00 	14,37,49,574		inf,inf	0,0 	0
0       	56.81, -2.20, -17.23 	55.62, -0.71, -17.61 	0.00, 30.00 	14,37,49,574		inf,inf	0,0 	0
0       	56.67, -2.28, -17.27 	55.43, -0.86, -17.65 	0.00, 30.00 	14,37,49,574		inf,inf	0,0 	0
0       	56.58, -2.36, -17.32 	55.27, -0.89, -17.71 	0.00, 30.00 	14,37,49,574		inf,inf	0,0 	0
0       	56.47, -2.42, -17.38 	54.93, -0.88, -17.75 	0.00, 30.00 	14,37,49,574		inf,inf	0,0 	0
0       	56.31, -2.48, -17.46 	54.66, -0.84, -17.80 	0.00, 30.00 	14,37,49,574		inf,inf	0,0 	0
0       	56.01, -2.54, -17.55 	54.43, -0.83, -17.85 	0.00, 30.00 	14,37,49,574		inf,inf	0,0 	0
0       	55.70, -2.65, -17.62 	54.22, -0.79, -17.92 	0.00, 30.00 	14,37,49,574		inf,inf	0,0 	0
0       	55.28, -2.73, -17.69 	53.99, -0.80, -17.97 	0.00, 30.00 	14,37,49,574		inf,inf	0,0 	0
0       	54.88, -2.84, -17.75 	53.61, -0.95, -18.04 	0.00, 30.00 	14,37,49,574		inf,inf	0,0 	0
0       	54.44, -3.08, -17.85 	53.10, -1.24, -18.14 	0.00, 30.00 	14,37,49,574		inf,inf	0,0 	0
0       	53.89, -3.44, -17.95 	52.32, -1.71, -18.27 	0.00, 30.00 	14,37,49,574		inf,inf	0,0 	0
0       	53.48, -3.89, -18.05 	51.51, -2.14, -18.44 	0.00, 30.00 	14,37,49,574		inf,inf	0,0 	0
0       	53.20, -4.31, -18.23 	51.02, -2.15, -18.62 	0.00, 30.00 	14,37,49,574		inf,inf	0,0 	0
0       	53.19, -4.56, -18.44 	50.76, -2.12, -18.75 	0.00, 30.00 	14,37,49,574		inf,inf	0,0 	0
0       	53.35, -4.53, -18.62 	50.46, -2.22, -18.87 	0.00, 30.00 	14,37,49,574		inf,inf	0,0 	0
0       	53.45, -4.53, -18.76 	50.17, -2.36, -19.01 	0.00, 30.00 	14,37,49,574		inf,inf	0,0 	0
0       	53.24, -4.79, -18.94 	49.79, -2.78, -19.10 	0.00, 30.00 	14,37,49,574		inf,inf	0,0 	0
0       	52.77, -5.17, -19.05 	49.44, -3.65, -19.15 	0.00, 30.00 	14,37,49,574		inf,inf	0,0 	0
0       	52.65, -5.34, -19.02 	49.34, -4.54, -19.19 	0.00, 30.00 	14,37,49,574		inf,inf	0,0 	0
0       	53.08, -5.15, -19.05 	49.90, -4.47, -19.28 	0.00, 30.00 	14,37,49,574		inf,inf	0,0 	0
0       	53.38, -5.27, -19.14 	51.07, -3.55, -19.45 	0.00, 30.00 	14,37,49,574		inf,inf	0,0 	0
0       	53.52, -5.83, -19.16 	51.79, -3.10, -19.61 	0.00, 30.00 	14,37,49,574		inf,inf	0,0 	0
0       	53.62, -6.49, -19.16 	51.90, -3.37, -19.69 	0.00, 30.00 	14,37,49,574		inf,inf	0,0 	0
0       	54.08, -6.58, -19.27 	51.86, -3.74, -19.75 	0.00, 30.00 	14,37,49,574		inf,inf	0,0 	0
0       	54.76, -6.27, -19.51 	51.91, -4.11, -19.83 	0.00, 30.00 	14,37,49,574		inf,inf	0,0 	0
0       	55.32, -6.02, -19.71 	52.10, -4.56, -19.90 	0.00, 30.00 	14,37,49,574		inf,inf	0,0 	0
0       	55.95, -5.83, -19.83 	52.15, -5.01, -20.00 	0.00, 30.00 	14,37,49,574		inf,inf	0,0 	0
0       	56.37, -5.63, -19.94 	52.43, -5.18, -20.11 	0.00, 30.00 	14,37,49,574		inf,inf	0,0 	0
0       	56.66, -5.45, -20.08 	52.85, -5.22, -20.20 	0.00, 30.00 	14,37,49,574		inf,inf	0,0 	1
0       	56.97, -5.34, -20.18 	53.31, -5.19, -20.27 	0.00, 30.00 	14,37,49,574		inf,inf	0,0 	0
0       	57.21, -5.47, -20.21 	53.76, -5.21, -20.36 	0.00, 30.00 	14,37,49,574		inf,inf	0,0 	0
0       	57.34, -5.65, -20.25 	54.18, -5.20, -20.46 	0.00, 30.00 	14,37,49,574		inf,inf	0,0 	0
0       	57.58, -5.81, -20.32 	54.50, -5.13, -20.55 	0.00, 30.00 	14,37,49,574		inf,inf	0,0 	0
0       	57.85, -5.85, -20.40 	54.90, -5.16, -20.62 	0.00, 30.00 	14,37,49,574		inf,inf	0,0 	0
0       	58.18, -5.88, -20.44 	55.12, -5.30, -20.71 	0.00, 30.00 	14,37,49,574		inf,inf	0,0 	0
0       	58.30, -5.87, -20.50 	55.24, -5.50, -20.82 	0.00, 30.00 	14,37,49,574		inf,inf	0,0 	0
0       	58.28, -5.75, -20.58 	55.15, -5.83, -20.89 	0.00, 30.00 	14,37,49,574		inf,inf	0,0 	0
0       	58.22, -5.54, -20.66 	55.00, -5.99, -20.94 	0.00, 30.00 	14,37,49,574		inf,inf	0,0 	0
0       	58.14, -5.35, -20.73 	54.95, -5.91, -20.98 	0.00, 30.00 	14,37,49,574		inf,inf	0,0 	0
0       	57.81, -5.14, -20.76 	54.90, -5.83, -21.03 	0.00, 30.00 	14,37,49,574		inf,inf	0,0 	0
0       	56.97, -4.97, -20.74 	54.60, -5.92, -21.05 	0.00, 30.00 	14,37,49,574		inf,inf	0,0 	0
0       	55.46, -5.11, -20.48 	53.88, -6.34, -20.98 	0.00, 30.00 	14,37,49,574		inf,inf	0,0 	0
0       	54.35, -5.57, -20.21 	53.00, -6.51, -20.80 	0.00, 30.00 	14,37,49,574		inf,inf	0,0 	0
0       	53.83, -5.52, -20.20 	52.66, -5.94, -20.65 	0.00, 30.00 	14,37,49,574		inf,inf	0,0 	0
0       	53.25, -4.91, -20.27 	52.02, -5.55, -20.53 	0.00, 30.00 	14,37,49,574		inf,inf	0,0 	0
0       	52.26, -4.26, -20.20 	50.51, -5.62, -20.43 	0.00, 30.00 	14,37,49,574		inf,inf	0,0 	0
0       	50.93, -3.92, -20.08 	48.66, -5.82, -20.33 	0.00, 30.00 	14,37,49,574		inf,inf	0,0 	0
0       	49.35, -3.79, -20.02 	47.00, -5.80, -20.20 	0.00, 30.00 	14,37,49,574		inf,inf	0,0 	0
0       	47.80, -3.95, -19.85 	45.63, -5.75, -20.02 	0.00, 30.00 	14,37,49,574		inf,inf	0,0 	0
0       	46.06, -4.24, -19.51 	44.03, -5.77, -19.81 	0.00, 30.00 	14,37,49,574		inf,inf	0,0 	0
0       	44.15, -4.69, -19.09 	42.56, -5.59, -19.61 	0.00, 30.00 	14,37,49,574		inf,inf	0,0 	0
0       	42.28, -5.06, -18.71 	41.58, -4.91, -19.42 	0.00, 30.00 	14,37,49,574		inf,inf	0,0 	0
0       	40.72, -5.14, -18.36 	40.54, -4.39, -19.16 	0.00, 30.00 	14,37,49,574		inf,inf	0,0 	0
0       	39.42, -5.03, -18.01 	39.06, -4.32, -18.81 	0.00, 30.00 	14,37,49,574		inf,inf	0,0 	0
0       	37.95, -5.04, -17.72 	37.15, -4.36, -18.43 	0.00, 30.00 	14,37,49,574		inf,inf	0,0 	0
0       	36.24, -5.04, -17.43 	35.23, -4.17, -18.04 	0.00, 30.00 	14,37,49,574		inf,inf	0,0 	0
0       	34.51, -4.93, -17.09 	33.48, -3.87, -17.70 	0.00, 30.00 	14,37,49,574		inf,inf	0,0 	0
0       	32.95, -4.84, -16.71 	31.68, -3.75, -17.36 	0.00, 30.00 	14,37,49,574		inf,inf	0,0 	0
0       	31.39, -4.93, -16.31 	29.89, -3.90, -16.97 	0.00, 30.00 	14,37,49,575		inf,inf	0,0 	0
0       	29.87, -5.12, -15.92 	28.33, -4.26, -16.53 	0.00, 30.00 	14,37,49,575		inf,inf	0,0 	0
0       	28.42, -5.31, -15.50 	26.84, -4.64, -16.08 	0.00, 30.00 	14,37,49,575		inf,inf	0,0 	0
0       	26.98, -5.53, -15.02 	25.23, -5.00, -15.63 	0.00, 30.00 	14,37,49,575		inf,inf	0,0 	0
0       	25.92, -5.89, -14.56 	23.63, -5.31, -15.14 	0.00, 30.00 	14,37,49,575		inf,inf	0,0 	0
0       	24.59, -6.01, -14.18 	22.22, -5.56, -14.65 	0.00, 30.00 	14,37,49,575		inf,inf	0,0 	0
0       	23.28, -6.00, -13.80 	20.98, -5.56, -14.22 	0.00, 30.00 	14,37,49,575		inf,inf	0,0 	0
0       	21.94, -5.70, -13.46 	19.74, -5.40, -13.81 	0.00, 30.00 	14,37,49,575		inf,inf	0,0 	0
0       	20.60, -5.42, -13.10 	18.40, -5.24, -13.45 	0.00, 30.00 	14,37,49,575		inf,inf	0,0 	0
0       	19.46, -5.24, -12.74 	17.13, -5.20, -13.03 	0.00, 30.00 	14,37,49,575		inf,inf	0,0 	0
0       	18.52, -4.86, -12.41 	16.00, -5.09, -12.66 	0.00, 30.00 	14,37,49,575		inf,inf	0,0 	0
0       	17.82, -4.47, -12.09 	15.05, -4.91, -12.31 	0.00, 30.00 	14,37,49,575		inf,inf	0,0 	0
0       	17.04, -4.21, -11.76 	14.31, -4.65, -12.01 	0.00, 30.00 	14,37,49,575		inf,inf	0,0 	0
0       	16.36, -4.01, -11.43 	13.67, -4.41, -11.74 	0.00, 30.00 	14,37,49,575		inf,inf	0,0 	0
0       	15.61, -3.70, -11.12 	12.96, -4.18, -11.46 	0.00, 30.00 	14,37,49,575		inf,inf	0,0 	0
0       	14.98, -3.41, -10.82 	12.21, -3.73, -11.21 	0.00, 30.00 	14,37,49,575		inf,inf	0,0 	0
0       	14.38, -3.26, -10.49 	11.36, -3.34, -10.97 	0.00, 30.00 	14,37,49,575		inf,inf	0,0 	0
0       	13.79, -3.00, -10.20 	10.68, -2.95, -10.69 	0.00, 30.00 	14,37,49,575		inf,inf	0,0 	0
0       	13.19, -2.53, -9.94 	10.11, -2.65, -10.35 	0.00, 30.00 	14,37,49,575		inf,inf	0,0 	0
0       	12.68, -2.18, -9.70 	9.77, -2.27, -10.05 	0.00, 30.00 	14,37,49,575		inf,inf	0,0 	0
0       	12.19, -2.04, -9.44 	9.52, -1.89, -9.82 	0.00, 30.00 	14,37,49,575		inf,inf	0,0 	0
0       	11.80, -1.80, -9.18 	9.24, -1.57, -9.62 	0.00, 30.00 	14,37,49,575		inf,inf	0,0 	0
0       	11.63, -1.40, -8.93 	8.95, -1.31, -9.40 	0.00, 30.00 	14,37,49,575		inf,inf	0,0 	0
0       	11.60, -1.02, -8.72 	8.63, -1.02, -9.14 	0.00, 30.00 	14,37,49,575		inf,inf	0,0 	0
0       	11.52, -0.85, -8.50 	8.29, -0.80, -8.87 	0.00, 30.00 	14,37,49,575		inf,inf	0,0 	0
0       	11.26, -0.71, -8.32 	7.96, -0.58, -8.60 	0.00, 30.00 	14,37,49,575		inf,inf	0,0 	0
0       	10.89, -0.54, -8.16 	7.59, -0.42, -8.37 	0.00, 30.00 	14,37,49,575		inf,inf	0,0 	0
0       	10.49, -0.43, -8.02 	7.31, -0.26, -8.19 	0.00, 30.00 	14,37,49,575		inf,inf	0,0 	0
0       	10.15, -0.47, -7.92 	6.98, -0.15, -8.05 	0.00, 30.00 	14,37,49,575		inf,inf	0,0 	0
0       	9.73, -0.50, -7.88 	6.69, -0.13, -7.95 	0.00, 30.00 	14,37,49,575		inf,inf	0,0 	0
0       	9.33, -0.56, -7.83 	6.41, -0.18, -7.88 	0.00, 30.00 	14,37,49,575		inf,inf	0,0 	0
0       	9.09, -0.77, -7.77 	6.17, -0.27, -7.85 	0.00, 30.00 	14,37,49,575		inf,inf	0,0 	0
0       	9.01, -1.02, -7.71 	5.99, -0.40, -7.83 	0.00, 30.00 	14,37,49,575		inf,inf	0,0 	0
0       	8.99, -1.16, -7.70 	5.89, -0.61, -7.80 	0.00, 30.00 	14,37,49,575		inf,inf	0,0 	0
0       	8.94, -1.24, -7.71 	5.78, -0.74, -7.78 	0.00, 30.00 	14,37,49,575		inf,inf	0,0 	0
0       	8.80, -1.30, -7.72 	5.65, -0.87, -7.78 	0.00, 30.00 	14,37,49,575		inf,inf	0,0 	0
0       	8.59, -1.44, -7.73 	5.51, -0.95, -7.78 	0.00, 30.00 	14,37,49,575		inf,inf	0,0 	0
0       	7.97, -1.85, -7.78 	5.22, -1.18, -7.79 	0.00, 30.00 	14,37,49,575		inf,inf	0,0 	0
0       	7.21, -2.18, -7.85 	4.29, -1.84, -7.86 	0.00, 30.00 	14,37,49,575		inf,inf	0,0 	0
0       	6.73, -2.39, -7.92 	4.00, -2.07, -7.96 	0.00, 30.00 	14,37,49,575		inf,inf	0,0 	0
0       	6.43, -2.66, -7.97 	3.71, -2.21, -8.03 	0.00, 30.00 	14,37,49,575		inf,inf	0,0 	0
0       	6.20, -2.78, -8.02 	3.43, -2.40, -8.07 	0.00, 30.00 	14,37,49,575		inf,inf	0,0 	0
0       	6.06, -2.91, -8.04 	3.15, -2.62, -8.08 	0.00, 30.00 	14,37,49,575		inf,inf	0,0 	0
0       	5.87, -3.10, -8.05 	2.94, -2.82, -8.14 	0.00, 30.00 	14,37,49,575		inf,inf	0,0 	0
0       	5.68, -3.35, -8.07 	2.77, -3.04, -8.21 	0.00, 30.00 	14,37,49,575		inf,inf	0,0 	0
0       	5.51, -3.62, -8.11 	2.51, -3.32, -8.25 	0.00, 30.00 	14,37,49,575		inf,inf	0,0 	0
0       	5.28, -3.94, -8.19 	2.23, -3.61, -8.28 	0.00, 30.00 	14,37,49,575		inf,inf	0,0 	0
0       	5.07, -4.41, -8.30 	1.94, -3.89, -8.35 	0.00, 30.00 	14,37,49,575		inf,inf	0,0 	0
0       	4.90, -4.90, -8.49 	1.64, -4.17, -8.46 	0.00, 30.00 	14,37,49,575		inf,inf	0,0 	0
0       	4.75, -5.33, -8.72 	1.47, -4.51, -8.68 	0.00, 30.00 	14,37,49,575		inf,inf	0,0 	0
0       	4.54, -5.84, -8.97 	1.30, -4.92, -8.94 	0.00, 30.00 	14,37,49,575		inf,inf	0,0 	0
0       	4.38, -6.48, -9.21 	1.22, -5.39, -9.22 	0.00, 30.00 	14,37,49,575		inf,inf	0,0 	0
0       	4.29, -7.14, -9.44 	1.18, -6.01, -9.48 	0.00, 30.00 	14,37,49,575		inf,inf	0,0 	0
0       	4.16, -7.78, -9.63 	1.12, -6.70, -9.69 	0.00, 30.00 	14,37,49,575		inf,inf	0,0 	0
0       	3.97, -8.61, -9.74 	0.93, -7.42, -9.87 	0.00, 30.00 	14,37,49,575		inf,inf	0,0 	0
0       	3.70, -9.58, -9.80 	0.70, -8.11, -10.04 	0.00, 30.00 	14,37,49,575		inf,inf	0,0 	0
0       	3.33, -10.38, -9.87 	0.52, -8.79, -10.20 	0.00, 30.00 	14,37,49,575		inf,inf	0,0 	0
0       	2.69, -10.86, -9.92 	0.26, -9.52, -10.31 	0.00, 30.00 	14,37,49,575		inf,inf	0,0 	0
0       	2.33, -11.29, -10.01 	-0.21, -10.20, -10.38 	0.00, 30.00 	14,37,49,575		inf,inf	0,0 	0
0       	2.09, -11.66, -10.09 	-0.69, -10.58, -10.43 	0.00, 30.00 	14,37,49,575		inf,inf	0,0 	0
0       	1.88, -11.75, -10.20 	-1.00, -10.81, -10.49 	0.00, 30.00 	14,37,49,575		inf,inf	0,0 	0
0       	1.71, -11.72, -10.27 	-1.08, -11.00, -10.58 	0.00, 30.00 	14,37,49,575		inf,inf	0,0 	0
0       	1.62, -11.69, -10.24 	-1.08, -11.02, -10.68 	0.00, 30.00 	14,37,49,575		inf,inf	0,0 	0
0       	1.71, -11.71, -10.20 	-0.97, -10.86, -10.74 	0.00, 30.00 	14,37,49,575		inf,inf	0,0 	0
0       	1.75, -11.58, -10.19 	-0.94, -10.82, -10.69 	0.00, 30.00 	14,37,49,575		inf,inf	0,0 	0
0       	1.81, -11.51, -10.16 	-1.00, -10.76, -10.61 	0.00, 30.00 	14,37,49,575		inf,inf	0,0 	0
0       	1.76, -11.44, -10.13 	-1.14, -10.70, -10.55 	0.00, 30.00 	14,37,49,576		inf,inf	0,0 	0
0       	1.73, -11.39, -10.09 	-1.23, -10.60, -10.51 	0.00, 30.00 	14,37,49,576		inf,inf	0,0 	0
0       	1.65, -11.22, -9.95 	-1.32, -10.35, -10.39 	0.00, 30.00 	14,37,49,576		inf,inf	0,0 	0
0       	1.43, -10.56, -9.61 	-1.68, -9.56, -10.03 	0.00, 30.00 	14,37,49,576		inf,inf	0,0 	0
0       	1.04, -9.69, -9.21 	-2.04, -8.44, -9.58 	0.00, 30.00 	14,37,49,576		inf,inf	0,0 	0
0       	0.85, -9.25, -9.15 	-2.13, -7.99, -9.41 	0.00, 30.00 	14,37,49,576		inf,inf	0,0 	0
0       	0.77, -8.62, -9.16 	-2.11, -7.50, -9.32 	0.00, 30.00 	14,37,49,576		inf,inf	0,0 	0
0       	1.18, -7.88, -9.26 	-2.03, -6.93, -9.27 	0.00, 30.00 	14,37,49,576		inf,inf	0,0 	0
0       	1.87, -7.36, -9.40 	-1.85, -6.24, -9.31 	0.00, 30.00 	14,37,49,576		inf,inf	0,0 	0
0       	2.47, -7.07, -9.53 	-1.52, -5.74, -9.39 	0.00, 30.00 	14,37,49,576		inf,inf	0,0 	0
0       	2.50, -6.82, -9.60 	-1.29, -5.41, -9.44 	0.00, 30.00 	14,37,49,576		inf,inf	0,0 	0
0       	2.11, -6.85, -9.53 	-1.10, -5.18, -9.51 	0.00, 30.00 	14,37,49,576		inf,inf	0,0 	0
0       	1.43, -7.13, -9.38 	-0.87, -4.97, -9.58 	0.00, 30.00 	14,37,49,576		inf,inf	0,0 	0
0       	0.75, -7.24, -9.22 	-0.80, -4.86, -9.62 	0.00, 30.00 	14,37,49,576		inf,inf	0,0 	0
0       	0.26, -7.05, -9.15 	-0.98, -4.74, -9.61 	0.00, 30.00 	14,37,49,576		inf,inf	0,0 	0
0       	0.21, -6.61, -9.15 	-1.18, -4.56, -9.58 	0.00, 30.00 	14,37,49,576		inf,inf	0,0 	0
0       	0.43, -6.38, -9.18 	-1.28, -4.39, -9.58 	0.00, 30.00 	14,37,49,576		inf,inf	0,0 	0
0       	0.74, -6.22, -9.23 	-1.19, -4.25, -9.59 	0.00, 30.00 	14,37,49,576		inf,inf	0,0 	0
0       	1.07, -5.95, -9.31 	-1.01, -4.05, -9.59 	0.00, 30.00 	14,37,49,576		inf,inf	0,0 	0
0       	1.51, -5.73, -9.39 	-0.82, -3.85, -9.64 	0.00, 30.00 	14,37,49,576		inf,inf	0,0 	0
0       	1.76, -5.71, -9.45 	-0.54, -3.67, -9.72 	0.00, 30.00 	14,37,49,576		inf,inf	0,0 	0
0       	1.78, -5.71, -9.49 	-0.41, -3.60, -9.80 	0.00, 30.00 	14,37,49,576		inf,inf	0,0 	0
0       	1.63, -5.70, -9.52 	-0.40, -3.65, -9.80 	0.00, 30.00 	14,37,49,576		inf,inf	0,0 	0
0       	1.51, -5.73, -9.53 	-0.50, -3.67, -9.77 	0.00, 30.00 	14,37,49,576		inf,inf	0,0 	0
0       	1.27, -5.76, -9.53 	-0.63, -3.65, -9.75 	0.00, 30.00 	14,37,49,576		inf,inf	0,0 	0
0       	0.30, -5.81, -9.50 	-0.63, -3.61, -9.74 	0.00, 30.00 	14,37,49,576		inf,inf	0,0 	0
0       	-0.63, -5.40, -9.44 	-0.72, -3.60, -9.75 	0.00, 30.00 	14,37,49,576		inf,inf	0,0 	0
0       	-0.97, -5.05, -9.37 	-0.78, -3.57, -9.74 	0.00, 30.00 	14,37,49,576		inf,inf	0,0 	0
0       	-1.11, -4.76, -9.34 	-0.87, -3.56, -9.73 	0.00, 30.00 	14,37,49,576		inf,inf	0,0 	0
0       	-1.11, -4.41, -9.36 	-1.09, -3.57, -9.68 	0.00, 30.00 	14,37,49,576		inf,inf	0,0 	0
0       	-1.46, -4.05, -9.32 	-1.58, -3.50, -9.59 	0.00, 30.00 	14,37,49,576		inf,inf	0,0 	0
0       	-2.38, -4.00, -9.11 	-2.26, -3.27, -9.44 	0.00, 30.00 	14,37,49,576		inf,inf	0,0 	0
0       	-3.23, -3.85, -8.91 	-3.89, -2.51, -9.06 	0.00, 30.00 	14,37,49,576		inf,inf	0,0 	0
0       	-3.35, -3.19, -8.94 	-5.38, -2.18, -8.57 	0.00, 30.00 	14,37,49,576		inf,inf	0,0 	0
0       	-3.25, -2.48, -9.10 	-6.36, -1.66, -8.32 	0.00, 30.00 	14,37,49,576		inf,inf	0,0 	0
0       	-3.55, -2.01, -9.29 	-6.20, 0.42, -8.84 	0.00, 30.00 	14,37,49,576		inf,inf	0,0 	0
0       	-3.94, -2.00, -9.41 	-3.66, 2.91, -10.22 	0.00, 30.00 	14,37,49,576		inf,inf	0,0 	0
0       	-4.23, -1.98, -9.51 	-0.34, 3.72, -11.36 	0.00, 30.00 	14,37,49,576		inf,inf	0,0 	0
0       	-4.52, -1.93, -9.55 	-0.56, 2.76, -11.43 	0.00, 30.00 	14,37,49,576		inf,inf	0,0 	0
0       	-4.73, -1.89, -9.54 	-3.33, 1.21, -10.77 	0.00, 30.00 	14,37,49,576		inf,inf	0,0 	0
0       	-4.78, -1.83, -9.51 	-4.58, 0.04, -10.09 	0.00, 30.00 	14,37,49,576		inf,inf	0,0 	0
0       	-4.98, -1.66, -9.42 	-3.50, 0.22, -10.03 	0.00, 30.00 	14,37,49,576		inf,inf	0,0 	0
0       	-5.20, -1.70, -9.32 	-1.93, 1.15, -10.38 	0.00, 30.00 	14,37,49,576		inf,inf	0,0 	0
0       	-5.20, -1.89, -9.20 	-0.94, 1.78, -10.67 	0.00, 30.00 	14,37,49,576		inf,inf	0,0 	0
0       	-4.99, -2.10, -9.15 	-0.15, 2.16, -10.85 	0.00, 30.00 	14,37,49,576		inf,inf	0,0 	0
0       	-4.71, -2.24, -9.09 	-0.45, 2.25, -10.62 	0.00, 30.00 	14,37,49,576		inf,inf	0,0 	0
0       	-4.41, -2.35, -9.06 	-1.82, 1.43, -9.85 	0.00, 30.00 	14,37,49,576		inf,inf	0,0 	0
0       	-4.10, -2.57, -9.04 	-1.67, 0.99, -9.34 	0.00, 30.00 	14,37,49,576		inf,inf	0,0 	0
0       	-3.84, -2.71, -9.04 	0.52, 1.67, -9.58 	0.00, 30.00 	14,37,49,576		inf,inf	0,0 	0
0       	-3.73, -2.76, -9.04 	1.66, 1.90, -9.83 	0.00, 30.00 	14,37,49,576		inf,inf	0,0 	0
0       	-3.69, -2.77, -9.04 	0.21, 0.86, -9.49 	0.00, 30.00 	14,37,49,576		inf,inf	0,0 	0
0       	-3.67, -2.77, -9.04 	-1.38, 0.15, -9.14 	0.00, 30.00 	14,37,49,576		inf,inf	0,0 	0
0       	-3.69, -2.77, -9.04 	-1.37, 0.25, -9.21 	0.00, 30.00 	14,37,49,576		inf,inf	0,0 	0
0       	-3.67, -2.77, -9.04 	-1.11, 0.34, -9.30 	0.00, 30.00 	14,37,49,576		inf,inf	0,0 	0
0       	-3.69, -2.79, -9.03 	-1.01, 0.38, -9.37 	0.00, 30.00 	14,37,49,576		inf,inf	0,0 	0
0       	-3.71, -2.79, -9.00 	-0.74, 0.38, -9.46 	0.00, 30.00 	14,37,49,576		inf,inf	0,0 	0
0       	-3.51, -2.71, -9.00 	-0.36, 0.51, -9.62 	0.00, 30.00 	14,37,49,576		inf,inf	0,0 	0
0       	-3.04, -2.55, -9.08 	0.23, 0.64, -9.80 	0.00, 30.00 	14,37,49,576		inf,inf	0,0 	0
0       	-2.64, -2.52, -9.17 	0.52, 0.64, -9.90 	0.00, 30.00 	14,37,49,576		inf,inf	0,0 	0
0       	-2.27, -2.68, -9.21 	0.24, 0.31, -9.80 	0.00, 30.00 	14,37,49,576		inf,inf	0,0 	0
0       	-2.04, -2.71, -9.23 	-0.29, -0.17, -9.55 	0.00, 30.00 	14,37,49,576		inf,inf	0,0 	0
0       	-1.92, -2.72, -9.25 	-0.51, -0.48, -9.37 	0.00, 30.00 	14,37,49,576		inf,inf	0,0 	0
0       	-1.87, -2.75, -9.27 	-0.20, -0.27, -9.45 	0.00, 30.00 	14,37,49,576		inf,inf	0,0 	0
0       	-1.88, -2.84, -9.28 	0.10, -0.10, -9.58 	0.00, 30.00 	14,37,49,576		inf,inf	0,0 	0
0       	-2.09, -3.32, -9.36 	0.10, -0.15, -9.57 	0.00, 30.00 	14,37,49,576		inf,inf	0,0 	0
0       	-2.79, -4.00, -9.36 	-0.43, -0.43, -9.43 	0.00, 30.00 	14,37,49,576		inf,inf	0,0 	0
0       	-3.14, -4.16, -9.24 	-1.11, -0.68, -9.24 	0.00, 30.00 	14,37,49,576		inf,inf	0,0 	0
0       	-3.05, -4.02, -9.21 	-1.41, -0.80, -9.15 	0.00, 30.00 	14,37,49,576		inf,inf	0,0 	0
0       	-2.83, -3.61, -9.25 	-1.61, -0.85, -9.18 	0.00, 30.00 	14,37,49,576		inf,inf	0,0 	0
0       	-2.69, -3.25, -9.31 	-1.64, -0.81, -9.32 	0.00, 30.00 	14,37,49,576		inf,inf	0,0 	0
0       	-2.58, -2.96, -9.40 	-1.47, -0.82, -9.71 	0.00, 30.00 	14,37,49,576		inf,inf	0,0 	0
0       	-2.51, -2.69, -9.51 	-0.75, -0.77, -10.00 	0.00, 30.00 	14,37,49,577		inf,inf	0,0 	0
0       	-2.51, -2.41, -9.63 	-0.16, -0.67, -10.21 	0.00, 30.00 	14,37,49,577		inf,inf	0,0 	0
0       	-2.56, -2.27, -9.73 	0.11, -0.61, -10.27 	0.00, 30.00 	14,37,49,577		inf,inf	0,0 	0
0       	-2.61, -2.26, -9.84 	0.12, -0.53, -10.27 	0.00, 30.00 	14,37,49,577		inf,inf	0,0 	0
0       	-2.94, -2.37, -9.92 	0.28, -0.29, -10.31 	0.00, 30.00 	14,37,49,577		inf,inf	0,0 	0
0       	-3.63, -2.42, -9.86 	0.51, -0.09, -10.34 	0.00, 30.00 	14,37,49,577		inf,inf	0,0 	0
0       	-4.61, -2.41, -9.64 	0.69, 0.17, -10.33 	0.00, 30.00 	14,37,49,577		inf,inf	0,0 	0
0       	-5.44, -2.29, -9.36 	0.95, 0.49, -10.33 	0.00, 30.00 	14,37,49,577		inf,inf	0,0 	0
0       	-5.71, -2.05, -9.19 	1.28, 0.69, -10.29 	0.00, 30.00 	14,37,49,577		inf,inf	0,0 	0
0       	-5.44, -1.57, -9.21 	1.57, 0.93, -10.23 	0.00, 30.00 	14,37,49,577		inf,inf	0,0 	0
0       	-5.36, -1.25, -9.26 	1.79, 1.19, -10.11 	0.00, 30.00 	14,37,49,577		inf,inf	0,0 	0
0       	-5.30, -1.00, -9.28 	2.12, 1.26, -9.94 	0.00, 30.00 	14,37,49,577		inf,inf	0,0 	0
0       	-5.26, -0.84, -9.30 	2.35, 1.27, -9.79 	0.00, 30.00 	14,37,49,577		inf,inf	0,0 	0
0       	-5.24, -0.87, -9.29 	2.49, 1.11, -9.65 	0.00, 30.00 	14,37,49,577		inf,inf	0,0 	0
0       	-5.17, -1.09, -9.29 	2.41, 0.80, -9.48 	0.00, 30.00 	14,37,49,577		inf,inf	0,0 	0
0       	-5.21, -1.31, -9.31 	2.45, 0.45, -9.33 	0.00, 30.00 	14,37,49,577		inf,inf	0,0 	0
0       	-5.16, -1.48, -9.33 	2.61, 0.26, -9.26 	0.00, 30.00 	14,37,49,577		inf,inf	0,0 	0
0       	-5.02, -1.63, -9.34 	2.67, -0.08, -9.19 	0.00, 30.00 	14,37,49,577		inf,inf	0,0 	0
0       	-4.85, -1.72, -9.34 	2.34, -0.57, -9.00 	0.00, 30.00 	14,37,49,577		inf,inf	0,0 	0
0       	-4.79, -1.93, -9.29 	1.83, -1.10, -8.79 	0.00, 30.00 	14,37,49,577		inf,inf	0,0 	0
0       	-4.91, -2.08, -9.22 	1.52, -1.50, -8.63 	0.00, 30.00 	14,37,49,577		inf,inf	0,0 	0
0       	-5.10, -2.22, -9.18 	1.28, -1.81, -8.52 	0.00, 30.00 	14,37,49,577		inf,inf	0,0 	0
0       	-5.28, -2.25, -9.18 	1.26, -2.02, -8.42 	0.00, 30.00 	14,37,49,577		inf,inf	0,0 	0
0       	-5.42, -2.24, -9.19 	1.24, -2.06, -8.35 	0.00, 30.00 	14,37,49,577		inf,inf	0,0 	0
0       	-5.53, -2.19, -9.22 	1.26, -2.06, -8.29 	0.00, 30.00 	14,37,49,577		inf,inf	0,0 	0
0       	-5.62, -2.09, -9.22 	1.11, -2.17, -8.17 	0.00, 30.00 	14,37,49,577		inf,inf	0,0 	0
0       	-5.61, -1.83, -9.17 	0.96, -2.32, -8.05 	0.00, 30.00 	14,37,49,577		inf,inf	0,0 	0
0       	-5.61, -1.48, -9.02 	0.73, -2.33, -7.89 	0.00, 30.00 	14,37,49,577		inf,inf	0,0 	0
0       	-5.48, -1.20, -8.80 	0.70, -2.26, -7.77 	0.00, 30.00 	14,37,49,577		inf,inf	0,0 	0
0       	-5.30, -1.00, -8.57 	0.78, -2.22, -7.66 	0.00, 30.00 	14,37,49,577		inf,inf	0,0 	0
0       	-5.16, -0.81, -8.38 	0.83, -2.27, -7.52 	0.00, 30.00 	14,37,49,577		inf,inf	0,0 	0
0       	-4.86, -0.60, -8.28 	0.77, -2.31, -7.38 	0.00, 30.00 	14,37,49,577		inf,inf	0,0 	0
2       	-4.43, -0.44, -8.25 	0.62, -2.41, -7.26 	0.00, 30.00 	14,37,49,580		228.48,91.85	0,0 	0
11      	-3.98, -0.43, -8.16 	0.45, -2.45, -7.20 	0.00, 30.00 	14,37,49,590		49.70,18.62	0,0 	0
20      	-3.44, -0.52, -7.99 	0.37, -2.42, -7.19 	0.00, 30.00 	14,37,49,599		60.80,10.06	0,0 	0
29      	-2.89, -0.67, -7.84 	0.41, -2.25, -7.24 	0.00, 30.00 	14,37,49,609		63.37,20.11	0,0 	0
38      	-2.42, -0.92, -7.76 	1.31, -1.88, -7.42 	0.00, 30.00 	14,37,49,619		59.88,107.73	0,0 	0
47      	-2.05, -1.13, -7.73 	1.62, -1.84, -7.54 	0.00, 30.00 	14,37,49,629		46.99,34.40	0,0 	0
56      	-2.01, -1.28, -7.69 	1.48, -1.89, -7.52 	0.00, 30.00 	14,37,49,638		17.85,16.38	0,0 	0
65      	-2.33, -1.52, -7.55 	1.21, -1.94, -7.46 	0.00, 30.00 	14,37,49,648		43.93,29.94	0,0 	0
74      	-2.72, -1.79, -7.30 	1.15, -1.94, -7.43 	0.00, 30.00 	14,37,49,658		53.50,6.88	0,0 	0
83      	-2.67, -1.93, -7.06 	1.09, -1.93, -7.40 	0.00, 30.00 	14,37,49,667		16.49,7.20	0,0 	0
92      	-1.95, -1.77, -7.01 	1.08, -1.89, -7.37 	0.00, 30.00 	14,37,49,677		81.38,3.83	0,0 	0
101     	-1.06, -1.55, -7.18 	1.12, -1.82, -7.37 	0.00, 30.00 	14,37,49,687		102.05,8.79	0,0 	0
110     	-0.80, -1.52, -7.36 	1.05, -1.76, -7.35 	0.00, 30.00 	14,37,49,696		29.26,10.46	0,0 	0
119     	-1.15, -1.65, -7.41 	1.07, -1.74, -7.33 	0.00, 30.00 	14,37,49,706		41.66,2.94	0,0 	0
128     	-1.43, -1.65, -7.42 	1.11, -1.70, -7.35 	0.00, 30.00 	14,37,49,716		31.69,5.88	0,0 	0
137     	-1.40, -1.59, -7.42 	1.10, -1.65, -7.35 	0.00, 30.00 	14,37,49,725		7.22,5.74	0,0 	0
146     	-1.25, -1.62, -7.42 	1.09, -1.58, -7.37 	0.00, 30.00 	14,37,49,735		16.43,7.65	0,0 	0
155     	-1.19, -1.63, -7.41 	1.11, -1.55, -7.37 	0.00, 30.00 	14,37,49,745		7.13,4.39	0,0 	0
164     	-1.17, -1.63, -7.40 	0.98, -1.50, -7.37 	0.00, 30.00 	14,37,49,754		2.25,15.09	0,0 	0
173     	-1.17, -1.63, -7.39 	0.96, -1.51, -7.37 	0.00, 30.00 	14,37,49,764		0.00,2.29	0,0 	0
182     	-1.21, -1.63, -7.37 	0.94, -1.52, -7.37 	0.00, 30.00 	14,37,49,774		4.51,2.94	0,0 	0
191     	-1.21, -1.65, -7.37 	0.94, -1.47, -7.37 	0.00, 30.00 	14,37,49,783		1.96,5.74	0,0 	0
200     	-1.25, -1.65, -7.35 	0.94, -1.46, -7.38 	0.00, 30.00 	14,37,49,793		4.51,1.91	0,0 	0
209     	-1.27, -1.67, -7.33 	0.97, -1.39, -7.38 	0.00, 30.00 	14,37,49,803		2.91,8.79	0,0 	0
218     	-1.25, -1.65, -7.31 	0.98, -1.25, -7.39 	0.00, 30.00 	14,37,49,812		2.91,15.40	0,0 	0
227     	-1.17, -1.65, -7.32 	1.06, -1.05, -7.43 	0.00, 30.00 	14,37,49,822		9.01,23.63	0,0 	0
236     	-0.93, -1.61, -7.34 	1.07, -0.76, -7.45 	0.00, 30.00 	14,37,49,832		27.01,32.69	0,0 	0
245     	-0.66, -1.63, -7.38 	0.92, -0.46, -7.44 	0.00, 30.00 	14,37,49,841		29.73,37.50	0,0 	0
254     	-0.63, -1.70, -7.41 	0.76, -0.31, -7.38 	0.00, 30.00 	14,37,49,851		8.25,23.93	0,0 	0
263     	-0.71, -1.72, -7.44 	0.72, -0.32, -7.34 	0.00, 30.00 	14,37,49,861		9.13,4.59	0,0 	0
272     	-0.75, -1.78, -7.45 	0.70, -0.28, -7.29 	0.00, 30.00 	14,37,49,871		7.22,4.53	0,0 	0
281     	-0.84, -1.80, -7.44 	0.73, -0.25, -7.29 	0.00, 30.00 	14,37,49,880		11.34,5.88	0,0 	0
290     	-1.22, -1.90, -7.39 	0.78, -0.26, -7.28 	0.00, 30.00 	14,37,49,890		43.14,5.03	0,0 	0
299     	-1.88, -1.86, -7.30 	0.84, -0.31, -7.30 	0.00, 30.00 	14,37,49,900		73.22,9.10	0,0 	0
308     	-1.92, -1.72, -7.29 	0.82, -0.31, -7.34 	0.00, 30.00 	14,37,49,909		15.91,2.29	0,0 	0
317     	-1.88, -1.70, -7.29 	0.89, -0.32, -7.38 	0.00, 30.00 	14,37,49,919		4.82,7.20	0,0 	0
326     	-1.94, -1.72, -7.29 	0.97, -0.37, -7.40 	0.00, 30.00 	14,37,49,929		6.94,10.98	0,0 	0
335     	-1.92, -1.70, -7.29 	0.93, -0.35, -7.40 	0.00, 30.00 	14,37,49,938		2.91,5.03	0,0 	0
344     	-1.94, -1.67, -7.29 	0.97, -0.35, -7.43 	0.00, 30.00 	14,37,49,948		4.61,4.59	0,0 	0
353     	-1.96, -1.67, -7.29 	0.88, -0.30, -7.49 	0.00, 30.00 	14,37,49,958		2.25,10.98	0,0 	0
362     	-1.92, -1.65, -7.29 	1.18, 0.08, -7.66 	0.00, 30.00 	14,37,49,967		4.82,53.50	0,0 	0
371     	-1.90, -1.50, -7.31 	1.34, 0.36, -7.68 	0.00, 30.00 	14,37,49,977		16.07,36.34	0,0 	0
380     	-1.90, -0.98, -7.39 	1.36, 0.74, -7.73 	0.00, 30.00 	14,37,49,987		58.73,42.41	0,0 	0
389     	-2.05, -0.56, -7.46 	1.29, 1.21, -7.74 	0.00, 30.00 	14,37,49,996		48.80,51.77	0,0 	0
398     	-2.05, -0.23, -7.55 	1.26, 1.72, -7.73 	0.00, 30.00 	14,37,50,6		37.21,57.35	0,0 	0
407     	-1.92, 0.22, -7.70 	1.31, 2.29, -7.73 	0.00, 30.00 	14,37,50,16		52.01,63.78	0,0 	0
416     	-1.70, 0.80, -7.88 	1.41, 2.92, -7.80 	0.00, 30.00 	14,37,50,25		68.70,70.67	0,0 	0
425     	-1.65, 1.44, -8.02 	1.45, 3.58, -7.89 	0.00, 30.00 	14,37,50,35		71.04,73.21	0,0 	0
434     	-1.73, 2.23, -8.17 	1.55, 4.31, -8.02 	0.00, 30.00 	14,37,50,45		87.92,81.81	0,0 	0
443     	-1.88, 3.20, -8.31 	1.71, 5.20, -8.19 	0.00, 30.00 	14,37,50,54		109.83,100.48	0,0 	0
452     	-2.09, 4.24, -8.42 	1.85, 6.31, -8.39 	0.00, 30.00 	14,37,50,64		118.12,124.58	0,0 	0
461     	-2.27, 5.32, -8.55 	2.00, 7.51, -8.62 	0.00, 30.00 	14,37,50,74		121.76,134.34	0,0 	0
470     	-2.51, 6.45, -8.66 	2.30, 8.82, -8.85 	0.00, 30.00 	14,37,50,83		128.16,149.80	0,0 	0
479     	-2.75, 7.67, -8.77 	2.60, 10.24, -9.05 	0.00, 30.00 	14,37,50,93		137.90,160.71	0,0 	0
488     	-2.83, 8.79, -8.86 	2.74, 11.71, -9.20 	0.00, 30.00 	14,37,50,103		125.01,164.67	0,0 	0
497     	-2.96, 9.95, -8.94 	2.89, 13.16, -9.27 	0.00, 30.00 	14,37,50,113		129.07,160.92	0,0 	0
506     	-3.06, 11.16, -9.01 	2.92, 14.57, -9.28 	0.00, 30.00 	14,37,50,122		134.79,157.31	0,0 	0
515     	-3.18, 12.36, -9.05 	2.96, 15.99, -9.26 	0.00, 30.00 	14,37,50,132		134.85,157.52	0,0 	0
524     	-3.27, 13.61, -9.09 	3.01, 17.40, -9.25 	0.00, 30.00 	14,37,50,142		138.69,157.52	0,0 	0
533     	-3.44, 14.85, -9.10 	3.03, 18.84, -9.25 	0.00, 30.00 	14,37,50,151		138.98,159.21	0,0 	0
542     	-3.61, 16.16, -9.08 	3.00, 20.21, -9.25 	0.00, 30.00 	14,37,50,161		146.80,153.07	0,0 	0
551     	-3.73, 17.49, -9.05 	2.88, 21.59, -9.24 	0.00, 30.00 	14,37,50,171		148.48,152.96	0,0 	0
560     	-3.86, 18.80, -9.02 	2.87, 22.95, -9.21 	0.00, 30.00 	14,37,50,180		146.58,151.28	0,0 	0
569     	-3.95, 20.12, -9.00 	2.78, 24.27, -9.12 	0.00, 30.00 	14,37,50,190		146.50,147.20	0,0 	0
578     	-4.09, 21.41, -8.96 	2.72, 25.52, -9.01 	0.00, 30.00 	14,37,50,200		144.62,139.57	0,0 	0
587     	-4.21, 22.67, -8.91 	2.62, 26.72, -8.89 	0.00, 30.00 	14,37,50,209		140.71,133.83	0,0 	0
596     	-4.29, 23.83, -8.86 	2.58, 27.84, -8.76 	0.00, 30.00 	14,37,50,219		128.92,124.29	0,0 	0
605     	-4.36, 24.92, -8.80 	2.45, 28.89, -8.62 	0.00, 30.00 	14,37,50,229		121.11,116.77	0,0 	0
614     	-4.46, 25.97, -8.73 	2.34, 29.79, -8.49 	0.00, 30.00 	14,37,50,238		117.25,101.48	0,0 	0
623     	-4.53, 26.95, -8.67 	2.18, 30.63, -8.35 	0.00, 30.00 	14,37,50,248		109.39,94.47	0,0 	0
632     	-4.54, 27.88, -8.61 	1.98, 31.34, -8.21 	0.00, 30.00 	14,37,50,258		103.71,81.95	0,0 	0
641     	-4.60, 28.76, -8.55 	1.77, 31.96, -8.08 	0.00, 30.00 	14,37,50,267		97.67,73.09	0,0 	0
650     	-4.57, 29.55, -8.48 	1.58, 32.47, -7.95 	0.00, 30.00 	14,37,50,277		88.38,60.10	0,0 	0
659     	-4.45, 30.27, -8.39 	1.36, 32.81, -7.84 	0.00, 30.00 	14,37,50,287		80.35,45.77	0,0 	0
668     	-4.40, 30.83, -8.28 	1.15, 33.02, -7.73 	0.00, 30.00 	14,37,50,296		63.38,32.84	0,0 	0
677     	-4.27, 31.30, -8.16 	0.96, 33.12, -7.63 	0.00, 30.00 	14,37,50,306		53.82,23.95	0,0 	0
686     	-4.15, 31.63, -8.02 	0.71, 33.06, -7.55 	0.00, 30.00 	14,37,50,316		38.76,27.66	0,0 	0
695     	-4.00, 31.80, -7.86 	0.44, 32.89, -7.48 	0.00, 30.00 	14,37,50,325		24.57,35.93	0,0 	0
704     	-3.85, 31.88, -7.73 	0.13, 32.63, -7.44 	0.00, 30.00 	14,37,50,335		19.30,44.71	0,0 	0
713     	-3.69, 31.89, -7.65 	-0.21, 32.31, -7.42 	0.00, 30.00 	14,37,50,345		18.02,51.70	0,0 	0
722     	-3.59, 31.79, -7.57 	-0.57, 31.98, -7.41 	0.00, 30.00 	14,37,50,354		15.14,54.64	0,0 	0
731     	-3.62, 31.68, -7.51 	-0.89, 31.62, -7.41 	0.00, 30.00 	14,37,50,364		12.36,53.71	0,0 	0
740     	-3.63, 31.57, -7.48 	-1.15, 31.36, -7.43 	0.00, 30.00 	14,37,50,374		11.84,41.13	0,0 	0
749     	-3.62, 31.51, -7.46 	-1.35, 31.10, -7.44 	0.00, 30.00 	14,37,50,384		7.82,36.18	0,0 	0
758     	-3.54, 31.48, -7.45 	-1.47, 30.84, -7.44 	0.00, 30.00 	14,37,50,393		10.00,32.41	0,0 	0
767     	-3.42, 31.50, -7.45 	-1.39, 30.67, -7.42 	0.00, 30.00 	14,37,50,403		13.56,20.54	0,0 	0
776     	-3.32, 31.51, -7.45 	-1.26, 30.56, -7.41 	0.00, 30.00 	14,37,50,413		11.26,19.52	0,0 	0
785     	-3.26, 31.55, -7.46 	-1.11, 30.53, -7.41 	0.00, 30.00 	14,37,50,422		7.64,16.63	0,0 	0
794     	-3.24, 31.57, -7.46 	-0.96, 30.52, -7.42 	0.00, 30.00 	14,37,50,432		2.91,16.23	0,0 	0
803     	-3.24, 31.57, -7.46 	-0.84, 30.53, -7.41 	0.00, 30.00 	14,37,50,442		0.00,13.76	0,0 	0
812     	-3.28, 31.55, -7.45 	-0.74, 30.52, -7.41 	0.00, 30.00 	14,37,50,451		4.82,11.69	0,0 	0
821     	-3.30, 31.53, -7.44 	-0.67, 30.49, -7.40 	0.00, 30.00 	14,37,50,461		2.91,7.98	0,0 	0
830     	-3.34, 31.52, -7.44 	-0.65, 30.49, -7.41 	0.00, 30.00 	14,37,50,471		4.51,2.29	0,0 	0
839     	-3.38, 31.50, -7.43 	-0.61, 30.50, -7.40 	0.00, 30.00 	14,37,50,480		4.82,4.59	0,0 	0
848     	-3.42, 31.50, -7.43 	-0.59, 30.51, -7.40 	0.00, 30.00 	14,37,50,490		4.51,2.94	0,0 	0
857     	-3.43, 31.47, -7.42 	-0.59, 30.51, -7.40 	0.00, 30.00 	14,37,50,500		4.42,0.00	0,0 	0
866     	-3.43, 31.41, -7.42 	-0.57, 30.52, -7.40 	0.00, 30.00 	14,37,50,509		5.87,2.29	0,0 	0
875     	-3.42, 31.31, -7.41 	-0.59, 30.53, -7.40 	0.00, 30.00 	14,37,50,519		11.73,3.03	0,0 	0
884     	-3.36, 31.19, -7.42 	-0.61, 30.55, -7.40 	0.00, 30.00 	14,37,50,529		14.62,3.03	0,0 	0
893     	-3.33, 31.07, -7.42 	-0.62, 30.56, -7.40 	0.00, 30.00 	14,37,50,538		13.98,1.91	0,0 	0
902     	-3.28, 31.02, -7.42 	-0.64, 30.56, -7.40 	0.00, 30.00 	14,37,50,548		7.57,2.29	0,0 	0
911     	-3.28, 31.02, -7.44 	-0.64, 30.58, -7.40 	0.00, 30.00 	14,37,50,558		0.00,1.91	0,0 	0
920     	-3.30, 31.03, -7.43 	-0.64, 30.58, -7.39 	0.00, 30.00 	14,37,50,567		3.05,0.00	0,0 	0
929     	-3.30, 31.05, -7.42 	-0.66, 30.58, -7.39 	0.00, 30.00 	14,37,50,577		1.96,2.29	0,0 	0
938     	-3.33, 31.07, -7.42 	-0.66, 30.58, -7.39 	0.00, 30.00 	14,37,50,587		3.05,0.00	0,0 	0
947     	-3.33, 31.08, -7.42 	-0.68, 30.58, -7.39 	0.00, 30.00 	14,37,50,597		1.96,2.29	0,0 	0
956     	-3.33, 31.08, -7.42 	-0.66, 30.56, -7.39 	0.00, 30.00 	14,37,50,606		0.00,3.03	0,0 	0
965     	-3.33, 31.10, -7.42 	-0.64, 30.56, -7.39 	0.00, 30.00 	14,37,50,616		1.96,2.29	0,0 	0
974     	-3.33, 31.12, -7.43 	-0.66, 30.56, -7.39 	0.00, 30.00 	14,37,50,626		1.96,2.29	0,0 	0
983     	-3.31, 31.12, -7.43 	-0.64, 30.56, -7.40 	0.00, 30.00 	14,37,50,635		2.25,2.29	0,0 	0
992     	-3.31, 31.14, -7.42 	-0.64, 30.58, -7.39 	0.00, 30.00 	14,37,50,645		1.96,1.91	0,0 	0
1001    	-3.31, 31.14, -7.42 	-0.66, 30.58, -7.39 	0.00, 30.00 	14,37,50,655		0.00,2.29	1000,1 	0
1010    	-3.29, 31.12, -7.41 	-0.64, 30.58, -7.39 	0.00, 30.00 	14,37,50,664		3.05,2.29	1000,1 	0
1019    	-3.27, 31.11, -7.41 	-0.64, 30.58, -7.40 	0.00, 30.00 	14,37,50,674		3.05,0.00	1000,1 	0
1028    	-3.29, 31.10, -7.41 	-0.64, 30.58, -7.40 	0.00, 30.00 	14,37,50,684		2.25,0.00	1000,1 	0
1037    	-3.29, 31.12, -7.41 	-0.64, 30.58, -7.40 	0.00, 30.00 	14,37,50,693		1.96,0.00	1000,1 	0
1046    	-3.27, 31.12, -7.41 	-0.62, 30.62, -7.40 	0.00, 30.00 	14,37,50,703		2.25,4.39	1000,1 	0
1055    	-3.29, 31.14, -7.41 	-0.64, 30.61, -7.40 	0.00, 30.00 	14,37,50,713		3.05,2.29	1000,1 	0
1064    	-3.29, 31.14, -7.41 	-0.62, 30.62, -7.39 	0.00, 30.00 	14,37,50,722		0.00,2.29	1000,1 	0
1073    	-3.28, 31.16, -7.41 	-0.62, 30.63, -7.40 	0.00, 30.00 	14,37,50,732		2.91,1.91	1000,1 	0
1082    	-3.25, 31.14, -7.41 	-0.62, 30.63, -7.40 	0.00, 30.00 	14,37,50,742		3.05,0.00	1000,1 	0
1091    	-3.25, 31.16, -7.41 	-0.62, 30.65, -7.40 	0.00, 30.00 	14,37,50,751		1.96,1.91	1000,1 	0
1100    	-3.26, 31.20, -7.41 	-0.60, 30.65, -7.40 	0.00, 30.00 	14,37,50,761		3.91,2.29	1000,1 	0
1109    	-3.24, 31.23, -7.41 	-0.59, 30.67, -7.40 	0.00, 30.00 	14,37,50,771		4.42,2.94	1000,1 	0
1118    	-3.23, 31.27, -7.41 	-0.56, 30.67, -7.40 	0.00, 30.00 	14,37,50,780		4.42,2.29	1000,1 	0
1127    	-3.21, 31.29, -7.41 	-0.56, 30.65, -7.40 	0.00, 30.00 	14,37,50,790		2.91,1.91	1000,1 	0
1136    	-3.21, 31.30, -7.41 	-0.56, 30.67, -7.40 	0.00, 30.00 	14,37,50,800		1.96,1.91	1000,1 	0
1145    	-3.19, 31.32, -7.41 	-0.55, 30.69, -7.40 	0.00, 30.00 	14,37,50,809		2.91,2.94	1000,1 	0
1154    	-3.17, 31.32, -7.41 	-0.53, 30.71, -7.40 	0.00, 30.00 	14,37,50,819		2.25,2.94	1000,1 	0
1163    	-3.19, 31.34, -7.41 	-0.53, 30.72, -7.40 	0.00, 30.00 	14,37,50,829		3.05,1.91	1000,1 	0
1172    	-3.16, 31.36, -7.40 	-0.51, 30.73, -7.40 	0.00, 30.00 	14,37,50,839		4.82,2.29	1000,1 	0
1181    	-3.12, 31.38, -7.41 	-0.51, 30.74, -7.40 	0.00, 30.00 	14,37,50,848		4.82,1.91	1000,1 	0
1190    	-3.12, 31.38, -7.40 	-0.47, 30.73, -7.41 	0.00, 30.00 	14,37,50,858		0.00,5.03	1000,1 	0
1199    	-3.10, 31.42, -7.40 	-0.47, 30.76, -7.41 	0.00, -0.00 	14,37,50,877		4.42,3.83	1000,1 	0
1208    	-3.11, 31.45, -7.40 	-0.47, 30.75, -7.40 	0.00, -0.00 	14,37,50,887		0.00,0.00	0,0 	0
1217    	-3.07, 31.46, -7.40 	-0.47, 30.75, -7.40 	0.00, -0.00 	14,37,50,897		0.00,0.00	0,0 	0
1226    	-3.09, 31.45, -7.40 	-0.45, 30.76, -7.40 	0.00, -0.00 	14,37,50,906		0.00,0.00	0,0 	0
1235    	-3.11, 31.47, -7.40 	-0.45, 30.75, -7.41 	0.00, -0.00 	14,37,50,916		0.00,0.00	0,0 	0
1244    	-3.09, 31.49, -7.40 	-0.45, 30.76, -7.41 	0.00, -0.00 	14,37,50,926		0.00,0.00	0,0 	0
1253    	-3.09, 31.51, -7.40 	-0.45, 30.75, -7.40 	0.00, -0.00 	14,37,50,935		0.00,0.00	0,0 	0
1262    	-3.07, 31.51, -7.40 	-0.45, 30.75, -7.40 	0.00, -0.00 	14,37,50,945		0.00,0.00	0,0 	0
1271    	-3.07, 31.51, -7.40 	-0.43, 30.73, -7.41 	0.00, -0.00 	14,37,50,955		0.00,0.00	0,0 	0
1280    	-3.07, 31.51, -7.40 	-0.43, 30.75, -7.40 	0.00, -0.00 	14,37,50,964		0.00,0.00	0,0 	0
1289    	-3.05, 31.51, -7.40 	-0.43, 30.73, -7.41 	0.00, -0.00 	14,37,50,974		0.00,0.00	0,0 	0
1298    	-3.05, 31.51, -7.40 	-0.43, 30.75, -7.41 	0.00, -0.00 	14,37,50,984		0.00,0.00	0,0 	0
1307    	-3.09, 31.51, -7.40 	-0.43, 30.73, -7.41 	0.00, -0.00 	14,37,50,993		0.00,0.00	0,0 	0
1316    	-3.07, 31.51, -7.39 	-0.43, 30.73, -7.41 	0.00, -0.00 	14,37,50,3		0.00,0.00	0,0 	0
1325    	-3.07, 31.51, -7.40 	-0.43, 30.75, -7.41 	0.00, -0.00 	14,37,51,13		0.00,0.00	0,0 	0
1334    	-3.07, 31.53, -7.39 	-0.43, 30.77, -7.41 	0.00, -0.00 	14,37,51,22		0.00,0.00	0,0 	0
1343    	-3.07, 31.51, -7.40 	-0.41, 30.75, -7.41 	0.00, -0.00 	14,37,51,32		0.00,0.00	0,0 	0
1352    	-3.05, 31.49, -7.40 	-0.43, 30.73, -7.42 	0.00, -0.00 	14,37,51,42		0.00,0.00	0,0 	0
1361    	-3.07, 31.49, -7.40 	-0.38, 30.73, -7.42 	0.00, -0.00 	14,37,51,51		0.00,0.00	0,0 	0
1370    	-3.07, 31.46, -7.40 	-0.40, 30.72, -7.43 	0.00, -0.00 	14,37,51,61		0.00,0.00	0,0 	0
1379    	-3.04, 31.44, -7.40 	-0.40, 30.68, -7.43 	0.00, -0.00 	14,37,51,71		0.00,0.00	0,0 	0
1388    	-3.06, 31.40, -7.40 	-0.42, 30.68, -7.43 	0.00, -0.00 	14,37,51,81		0.00,0.00	0,0 	0
1397    	-3.08, 31.38, -7.41 	-0.44, 30.66, -7.43 	0.00, -0.00 	14,37,51,90		0.00,0.00	0,0 	0
1406    	-3.06, 31.37, -7.42 	-0.46, 30.66, -7.43 	0.00, -0.00 	14,37,51,100		0.00,0.00	0,0 	0
1415    	-3.05, 31.35, -7.43 	-0.48, 30.66, -7.43 	0.00, -0.00 	14,37,51,110		0.00,0.00	0,0 	0
1424    	-3.07, 31.33, -7.43 	-0.52, 30.66, -7.43 	0.00, -0.00 	14,37,51,119		0.00,0.00	0,0 	0
1433    	-3.07, 31.33, -7.44 	-0.52, 30.67, -7.43 	0.00, -0.00 	14,37,51,129		0.00,0.00	0,0 	0
1442    	-3.07, 31.35, -7.44 	-0.57, 30.70, -7.43 	0.00, -0.00 	14,37,51,139		0.00,0.00	0,0 	0
1451    	-3.07, 31.35, -7.44 	-0.61, 30.75, -7.44 	0.00, -0.00 	14,37,51,148		0.00,0.00	0,0 	0
1460    	-3.09, 31.35, -7.44 	-0.64, 30.75, -7.44 	0.00, -0.00 	14,37,51,158		0.00,0.00	0,0 	0
1469    	-3.13, 31.34, -7.44 	-0.70, 30.73, -7.44 	0.00, -0.00 	14,37,51,168		0.00,0.00	0,0 	0
1478    	-3.13, 31.31, -7.44 	-0.73, 30.66, -7.42 	0.00, -0.00 	14,37,51,177		0.00,0.00	0,0 	0
1487    	-3.12, 31.24, -7.44 	-0.78, 30.55, -7.41 	0.00, -0.00 	14,37,51,187		0.00,0.00	0,0 	0
1496    	-3.13, 31.15, -7.44 	-0.79, 30.40, -7.41 	0.00, -0.00 	14,37,51,197		0.00,0.00	0,0 	0
1505    	-3.09, 30.98, -7.44 	-0.80, 30.15, -7.43 	0.00, -0.00 	14,37,51,206		0.00,0.00	0,0 	0
1514    	-2.95, 30.67, -7.44 	-0.74, 29.76, -7.45 	0.00, -0.00 	14,37,51,216		0.00,0.00	0,0 	0
1523    	-2.76, 30.24, -7.48 	-0.74, 29.26, -7.49 	0.00, -0.00 	14,37,51,226		0.00,0.00	0,0 	0
1532    	-2.46, 29.63, -7.55 	-0.77, 28.59, -7.54 	0.00, -0.00 	14,37,51,235		0.00,0.00	0,0 	0
1541    	-2.21, 28.84, -7.65 	-0.78, 27.78, -7.62 	0.00, -0.00 	14,37,51,245		0.00,0.00	0,0 	0
1550    	-1.98, 27.97, -7.76 	-0.78, 26.81, -7.72 	0.00, -0.00 	14,37,51,255		0.00,0.00	0,0 	0
1559    	-1.76, 26.91, -7.90 	-0.78, 25.74, -7.84 	0.00, -0.00 	14,37,51,264		0.00,0.00	0,0 	0
1568    	-1.61, 25.83, -8.05 	-0.71, 24.59, -7.98 	0.00, -0.00 	14,37,51,274		0.00,0.00	0,0 	0
1577    	-1.60, 24.72, -8.20 	-0.60, 23.44, -8.10 	0.00, -0.00 	14,37,51,284		0.00,0.00	0,0 	0
1586    	-1.61, 23.56, -8.38 	-0.40, 22.28, -8.24 	0.00, -0.00 	14,37,51,294		0.00,0.00	0,0 	0
1595    	-1.58, 22.32, -8.56 	-0.12, 21.16, -8.32 	0.00, -0.00 	14,37,51,303		0.00,0.00	0,0 	0
1604    	-1.56, 21.06, -8.73 	0.14, 19.96, -8.38 	0.00, -0.00 	14,37,51,313		0.00,0.00	0,0 	0
1613    	-1.63, 19.78, -8.87 	0.45, 18.79, -8.42 	0.00, -0.00 	14,37,51,323		0.00,0.00	0,0 	0
1622    	-1.67, 18.42, -8.99 	0.72, 17.51, -8.41 	0.00, -0.00 	14,37,51,332		0.00,0.00	0,0 	0
1631    	-1.58, 16.95, -9.06 	0.99, 16.19, -8.38 	0.00, -0.00 	14,37,51,342		0.00,0.00	0,0 	0
1640    	-1.33, 15.33, -9.10 	1.24, 14.74, -8.32 	0.00, -0.00 	14,37,51,352		0.00,0.00	0,0 	0
1649    	-1.23, 13.75, -9.09 	1.58, 13.22, -8.26 	0.00, -0.00 	14,37,51,361		0.00,0.00	0,0 	0
1658    	-1.14, 12.17, -9.05 	1.88, 11.67, -8.18 	0.00, -0.00 	14,37,51,371		0.00,0.00	0,0 	0
1667    	-1.14, 10.55, -9.01 	2.08, 10.21, -8.12 	0.00, -0.00 	14,37,51,381		0.00,0.00	0,0 	0
1676    	-1.21, 9.06, -8.94 	2.27, 8.72, -8.05 	0.00, -0.00 	14,37,51,390		0.00,0.00	0,0 	0
1685    	-1.25, 7.69, -8.89 	2.43, 7.35, -7.98 	0.00, -0.00 	14,37,51,400		0.00,0.00	0,0 	0
1694    	-1.54, 6.33, -8.83 	2.59, 6.10, -7.90 	0.00, -0.00 	14,37,51,410		0.00,0.00	0,0 	0
1703    	-1.47, 5.06, -8.78 	2.68, 4.97, -7.84 	0.00, -0.00 	14,37,51,419		0.00,0.00	0,0 	0
1712    	-1.46, 3.94, -8.78 	2.69, 4.11, -7.82 	0.00, -0.00 	14,37,51,429		0.00,0.00	0,0 	0
1721    	-1.50, 3.10, -8.77 	2.65, 3.24, -7.73 	0.00, -0.00 	14,37,51,439		0.00,0.00	0,0 	0
1730    	-1.59, 2.48, -8.77 	2.38, 2.38, -7.58 	0.00, -0.00 	14,37,51,448		0.00,0.00	0,0 	0
1739    	-1.57, 1.76, -8.67 	2.19, 1.61, -7.44 	0.00, -0.00 	14,37,51,458		0.00,0.00	0,0 	0
