#Time 	Sensor1         Sensor2         Target          Time            Vel             
#================================================================

16      	-6.08, -0.33, -7.16 	1.01, -0.31, -7.29 	0.00, 10.00 	14,41,44,724		0.00,0.00	0,0 	0
25      	-6.14, -0.30, -7.16 	1.01, -0.31, -7.29 	0.00, 10.00 	14,41,44,734		7.97,0.00	0,0 	0
34      	-6.16, -0.26, -7.16 	1.01, -0.31, -7.29 	0.00, 10.00 	14,41,44,744		4.61,0.00	0,0 	0
43      	-6.18, -0.30, -7.16 	1.01, -0.31, -7.29 	0.00, 10.00 	14,41,44,753		4.42,0.00	0,0 	0
52      	-6.31, -0.26, -7.16 	0.97, -0.32, -7.29 	0.00, 10.00 	14,41,44,763		14.99,4.59	0,0 	0
61      	-6.31, -0.27, -7.16 	0.97, -0.32, -7.29 	0.00, 10.00 	14,41,44,773		1.96,0.00	0,0 	0
70      	-6.29, -0.26, -7.17 	0.97, -0.32, -7.29 	0.00, 10.00 	14,41,44,782		2.91,0.00	0,0 	0
79      	-6.27, -0.27, -7.17 	0.97, -0.32, -7.29 	0.00, 10.00 	14,41,44,792		3.05,0.00	0,0 	0
88      	-6.24, -0.30, -7.16 	0.99, -0.30, -7.31 	0.00, 10.00 	14,41,44,802		4.61,2.94	0,0 	0
97      	-6.18, -0.30, -7.16 	0.99, -0.30, -7.30 	0.00, 10.00 	14,41,44,811		6.76,0.00	0,0 	0
106     	-6.18, -0.32, -7.18 	0.97, -0.33, -7.30 	0.00, 10.00 	14,41,44,821		1.96,4.39	0,0 	0
115     	-6.18, -0.28, -7.19 	0.97, -0.33, -7.30 	0.00, 10.00 	14,41,44,831		3.91,0.00	0,0 	0
124     	-6.16, -0.26, -7.20 	0.99, -0.33, -7.30 	0.00, 10.00 	14,41,44,841		2.91,2.29	0,0 	0
133     	-6.21, -0.25, -7.22 	0.99, -0.33, -7.31 	0.00, 10.00 	14,41,44,850		5.00,0.00	0,0 	0
142     	-6.25, -0.23, -7.22 	0.95, -0.35, -7.32 	0.00, 10.00 	14,41,44,860		5.00,4.91	0,0 	0
151     	-6.23, -0.22, -7.25 	0.88, -0.30, -7.31 	0.00, 10.00 	14,41,44,870		2.91,9.10	0,0 	0
160     	-6.08, -0.26, -7.28 	0.95, -0.33, -7.33 	0.00, 10.00 	14,41,44,879		17.09,7.98	0,0 	0
169     	-6.07, -0.24, -7.31 	0.91, -0.32, -7.31 	0.00, 10.00 	14,41,44,889		2.91,5.03	0,0 	0
178     	-5.98, -0.25, -7.33 	0.99, -0.33, -7.32 	0.00, 10.00 	14,41,44,899		9.31,9.43	0,0 	0
187     	-5.83, -0.31, -7.36 	1.01, -0.36, -7.30 	0.00, 10.00 	14,41,44,908		17.94,4.53	0,0 	0
196     	-5.73, -0.34, -7.41 	0.99, -0.37, -7.31 	0.00, 10.00 	14,41,44,918		12.10,2.29	0,0 	0
205     	-5.52, -0.38, -7.49 	0.95, -0.39, -7.31 	0.00, 10.00 	14,41,44,928		23.55,4.91	0,0 	0
214     	-5.43, -0.41, -7.54 	1.01, -0.36, -7.32 	0.00, 10.00 	14,41,44,937		10.00,7.08	0,0 	0
223     	-5.32, -0.47, -7.56 	0.91, -0.35, -7.31 	0.00, 10.00 	14,41,44,947		14.02,11.69	0,0 	0
232     	-5.17, -0.60, -7.57 	0.94, -0.42, -7.29 	0.00, 10.00 	14,41,44,957		22.75,8.06	0,0 	0
241     	-5.03, -0.75, -7.58 	0.97, -0.38, -7.30 	0.00, 10.00 	14,41,44,966		22.71,5.88	0,0 	0
250     	-4.82, -0.91, -7.59 	0.98, -0.40, -7.30 	0.00, 10.00 	14,41,44,976		28.85,1.91	0,0 	0
259     	-4.62, -1.07, -7.61 	0.96, -0.40, -7.30 	0.00, 10.00 	14,41,44,986		28.85,2.29	0,0 	0
268     	-4.35, -1.14, -7.67 	0.95, -0.39, -7.31 	0.00, 10.00 	14,41,44,995		31.32,1.91	0,0 	0
277     	-4.24, -1.21, -7.73 	0.95, -0.39, -7.31 	0.00, 10.00 	14,41,45,5		14.02,0.00	0,0 	0
286     	-4.07, -1.25, -7.77 	0.95, -0.37, -7.32 	0.00, 10.00 	14,41,45,15		19.22,1.91	0,0 	0
295     	-3.93, -1.24, -7.80 	0.95, -0.37, -7.32 	0.00, 10.00 	14,41,45,24		15.77,0.00	0,0 	0
304     	-3.87, -1.25, -7.82 	0.95, -0.37, -7.30 	0.00, 10.00 	14,41,45,34		7.13,0.00	0,0 	0
313     	-3.83, -1.25, -7.85 	0.95, -0.35, -7.32 	0.00, 10.00 	14,41,45,44		4.51,1.91	0,0 	0
322     	-3.74, -1.28, -7.85 	0.95, -0.35, -7.32 	0.00, 10.00 	14,41,45,53		10.00,0.00	0,0 	0
331     	-3.65, -1.33, -7.87 	0.95, -0.35, -7.32 	0.00, 10.00 	14,41,45,63		10.99,0.00	0,0 	0
340     	-3.55, -1.34, -7.90 	0.95, -0.35, -7.32 	0.00, 10.00 	14,41,45,73		11.53,0.00	0,0 	0
349     	-3.44, -1.42, -7.92 	0.93, -0.39, -7.32 	0.00, 10.00 	14,41,45,83		15.27,4.39	0,0 	0
358     	-3.35, -1.45, -7.91 	0.95, -0.35, -7.33 	0.00, 10.00 	14,41,45,92		10.00,4.39	0,0 	0
367     	-3.29, -1.46, -7.92 	1.00, -0.42, -7.30 	0.00, 10.00 	14,41,45,102		7.13,9.05	0,0 	0
376     	-3.23, -1.46, -7.92 	1.01, -0.36, -7.34 	0.00, 10.00 	14,41,45,112		6.76,6.11	0,0 	0
385     	-3.25, -1.44, -7.93 	1.17, -0.44, -7.41 	0.00, 10.00 	14,41,45,121		3.05,18.96	0,0 	0
394     	-3.27, -1.46, -7.92 	1.24, -0.52, -7.51 	0.00, 10.00 	14,41,45,131		2.91,11.97	0,0 	0
403     	-3.25, -1.44, -7.91 	1.37, -0.60, -7.60 	0.00, 10.00 	14,41,45,141		2.91,17.02	0,0 	0
412     	-3.23, -1.42, -7.91 	1.36, -0.69, -7.63 	0.00, 10.00 	14,41,45,150		2.91,9.76	0,0 	0
421     	-3.28, -1.41, -7.90 	1.27, -0.66, -7.65 	0.00, 10.00 	14,41,45,160		5.00,10.06	0,0 	0
430     	-3.25, -1.42, -7.89 	1.22, -0.59, -7.67 	0.00, 10.00 	14,41,45,170		3.05,9.05	0,0 	0
439     	-3.23, -1.42, -7.89 	1.15, -0.44, -7.69 	0.00, 10.00 	14,41,45,179		2.25,18.75	0,0 	0
448     	-3.20, -1.40, -7.88 	1.16, -0.17, -7.69 	0.00, 10.00 	14,41,45,189		4.82,30.79	0,0 	0
457     	-3.18, -1.38, -7.88 	1.33, 0.26, -7.74 	0.00, 10.00 	14,41,45,199		2.91,50.63	0,0 	0
466     	-3.24, -1.35, -7.87 	1.53, 0.69, -7.77 	0.00, 10.00 	14,41,45,208		7.97,52.74	0,0 	0
475     	-3.20, -1.38, -7.84 	1.63, 1.21, -7.81 	0.00, 10.00 	14,41,45,218		6.11,59.07	0,0 	0
484     	-3.27, -1.32, -7.83 	1.57, 1.98, -7.85 	0.00, 10.00 	14,41,45,228		10.58,86.03	0,0 	0
493     	-3.28, -1.25, -7.80 	1.69, 2.68, -7.88 	0.00, 10.00 	14,41,45,237		7.82,78.58	0,0 	0
502     	-3.34, -1.20, -7.77 	1.59, 3.47, -7.89 	0.00, 10.00 	14,41,45,247		9.16,88.09	0,0 	0
511     	-3.38, -1.18, -7.72 	1.64, 4.25, -7.93 	0.00, 10.00 	14,41,45,257		5.00,86.71	0,0 	0
520     	-3.45, -1.19, -7.69 	1.60, 5.00, -7.96 	0.00, 10.00 	14,41,45,266		6.76,84.13	0,0 	0
529     	-3.45, -1.19, -7.69 	1.66, 5.69, -7.98 	0.00, 10.00 	14,41,45,276		0.00,77.29	0,0 	0
538     	-3.32, -1.23, -7.69 	1.67, 6.45, -8.03 	0.00, 10.00 	14,41,45,286		14.99,84.36	0,0 	0
547     	-3.22, -1.23, -7.69 	1.73, 7.10, -8.07 	0.00, 10.00 	14,41,45,296		11.26,71.65	0,0 	0
556     	-3.21, -1.24, -7.69 	1.76, 7.62, -8.07 	0.00, 10.00 	14,41,45,305		1.96,57.81	0,0 	0
565     	-3.21, -1.24, -7.69 	1.81, 8.10, -8.05 	0.00, 10.00 	14,41,45,315		0.00,54.40	0,0 	0
574     	-3.23, -1.26, -7.69 	1.63, 8.45, -8.00 	0.00, 10.00 	14,41,45,325		2.91,43.75	0,0 	0
583     	-3.17, -1.26, -7.69 	1.54, 8.74, -7.96 	0.00, 10.00 	14,41,45,334		6.76,33.46	0,0 	0
592     	-3.22, -1.23, -7.68 	1.50, 8.98, -7.93 	0.00, 10.00 	14,41,45,344		6.11,26.95	0,0 	0
601     	-3.13, -1.29, -7.68 	1.41, 9.09, -7.90 	0.00, 10.00 	14,41,45,354		12.22,16.48	0,0 	0
610     	-3.08, -1.32, -7.66 	1.38, 9.16, -7.86 	0.00, 10.00 	14,41,45,363		6.11,8.06	0,0 	0
619     	-2.94, -1.51, -7.66 	1.38, 9.18, -7.83 	0.00, 10.00 	14,41,45,373		25.96,1.91	0,0 	0
628     	-2.72, -1.79, -7.66 	1.47, 9.10, -7.78 	0.00, 10.00 	14,41,45,383		39.77,13.47	0,0 	0
637     	-2.35, -2.22, -7.66 	1.37, 8.99, -7.74 	0.00, 10.00 	14,41,45,392		63.74,15.95	0,0 	0
646     	-1.99, -2.43, -7.67 	1.38, 8.76, -7.67 	0.00, 10.00 	14,41,45,402		45.11,24.90	0,0 	0
655     	-1.84, -2.49, -7.73 	1.36, 8.50, -7.55 	0.00, 10.00 	14,41,45,412		17.94,28.90	0,0 	0
664     	-1.79, -2.47, -7.78 	1.27, 8.36, -7.44 	0.00, 10.00 	14,41,45,421		6.94,18.82	0,0 	0
673     	-1.80, -2.50, -7.77 	1.17, 8.37, -7.39 	0.00, 10.00 	14,41,45,431		4.42,11.69	0,0 	0
682     	-1.72, -2.55, -7.75 	1.06, 8.38, -7.35 	0.00, 10.00 	14,41,45,441		10.99,11.69	0,0 	0
691     	-1.71, -2.60, -7.75 	1.02, 8.39, -7.33 	0.00, 10.00 	14,41,45,450		5.87,5.03	0,0 	0
700     	-1.66, -2.67, -7.77 	1.01, 8.50, -7.33 	0.00, 10.00 	14,41,45,460		9.22,11.48	0,0 	0
709     	-1.47, -2.76, -7.78 	1.01, 8.51, -7.33 	0.00, 10.00 	14,41,45,470		23.91,1.91	0,0 	0
718     	-1.31, -2.89, -7.79 	0.96, 8.56, -7.35 	0.00, 10.00 	14,41,45,479		22.75,7.46	0,0 	0
727     	-1.05, -2.98, -7.81 	0.93, 8.65, -7.36 	0.00, 10.00 	14,41,45,489		29.99,9.91	0,0 	0
736     	-0.88, -3.07, -7.82 	0.86, 8.75, -7.36 	0.00, 10.00 	14,41,45,499		21.98,13.58	0,0 	0
745     	-0.69, -3.15, -7.84 	0.85, 8.85, -7.33 	0.00, 10.00 	14,41,45,508		22.93,11.48	0,0 	0
754     	-0.56, -3.19, -7.83 	0.74, 8.94, -7.33 	0.00, 10.00 	14,41,45,518		14.99,16.49	0,0 	0
763     	-0.43, -3.25, -7.83 	0.66, 9.04, -7.30 	0.00, 10.00 	14,41,45,528		15.94,13.58	0,0 	0
772     	-0.36, -3.28, -7.82 	0.66, 9.09, -7.31 	0.00, 10.00 	14,41,45,538		7.97,5.74	0,0 	0
781     	-0.28, -3.30, -7.81 	0.63, 9.18, -7.31 	0.00, 10.00 	14,41,45,547		9.31,9.91	0,0 	0
790     	-0.19, -3.40, -7.79 	0.67, 9.22, -7.33 	0.00, 10.00 	14,41,45,557		15.14,5.88	0,0 	0
799     	-0.09, -3.50, -7.78 	0.62, 9.25, -7.34 	0.00, 10.00 	14,41,45,567		15.14,6.07	0,0 	0
808     	0.05, -3.56, -7.78 	0.77, 9.26, -7.36 	0.00, 10.00 	14,41,45,576		17.94,16.06	0,0 	0
817     	0.17, -3.67, -7.76 	0.77, 9.27, -7.37 	0.00, 10.00 	14,41,45,586		18.15,1.91	0,0 	0
826     	0.26, -3.77, -7.76 	0.83, 9.26, -7.37 	0.00, 10.00 	14,41,45,596		15.14,7.20	0,0 	0
835     	0.35, -3.78, -7.75 	0.83, 9.26, -7.37 	0.00, 10.00 	14,41,45,605		9.31,0.00	0,0 	0
844     	0.35, -3.78, -7.75 	0.80, 9.29, -7.36 	0.00, 10.00 	14,41,45,615		0.00,4.53	0,0 	0
853     	0.41, -3.81, -7.75 	0.78, 9.31, -7.37 	0.00, 10.00 	14,41,45,625		7.97,3.03	0,0 	0
862     	0.41, -3.83, -7.73 	0.78, 9.31, -7.37 	0.00, 10.00 	14,41,45,634		1.96,0.00	0,0 	0
871     	0.41, -3.80, -7.73 	0.81, 9.26, -7.37 	0.00, 10.00 	14,41,45,644		3.91,6.25	0,0 	0
880     	0.41, -3.80, -7.71 	0.81, 9.28, -7.36 	0.00, 10.00 	14,41,45,654		0.00,1.91	0,0 	0
889     	0.43, -3.78, -7.71 	0.81, 9.28, -7.36 	0.00, 10.00 	14,41,45,663		2.91,0.00	0,0 	0
898     	0.43, -3.78, -7.70 	0.78, 9.31, -7.37 	0.00, 10.00 	14,41,45,673		0.00,4.53	0,0 	0
907     	0.41, -3.80, -7.69 	0.77, 9.27, -7.36 	0.00, 10.00 	14,41,45,683		2.91,4.39	0,0 	0
916     	0.51, -3.79, -7.71 	0.78, 9.31, -7.36 	0.00, 10.00 	14,41,45,692		11.26,4.39	0,0 	0
925     	0.49, -3.77, -7.70 	0.78, 9.29, -7.36 	0.00, 10.00 	14,41,45,702		3.05,1.91	0,0 	0
934     	0.49, -3.76, -7.71 	0.74, 9.31, -7.34 	0.00, 10.00 	14,41,45,712		1.96,5.03	0,0 	0
943     	0.45, -3.76, -7.70 	0.76, 9.31, -7.33 	0.00, 10.00 	14,41,45,721		4.51,2.29	0,0 	0
952     	0.47, -3.76, -7.70 	0.84, 9.31, -7.34 	0.00, 10.00 	14,41,45,731		2.25,9.18	0,0 	0
961     	0.45, -3.79, -7.69 	0.83, 9.30, -7.34 	0.00, 10.00 	14,41,45,741		4.42,2.94	0,0 	0
970     	0.41, -3.76, -7.69 	0.87, 9.30, -7.34 	0.00, 10.00 	14,41,45,751		6.11,4.59	0,0 	0
979     	0.44, -3.74, -7.68 	0.84, 9.35, -7.34 	0.00, 10.00 	14,41,45,760		4.82,6.25	0,0 	0
988     	0.43, -3.76, -7.67 	0.86, 9.35, -7.34 	0.00, 10.00 	14,41,45,770		2.91,2.29	0,0 	0
997     	0.45, -3.76, -7.66 	0.80, 9.35, -7.34 	0.00, 10.00 	14,41,45,780		2.25,6.88	0,0 	0
1006    	0.47, -3.79, -7.66 	0.84, 9.37, -7.35 	0.00, 10.00 	14,41,45,789		4.61,4.91	1000,1 	0
1015    	0.49, -3.77, -7.66 	0.84, 9.35, -7.35 	0.00, 10.00 	14,41,45,799		2.91,1.91	1000,1 	0
1024    	0.47, -3.77, -7.66 	0.82, 9.33, -7.35 	0.00, 10.00 	14,41,45,809		2.25,2.94	1000,1 	0
1033    	0.49, -3.76, -7.66 	0.82, 9.33, -7.36 	0.00, 10.00 	14,41,45,818		2.91,0.00	1000,1 	0
1042    	0.45, -3.76, -7.66 	0.80, 9.31, -7.35 	0.00, 10.00 	14,41,45,828		4.51,2.94	1000,1 	0
1051    	0.49, -3.76, -7.66 	0.80, 9.33, -7.35 	0.00, 10.00 	14,41,45,838		4.51,1.91	1000,1 	0
1060    	0.50, -3.74, -7.66 	0.84, 9.33, -7.35 	0.00, 10.00 	14,41,45,847		2.91,4.59	1000,1 	0
1069    	0.48, -3.74, -7.64 	0.84, 9.33, -7.35 	0.00, 10.00 	14,41,45,857		2.25,0.00	1000,1 	0
1078    	0.52, -3.72, -7.65 	0.84, 9.31, -7.34 	0.00, -0.00 	14,41,45,876		4.82,1.91	1000,1 	0
1087    	0.50, -3.74, -7.65 	0.82, 9.31, -7.35 	0.00, -0.00 	14,41,45,886		2.38,1.88	1000,1 	0
1096    	0.48, -3.74, -7.64 	0.82, 9.35, -7.35 	0.00, -0.00 	14,41,45,896		1.84,3.13	1000,1 	0
1105    	0.55, -3.77, -7.64 	0.84, 9.33, -7.35 	0.00, -0.00 	14,41,45,905		6.52,2.48	1000,1 	0
1114    	0.59, -3.78, -7.63 	0.84, 9.35, -7.37 	0.00, -0.00 	14,41,45,915		4.09,1.56	1000,1 	0
1123    	0.55, -3.77, -7.62 	0.80, 9.36, -7.36 	0.00, -0.00 	14,41,45,925		4.09,4.11	1000,1 	0
1132    	0.55, -3.80, -7.62 	0.84, 9.35, -7.36 	0.00, -0.00 	14,41,45,934		3.20,4.11	1000,1 	0
1141    	0.59, -3.75, -7.62 	0.84, 9.35, -7.36 	0.00, -0.00 	14,41,45,944		5.91,0.00	1000,1 	0
1150    	0.55, -3.77, -7.61 	0.84, 9.38, -7.37 	0.00, -0.00 	14,41,45,954		3.95,3.13	1000,1 	0
1159    	0.61, -3.80, -7.60 	0.83, 9.43, -7.39 	0.00, -0.00 	14,41,45,963		6.52,4.69	1000,1 	0
1168    	0.59, -3.78, -7.59 	0.79, 9.43, -7.38 	0.00, -0.00 	14,41,45,973		2.50,3.75	1000,1 	0
1177    	0.62, -3.85, -7.58 	0.77, 9.43, -7.39 	0.00, -0.00 	14,41,45,983		6.75,1.88	1000,1 	0
1186    	0.67, -3.90, -7.57 	0.85, 9.44, -7.39 	0.00, -0.00 	14,41,45,993		6.19,7.51	1000,1 	0
1195    	0.71, -3.90, -7.58 	0.87, 9.45, -7.39 	0.00, -0.00 	14,41,45,2		3.69,2.40	1000,1 	0
1204    	0.75, -3.93, -7.59 	0.89, 9.46, -7.39 	0.00, -0.00 	14,41,46,12		5.00,1.88	1000,1 	0
1213    	0.69, -3.92, -7.60 	0.87, 9.45, -7.38 	0.00, -0.00 	14,41,46,22		5.83,1.88	1000,1 	0
1222    	0.75, -3.93, -7.59 	0.87, 9.45, -7.38 	0.00, -0.00 	14,41,46,31		5.83,0.00	1000,1 	0
1231    	0.63, -3.96, -7.56 	0.85, 9.47, -7.39 	0.00, -0.00 	14,41,46,41		11.10,2.48	1000,1 	0
1240    	0.59, -3.92, -7.56 	0.85, 9.47, -7.38 	0.00, -0.00 	14,41,46,51		5.00,0.00	1000,1 	0
1249    	0.59, -3.92, -7.55 	0.89, 9.44, -7.38 	0.00, -0.00 	14,41,46,60		0.00,4.97	1000,1 	0
1258    	0.61, -3.94, -7.54 	0.85, 9.47, -7.38 	0.00, -0.00 	14,41,46,70		2.50,4.97	1000,1 	0
1267    	0.61, -3.94, -7.54 	0.85, 9.49, -7.38 	0.00, -0.00 	14,41,46,80		0.00,1.56	1000,1 	0
1276    	0.59, -3.98, -7.53 	0.87, 9.47, -7.38 	0.00, -0.00 	14,41,46,89		3.61,2.48	1000,1 	0
1285    	0.63, -3.96, -7.54 	0.87, 9.47, -7.38 	0.00, -0.00 	14,41,46,99		3.95,0.00	1000,1 	0
1294    	0.67, -3.95, -7.54 	0.87, 9.47, -7.38 	0.00, -0.00 	14,41,46,109		3.69,0.00	1000,1 	0
1303    	0.63, -3.96, -7.55 	0.87, 9.47, -7.38 	0.00, -0.00 	14,41,46,118		3.69,0.00	1000,1 	0
1312    	0.61, -3.96, -7.55 	0.87, 9.47, -7.38 	0.00, -0.00 	14,41,46,128		1.84,0.00	1000,1 	0
1321    	0.61, -3.96, -7.54 	0.87, 9.47, -7.38 	0.00, -0.00 	14,41,46,138		0.00,0.00	1000,1 	0
1330    	0.59, -3.98, -7.54 	0.87, 9.47, -7.38 	0.00, -0.00 	14,41,46,147		2.38,0.00	1000,1 	0
1339    	0.62, -3.99, -7.53 	0.89, 9.47, -7.38 	0.00, -0.00 	14,41,46,157		2.50,1.88	1000,1 	0
1348    	0.64, -4.03, -7.54 	0.87, 9.47, -7.38 	0.00, -0.00 	14,41,46,167		3.77,1.88	1000,1 	0
1357    	0.66, -4.03, -7.52 	0.87, 9.45, -7.37 	0.00, -0.00 	14,41,46,176		1.84,1.56	1000,1 	0
1366    	0.64, -4.01, -7.52 	0.87, 9.51, -7.39 	0.00, -0.00 	14,41,46,186		2.50,4.69	1000,1 	0
1375    	0.71, -4.06, -7.52 	0.89, 9.46, -7.39 	0.00, -0.00 	14,41,46,196		7.50,5.11	1000,1 	0
1384    	0.67, -4.11, -7.52 	0.94, 9.41, -7.42 	0.00, -0.00 	14,41,46,206		5.91,6.11	1000,1 	0
1393    	0.74, -4.14, -7.52 	1.00, 9.24, -7.47 	0.00, -0.00 	14,41,46,215		6.52,16.21	1000,1 	0
1402    	0.78, -4.14, -7.54 	0.91, 9.03, -7.44 	0.00, -0.00 	14,41,46,225		3.69,20.71	1000,1 	0
1411    	0.78, -4.21, -7.52 	0.84, 8.76, -7.40 	0.00, -0.00 	14,41,46,235		6.40,24.99	1000,1 	0
1420    	0.74, -4.18, -7.53 	0.80, 8.48, -7.37 	0.00, -0.00 	14,41,46,244		5.00,25.48	1000,1 	0
1429    	0.66, -4.17, -7.52 	0.82, 8.12, -7.40 	0.00, -0.00 	14,41,46,254		7.62,32.86	1000,1 	0
1438    	0.66, -4.22, -7.50 	0.78, 7.71, -7.43 	0.00, -0.00 	14,41,46,264		4.80,38.06	1000,1 	0
1447    	0.64, -4.22, -7.50 	0.82, 7.21, -7.47 	0.00, -0.00 	14,41,46,273		1.84,45.38	1000,1 	0
1456    	0.59, -4.29, -7.50 	0.79, 6.71, -7.54 	0.00, -0.00 	14,41,46,283		8.25,45.75	1000,1 	0
1465    	0.64, -4.34, -7.51 	0.80, 6.21, -7.59 	0.00, -0.00 	14,41,46,293		6.19,45.41	1000,1 	0
1474    	0.68, -4.36, -7.50 	0.76, 5.74, -7.65 	0.00, -0.00 	14,41,46,302		4.09,42.67	1000,1 	0
1483    	0.68, -4.38, -7.51 	0.68, 5.30, -7.66 	0.00, -0.00 	14,41,46,312		1.60,40.35	1000,1 	0
1492    	0.64, -4.38, -7.51 	0.66, 4.85, -7.67 	0.00, -0.00 	14,41,46,322		3.69,40.89	1000,1 	0
1501    	0.66, -4.39, -7.50 	0.58, 4.42, -7.67 	0.00, -0.00 	14,41,46,331		2.50,40.35	1000,1 	0
1510    	0.58, -4.40, -7.50 	0.46, 4.00, -7.67 	0.00, -0.00 	14,41,46,341		7.37,39.98	1000,1 	0
1519    	0.53, -4.44, -7.48 	0.55, 3.48, -7.66 	0.00, -0.00 	14,41,46,351		6.25,47.22	1000,1 	0
1528    	0.47, -4.46, -7.49 	0.47, 3.03, -7.62 	0.00, -0.00 	14,41,46,360		5.68,41.86	1000,1 	0
